=========================== Parameters =====================================
l1 [m]	l2 [m]	l3 [m]	c1 [m]	c2 [m]	c3 [m]	m1 [kg]	m2 [kg]	m3 [kg]
0.13	0.13	0.4258	0.065	0.065	0.2129	0.1564	0.23764	0.1564
============================== Data ========================================
t [s]	th1 [rad]	th2 [rad]	th3 [rad]	th1d [rad/s]	th2d [rad/s]	th3d [rad/s]
0	0	0	0	0	0	0
0.01	-0.00273740197016147	0.00143692285772426	0.00119471993762943	-0.490854860258331	0.216779620133884	0.211272546662669
0.02	-0.00924031949230275	0.00381270101449032	0.00360682288345657	-0.793439724609124	0.24374676496559	0.253440711019311
0.03	-0.0184196800898805	0.00614774170294171	0.00605498490909422	-1.03763501181542	0.218931344681331	0.231018351588944
0.04	-0.0299482894695711	0.00815363599782292	0.00817452259835507	-1.26743759474103	0.181704805682242	0.1921323180923
0.05	-0.0437721499795112	0.0097865690037775	0.00989985967912017	-1.49801433917778	0.145552452242491	0.153612385024122
0.06	-0.059926424379253	0.0110823693047208	0.0112644825793085	-1.73383819292968	0.114626134609741	0.12026256713104
0.07	-0.0784674986458645	0.0120961257131122	0.012326702631742	-1.97530724087408	0.089093696168119	0.09308981841015
0.08	-0.0994490181427655	0.0128807592232898	0.013144273786944	-2.22175430761733	0.0686637523285035	0.0711794782775309
0.09	-0.12291476842893	0.0134814064782879	0.0137662922661049	-2.4719589978649	0.0521387092829673	0.0538223924016508
0.1	-0.148897126331358	0.0139341766476231	0.0142323769097635	-2.72486861648224	0.0388803176582412	0.0399094424015285
0.11	-0.177417636646293	0.014267369132453	0.0145733561777982	-2.97942509856066	0.028118883211606	0.0286759284082809
0.12	-0.208487858448355	0.0145026961922915	0.0148127908536121	-3.23465492842872	0.0192100418813809	0.019510402592304
0.13	-0.242110128971947	0.0146564989742797	0.0149684165743521	-3.48969007319792	0.0117412781630131	0.0118387958796987
0.14	-0.27827813524937	0.0147409139733621	0.015053277375011	-3.74366642137423	0.00528693460890496	0.00528816102676767
0.15	-0.316977187844608	0.0147646906895303	0.0150767682593707	-3.99576113753748	-0.000431524280369184	-0.000481813502513983
0.16	-0.358184317314785	0.0147339406947191	0.0150454011147164	-4.24514425214211	-0.00564778519611522	-0.00572464086978334
0.17	-0.401868190940802	0.0146527117966385	0.0149634434165729	-4.49096692071359	-0.0105548463520206	-0.0106277351075126
0.18	-0.447988902323809	0.0145234424296584	0.0148334419968705	-4.73236333662591	-0.0152786702409847	-0.0153529571522092
0.19	-0.496497690038808	0.0143473670158236	0.0146566218368146	-4.96842504276224	-0.0199425418493682	-0.0199979464919334
0.195386924154102	-0.523598775598299	0.0142332548760947	0.0145420952154543	-5.09305801122986	-0.0224388144177289	-0.0225122201567277
0.205386924154102	-0.597432222927771	0.0508751495987124	0.00818189740468964	-8.91117571935273	5.25177293631063	0.348307270526309
0.215386924154102	-0.694097900921427	0.098221435854339	0.0373024320605216	-10.4547105047573	4.36338264255939	5.30932145232668
0.225386924154102	-0.804901081238251	0.146227128556851	0.0961340414104519	-11.3500100005393	4.92624103605926	6.05143755895955
0.235386924154102	-0.917040873411911	0.193130804000478	0.153820147550427	-10.978589847593	4.36580792466985	5.3767635620095
0.245386924154102	-1.02356470980857	0.23274176544885	0.202707196739921	-10.3149757563521	3.54771816826922	4.39085560338237
0.255386924154102	-1.12345243766056	0.264253461350027	0.241775498914998	-9.67643159467018	2.76870431730875	3.44327784473071
0.265386924154102	-1.21745387449134	0.288510000699872	0.27203069836469	-9.14291060019658	2.10289612097568	2.63327313209046
0.275386924154102	-1.30668720874217	0.306725258840995	0.294937577775665	-8.72127677796846	1.55918317235513	1.97281598783561
0.275651915006013	-1.30899693899575	0.30713662663231	0.295458375841035	-8.71174232799587	1.54704062402259	1.956656431663
0.285651915006013	-1.37561925130182	0.285245279776789	0.323788093918752	-5.15966558474433	-4.32706614404803	2.41655066391633
0.295651915006013	-1.42107183880597	0.246214726883215	0.32337558465649	-3.90802964073376	-3.50066019506121	-2.49409586608588
0.305651915006013	-1.45271872907751	0.210608277288412	0.279660149172126	-2.48329475765727	-4.03409898989907	-5.34941882893556
0.315651915006013	-1.47608120825056	0.168866741131433	0.224882950576723	-2.39263232201002	-4.12989574592282	-5.38844268519571
0.325651915006013	-1.50303175429008	0.130176097482658	0.174569021881589	-3.06195707847975	-3.54867668439452	-4.61130769282543
0.335651915006013	-1.53782395510207	0.0983357503313871	0.13316021949403	-3.89511065213397	-2.82061946718724	-3.67335158557121
0.345651915006013	-1.58063200589066	0.0735122821908003	0.100747109455737	-4.64322703577321	-2.16332582983006	-2.83539864952389
0.355651915006013	-1.63015621603446	0.0546079383647884	0.0759117788788799	-5.23514414663589	-1.63864616461841	-2.16054939568011
0.365651915006013	-1.68482251444163	0.0403214645366639	0.0570130727148183	-5.67435695911136	-1.23760657352746	-1.64309485605734
0.375651915006013	-1.7432120074545	0.0295195126173656	0.0426231056989126	-5.98423021055628	-0.93732542236949	-1.25383345543972
0.385651915006013	-1.80415783853744	0.0213101497953941	0.0316150650306137	-6.18957273213996	-0.715468309579459	-0.962123382834414
0.390221315214985	-1.83259571459405	0.0182308545771	0.0274693486819755	-6.25492117149758	-0.633839963148946	-0.855110530520289
0.400221315214985	-1.87459164529005	-0.0220576645386894	0.0241093683203937	-2.89002986079488	-5.3607288046543	-1.39064162494877
0.410221315214985	-1.89710645198768	-0.0708092860595911	-0.0138132188136722	-1.54068232788913	-4.76994590367763	-5.7307082410961
0.420221315214985	-1.90906093455715	-0.121228158454899	-0.0744989794777498	-1.15326312860984	-5.0458727482396	-6.07463816980702
0.430221315214985	-1.92352185097312	-0.168719396433006	-0.131720874079744	-1.81302556702784	-4.3877270888096	-5.2862086787577
0.440221315214985	-1.9458620942411	-0.208471813826949	-0.179631108549938	-2.65222866216149	-3.56219912121705	-4.2994150464311
0.450221315214985	-1.97620190805761	-0.240276952659834	-0.218000321446398	-3.39110907981815	-2.81685214601032	-3.40053540467951
0.460221315214985	-2.01312897931982	-0.265250209539794	-0.248175360980005	-3.96591716934911	-2.20055272149196	-2.6611610259919
0.470221315214985	-2.05497761136027	-0.284713598212466	-0.271739577661376	-4.37863138412591	-1.71099167338453	-2.07654234349926
0.480221315214985	-2.1002210405698	-0.299863686021117	-0.290118765920477	-4.64892038821815	-1.33446534445434	-1.61992116470616
0.490221315214985	-2.14756658446618	-0.311699902696798	-0.304490661013305	-4.80288056791171	-1.04539269390724	-1.27065616841687
0.500221315214985	-2.19596061483164	-0.321018610521117	-0.315799257372517	-4.86198639388211	-0.828542191446068	-1.00342879175981
0.510221315214985	-2.24455995032302	-0.328444728698935	-0.324781394995048	-4.846751877556	-0.664942293538894	-0.802148765977308
0.520221315214985	-2.29270046654741	-0.334456157526698	-0.332006980704342	-4.77274440508265	-0.543384029651204	-0.650104144584378
0.530221315214985	-2.3398637637208	-0.339415083992575	-0.337909352373242	-4.65325179746602	-0.452924811009105	-0.535720360874782
0.540221315214985	-2.38564884308576	-0.343591251732886	-0.342815109456988	-4.49864132308934	-0.385644412224272	-0.449407789991491
0.550221315214985	-2.42974740193101	-0.347183239789085	-0.346967580513929	-4.31715785861614	-0.335162455282912	-0.384030945867895
0.560221315214985	-2.47192370823136	-0.350334994219633	-0.350546654859112	-4.11500859620364	-0.297257929590599	-0.333643315106756
0.570221315214985	-2.51199789656255	-0.35315039017345	-0.353683410002099	-3.89746701658481	-0.26733580969412	-0.295018382517431
0.580221315214985	-2.54983355398944	-0.355702149038668	-0.356473672929812	-3.66798470051373	-0.243757409216527	-0.264253663765374
0.590221315214985	-2.58532709915425	-0.358041426309936	-0.358986111251158	-3.42951095306146	-0.2244265085039	-0.239258211289985
0.600093772443821	-2.61799387799149	-0.360176637013827	-0.361242132731762	-3.18732684094266	-0.208413186155014	-0.218422818637151
0.610093772443821	-2.66349334948766	-0.335825315668223	-0.369731033236966	-5.88293133296459	5.0116742900373	-1.42469912131644
0.620093772443821	-2.72530550275516	-0.288652833324334	-0.366944712975886	-6.42570083417618	4.27238243378603	2.10512144301162
0.630093772443821	-2.79237422299674	-0.249499179206926	-0.328168463184037	-7.07128500456179	3.90514486933178	5.26733140438093
0.640093772443821	-2.86430087474851	-0.207798801823112	-0.272839762746967	-7.08780109389972	4.22490456181951	5.56011403862867
0.650093772443821	-2.93130994527073	-0.167565737879093	-0.220076511096622	-6.23541493168512	3.74664182616456	4.90991043867579
0.660093772443821	-2.98828214506472	-0.133561533999186	-0.175443529572771	-5.15245070219176	3.04729149656498	4.00778036205581
0.670093772443821	-3.03454000442487	-0.106489185897748	-0.139724252507078	-4.1183548142443	2.38379539179756	3.15601133120422
0.680093772443821	-3.07110403177554	-0.0854936225351322	-0.111832619869102	-3.21879632328228	1.83737799750848	2.44725590645766
0.690093772443821	-3.09936566498739	-0.0693681719647127	-0.090255813479343	-2.45508929389996	1.40718109053116	1.89069780362217
0.700093772443821	-3.12058933536044	-0.0570128210049472	-0.0735991938672768	-1.8067519319216	1.07913982275869	1.45905246712071
0.710093772443821	-3.1357946407559	-0.0475379458153666	-0.0607322692173946	-1.24756848318857	0.827896414351168	1.12828451413858
0.720093772443821	-3.14576694932259	-0.0402601164861287	-0.0507760396232732	-0.75685820627763	0.636519720562841	0.8738616121179
0.730093772443821	-3.15110338643689	-0.034659961883466	-0.043058760492809	-0.317919057535681	0.49001573934448	0.678073266056752
0.740093772443821	-3.1522567862102	-0.0303444244335537	-0.0370675456502122	0.0815610841217102	0.377977052221643	0.526702436551505
0.750093772443821	-3.14957166801751	-0.0270146028799871	-0.0324103542845374	0.451111608679844	0.291756582617831	0.409717996265209
0.760093772443821	-3.14331103272757	-0.0244427299288977	-0.0287859783143472	0.797684818421507	0.225485627818522	0.319015208401302
0.770093772443821	-3.1336766432417	-0.0224541603458617	-0.0259623901366817	1.12666241365353	0.174326814040837	0.24877587430729
0.780093772443821	-3.12082391349189	-0.0209147780324354	-0.0237599464265242	1.44192974587441	0.135145098264796	0.194118496893665
0.790093772443821	-3.10487339491172	-0.0197208476927926	-0.0220394041491248	1.74659588580208	0.105025376020631	0.151740462941224
0.798628938074532	-3.08888048201598	-0.0189140933987835	-0.0208698062076357	2.00000000000021	0.0848551810451978	0.123306607253911
0.808628938074532	-3.06742244320437	-0.018161648366079	-0.0197736625803147	2.29057186237885	0.0664959954920912	0.0970416379184797
0.818628938074532	-3.04308761921945	-0.0175695313037906	-0.0189085542779669	2.5755380703045	0.0525998046626234	0.0768647965821965
0.828628938074532	-3.01592734772178	-0.0170980280095246	-0.0182203369548566	2.85579656633878	0.0421910928062865	0.0615124220524715
0.838628938074532	-2.98598567639181	-0.0167158014861088	-0.0176661584438973	3.13189871365557	0.0346164510800643	0.0499305648632897
0.848628938074532	-2.95330223058889	-0.0163978663369067	-0.0172119468950946	3.40417344552664	0.0292869091182745	0.0413780858106839
0.858628938074532	-2.91791456863852	-0.0161241292507687	-0.0168303959913853	3.67273973293971	0.0257229862521928	0.0353050303503089
0.868628938074532	-2.87986016713303	-0.0158783067798304	-0.0164993830959949	3.9374853848244	0.0236794808624957	0.0311842746668891
0.878628938074532	-2.839178190852	-0.0156469311896546	-0.0162008919081757	4.19820075288466	0.0227989225070777	0.0287468667588397
0.888628938074532	-2.79591095151511	-0.0154188444564517	-0.0159199816760219	4.45446179482055	0.022995363626862	0.02762553247363
0.898628938074532	-2.75010529768723	-0.0151845430799084	-0.0156442311754498	4.70578749518068	0.0240220782141553	0.0276805274829479
0.908628938074532	-2.70181375700498	-0.0149359483323944	-0.0153631074967792	4.95153271436553	0.0258170256928962	0.0286899908220336
0.918628938074532	-2.65109562353837	-0.0146660541925652	-0.0150676531801869	5.19097801842726	0.028265718002702	0.0305264699427682
0.928628938074532	-2.59801788302719	-0.0143687708328746	-0.0147501832571099	5.42331671356365	0.031268315345741	0.033086349765546
0.938628938074532	-2.54265601831817	-0.0140388237846375	-0.0144040711924418	5.64764832569918	0.0347898601067555	0.0362364683489899
0.948628938074532	-2.48509471490431	-0.0136716228116777	-0.0140236652079701	5.86304274606149	0.0387051134802645	0.0399329668013905
0.958628938074532	-2.42542837860344	-0.0132633240489144	-0.0136041262064915	6.06846722258661	0.04305223865223	0.0440048107194694
0.968628938074532	-2.36376160041593	-0.0128106453205535	-0.0131415301743967	6.26295732014191	0.0475705294279772	0.0485302855753906
0.978628938074532	-2.30020931574871	-0.0123111375854463	-0.0126326372043644	6.44540202311398	0.0523815995268719	0.0532710923875899
0.988628938074532	-2.23489697132119	-0.0117629457807152	-0.0120751098833341	6.61479216773977	0.0573066935149123	0.0582338940089154
0.998628938074532	-2.16796037299783	-0.0111649869808804	-0.0114674014409107	6.77010457234923	0.0622628097720086	0.0633424724531356
1.00862893807453	-2.09954539390318	-0.0105169880972288	-0.0108087622112094	6.91031018201503	0.0672950014688978	0.0684113732057366
1.01862893807453	-2.02980754979109	-0.00981934579272448	-0.0100993848706649	7.03453437190337	0.0721604785333179	0.0734905236918256
1.02862893807453	-1.9589112495485	-0.00907337327853292	-0.00934021358801109	7.14186519157213	0.0769515223076561	0.0783530159623549
1.03862893807453	-1.88702902314435	-0.00828105533000292	-0.00853313558329708	7.23158405885716	0.0814689976285612	0.0830149575708537
1.04862893807453	-1.81434043616194	-0.00744520164956826	-0.00768081526554158	7.30302813483669	0.0856791642590838	0.0873613795671663
1.05862893807453	-1.74103093762532	-0.00656931971266647	-0.0067867284619505	7.35568379801818	0.0894824054014476	0.0913403931446948
1.06862893807453	-1.66729053026211	-0.00565760122590747	-0.00585507048694937	7.38916154128278	0.0928245087070714	0.0948745334518375
1.07862893807453	-1.59331235450443	-0.00471483522292135	-0.00489069353215802	7.40321813617639	0.0956594467477728	0.0978944921640097
1.08862893807453	-1.51929120163807	-0.00374629788386951	-0.00389903497269021	7.39778292126045	0.0978898876232523	0.100390855977419
1.09862893807453	-1.44542194368706	-0.00275776076395358	-0.00288592411870786	7.37286475305483	0.0996491582989683	0.102183450251411
1.10862893807453	-1.37189806413351	-0.00175518423968616	-0.00185763071638582	7.3287259139895	0.100783990061619	0.103349844218978
1.11862893807453	-1.29891010998442	-0.000744736965725523	-0.000820632693647765	7.26575865620535	0.101204140996567	0.103937547969418
1.12862893807453	-1.22664422997714	0.000267238255034015	0.000218576616755225	7.18440395747933	0.101097064066644	0.10378693264082
1.13862893807453	-1.1552809188531	0.00127456783883211	0.00125342389578608	7.08534242280225	0.100329913326931	0.103024346275451
1.14862893807453	-1.08499374956136	0.00227117007692463	0.0022775300432736	6.96931428519986	0.0989385991124484	0.10165723552009
1.15862893807453	-1.01594834951272	0.00325124270955433	0.00328475139426092	6.83717887495255	0.0969037327373814	0.0997574185809408
1.16862893807453	-0.948301469068773	0.00420921446933479	0.00426939662787544	6.68977268844497	0.0945167626565246	0.0971567091928582
1.17862893807453	-0.882200380664271	0.00514013039185655	0.00522606258884917	6.52816158767245	0.0915801864150453	0.0941046958818856
1.18862893807453	-0.817782260753903	0.00603942902470877	0.00614994636683306	6.35336621035178	0.0881622580340425	0.090643046750129
1.19862893807453	-0.755173859954634	0.00690301583729839	0.00703688545283098	6.16636276039549	0.0845398987371295	0.0866498473380326
1.20862893807453	-0.694491438398531	0.00772758404713164	0.00788316559983739	5.96831672195439	0.0804566606072858	0.0824493601882763
1.21862893807453	-0.635840641749225	0.0085102577087463	0.00868586043661009	5.76023038954385	0.0761150037120232	0.0779901529129431
1.22862893807453	-0.579316737620742	0.00924884022295	0.00944264464767586	5.54314043462603	0.0715497301219155	0.0733597532146571
1.23862893807453	-0.52500486006964	0.00994168042490538	0.0101518979905943	5.31799004191634	0.0669676264568945	0.0685018870648211
1.24862893807453	-0.472980476909114	0.0105878477443291	0.0108125315930826	5.08578710380149	0.0622485842107932	0.0636261901585714
1.25862893807453	-0.42330980990911	0.0111868796530591	0.0114241474680201	4.84739478757554	0.057538012860159	0.0587173103940821
1.26862893807453	-0.376050454589914	0.0117388899236773	0.0119868832212505	4.60365144159365	0.0528729989492931	0.0538419815815889
1.27862893807453	-0.331251997873285	0.0122445005086942	0.0125013884821395	4.35534262094619	0.0482506921587664	0.0490913363538216
1.28862893807453	-0.288956659260907	0.0127047276696324	0.0129688283080063	4.1031393862959	0.0438015276281235	0.0444369741150309
1.29862893807453	-0.24920001037756	0.0131210345064658	0.0133907413942005	3.84768922526684	0.0395166651568968	0.0399553357210697
1.30862893807453	-0.212011647557251	0.0134952247989999	0.0137690243114643	3.58957022523457	0.035383322229319	0.0357156158975772
1.31862893807453	-0.177415861990381	0.0138293487675764	0.0141059035048145	3.32925820962984	0.0314854661249934	0.0316965174451651
1.32862893807453	-0.145432327952059	0.0141257147146117	0.0144038198049643	3.0671887832167	0.0278273848844027	0.0279319998592974
1.33862893807453	-0.116076728898027	0.0143867975749289	0.0146653999618543	2.80372813117147	0.0244291365032799	0.0244327612037375
1.34862893807453	-0.089361368443755	0.0146152057893703	0.0148933836033625	2.53919457265483	0.0212741853101805	0.0212298973350165
1.35862893807453	-0.0652957195596597	0.0148135866554811	0.0150906058915213	2.27382397099046	0.0184243567894952	0.0182805434843764
1.36862893807453	-0.0438869664211789	0.0149846446982018	0.0152598927588754	2.00783296762551	0.0158472037673294	0.0156110237570401
1.37862893807453	-0.0251404656031611	0.0151310669596269	0.0154040395642283	1.74139709738805	0.0134955300646399	0.0132518805694846
1.38862893807453	-0.0090601519242316	0.0152554373676989	0.0155258057296969	1.47461625875268	0.0114248661195473	0.0111415966462195
1.39862893807453	0.00435106637582138	0.0153602772557556	0.0156278123356094	1.20758876782274	0.00959081215793615	0.00929461407708226
1.40862893807453	0.0150910098293306	0.0154479594761584	0.0157125511110236	0.940370324434416	0.00798640392717313	0.00768862234561036
1.41862893807453	0.0231579592492213	0.0155206991521298	0.0157823369457593	0.672997749653577	0.00658842924427086	0.00630954091826905
1.42862893807453	0.0285504539780132	0.0155805118489145	0.0158392937255207	0.405480916044115	0.00539773945656947	0.00511885929072825
1.43862893807453	0.0312671308147816	0.0156292168517738	0.0158853088941668	0.137831848433235	0.00436988538252896	0.00411147539840956
1.44862893807453	0.0313066363028519	0.0156683895444574	0.0159220355099741	-0.129953804867803	0.00348640490898578	0.00325736331611528
1.45862893807453	0.0286675810736939	0.0156993557141008	0.0159508646585389	-0.397880514910982	0.00272345882720252	0.00252794010151312
1.46862893807453	0.023348554319564	0.0157231748773409	0.0159729114374518	-0.66594847132315	0.00205551714088945	0.00189345220145208
1.47862893807453	0.01534819241464	0.0157406308095342	0.0159889991109978	-0.934144767672517	0.00144607112587268	0.00133103885381855
1.48862893807453	0.00466530813833186	0.0157522107968171	0.0159996564048224	-1.20244641752434	0.000873328217463861	0.000803891299756862
1.49862893807453	-0.00870093054438771	0.0157581067273137	0.0160051004448135	-1.47080582647399	0.000304155869381158	0.000283129443395815
1.50862893807453	-0.0247507601550329	0.0157582028840418	0.0160052343531362	-1.73914986392921	-0.000291819599321093	-0.000263464443954618
1.51862893807453	-0.043483527453849	0.0157520727200329	0.0159996412852153	-2.00737292967309	-0.000945902060132263	-0.000867999067579671
1.52862893807453	-0.0648973391083777	0.015738977157876	0.0159875814359895	-2.27533084529732	-0.00169174038485186	-0.00156085828937843
1.53862893807453	-0.0889886550428524	0.015717861423922	0.0159679950505706	-2.54283855057282	-0.00255581593337675	-0.00237804034677894
1.54862893807453	-0.115751831397894	0.015687363942188	0.0159395010328716	-2.80966006892081	-0.00357125328706454	-0.0033491553984755
1.55862893807453	-0.145178609559284	0.0156458206337872	0.0159004058539575	-3.07550603374256	-0.00477005741408882	-0.00450313167324324
1.56862893807453	-0.17725755733092	0.0155912735988852	0.0158487164456403	-3.34003145831168	-0.00617568674266195	-0.00587352709342578
1.57862893807453	-0.211973469975475	0.0155214946515184	0.015782149657129	-3.60282518393629	-0.00782161548067533	-0.00748225752273147
1.58862893807453	-0.249306727361981	0.0154339963047917	0.0156981621877758	-3.86341601802148	-0.00972246975606923	-0.00936235159442543
1.59862893807453	-0.289232629506947	0.0153260751879203	0.015593965121439	-4.1212564834887	-0.0119135877083505	-0.0115240900048454
1.60862893807453	-0.331720699042575	0.0151948281667849	0.0154665735564257	-4.37573777527029	-0.0144013001090524	-0.0139947471394196
1.61862893807453	-0.376733980299505	0.015037197539363	0.015312845730182	-4.62618661327893	-0.0171700680486833	-0.0168113091050667
1.62862893807453	-0.424228352224973	0.0148500591762705	0.0151295008237549	-4.87183215804884	-0.0202819840765325	-0.0199368950716252
1.63862893807453	-0.47415182431756	0.0146302199919267	0.0149132259146074	-5.11186148943816	-0.0237193529497849	-0.0233893063471459
1.64809607074673	-0.523598775598299	0.0143890930947915	0.0146751399552141	-5.33313254399631	-0.0272530492878844	-0.0269674739837898
1.65809607074673	-0.599826057973997	0.0509774071103985	0.00826192074907495	-9.15105509285222	5.24943829096867	0.339178902651608
1.66809607074673	-0.698876809190348	0.0982902666913939	0.037272927196586	-10.690652187647	4.35510230443242	5.3000954914518
1.67809607074673	-0.81204336354832	0.146198045712286	0.0960456019773672	-11.5867755782007	4.91678473382903	6.04563214992751
1.68809607074673	-0.926542609560454	0.192995616393896	0.153666233287323	-11.2135066798545	4.35409430974405	5.36891215075062
1.69809607074673	-1.03540203593977	0.232477466890845	0.202458607166431	-10.5471565443671	3.53385544523531	4.37959764077126
1.70809607074673	-1.13759537014389	0.263838774291801	0.241401578148059	-9.90549678130533	2.75308653324193	3.42921157931855
1.71809607074673	-1.23387036060951	0.287931317077873	0.271508277256153	-9.36861267372537	2.08610871495079	2.61761395670931
1.72627537388087	-1.30899693899575	0.303086973397314	0.290593849441736	-9.01309493279878	1.63247790675181	2.06619030257788
1.73627537388087	-1.37840811336457	0.281642578698201	0.320106945197854	-5.4381887320886	-4.26021597806053	2.49467766523399
1.74627537388087	-1.42654632243703	0.243241059693033	0.320296351438886	-4.16599785642157	-3.4429964283759	-2.45049053887694
1.75627537388087	-1.46066860435441	0.208087410461824	0.276992630145893	-2.72621738111957	-3.99146175225984	-5.31176994151814
1.76627537388087	-1.48641366211306	0.166722663420009	0.222601415825572	-2.62586948829454	-4.09800619183773	-5.34823404120864
1.77627537388087	-1.51566705013431	0.128364089027593	0.172640257301257	-3.28816449478024	-3.51695266032069	-4.57897712957232
1.78627537388087	-1.55267230124685	0.0968093190145621	0.131535243750613	-4.11176685575317	-2.79425329487928	-3.64577588174185
1.79627537388087	-1.59759819549251	0.0722233174874748	0.099374863645606	-4.84948604028536	-2.14408672183425	-2.81071431611361
1.80627537388087	-1.64914480973544	0.0535109957243412	0.0747473069979673	-5.43259721817315	-1.62175132924169	-2.14159930495336
1.81627537388087	-1.70574079150367	0.0393793652574618	0.0560164089649225	-5.86307945449844	-1.2228199939395	-1.62888155428025
1.82627537388087	-1.76596943391083	0.028701978981221	0.0417599402788471	-6.16351502768095	-0.92665837334222	-1.24162783006237
1.83627537388087	-1.82866469474639	0.0205902406338898	0.0308582942202864	-6.36039424074694	-0.705944886213282	-0.953455621132551
1.83689296657149	-1.83259571459405	0.0201578766570773	0.0302741146022413	-6.36914364544222	-0.695866117395071	-0.937051845080676
1.84689296657149	-1.87578614901404	-0.0205453068679224	0.0258810024604196	-3.0219633525441	-5.36184283744448	-1.53000098987795
1.85689296657149	-1.8995817417117	-0.0694335680196924	-0.0133157807593119	-1.66535442592121	-4.83045323230615	-5.78631024137824
1.86689296657149	-1.91309126694603	-0.120173439684909	-0.0742344213792084	-1.33171897991959	-5.05532633454805	-6.07652647801195
1.87689296657149	-1.92944171570364	-0.167674433416075	-0.131345021072385	-2.01035889576463	-4.37942361856442	-5.26890471540942
1.88689296657149	-1.95378318028109	-0.207324718574492	-0.179037613574223	-2.85361547614699	-3.55167355686083	-4.27424760810966
1.89689296657149	-1.986143680356	-0.238998882497049	-0.217171039814463	-3.5924229437928	-2.80413276952154	-3.37701771374897
1.90689296657149	-2.02507173654293	-0.263843411396334	-0.247128382207102	-4.16460491620351	-2.18743503038825	-2.64160094176378
1.91689296657149	-2.06888319616958	-0.283193033011361	-0.270507020857012	-4.57237623948109	-1.70139924552826	-2.059079193717
1.92689296657149	-2.11604135622394	-0.29825195226448	-0.288734868244454	-4.83752441868243	-1.32744060855935	-1.60574843827644
1.93689296657149	-2.16524952573715	-0.310020830801879	-0.302989388964133	-4.98628023713275	-1.04045652310921	-1.26001173497067
1.94689296657149	-2.2154531141231	-0.31929531009009	-0.314211858397269	-5.04041171440131	-0.824914480430928	-0.996514431350733
1.95689296657149	-2.26581026858677	-0.326697500387193	-0.323136029143665	-5.02006594362174	-0.663332146025041	-0.797747569589872
1.96689296657149	-2.31565909007471	-0.332702977098293	-0.330327355841442	-4.94122808604702	-0.543501360021255	-0.647801087617275
1.97689296657149	-2.3644842941119	-0.337670960090205	-0.336215101728985	-4.81724101456534	-0.454471664094331	-0.535118930529888
1.98689296657149	-2.41188833308921	-0.34186843227115	-0.341121943516729	-4.65859506726935	-0.388043375561601	-0.450401385758061
1.99689296657149	-2.45756670783065	-0.34549081198015	-0.345288250598879	-4.47316987797212	-0.338976900942963	-0.3856068725632
2.00689296657149	-2.50128699128891	-0.348680674231918	-0.348890180925177	-4.26785270699149	-0.301026593824826	-0.336603342906285
2.01689296657149	-2.54287316083484	-0.35153897539515	-0.352057204125559	-4.04720292796936	-0.271739083752969	-0.298407270224882
2.02689296657149	-2.58219204553929	-0.354137248988888	-0.354882821186248	-3.81494795685271	-0.24863573638741	-0.267909874352414
2.03657172943632	-2.61799387799149	-0.356451619370331	-0.357355857921964	-3.58191202681685	-0.230088811852699	-0.243893301800262
2.04657172943632	-2.66770314405506	-0.331841105467191	-0.366217398895106	-6.29501249468064	4.99020732667063	-1.40029435249395
2.05657172943632	-2.73354197655926	-0.285316401858937	-0.3626456984934	-6.83469468195867	4.20963201372286	2.20141872350647
2.06657172943632	-2.80481154568134	-0.246510987518392	-0.323036389954959	-7.49900482648371	3.93473619857086	5.26607951857911
2.07657172943632	-2.88065867971911	-0.204827712920603	-0.268048007822628	-7.45359165657212	4.20277972403387	5.49888164479601
2.08657172943632	-2.95117118812652	-0.164969915447085	-0.215982355725671	-6.57703262376836	3.703384650483	4.83202460199463
2.09657172943632	-3.01152812580175	-0.131436419401891	-0.172107231541953	-5.49061792573207	2.99998997400104	3.93487345945104
2.10657172943632	-3.06119557988595	-0.104807722579349	-0.137070129082036	-4.46275426801872	2.34265583841194	3.09331193177295
2.11657172943632	-3.10124522504426	-0.0841857493569325	-0.10974724131617	-3.57094393702645	1.80187881872688	2.39772039998707
2.12657172943632	-3.13307521475887	-0.0683625934411784	-0.0886265661207271	-2.81601265934204	1.38070593830755	1.84983605864874
2.13657172943632	-3.15794320390809	-0.0562450064887202	-0.0723315354559475	-2.17473399525087	1.05854110565751	1.42673721713878
2.14657172943632	-3.17685770675555	-0.0469554279587937	-0.059748965225546	-1.62133169912167	0.811490342276787	1.10327534988193
2.15657172943632	-3.19059365961933	-0.0398214061452252	-0.050015211447891	-1.13562580082488	0.623863061318702	0.854286718039985
2.16657172943632	-3.19973945458437	-0.0343323118426788	-0.0424716183278558	-0.700944867849535	0.480468464440047	0.662630111037277
2.17657172943632	-3.20474065306988	-0.0301021500093825	-0.0366159850526582	-0.304916721809994	0.370490060958049	0.514773595684439
2.18657172943632	-3.20593546283135	-0.0268381821637172	-0.0320645599959681	0.061684349143469	0.286022183513847	0.400355370890928
2.19657172943632	-3.20358146835595	-0.0243173358553691	-0.0285231101117688	0.405868937883803	0.220943088418049	0.311705273086818
2.20657172943632	-3.19787539539396	-0.0223690097402551	-0.0257650966115919	0.732900974873667	0.170749054474459	0.242910463392817
2.21657172943632	-3.1889678650876	-0.0208622459971749	-0.0236154719302538	1.04672719000765	0.132169608870328	0.189346634242459
2.22657172943632	-3.17697456040736	-0.0196959598889876	-0.0219387008831482	1.35048080152006	0.102317879825101	0.147804973885027
2.23657172943632	-3.16198454268258	-0.0187921349212323	-0.0206292751038644	1.64638699475401	0.0794318703910288	0.11545779473508
2.24657172943632	-3.14406687716167	-0.0180900458003849	-0.01960502779918	1.93624988974803	0.0617744356852107	0.0904533095399372
2.24879534966326	-3.13969046563458	-0.0179563866573337	-0.01940923771858	2.00000000000001	0.0584936516638599	0.085678201843727
2.25879534966326	-3.11826639128076	-0.0174377999813066	-0.0186475446698504	2.284119839515	0.0458488478186724	0.0674201535736217
2.26879534966326	-3.09402026350128	-0.0170294962681944	-0.0180463047686681	2.5645323563567	0.0363017421241493	0.0534329746553295
2.27879534966326	-3.06698613591494	-0.016703686006938	-0.0175675177866345	2.84179929074661	0.0292435022741593	0.0428130340743566
2.28879534966326	-3.03719353562248	-0.0164381826328532	-0.0171809179147585	3.1162676236028	0.0241655586047058	0.0349002723049215
2.29879534966326	-3.00466959190867	-0.0162150944162154	-0.0168621814057845	3.38808410374283	0.020685477366933	0.0291818432291476
2.30879534966326	-2.96944086136724	-0.0160198197476416	-0.0165915449519101	3.6572077203558	0.0185608888707221	0.0252225898287469
2.31879534966326	-2.9315349483148	-0.0158402079504223	-0.0163528001707602	3.92348229856815	0.0175129209932435	0.0227657066784572
2.32879534966326	-2.89098189951711	-0.0156660570124675	-0.0161324095624459	4.1865720311082	0.0174452298394854	0.0215166526644199
2.33879534966326	-2.84781552795546	-0.0154885655510165	-0.0159189733412217	4.44606416227037	0.0181636749781862	0.0213468916499273
2.34879534966326	-2.80207455732358	-0.0153001041973482	-0.0157026792179751	4.70138906766992	0.0196317945919463	0.0220610856533391
2.35879534966326	-2.75380373897052	-0.0150938804097127	-0.0154750355435525	4.95191456107213	0.0217107689004396	0.0235944018664713
2.36879534966326	-2.70305481708666	-0.0148638656606475	-0.0152285433561049	5.19687203129171	0.024396500738041	0.0258029157230077
2.37879534966326	-2.6498874711458	-0.0146045901100959	-0.0149566019598145	5.43545162294074	0.0275597582424715	0.0286670812655037
2.38879534966326	-2.59437010161038	-0.0143111728258476	-0.0146533190720018	5.66673064128256	0.031182015142598	0.0320882082680801
2.39879534966326	-2.53658055732932	-0.0139792587219813	-0.0143134764490208	5.88971805924683	0.035252800286094	0.0359662762884794
2.40879534966326	-2.47660675451838	-0.0136049638672685	-0.0139325497345216	6.10341805030307	0.0396158156284495	0.0403216500635381
2.41879534966326	-2.41454709392414	-0.013185053413828	-0.0135065823394661	6.30670770223592	0.0443689451014489	0.0449609213549742
2.42879534966326	-2.35051085843683	-0.0127167604732118	-0.013032388322107	6.49854691919719	0.0492889220689519	0.0499492783659948
2.43879534966326	-2.28461829053198	-0.0121980809020398	-0.012507382607975	6.67777578161733	0.0544790057706979	0.0550743499944781
2.44879534966326	-2.21700066872531	-0.0116275537226753	-0.0119298446368147	6.84337083949251	0.05966623669536	0.0604260508047001
2.45879534966326	-2.14780000996249	-0.0110045884886383	-0.0112987286878303	6.99421569111138	0.0649361316627528	0.0657907017987863
2.46879534966326	-2.07716874988283	-0.0103292718410075	-0.0106138927604716	7.1293265110374	0.0701264729479689	0.0711530946820795
2.47879534966326	-2.005269097738	-0.00960253395456864	-0.00987601048540006	7.24774854087966	0.0751931264679964	0.0763968425549334
2.48879534966326	-1.93227226562108	-0.00882608791834546	-0.0090866435811872	7.3486395706987	0.0800226656595415	0.0814620618028345
2.49879534966326	-1.85835745881694	-0.00800249737284048	-0.00824817616929188	7.43122291400108	0.0846271783104774	0.0861879804282962
2.50879534966326	-1.78371076252607	-0.00713501402317459	-0.00736390332161702	7.49492517218084	0.0887884670980752	0.0906103499752732
2.51879534966326	-1.7085237610206	-0.00622772944023259	-0.00643782300642925	7.53921569633866	0.0925758919538163	0.0945376549216664
2.52879534966326	-1.6329921589806	-0.00528532364921776	-0.00547472439933554	7.5637830376324	0.0958606433070896	0.09795565506066
2.53879534966326	-1.55731421150877	-0.00431307651184042	-0.00448002539812727	7.56845963004816	0.0985630998724485	0.10082637030393
2.54879534966326	-1.48168912551149	-0.00331676897731187	-0.00345967160557821	7.55322680180971	0.100651817627681	0.103091589590059
2.55879534966326	-1.406315450092	-0.00230253773111303	-0.00242005018338012	7.51824653264693	0.102051745612471	0.104750671576882
2.56879534966326	-1.33138943506922	-0.00127686394389941	-0.00136777627937554	7.46376318886838	0.102924371567246	0.105630583204849
2.57879534966326	-1.25710356296492	-0.000246207262339573	-0.000309763053784636	7.39031181416595	0.10303142125903	0.105911724751388
2.58879534966326	-1.1836449829323	0.000782802834690147	0.000747170076716143	7.29842902980423	0.10255632384747	0.105449585825006
2.59879534966326	-1.1111942500972	0.00180371020635423	0.00179624228411883	7.18883731615047	0.101519018739319	0.104256922023767
2.60879534966326	-1.03992414453404	0.0028103593254567	0.00283082206669899	7.06244169305082	0.099737050905367	0.102534330890431
2.61879534966326	-0.969998570215282	0.00379674189394145	0.00384475157482029	6.9200846468129	0.0974947236507945	0.100115793961314
2.62879534966326	-0.901571846400063	0.00475743938025058	0.00483215619757315	6.76283839290753	0.0946224708395758	0.0972261921035899
2.63879534966326	-0.834787978567971	0.00568741728435147	0.00578776301317896	6.59173477797934	0.0912348107873106	0.0938693512627457
2.64879534966326	-0.769780239717281	0.0065821423903102	0.00670692401457818	6.40779463055363	0.0875847481261454	0.0899452985189582
2.65879534966326	-0.706670999194411	0.00743785068970785	0.00758548519738539	6.21220500106647	0.0834837750326834	0.0857260647042933
2.66879534966326	-0.645571552081687	0.00825126620993958	0.00842007911581008	6.00602503630547	0.0791169932397372	0.081179833739649
2.67879534966326	-0.586582281493985	0.00901979451511674	0.00920799659745519	5.79032715592185	0.0745780507201882	0.0763520303536563
2.68879534966326	-0.529792921553593	0.00974155813349603	0.00994716159721183	5.56621266985394	0.0697804083216348	0.0714359425917042
2.69879534966326	-0.475282869882155	0.0104151826126467	0.0106362868409699	5.33462012756522	0.0649866810515893	0.0663333586987419
2.70879534966326	-0.423121774697506	0.0110400612801986	0.0112746119320211	5.09657002903449	0.0600562906737403	0.0612735653711391
2.71879534966326	-0.373370017804015	0.0116160453811827	0.011862096557762	4.85291166623417	0.0551692695066408	0.056214059852274
2.72879534966326	-0.326079417394652	0.0121435791375936	0.0123992303760274	4.60447345473646	0.0503651546462078	0.0512197698737263
2.73879534966326	-0.281293906297326	0.0126236184366057	0.0128870088116056	4.352029481188	0.04563020890381	0.0463899453046453
2.74879534966326	-0.239050218945948	0.0130574867977135	0.0133269511878407	4.09621668861264	0.0411356354311091	0.0416607143294861
2.75879534966326	-0.199378682693056	0.0134470006835748	0.0137208901605813	3.83769514464623	0.0367628769438926	0.0371964868048423
2.76879534966326	-0.162303871039097	0.0137941921274417	0.0140710901428925	3.57695474690238	0.0326766973293043	0.0329166368385031
2.77879534966326	-0.127845383610903	0.0141014478066875	0.0143800210770628	3.31449234224546	0.0288082001701364	0.0289223326049298
2.78879534966326	-0.0960184855578859	0.0143713065130845	0.0146504156429049	3.05068672433885	0.0252325434120396	0.0251849558415198
2.79879534966326	-0.0668348000933514	0.0146065122383457	0.0148851187753674	2.78589929344372	0.021882741417226	0.0217827925464424
2.80879534966326	-0.0403028879657028	0.0148098522158521	0.0150871195983651	2.52038270647441	0.0188320520782989	0.0186684578843047
2.81879534966326	-0.0164288471422256	0.0149841887276756	0.0152594294604507	2.25435882156576	0.0160779159192779	0.0158479225296511
2.82879534966326	0.00478317200308172	0.0151323869132095	0.0154050527317746	1.98800173961284	0.0136070136811472	0.0133275247817233
2.83879534966326	0.0233304945559925	0.0152572689435145	0.0155269432493913	1.72144103139365	0.0114013928654659	0.0111096701785558
2.84879534966326	0.0392115069738794	0.0153615556594243	0.0156279787559979	1.454750503112	0.00948771088769527	0.0091529435445515
2.85879534966326	0.0524252753283822	0.0154478749033142	0.0157108878869764	1.1879925992312	0.00782247688241073	0.00746760376662399
2.86879534966326	0.0629712444841735	0.0155186948595491	0.0157782464502339	0.921193031466669	0.00638339758119271	0.00604089100844724
2.87879534966326	0.0708489804921417	0.0155762945631268	0.0158324500024647	0.654345095755274	0.00517312423986664	0.00483460716419308
2.88879534966326	0.0760579587855433	0.0156227641270927	0.0158756683576868	0.387437291614706	0.00415420782317254	0.0038394343090924
2.89879534966326	0.0785974238054751	0.015659958951881	0.0159098439714989	0.120437434785078	0.00331247976984939	0.00302316604633785
2.90879534966326	0.0784662900925962	0.0156894962763456	0.0159366606342786	-0.146688217370889	0.00261706577653595	0.00236421558228315
2.91879534966326	0.0756631068664726	0.0157127291226363	0.0159575354910741	-0.41397806178276	0.00204601916821735	0.00183089048152303
2.92879534966326	0.0701860722031479	0.0157307389742419	0.0159735997030104	-0.681463605098526	0.00156878185463711	0.00139625827191128
2.93879534966326	0.0620331061996557	0.0157443201081858	0.0159856896356128	-0.949167040074033	0.00115565007423163	0.00103067545240443
2.94879534966326	0.0512019787491836	0.0157539694018847	0.0159943368106936	-1.21709554676228	0.000777671645953366	0.000702187416287306
2.95879534966326	0.0376904931260274	0.0157598791313399	0.0159997584609764	-1.48523443181782	0.000403220639030024	0.000379658708393089
2.96879534966326	0.0214967268401886	0.0157619294732817	0.0160018513625238	-1.7535420200183	-1.6227149148213e-07	3.15611366379998e-05
2.97879534966326	0.00261932944033837	0.0157596823936061	0.0160001877062239	-2.02194491141356	-0.000462801548232997	-0.000376144257899214
2.98879534966326	-0.0189421237235497	0.0157523799537891	0.0159940108603974	-2.290331132395	-0.00101616899306694	-0.000876918553395331
2.99879534966326	-0.0431867211539176	0.0157389442778742	0.0159822338719616	-2.55854395164848	-0.00169436139504554	-0.00150197811203532
3.00879534966326	-0.0701117484877404	0.0157179773825735	0.0159634429806985	-2.82637840177636	-0.00252792479754426	-0.00228485733202826
3.01879534966326	-0.0997121693330137	0.0156877680040264	0.0159359012455695	-3.09357475168519	-0.00354724939742994	-0.00325796016510809
3.02879534966326	-0.131980054833219	0.0156463017721153	0.0158975564844572	-3.35981283368702	-0.00478430474518046	-0.00445035551852084
3.03879534966326	-0.166903963928711	0.0155912701600847	0.0158460586347797	-3.62471203264751	-0.00625888380575064	-0.00589822275068426
3.04879534966326	-0.204468288187917	0.0155201048441077	0.0157787659781909	-3.88781417750111	-0.00801697472873062	-0.00761211356956876
3.05879534966326	-0.244652546815705	0.0154299760673659	0.0156927923966893	-4.14860455558082	-0.0100587250045576	-0.00963522255053587
3.06879534966326	-0.287430674238294	0.0153178560989401	0.0155850135951456	-4.40648237251939	-0.0124183415628843	-0.0119760838353676
3.07879534966326	-0.332770271916733	0.0151805343030562	0.0154521272265589	-4.66078189108712	-0.015097649722759	-0.0146619783279425
3.08879534966326	-0.380631872387074	0.0150146897026957	0.01529068042198	-4.91075110204362	-0.0181289220771529	-0.0176855400985348
3.09879534966326	-0.430968192630875	0.0148169113881796	0.0150971557604744	-5.1555853970001	-0.021479838927957	-0.0210816787631739
3.10879534966326	-0.483723443198511	0.0145838147611377	0.0148679933869169	-5.39438529504973	-0.0251877678134701	-0.0248152165648752
3.11607262004686	-0.523598775598457	0.014390066005329	0.0146768261893515	-5.5638378567275	-0.0280889377274655	-0.0277523196377059
3.12607262004686	-0.60212714900634	0.0509658630808115	0.00824784744679941	-9.38057775763155	5.24809854614705	0.336304637327325
3.13607262004686	-0.703460184306063	0.0982564012087691	0.0372123613608175	-10.9159706406552	4.34724736737822	5.29749272572515
3.14607262004686	-0.818879907593547	0.146092629251716	0.0959446521119244	-11.8116002223577	4.90967577206143	6.03984432714572
3.15607262004686	-0.935611665482466	0.192797481939449	0.153498600174556	-11.4342516224722	4.34017236131626	5.36327059336085
3.16607262004686	-1.04667301796756	0.232156135476437	0.202192537033963	-10.7653743904418	3.51904371543976	4.3691541184041
3.17607262004686	-1.1510368159746	0.263371497573568	0.241006923839268	-10.1212132895069	2.73839280908143	3.41449192147457
3.18607262004686	-1.24945097762049	0.287305446041277	0.270963086038891	-9.58110717217344	2.07040151457842	2.60142507734384
3.19238305194516	-1.30899693899575	0.299217052420628	0.285977939599487	-9.29824150909182	1.7125740711827	2.1675581644279
3.20238305194516	-1.38105933878836	0.278225027598846	0.31655644912305	-5.70212207031971	-4.19617409297964	2.56466699002179
3.21238305194516	-1.43173912520977	0.24042039257407	0.317277388470454	-4.40979762538267	-3.38880066652188	-2.41299335555753
3.22238305194516	-1.46819724206314	0.205692479163602	0.274314807997303	-2.9535684418058	-3.9588191467388	-5.27307433214664
3.23238305194516	-1.49620076247839	0.164663768186128	0.220297936209951	-2.84965813548198	-4.06413923539299	-5.3121603418646
3.24238305194516	-1.52765616816004	0.126621578911192	0.17068898871435	-3.50395756694351	-3.4890963368357	-4.5439784967444
3.25238305194516	-1.56678242308324	0.0953411020713359	0.129895700114056	-4.3196523228028	-2.76841136550955	-3.61764584358328
3.26238305194516	-1.61373917286395	0.070984631247452	0.0979967286976231	-5.04855456358387	-2.12161539780271	-2.78844819912065
3.27238305194516	-1.66722527793529	0.0524604262533087	0.0735825707884365	-5.62222796746727	-1.60422660568993	-2.12295648952148
3.28238305194516	-1.72567087386241	0.0384807905812605	0.0550235982827239	-6.04316515273658	-1.21055782489935	-1.61244338228494
3.29238305194516	-1.78766072014953	0.0279235049269922	0.040905406685354	-6.3353446920286	-0.915861120879079	-1.22944746058811
3.29939327386646	-1.83259571459405	0.0220809776006044	0.0330456906699177	-6.47665897594259	-0.756694724647	-1.02004086991266
3.30939327386646	-1.8769060089682	-0.0190430063084942	0.0276206519977459	-3.14650675501321	-5.36312558214374	-1.66976699366405
3.31939327386646	-1.90190705440077	-0.068082940729429	-0.0128350842150956	-1.78453928132722	-4.88901118360476	-5.84093278972278
3.32939327386646	-1.91690909084204	-0.119134289612868	-0.0739798488811474	-1.50225414783838	-5.06786437936708	-6.0751905442043
3.33939327386646	-1.93507904441776	-0.166643991880921	-0.130977501603598	-2.20016247133407	-4.37225205082307	-5.25068885484281
3.34939327386646	-1.9613494735261	-0.20619281983495	-0.178453630029861	-3.04771314292797	-3.54130145079513	-4.24922171089018
3.35939327386646	-1.99565760998869	-0.237737840711654	-0.216352775480369	-3.78713091314022	-2.78952021965179	-3.3554203787606
3.36939327386646	-2.03651443773722	-0.262453779563128	-0.246095445426349	-4.35597996911472	-2.17469596409938	-2.62201669598728
3.37939327386646	-2.08221688345422	-0.281690917721801	-0.269290079806171	-4.759184795825	-1.69134770345667	-2.04223652128978
3.38939327386646	-2.13121911585696	-0.29665988655654	-0.287367420591099	-5.01981190731738	-1.31850267371911	-1.59334485778862
3.39939327386646	-2.18222125210434	-0.308361194827281	-0.301505664701366	-5.16325716500564	-1.03442771963592	-1.25033702202338
3.40939327386646	-2.23416780834201	-0.317590482325342	-0.312642671393447	-5.21218029213627	-0.82148499615225	-0.989360987922703
3.41939327386646	-2.28621833384581	-0.324967632489498	-0.321508589684398	-5.18680410936836	-0.662341693230938	-0.792640062311544
3.42939327386646	-2.33771335670881	-0.330965984221965	-0.328664378864002	-5.10358140517827	-0.543630688154015	-0.645209429187534
3.43939327386646	-2.38814109528656	-0.335941232613592	-0.334535775287484	-4.97547163318825	-0.455700713652622	-0.534418168804283
3.44939327386646	-2.43710773277158	-0.340157298753003	-0.339441886973185	-4.8128357898507	-0.390824518219386	-0.450613651258089
3.45939327386646	-2.48431219612661	-0.343808064931718	-0.343618841140117	-4.62433171783574	-0.341468886641785	-0.387790606933226
3.46939327386646	-2.52952631171838	-0.34703235419623	-0.347241216274134	-4.41575488215299	-0.30467831077618	-0.339077591010808
3.47939327386646	-2.57257740443699	-0.349930142727485	-0.350435321456928	-4.1923173712543	-0.27603888523421	-0.301249074347179
3.48939327386646	-2.61333579717946	-0.352571471947709	-0.353292693658187	-3.957763120824	-0.253010515421563	-0.271322225035809
3.49057443672279	-2.61799387799149	-0.352868814025503	-0.353611367778082	-3.92935641551263	-0.250895389097482	-0.267920786427546
3.50057443672279	-2.67143143658158	-0.32801343595012	-0.362819403913852	-6.65702278068329	4.9621003548993	-1.36970953053823
3.51057443672279	-2.74082899571093	-0.282117577959696	-0.358468531771614	-7.19796886944529	4.15097227479982	2.29543419485684
3.52057443672279	-2.81584026521054	-0.243609638747789	-0.318079773962902	-7.87692143316003	3.96107979264922	5.26267057435583
3.53057443672279	-2.89513476534	-0.201956799882064	-0.263432568946073	-7.77329060884311	4.17827156578103	5.4414014852127
3.54057443672279	-2.96871277079411	-0.162461918796891	-0.212039676437682	-6.87393077087465	3.65612974995951	4.76220347909464
3.55057443672279	-3.03203178942613	-0.129380848923644	-0.168885730680033	-5.78752578335728	2.95647426222472	3.86417075789731
3.56057443672279	-3.08469264435109	-0.10317306106141	-0.134498345816539	-4.76567938501142	2.30394840704912	3.03341077327124
3.57057443672279	-3.12781158964316	-0.0829056252517646	-0.10771608043141	-3.88192351578836	1.76964069211728	2.34943954685511
3.58057443672279	-3.16279280894563	-0.0673680796166582	-0.0870300594153027	-3.13491954527722	1.35500825450107	1.81145361796454
3.59057443672279	-3.19088682059895	-0.0554753713178582	-0.0710796077804881	-2.50031601583864	1.03747351719533	1.39724570173459
3.60057443672279	-3.21309173821266	-0.0463618687295307	-0.0587674102295268	-1.95327005280516	0.795972509658651	1.07944109304016
3.61057443672279	-3.23017365537305	-0.0393638986285314	-0.0492454979860088	-1.47276266198332	0.61206008373992	0.835527579610576
3.62057443672279	-3.24271323375792	-0.0339794042268556	-0.0418671622185605	-1.0425252088966	0.471423587794083	0.648021591749545
3.63057443672279	-3.25114984784576	-0.0298292612001091	-0.0361399911814567	-0.650395061254138	0.363611599366319	0.503415554052506
3.64057443672279	-3.25581671945557	-0.0266262223783823	-0.0316882193516955	-0.287220540888483	0.280757552278043	0.391578999514362
3.65057443672279	-3.25696725094712	-0.0241517710141273	-0.028224008986878	0.0538897338808121	0.216982436450668	0.30485224123124
3.66057443672279	-3.25479456341955	-0.022238928831237	-0.0255260964333172	0.378206546498647	0.167715812281925	0.237546307801478
3.67057443672279	-3.24944594207895	-0.0207597483324554	-0.0234237008611154	0.689665509653317	0.129729357477441	0.185137453255926
3.68057443672279	-3.24103377694414	-0.0196156797439356	-0.0217847308098396	0.991360311517885	0.100312427354093	0.144380086665129
3.69057443672279	-3.22964373304238	-0.0187307197664532	-0.0205065759078695	1.28557864813006	0.07762364242765	0.112599426894827
3.70057443672279	-3.21534113660014	-0.0180459043448202	-0.0195093905641854	1.57412225692421	0.0600798905803171	0.0878867445222399
3.71057443672279	-3.19817584874281	-0.0175153975949251	-0.0187307422058683	1.85830817876101	0.0465973895973502	0.068668933834052
3.71560691218065	-3.18846709131117	-0.0172951451449612	-0.0184056577566034	2.0000000000008	0.0410647054664306	0.0606938405043534
