=========================== Parameters =====================================
l1 [m]	l2 [m]	l3 [m]	c1 [m]	c2 [m]	c3 [m]	m1 [kg]	m2 [kg]	m3 [kg]
0.19	0.1	0.3958	0.095	0.05	0.1979	0.1564	0.23764	0.1564
============================== Data ========================================
t [s]	th1 [rad]	th2 [rad]	th3 [rad]	th1d [rad/s]	th2d [rad/s]	th3d [rad/s]
0	0	0	0	0	0	0
0.01	-0.00222578329155366	0.0012120020880292	0.000938808282648479	-0.415966252787626	0.19446378802654	0.17184339473873
0.02	-0.00796396271878877	0.00345750381833465	0.00299669098522418	-0.7200185211641	0.240647883297428	0.225029287818596
0.03	-0.016471965440601	0.00583981018566051	0.00524488479046527	-0.976801140460423	0.22999766329313	0.218703838343839
0.04	-0.0274430956016853	0.00799176885069812	0.00729495348307325	-1.21591544718147	0.198547290417382	0.189480673541282
0.05	-0.0407773386855259	0.00979577403416238	0.00901791572090625	-1.45090618452628	0.162328280793927	0.154950350421833
0.06	-0.0564669734733991	0.0112457262827657	0.0104017347953375	-1.6875214822589	0.128269203279543	0.122522291540512
0.07	-0.0745405205768868	0.012379709483033	0.0114814529862499	-1.92781176226975	0.0992416612006368	0.09440781290699
0.08	-0.0950362286922062	0.0132486553830488	0.0123058893737409	-2.17192935408341	0.0753452943481791	0.0713272215634353
0.09	-0.117990076378352	0.0139021323226016	0.0129233048369416	-2.41932297825857	0.0560653324119883	0.0528593872496323
0.1	-0.143430918092346	0.014383054774563	0.0133756920426078	-2.66917299767322	0.0406605823872608	0.0382262328905725
0.11	-0.171378891231658	0.0147263471369114	0.0136972840780765	-2.92060028174413	0.0284137765813155	0.0265734312838247
0.12	-0.201845223051459	0.0149593926975284	0.0139148202700677	-3.17270714736281	0.0185333872361825	0.0172767114895508
0.13	-0.234832495739032	0.0151029887502317	0.0140486098865079	-3.42465208754872	0.0104417172958124	0.00972831255991802
0.14	-0.270335005747292	0.0151725417287797	0.0141136412626839	-3.67562057218147	0.00365099290755152	0.00345663167464373
0.15	-0.308339016380544	0.0151791371382101	0.0141206633868934	-3.92481984763853	-0.00220838329678278	-0.00192629954775256
0.16	-0.348822864592215	0.0151304791463844	0.0140770979496065	-4.17145668874232	-0.00743694920164457	-0.00670924168468163
0.17	-0.391756916068029	0.0150316564777906	0.0139878031782398	-4.4147260712593	-0.0122689609592321	-0.0111095891616719
0.18	-0.437103396243456	0.0148857685025017	0.0138556878094535	-4.65379924443691	-0.016890467647065	-0.0152821292044202
0.19	-0.484816123951678	0.0146944075743831	0.0136822263282238	-4.88783192727259	-0.0213731664015367	-0.0194042599958529
0.19779192118061	-0.523598775598299	0.0145141650200802	0.0135186785130461	-5.06611250859971	-0.0248878328959111	-0.0225821497010334
0.20779192118061	-0.5856759015387	0.0330055270993452	0.0158647502824316	-7.33635528854092	3.6771127672026	0.527037676724997
0.21779192118061	-0.66804744618501	0.078063403223955	0.0329752243339557	-8.9103906233831	4.32602883655684	3.80049869824455
0.22779192118061	-0.763272992206546	0.122835173011275	0.0845019582989103	-9.9934042592368	4.85599509985307	5.67730458360584
0.23779192118061	-0.864222932931727	0.171371982100742	0.140767568177961	-10.0782011286313	4.70839517631873	5.4247017213345
0.24779192118061	-0.963421460364064	0.215234787125342	0.191300292492539	-9.72742372898156	4.02835438589275	4.63183359622727
0.25779192118061	-1.05844255937761	0.251485508291333	0.233161741799527	-9.27620365549394	3.22783638354031	3.73499449484431
0.26779192118061	-1.14903991728724	0.27992259324956	0.26625983851276	-8.85276106251211	2.47402109572101	2.90204282686788
0.27779192118061	-1.23573524659878	0.301364121232196	0.291555826021124	-8.49838874206907	1.8326117307148	2.17931517844483
0.286546839098785	-1.30899693899575	0.315278852662815	0.308280096868543	-8.24698636140983	1.36201795387254	1.65624279751994
0.296546839098785	-1.38139334722968	0.306423960888958	0.32674211476361	-6.22875575717545	-3.06412523268822	1.9503943480759
0.306546839098785	-1.43622368886292	0.268022710650733	0.333622102937465	-4.93471427697719	-3.63290181969779	-1.51164549793561
0.316546839098785	-1.47985932537131	0.23351381782807	0.296933578496664	-3.73721163122307	-3.82427340889357	-5.05730779616375
0.326546839098785	-1.5137800543788	0.190954590383507	0.243014459057435	-3.22296010486642	-4.46650431015543	-5.51131175267888
0.336546839098785	-1.54689021528249	0.147336186299954	0.189824807079464	-3.48612383994858	-4.15187815320484	-5.02465878844564
0.346546839098785	-1.58457601240312	0.109191979076144	0.143750043829722	-4.07738191951359	-3.4461076776175	-4.16218245939882
0.356546839098785	-1.62859098520198	0.0786082680858721	0.106676400637147	-4.7195310746588	-2.67594177106441	-3.26495676783865
0.366546839098785	-1.67866899864891	0.05531061454009	0.0781014609311476	-5.27672897705272	-2.00433625055827	-2.47547711145669
0.376546839098785	-1.73370456154889	0.0380887099221994	0.056609698637296	-5.70825531708488	-1.46467656256637	-1.84802673736652
0.386546839098785	-1.79241237056224	0.0255736978667422	0.0406432620447239	-6.01347053099871	-1.05886859806808	-1.36805938770567
0.393147806769019	-1.83259571459405	0.0192903955249351	0.0324548288627831	-6.15417885492388	-0.851814040765177	-1.12163427373797
0.403147806769019	-1.88420139137846	-0.00611941020431163	0.0179216820562754	-4.176824672544	-4.18159808799634	-1.82368806499028
0.413147806769019	-1.91873626304516	-0.0527823605013177	-0.014328710582521	-2.8928174988305	-4.47410932222936	-5.20258117205253
0.423147806769019	-1.94353219815	-0.102193485900492	-0.0707952114788387	-2.29744977531244	-5.13471162079191	-5.79987908828766
0.433147806769019	-1.96764259430187	-0.151941411641942	-0.12667800761945	-2.60896130713504	-4.71266374745889	-5.27393759627307
0.443147806769019	-1.99659483973501	-0.19533692722938	-0.175204612814799	-3.19641193593594	-3.94701847200829	-4.40975190847912
0.453147806769019	-2.03155565725592	-0.230799324872809	-0.214898304011885	-3.7833133788824	-3.15767781873911	-3.53920534684454
0.463147806769019	-2.07191634288658	-0.258797765880693	-0.246376180212237	-4.26844205539964	-2.46117071568204	-2.77897116017947
0.473147806769019	-2.11649146680816	-0.280466667055428	-0.270908940623436	-4.62551685892267	-1.89209242034766	-2.15176965753957
0.483147806769019	-2.16401550681505	-0.297046781869996	-0.289841240871741	-4.85993633485365	-1.44291004734665	-1.65502642337766
0.493147806769019	-2.21333233262889	-0.309670887477875	-0.304388683732123	-4.98690575997219	-1.09826698126065	-1.27118359745651
0.503147806769019	-2.26345536270913	-0.319297762939027	-0.31557646905975	-5.02411788952795	-0.8405982247031	-0.979607988914032
0.513147806769019	-2.31357500382937	-0.326703965552558	-0.324234766591784	-4.98901957209451	-0.651014873760433	-0.762623386044921
0.523147806769019	-2.36304502389661	-0.332496837275692	-0.33101773998818	-4.89672986109507	-0.514610632661182	-0.602905161464528
0.533147806769019	-2.41136045090877	-0.337138327844578	-0.336428083089224	-4.76001732661044	-0.418929798587198	-0.485830852198598
0.543147806769019	-2.45813353997875	-0.340971175809037	-0.340842810987553	-4.58973714113398	-0.351779950931874	-0.40163991762719
0.553147806769019	-2.50307127364219	-0.344241910735853	-0.344539696516059	-4.39418384872864	-0.305265422152631	-0.340990061647351
0.563147806769019	-2.54595494501102	-0.347123536922227	-0.347718508122635	-4.17994346487758	-0.272691836478009	-0.297394544439882
0.573147806769019	-2.58662318793235	-0.349733250564612	-0.350520412554866	-3.9518129593852	-0.250225887402828	-0.264872497753525
0.58128390353401	-2.61799387799149	-0.351710446025895	-0.352590059927939	-3.75870917603885	-0.236335751600228	-0.244636980992571
0.59128390353401	-2.66067927965718	-0.344016600578035	-0.350532093408651	-4.77751923669824	1.7990016640048	0.627530069263089
0.60128390353401	-2.71362693174218	-0.315049323053833	-0.340665389040216	-5.82121396098726	4.03850746489957	1.31232158920385
0.61128390353401	-2.77471274615461	-0.274537206345198	-0.31341830783572	-6.33131352128124	3.74889800509651	4.44201229233166
0.62128390353401	-2.84012222010694	-0.23253766620404	-0.264726882299407	-6.58345414704058	4.45137094167498	5.07462789093513
0.63128390353401	-2.90390897115449	-0.188607483831871	-0.214989517751342	-6.08939224665145	4.22679877107988	4.77053680169027
0.64128390353401	-2.96085488928192	-0.149302325741986	-0.170687995781264	-5.27066579387793	3.5926494288804	4.06014388353538
0.65128390353401	-3.00912861767131	-0.116962353764597	-0.134127433851105	-4.38572390183349	2.87279053249402	3.25925569496044
0.66128390353401	-3.04877585195272	-0.091601953066895	-0.10527031180123	-3.55852760069435	2.21575936485646	2.5316912686553
0.67128390353401	-3.0806362559979	-0.072256198678221	-0.0830657372677731	-2.83126137775653	1.67491500972213	1.93038752127011
0.68128390353401	-3.10573537836613	-0.0577244324798403	-0.0662163999283138	-2.20456567060752	1.25090176296639	1.45882385158948
0.69128390353401	-3.12501566416411	-0.0468998550200128	-0.0535202346171052	-1.66437674778398	0.929042718493904	1.09712521921552
0.70128390353401	-3.13925249425014	-0.0388711263075801	-0.0439830412673383	-1.19298805080221	0.688305738868121	0.823429878921428
0.71128390353401	-3.14905079996137	-0.0329279386962564	-0.0368249739489563	-0.774286315446659	0.509288060063974	0.61800115277016
0.72128390353401	-3.15486995375037	-0.0285318692764926	-0.0314505285527532	-0.395174907885583	0.376295279642048	0.464580725071434
0.73128390353401	-3.15705391260805	-0.0252809387205725	-0.0274106907696891	-0.045820008223345	0.278700898231774	0.349057840974331
0.74128390353401	-3.15585865970088	-0.0228761263642682	-0.0243699764389835	0.281688499748655	0.206141606377905	0.263008391158141
0.75128390353401	-3.15147395601364	-0.0210965777288537	-0.0220773775600987	0.592919334634678	0.152512961542144	0.198563941713916
0.76128390353401	-3.14404049237213	-0.0197788274560879	-0.0203455050647155	0.89206337970713	0.112962318190859	0.150197671993502
0.77128390353401	-3.13366272815584	-0.0188018315707449	-0.0190342067034987	1.18221627000679	0.0838575131801979	0.113858806476603
0.78128390353401	-3.12041853866078	-0.0180757766728674	-0.0180384146622733	1.46565541356251	0.0624562310872536	0.0866066344138005
0.79128390353401	-3.10436644506407	-0.0175338519651067	-0.0172790895240468	1.74402393301273	0.0467648867797778	0.0662336625979226
0.800606914723153	-3.08691130287207	-0.0171503578704495	-0.0167313647304377	2.00000000000019	0.0360478075484202	0.0519216177302951
0.810606914723153	-3.06555129773427	-0.0168338977589892	-0.016272528978651	2.27152596823221	0.0277231346743903	0.0404265113370593
0.820606914723153	-3.04148951645234	-0.0165875755723073	-0.0159125787224717	2.54042312405941	0.0219078477894859	0.0320097784326825
0.830606914723153	-3.01475056332269	-0.0163893699803777	-0.0156243873291799	2.80699556885911	0.0180093913779913	0.0259823633565237
0.840606914723153	-2.985356985944	-0.0162222795556232	-0.0153868608246614	3.07135566289869	0.0156124306041801	0.0218141200574347
0.850606914723153	-2.9533309909922	-0.0160729677696442	-0.015183394359686	3.33345892793698	0.01441579954683	0.019109217013179
0.860606914723153	-2.91869590172524	-0.0159307595030393	-0.0150007296085965	3.59313409120218	0.0141620923212956	0.0176104464625966
0.870606914723153	-2.8814774201362	-0.0157869429430672	-0.0148280701104438	3.85007811491799	0.0147167745646767	0.0170750892334852
0.880606914723153	-2.84170476374564	-0.0156342134351558	-0.0146564744663896	4.10388809387372	0.0159526592147392	0.0173506320893535
0.890606914723153	-2.79941169327292	-0.0154662953873767	-0.0144783907013088	4.35406964031923	0.0177404098327451	0.0183567677600969
0.900606914723153	-2.7546374512161	-0.0152777108138163	-0.0142872867169999	4.60001930825728	0.0200613635811162	0.019955692615482
0.910606914723153	-2.70742764548118	-0.0150635555587515	-0.0140774549035905	4.8410630892726	0.0228451448829979	0.0220931493635048
0.920606914723153	-2.65783505143221	-0.0148194105795878	-0.0138438256144189	5.07644465487422	0.0260545045674007	0.0247042711549454
0.930606914723153	-2.60592035206852	-0.0145412646779841	-0.0135818767894553	5.30534232068212	0.0296335487031482	0.0277542271347892
0.940606914723153	-2.55175279503642	-0.0142255061153674	-0.0132875593064866	5.52686484283406	0.0335649060933223	0.0311758229366898
0.950606914723153	-2.49541076921866	-0.0138689083309598	-0.0129572904867686	5.74007364172246	0.037804451444972	0.0349271849544298
0.960606914723153	-2.43698227733818	-0.0134686532268241	-0.0125879575074064	5.94399444536818	0.042275284335904	0.0389936801243006
0.970606914723153	-2.37656528425251	-0.0130224137391476	-0.0121768959565745	6.13759784023211	0.0470215876925621	0.0432366490738565
0.980606914723153	-2.31426796500085	-0.0125282991108883	-0.0117220214189831	6.31988695539316	0.0518466552087479	0.0477416460697446
0.990606914723153	-2.25020875898921	-0.0119850448076383	-0.0112217343146435	6.48981145576959	0.0568071083827398	0.052340491432808
1.00060691472315	-2.18451631694608	-0.0113919562098665	-0.0106750625160083	6.64636000005579	0.0618409986152667	0.0569710458909039
1.01060691472315	-2.11732925784365	-0.0107489563332059	-0.0100816946164538	6.78857384246758	0.0667859840475269	0.0616609337484601
1.02060691472315	-2.04879573713421	-0.0100566940309954	-0.00944193824441373	6.91551002536646	0.0716465648438376	0.0662713539097194
1.03060691472315	-1.97907286787693	-0.00931649409793996	-0.00875680814031996	7.02630990410263	0.0763468305059304	0.070738536809116
1.04060691472315	-1.90832594836124	-0.00853038553650242	-0.0080280106735274	7.12019947497954	0.080814252183801	0.0749957951604899
1.05060691472315	-1.83672753116736	-0.00770107384140064	-0.00725795092328025	7.1965170762834	0.0849246221903416	0.0790299882934009
1.06060691472315	-1.764456315303	-0.00683201177209118	-0.0064496113226296	7.25465542230828	0.0888578171623789	0.0825411736350056
1.07060691472315	-1.69169598099726	-0.00592707648992211	-0.00560677730998501	7.29427442734217	0.0921195190281011	0.0858910020571996
1.08060691472315	-1.6186337728605	-0.00499092052786599	-0.00473358041395193	7.31501115792743	0.0950077598003108	0.0886888938863661
1.09060691472315	-1.54545915627739	-0.00402854863409014	-0.00383476093500537	7.31673774699722	0.0973863856672036	0.090979623890568
1.10060691472315	-1.47236232358408	-0.00304536939109771	-0.00291544824676299	7.29946327052009	0.0991823166551025	0.0927650179163612
1.11060691472315	-1.39953271562625	-0.00204707992973072	-0.0019810842401083	7.26334685081167	0.100322101007389	0.0940667550311511
1.12060691472315	-1.32715754249133	-0.00103963462932022	-0.00103725374228298	7.20864240523728	0.100985412376431	0.094682334171307
1.13060691472315	-1.25542040510818	-2.89693201808216e-05	-8.9745723480162e-05	7.13581577366891	0.100999616998617	0.0947701943043992
1.14060691472315	-1.18449992958243	0.000978929912874527	0.000855717470430013	7.04540963733592	0.100451860898175	0.0942579842738396
1.15060691472315	-1.11456856955379	0.00197823042675895	0.0017934807441762	6.93810624596792	0.0993212324668942	0.0931969607346247
1.16060691472315	-1.04579151377928	0.00296330233700876	0.0027180938660258	6.81468076072052	0.0976347627628774	0.0916098259389508
1.17060691472315	-0.978325760897467	0.00392882212886634	0.00362438003077844	6.67599863601529	0.0954001685440505	0.0895538526873945
1.18060691472315	-0.912319353059048	0.0048698240861039	0.00450753473367943	6.52298161777972	0.092686847291857	0.0870404832704228
1.19060691472315	-0.847910789141184	0.00578176406778463	0.00536319007369117	6.35659059517148	0.0896222767333432	0.0840364480408782
1.20060691472315	-0.785228635152829	0.00666067337009852	0.00618736778598116	6.17788275542848	0.0860258046325645	0.0808150823161434
1.21060691472315	-0.724391230318661	0.00750292458386087	0.00697678215954492	5.9877970772668	0.0823731473085371	0.0770220308338374
1.22060691472315	-0.665506702942656	0.00830569705177638	0.00772844217806042	5.78745721350198	0.0782374163094839	0.0731788916812742
1.23060691472315	-0.608672954064268	0.00906653102445769	0.00844010990353322	5.57782369300029	0.073917077437807	0.0691081025832438
1.24060691472315	-0.553977927623909	0.00978360357678582	0.00911003872169536	5.35987942415179	0.0694656462444732	0.0648681384916863
1.25060691472315	-0.501499929752398	0.0104556519163951	0.00973703114783289	5.1345689711466	0.0649337205084668	0.0605176780150306
1.26060691472315	-0.451308064403692	0.0110819644872729	0.010320412151486	4.90279579097679	0.0603370974535123	0.0561446216224481
1.27060691472315	-0.403462746088512	0.011662342077246	0.0108600148285363	4.66540569708905	0.0557015930880774	0.0518212518490139
1.28060691472315	-0.358016267292575	0.012197012072147	0.0113561972113034	4.42314338913327	0.051248606248098	0.0474236714601429
1.29060691472315	-0.3150134581	0.0126867678411797	0.0118096300206484	4.17677823223727	0.0467620700484853	0.0432423758026628
1.30060691472315	-0.274492287727363	0.0131326810898732	0.0122214879923564	3.92692537811917	0.0424522659307806	0.0391469346432018
1.31060691472315	-0.236484567396412	0.0135362410696775	0.0125932223091557	3.67418028430047	0.0382949836389862	0.0352239120046896
1.32060691472315	-0.201016597212912	0.0138992178260666	0.0129265955000613	3.41905602575519	0.0343406863765104	0.0314778731248284
1.33060691472315	-0.16810982689977	0.0142236480822656	0.0132235958870469	3.16201142918442	0.0305850621335847	0.0279563525894417
1.34060691472315	-0.137781482107315	0.014511756194168	0.0134864147418113	2.9034331492595	0.027069091432696	0.0246532631519698
1.35060691472315	-0.110045171882677	0.0147659263138463	0.0137173756505649	2.64365509408233	0.0238001690949456	0.021585347236623
1.36060691472315	-0.0849114542968632	0.0149886455781207	0.0139188949917003	2.38295638045471	0.0207810248081953	0.0187646104258012
1.37060691472315	-0.062388361859636	0.0151824516163104	0.0140934425209197	2.12156138716008	0.0180306071977074	0.016178621419478
1.38060691472315	-0.0424818876452812	0.015349908218289	0.0142434799214997	1.85965873466812	0.0155141283779157	0.0138586522203892
1.39060691472315	-0.0251964135701553	0.0154935327385059	0.0143714517879743	1.5973834447391	0.0132542771992486	0.0117728334489686
1.40060691472315	-0.0105351012683314	0.0156157853340573	0.0144797230639113	1.33484186120077	0.0112342739154046	0.00992044952941516
1.41060691472315	0.00149977646922438	0.015719019262547	0.0145705604738202	1.07210613455308	0.00945024160891767	0.00828197976583578
1.42060691472315	0.0109065505218854	0.0158054610817756	0.0146460914313153	0.809228121553604	0.00786903352518085	0.00686047468554162
1.43060691472315	0.0176839289617162	0.0158771627243057	0.0147082963318566	0.546230645530133	0.00649691818890264	0.00561580480133291
1.44060691472315	0.0218308147633704	0.0159359979146663	0.0147589639475498	0.283128718074533	0.00530193844696912	0.0045402522452896
1.45060691472315	0.0233461830973367	0.0159836285543212	0.0147996814416056	0.0199269068257395	0.00425292643298247	0.00362135806520112
1.46060691472315	0.022229010407357	0.0160214797480934	0.0148318212608843	-0.24337899167512	0.00333752559964551	0.00282501362564563
1.47060691472315	0.0184782535875426	0.0160507321835115	0.0148565161150903	-0.506789532746204	0.0025277371191683	0.00212921576161802
1.48060691472315	0.0120928854349124	0.0160723022127195	0.0148746503520876	-0.770299837957536	0.00179749788950565	0.00150752031575726
1.49060691472315	0.00307198206321018	0.0160868313308955	0.0148868465029144	-1.03389262923801	0.00111500107380021	0.000936876387582572
1.50060691472315	-0.00858513505553168	0.0160946726030083	0.01489345885821	-1.2975350603163	0.000453628229660626	0.000387468207910187
1.51060691472315	-0.0228787044946399	0.0160958845233611	0.0148945639095077	-1.56117175224645	-0.000215658084888416	-0.000169527239440917
1.52060691472315	-0.0398082763229609	0.016090225270658	0.0148899545683308	-1.82471920580496	-0.000925253270481291	-0.000760605812154483
1.53060691472315	-0.0593724097919001	0.0160771471017392	0.0148791386936018	-2.08806192125345	-0.00170368948112346	-0.00141644891049684
1.54060691472315	-0.0815683193334196	0.0160557983101897	0.0148613352123513	-2.35104506494101	-0.00258566074470501	-0.00216171818851332
1.55060691472315	-0.106391467188944	0.0160250196573253	0.0148354811252434	-2.61347347790592	-0.00359167001046818	-0.00303412760548164
1.56060691472315	-0.133835109520384	0.0159833609803386	0.0148002253758959	-2.8750987766308	-0.00476682932507252	-0.00404627381609978
1.57060691472315	-0.163889789591033	0.0159290751319409	0.0147539519514298	-3.13562606209687	-0.00612518369402044	-0.00523864299890127
1.58060691472315	-0.196542792807493	0.0158601454561932	0.0146947790021158	-3.3947000120158	-0.00769667442691432	-0.00663333652639951
1.59060691472315	-0.231777558658247	0.0157743009499861	0.0146205794478865	-3.65190415321602	-0.00951214373759312	-0.00824754081225435
1.60060691472315	-0.269573059011131	0.0156690373940047	0.0145290065849146	-3.90676063585564	-0.0115890304192293	-0.0101062136322389
1.61060691472315	-0.309903151175928	0.0155416503669556	0.0144175200870481	-4.15872678044312	-0.0139367422393986	-0.0122356550833714
1.62060691472315	-0.352735915676644	0.0153892856598253	0.0142834080136261	-4.40718489762736	-0.0165996337212691	-0.0146206631597024
1.63060691472315	-0.398032976592747	0.0152089451067084	0.0141238653744966	-4.65147070418314	-0.0195169169919979	-0.0173385145665685
1.64060691472315	-0.445748850717506	0.0149976136976498	0.0139359692612971	-4.89082033558059	-0.0227869093111519	-0.0203022854267692
1.65060691472315	-0.495830281541221	0.0147522241980728	0.013716824465935	-5.12444168095302	-0.026330904274882	-0.0235842925407101
1.65596160864566	-0.523598775598299	0.014605791094117	0.0135856229659182	-5.24687924035638	-0.0283664803526116	-0.0254429014242108
1.66596160864566	-0.587473778655008	0.0330320797409699	0.0159216243330955	-7.51472533760286	3.66600272037296	0.529102590739772
1.67596160864566	-0.671634780534602	0.0780356303054505	0.0329811827457221	-9.09001702336981	4.32753926231118	3.78650963222494
1.68596160864566	-0.768640339564169	0.122753247491584	0.0844283630827095	-10.1706461458295	4.84528586188026	5.67536916031648
1.69596160864566	-0.871367602549412	0.171211494132264	0.140640407820292	-10.2550863493591	4.69777059049358	5.42073321395345
1.70596160864566	-0.972331307452546	0.214978466272168	0.19110238862998	-9.9021894216709	4.01348963527928	4.62768153339304
1.71596160864566	-1.06909739374968	0.25111043420592	0.232870309988815	-9.44863938761152	3.21041204104776	3.7289443572638
1.72596160864566	-1.16141497920768	0.279407292496983	0.265856563049399	-9.02440317944821	2.46392279005568	2.88543615806689
1.73596160864566	-1.24980454950371	0.300702285154471	0.291021422746476	-8.66604156523417	1.81596822753019	2.16745302753455
1.74287594342262	-1.30899693899575	0.311921545997776	0.304510772567093	-8.46132829190354	1.43886371903659	1.74431453487215
1.75287594342262	-1.38339028819243	0.303372507538499	0.324117960350146	-6.41420755621965	-3.07643756788234	2.08794376120565
1.76287594342262	-1.44012429046757	0.265313252305834	0.331773930895132	-5.12403269156244	-3.58023885115696	-1.46659276426087
1.77287594342262	-1.48559158926922	0.231284463302473	0.295437277192531	-3.91339115441062	-3.7860384196406	-5.0257618113164
1.78287594342262	-1.52123341189457	0.189095738252096	0.241759440843936	-3.39156178340344	-4.42991895156535	-5.49366504832381
1.79287594342262	-1.55598742910965	0.145780031881362	0.188757802278238	-3.64678022112765	-4.12616614939729	-5.00587132750358
1.80287594342262	-1.59525132178724	0.107883766638099	0.142842322409304	-4.23256700860801	-3.42130767163296	-4.14977531329715
1.81287594342262	-1.64078396593861	0.0775077292820784	0.105900359896313	-4.86775294309807	-2.65985265665913	-3.25024385015524
1.82287594342262	-1.69231987574497	0.054378822601554	0.0774381081073257	-5.42025243372231	-1.9858238261038	-2.46833988608514
1.83287594342262	-1.74875535556821	0.0372978244426593	0.0560374169306896	-5.84526745363255	-1.45223007285363	-1.83952408499049
1.84287594342262	-1.80880437456145	0.0248968796024395	0.0401461380352977	-6.14461383460582	-1.04883696919887	-1.36111353477424
1.8467203990421	-1.83259571459405	0.0211106813117944	0.0352048364436213	-6.22969146410037	-0.923756581753459	-1.21209199274051
1.8567203990421	-1.88493073230963	-0.00505681120939435	0.0197503404955126	-4.2478287539641	-4.25878962640534	-1.91913114666678
1.8667203990421	-1.92029661637119	-0.0519079526220405	-0.0140075576639639	-2.96859007730875	-4.55154406748648	-5.28133157152247
1.8767203990421	-1.94612942266778	-0.101787422208686	-0.0708635812224779	-2.42415269797589	-5.15149636710793	-5.81399905938782
1.8867203990421	-1.9716327019516	-0.151568540074193	-0.126704549771025	-2.75824493062409	-4.7028543709453	-5.25908885131201
1.8967203990421	-2.00212584306619	-0.194811587561788	-0.175013741835232	-3.35389102455611	-3.92708745915693	-4.38421028363303
1.9067203990421	-2.03867140854657	-0.230057382930623	-0.214438042609974	-3.94175372592544	-3.13630773351267	-3.51065368886848
1.9167203990421	-2.08060969735741	-0.257832955219187	-0.245650231636715	-4.42452939976125	-2.4413573772848	-2.7518440651755
1.9267203990421	-2.12673028049799	-0.27929991860185	-0.269944747122486	-4.77809776835174	-1.87286589244116	-2.13024684023303
1.9367203990421	-2.17575609571731	-0.295708887578762	-0.288677361038889	-5.0076982704187	-1.42764252204829	-1.636959529798
1.9467203990421	-2.22652590932589	-0.308197477562006	-0.30306472611527	-5.12973008070452	-1.08642049714822	-1.25720245436721
1.9567203990421	-2.27805234839134	-0.317723805210048	-0.314130435956473	-5.16210752398852	-0.831769462331762	-0.969619741771949
1.9667203990421	-2.32952752522543	-0.325061164191628	-0.32270121147377	-5.12226648444047	-0.645620289039118	-0.755407403110485
1.9767203990421	-2.38030822364595	-0.33081304841714	-0.329426148273561	-5.02563488231617	-0.511971119680455	-0.598189516582963
1.9867203990421	-2.42989329287723	-0.335436817981397	-0.334802872545589	-4.88506152933749	-0.41818868462491	-0.483502846874493
1.9967203990421	-2.47789913100767	-0.339270442568853	-0.339203748058476	-4.71130124591197	-0.35265424172097	-0.401076513815572
2.0067203990421	-2.52403678337073	-0.342556290262112	-0.342902135029981	-4.51265667982106	-0.307408650573911	-0.34173547450671
2.0167203990421	-2.56809141147853	-0.345463647988909	-0.346094108686589	-4.29563938483972	-0.276053154784034	-0.298823337641827
2.0267203990421	-2.60990512591593	-0.348107047606308	-0.34891736442853	-4.06522075097129	-0.253782513242159	-0.26745299086597
2.02872180336356	-2.61799387799161	-0.348611481586414	-0.349447125895046	-4.01781106416551	-0.250245987472289	-0.262073711884745
2.03872180336356	-2.66341263541529	-0.340668809869559	-0.347741765545513	-5.06482330212075	1.8642235612288	0.572195626363213
2.04872180336356	-2.71936951522039	-0.310612080831744	-0.338674086359996	-6.13586625558102	4.19383253694282	1.20486446319614
2.05872180336356	-2.78318137456001	-0.270614511664715	-0.310427919038055	-6.61501473650588	3.75638730506064	4.48573771830205
2.06872180336356	-2.85122107164556	-0.228698620392076	-0.261658585479973	-6.82748628193311	4.42218282634302	5.06018863997479
2.07872180336356	-2.91732373121952	-0.185190641029086	-0.212206711679386	-6.3122677416615	4.17893378811255	4.72752858696532
2.08872180336356	-2.97644492881297	-0.146439002044001	-0.168348969308208	-5.48549775173517	3.53553948174903	4.01319761641178
2.09872180336356	-3.02686870988371	-0.114655240977615	-0.132251580205515	-4.60234929340223	2.82203450081036	3.2123945767355
2.10872180336356	-3.0687016069103	-0.0897858728549337	-0.103811750800968	-3.77966982176462	2.17007931503895	2.49401241923427
2.11872180336356	-3.1028047024214	-0.0708485953827209	-0.081952777440859	-3.05865966159621	1.63877058919872	1.89898949393908
2.12872180336356	-3.13020597320967	-0.0566435507268241	-0.0653788160672484	-2.4375359350315	1.22173911714657	1.43476250831471
2.13872180336356	-3.15184181312737	-0.0460754245446562	-0.0528963225411065	-1.90220745865906	0.905860639098773	1.07907163491849
2.14872180336356	-3.16847947525992	-0.0382458136129041	-0.0435220970437692	-1.43509226991629	0.670975294917957	0.809188186323918
2.15872180336356	-3.18071620433684	-0.0324556764243576	-0.0364873245324624	-1.01980909398426	0.496107443932399	0.60717737857553
2.16872180336356	-3.18900461982072	-0.0281767576454099	-0.0312053219804226	-0.643503053292644	0.366354682879602	0.456364351414543
2.17872180336356	-3.19368313975877	-0.0250151327351168	-0.0272345196139166	-0.296358109765683	0.270817717592399	0.343228641932027
2.18872180336356	-3.19500311751944	-0.022678595302379	-0.0242450453027809	0.029274849974921	0.200132173359522	0.25865872448682
2.19872180336356	-3.19315049707987	-0.0209514324456768	-0.0219906005837869	0.338970948524171	0.147979165707355	0.195219863866656
2.20872180336356	-3.18826264647228	-0.0196742825564549	-0.0202874785534024	0.636919137714075	0.109421753961529	0.147647445450724
2.21872180336356	-3.18044097182201	-0.0187294149944447	-0.018998362337996	0.926182471082479	0.0809737550201345	0.11189225251095
2.22872180336356	-3.16976038655233	-0.01802965325024	-0.0180204071100247	1.2090212521	0.0600341514144565	0.0849887803403303
2.23872180336356	-3.15627638142073	-0.0175102634884028	-0.0172763477747641	1.48709584636296	0.0446450111469626	0.0647822601701854
2.24872180336356	-3.14003033615204	-0.017123007772102	-0.0167078937159615	1.76160187282173	0.0333770304664254	0.0496642767209047
2.25748969340697	-3.12353832579044	-0.0168634734315644	-0.0163187962804163	2.00000000000077	0.0261557834572694	0.0395459339774225
2.26748969340697	-3.10218746748077	-0.0166337649563823	-0.0159689121727719	2.26983633006387	0.020144156658025	0.0308701066468677
2.27748969340697	-3.0781477810791	-0.0164543364785164	-0.0156936156492034	2.53781314613095	0.0160085218077908	0.0245388314554983
2.28748969340697	-3.05143677444566	-0.0163086724783484	-0.0154721275775529	2.80411819574726	0.0133325043975655	0.0200344163419508
2.29748969340697	-3.0220708557504	-0.0161838461786364	-0.0152881202525255	3.06878876128882	0.0118042335128248	0.0169822574556341
2.30748969340697	-2.99006674716994	-0.0160695350520531	-0.0151285597533198	3.3317300567122	0.0111987673834684	0.0151045642677105
2.31748969340697	-2.95544272147613	-0.0159572980216497	-0.0149828439870023	3.59272808223127	0.0113650688833063	0.0141856705234557
2.32748969340697	-2.91821971506798	-0.0158400407349419	-0.0148421700402988	3.85146395957808	0.0121903349455169	0.0140709669183151
2.33748969340697	-2.87842235063758	-0.0157116322017637	-0.0146990651735773	4.10752245409272	0.0135828140173273	0.0146566184363981
2.34748969340697	-2.83607989133186	-0.0155666428520533	-0.0145470357982006	4.36039153375448	0.0154928102012431	0.0158487760771569
2.35748969340697	-2.79122714491748	-0.0154001519476706	-0.0143803295089436	4.60947242175136	0.0178802196190803	0.0175791919659231
2.36748969340697	-2.74390532060957	-0.0152076186084024	-0.0141937745616277	4.85409076938065	0.0206772229657603	0.0198290655620166
2.37748969340697	-2.69416282707924	-0.0149848543148543	-0.0139826292337053	5.09347137424201	0.0239321106824368	0.02248057802933
2.38748969340697	-2.64205604058334	-0.0147279160730323	-0.0137425920633602	5.32679978742642	0.0275332684654588	0.0255761452680789
2.39748969340697	-2.58764997912953	-0.0144331769029933	-0.013469706418281	5.55317869537042	0.0314538827851489	0.0290762256702468
2.40748969340697	-2.53101891402579	-0.0140973502323799	-0.0131603602137788	5.77163606600134	0.0357512119766435	0.0328556288780065
2.41748969340697	-2.47224690564721	-0.0137174523835511	-0.0128113833853407	5.98119226175407	0.0402860291604297	0.0369713615674034
2.42748969340697	-2.4114281954957	-0.0132909488855209	-0.0124199945743411	6.1808041439394	0.0450521004236245	0.0413421363964437
2.43748969340697	-2.34866750123943	-0.0128157682394178	-0.0119838925563817	6.36941188130561	0.0500124315275558	0.0459053985821181
2.44748969340697	-2.28408016042317	-0.0122903630220478	-0.0115013091608827	6.5459545689498	0.0550962311160666	0.0506199910176805
2.45748969340697	-2.21779211697652	-0.0117137688784479	-0.0109710625530118	6.70938709317393	0.0601970656378934	0.055468530625847
2.46748969340697	-2.14993972738642	-0.0110857086434662	-0.0103925569181515	6.85866070084992	0.0653542178395596	0.0602835837335912
2.47748969340697	-2.08066941682242	-0.010406544877157	-0.00976591101490766	6.99280677619398	0.0704334569565446	0.0650581950842067
2.48748969340697	-2.0101371198934	-0.00967737302134542	-0.00909192666436849	7.11090917517621	0.0753539961193936	0.069729327241725
2.49748969340697	-1.9385075518203	-0.00890002975801253	-0.00837210956581828	7.21212612606623	0.0800719737452483	0.0741970030167261
2.50748969340697	-1.86595330595292	-0.00807706306992954	-0.00760869360502819	7.29572611046742	0.0844914701653627	0.0784137659218044
2.51748969340697	-1.79265377675685	-0.00721172466604539	-0.00680460782403357	7.36109248695507	0.0885211544389809	0.0823335762014887
2.52748969340697	-1.71879393455185	-0.00630794255323459	-0.00596342642544772	7.40772690015854	0.0921267888113911	0.0858646606378999
2.53748969340697	-1.64456297865592	-0.00537025796579614	-0.00508931846056003	7.43526307645261	0.0953202015766987	0.0888835142114122
2.54748969340697	-1.57015291227346	-0.0044036543109516	-0.00418707018746059	7.44354431448122	0.0978219112417053	0.0915637967639729
2.55748969340697	-1.49575697413501	-0.00341375540355119	-0.00326172358209837	7.4324200782192	0.100079838186139	0.0933945956851713
2.56748969340697	-1.42156820375109	-0.0024062134786014	-0.00231897625766344	7.40211897401909	0.101453162212435	0.0949368111586496
2.57748969340697	-1.34777778932456	-0.00138718275862943	-0.0013645178050884	7.35282586981855	0.102267709355993	0.0958386004258412
2.58748969340697	-1.27457365332883	-0.000362834548216803	-0.00040428416536039	7.28494796774329	0.102486470329685	0.0961202291739186
2.59748969340697	-1.20213901422317	0.000660636539433847	0.000555763553412464	7.19902145775827	0.102120260088722	0.0957771097707922
2.60748969340697	-1.13065108707867	0.0016771548159739	0.00150971141251293	7.09572525474858	0.101100414078585	0.0949019405095248
2.61748969340697	-1.06027989947424	0.00268080431224651	0.0024518517179461	6.97582317293477	0.0994890471157947	0.0934801876650013
2.62748969340697	-0.991187278505024	0.00366593302682	0.00337676455456027	6.84015642389563	0.0974339979846164	0.0914317722596444
2.63748969340697	-0.923526029890447	0.00462734463871755	0.00427929459072069	6.6897058400889	0.0947766866269771	0.0889877236735843
2.64748969340697	-0.857439235656994	0.00556017065588007	0.00515481341570872	6.52543028830857	0.0917505694027516	0.0860129812536678
2.65748969340697	-0.793059820300438	0.00646013850411404	0.00599907423179174	6.34840136926242	0.088231330555542	0.0827281941048447
2.66748969340697	-0.730510218486399	0.00732343129583959	0.00680843489843824	6.15965204504695	0.0843876919804433	0.0790783521870981
2.67748969340697	-0.669902280625901	0.00814684287411041	0.00757976947197019	5.96024989789086	0.0802392713104947	0.0751573285452978
2.68748969340697	-0.611337300807868	0.00892772247723714	0.00831055737023667	5.75122849061902	0.0759147592042201	0.0709559481322222
2.69748969340697	-0.554906227912828	0.00966408224076741	0.00899879085194697	5.53364730062914	0.0712900056725111	0.0667092749637988
2.70748969340697	-0.500689944379275	0.0103543910856896	0.00964316286777473	5.30843431623949	0.0666975743287116	0.0622089530347942
2.71748969340697	-0.448759747530287	0.0109978100189374	0.0102428079983176	5.07655811786788	0.062035791770374	0.0576620250147092
2.72748969340697	-0.399177840788694	0.0115940260272942	0.0107974131594791	4.83891747662268	0.0572682887680161	0.0532066521752511
2.73748969340697	-0.351997915512305	0.0121431773000668	0.011307224655997	4.59630479385335	0.0525723350686312	0.0487673965418219
2.74748969340697	-0.307265813405735	0.0126459150573057	0.0117729105430296	4.34947514003423	0.0479802271357322	0.0444005442816697
2.75748969340697	-0.265020193004636	0.0131033161969718	0.0121955571098158	4.0991125703375	0.0435311587570864	0.0401465162320091
2.76748969340697	-0.225293227768099	0.0135168614876059	0.0125765946857293	3.8458482879769	0.0391772672019139	0.0361200325779907
2.77748969340697	-0.18811128236566	0.0138882893773407	0.0129178387841065	3.59019185554796	0.035121295742898	0.03218352434152
2.78748969340697	-0.153495633728524	0.0142197124010517	0.0132212750478844	3.33265497992752	0.0312187422673235	0.0285245955134358
2.79748969340697	-0.121463104098094	0.0145133994232895	0.0134891666613555	3.0736342489855	0.0275628745474148	0.0250908813507955
2.80748969340697	-0.0920267183447973	0.014771815491373	0.0137239143504566	2.81348100059621	0.024159010311084	0.0219049674341812
2.81748969340697	-0.0651963013279581	0.0149975422528935	0.0139280348236803	2.55248421274391	0.0210269749977156	0.0189657759142355
2.82748969340697	-0.0409790430063856	0.0151932414488838	0.0141041019300999	2.29088360806123	0.0181582487374909	0.0162904556067528
2.83748969340697	-0.0193800144045779	0.0153615994163072	0.0142547114949566	2.02886747086459	0.0155495883356536	0.0138824715611414
2.84748969340697	-0.000402636190229042	0.0155052761444219	0.0143824477984085	1.76657186456639	0.0132310580458394	0.0117051540510666
2.85748969340697	0.0159508935832502	0.015626901337172	0.0144898111344643	1.50411175829773	0.0111389480210176	0.00980514245298513
2.86748969340697	0.0296792415782656	0.0157289825351568	0.0145792370424383	1.24154607305666	0.00931220300655318	0.00812327979678497
2.87748969340697	0.0407816115213808	0.0158139229645654	0.0146530162417285	0.978919880362479	0.00771206398556104	0.00666953237480352
2.88748969340697	0.0492574856462069	0.0158839614427129	0.0147132964244242	0.716247713927892	0.00632967411651207	0.00541966819154445
2.89748969340697	0.0551064099780836	0.015941158710415	0.0147620454468438	0.453528232208021	0.00514050406578397	0.00435989622765421
2.90748969340697	0.0583278363560218	0.0159873673993252	0.0148010361945689	0.190744832757336	0.00412744379945909	0.00346512054616124
2.91748969340697	0.058921015129639	0.0160242152317642	0.0148318240769407	-0.0721261739312475	0.00326694088737884	0.00271285108292335
2.92748969340697	0.0568849414629019	0.0160530871371704	0.0148557305188183	-0.335110046151963	0.00252812987955329	0.00208451706009262
2.93748969340697	0.0522183556009332	0.016075104810542	0.0148738334309919	-0.598231658077328	0.00188943126121692	0.00154985988994413
2.94748969340697	0.0449197943658517	0.0160911176823984	0.0148869507763286	-0.861506846559558	0.00132247928485971	0.00108285700090423
2.95748969340697	0.0349876971772803	0.0161016901166667	0.0148956316045429	-1.12493796070437	0.000796696358071632	0.000657673596909459
2.96748969340697	0.0224205656188177	0.01610709072597	0.0149001486884583	-1.3885092896437	0.000283384569235067	0.000245070078348789
2.97748969340697	0.00721717626156371	0.0161072862573927	0.0149004903601651	-1.65218059605247	-0.000249351676231422	-0.000182326926798237
2.98748969340697	-0.0106231521056282	0.0161019350448992	0.014896356518239	-1.91588246031167	-0.000832807549176466	-0.000653306062327735
2.99748969340697	-0.0311002374820114	0.0160903828890231	0.0148871563632579	-2.17951151921841	-0.00149448651024105	-0.00120072476164529
3.00748969340697	-0.0542126611469633	0.0160716657148817	0.0148720041727717	-2.44292268848067	-0.00226992363152171	-0.00184959466314181
3.01748969340697	-0.0799573401560722	0.0160445078365683	0.0148497246226888	-2.70592679964096	-0.00318857080939184	-0.00263014678547144
3.02748969340697	-0.108329049933612	0.0160073289523427	0.0148188558746132	-2.96828455552985	-0.00427854014720495	-0.00357257753080515
3.03748969340697	-0.139319898014434	0.0159582543142717	0.0147776568678954	-3.22970133042432	-0.00556851079620001	-0.00470442082397635
3.04748969340697	-0.172918752512597	0.0158951300976102	0.0147241180646272	-3.48982191185644	-0.00709173703731634	-0.00604576433302051
3.05748969340697	-0.209110628467813	0.0158155381870841	0.0146559825253494	-3.74822998824045	-0.00886929674952074	-0.00762439180411732
3.06748969340697	-0.247876040719037	0.0157168247861079	0.0145707647053763	-4.00444257155946	-0.0109212484143433	-0.00946383190873679
3.07748969340697	-0.289190328399118	0.0155961322903196	0.0144657784141112	-4.25790762501174	-0.0132660752868433	-0.0115826062894673
3.08748969340697	-0.33302296113127	0.0154504398761449	0.0143381697407804	-4.50800150094435	-0.0159258787137896	-0.0139878283973728
3.09748969340697	-0.379336835149551	0.015276600225215	0.0141849678800629	-4.75403575364038	-0.0188914855623452	-0.0167074729413443
3.10748969340697	-0.428087581791804	0.01507142009983	0.0140031081155289	-4.99523901857663	-0.0222160904078938	-0.0196984483995223
3.11748969340697	-0.479222877747596	0.0148316616940119	0.0137895456811667	-5.2308032282075	-0.0258019948582307	-0.0230512408641397
3.12582031282204	-0.523598775598452	0.0146032750072827	0.0135852232622232	-5.42208263585415	-0.0290556728150967	-0.0260438465099343
3.13582031282204	-0.589216997587438	0.0329957192796789	0.0159315446652947	-7.68773328216847	3.65838547425485	0.532951059951272
3.14582031282204	-0.675109619552599	0.0779596835703023	0.0329774054027811	-9.26324452186429	4.3276333714912	3.77897348027054
3.15582031282204	-0.773833915654001	0.122637442845386	0.0843723271007933	-10.3426252335386	4.84294005028595	5.66771105655538
3.16582031282204	-0.878267859814282	0.171029991198817	0.140531176911714	-10.4247238955989	4.68888830741382	5.4155288990341
3.17582031282204	-0.980920042207021	0.214705062626818	0.190919097846292	-10.0696274814563	4.00124566176734	4.62073999825318
3.18582031282204	-1.07935238568272	0.250719648920807	0.232589120673879	-9.61399656891833	3.19719977937226	3.71842300986613
3.19582031282204	-1.17331206205475	0.278881418732945	0.265455807650186	-9.18672529250312	2.44672521136557	2.87565916838641
3.20582031282204	-1.26331710004003	0.300028974205389	0.290489710107595	-8.82632606014727	1.80154962614354	2.15343268739805
3.21104386252213	-1.30899693899599	0.30866575786537	0.30087512705705	-8.66689855319614	1.51074687874162	1.8287940109023
3.22104386252213	-1.38530354225438	0.30038615683662	0.32158383757202	-6.59167798593692	-3.09114189242121	2.22038919705147
3.23104386252213	-1.44387154703688	0.262684699394509	0.32993247248257	-5.3058386253263	-3.52914069090135	-1.42652176744306
3.24104386252213	-1.49109574678887	0.229110025557176	0.293915164264268	-4.08425261508863	-3.74240420108014	-5.00368355116684
3.25104386252213	-1.52839635013327	0.187275151625458	0.240467972461884	-3.55289776724701	-4.4022767434031	-5.46877046601588
3.26104386252213	-1.56474026084566	0.144248491147264	0.187660953535638	-3.80348119244452	-4.09607857349173	-4.9913860932797
3.27104386252213	-1.60553509574221	0.106597914567714	0.141909677866396	-4.38299099396567	-3.39767684120343	-4.13573317698826
3.28104386252213	-1.65254081833085	0.0764277746158409	0.105106965988081	-5.01169773684134	-2.64345610567497	-3.23520989572923
3.29104386252213	-1.70549207172289	0.0534686677751433	0.0767622792428213	-5.55847270532062	-1.97261078924955	-2.45553754037961
3.30104386252213	-1.76328540536459	0.0365265318081736	0.0554594264877417	-5.97823987098416	-1.4394423803331	-1.83093806299272
3.31104386252213	-1.82463499655057	0.0242390028741572	0.0396474323221013	-6.27190075617539	-1.03816078738448	-1.35450016557842
3.31231017795545	-1.83259571459405	0.0229513334706267	0.0379647949892272	-6.30088475365092	-0.995693843540455	-1.30351091249549
3.32231017795545	-1.8856157280444	-0.00397489689505924	0.0215780809811245	-4.31429446114155	-4.33618613522467	-2.01577622757544
3.33231017795545	-1.92176505661714	-0.0510377045239458	-0.0136712718254502	-3.04183872024192	-4.62965216246412	-5.3540159047798
3.34231017795545	-1.94860825775865	-0.101366574287619	-0.0709017319612542	-2.5465962089272	-5.17182760391648	-5.82294151295929
3.35231017795545	-1.97546707790871	-0.151176000809136	-0.126697611065849	-2.9031224122888	-4.69476321695522	-5.24247005044793
3.36231017795545	-2.00745916801965	-0.194267342613214	-0.174791453784737	-3.50719383640484	-3.90671247862103	-4.35965280793565
3.37231017795545	-2.0455458860029	-0.229299287437935	-0.21395040135875	-4.09627437550584	-3.11292676251413	-3.48482456366196
3.38231017795545	-2.08901789728164	-0.256855283519441	-0.244901292916077	-4.57695349974769	-2.41833238701314	-2.72863401383289
3.39231017795545	-2.13664074861412	-0.278122116396577	-0.268962998405759	-4.9263938070512	-1.853811190672	-2.10923305288626
3.40231017795545	-2.18712574046545	-0.294362520508451	-0.287499604793726	-5.15130971838596	-1.41232059638635	-1.61950919618531
3.41231017795545	-2.23930707846919	-0.306717550157271	-0.301729928192477	-5.26849772877788	-1.07461037153216	-1.24361468365226
3.42231017795545	-2.29219682361113	-0.316144566150783	-0.312675935555227	-5.29608682608433	-0.823397134490734	-0.959468765669505
3.43231017795545	-2.34498889469719	-0.323413923175176	-0.321160556896704	-5.25171600466773	-0.640344941532175	-0.748224707795366
3.44231017795545	-2.39704326830736	-0.329125045294486	-0.327828086860543	-5.15097888823238	-0.509055255762229	-0.593769008554305
3.45231017795545	-2.44786273882723	-0.333730608158671	-0.333171276286615	-5.00672316280709	-0.417111492684839	-0.481410345859699
3.46231017795545	-2.49706791655408	-0.337563887904729	-0.337557895667457	-4.82961227764333	-0.353415228146047	-0.400422908513588
3.47231017795545	-2.5443739243708	-0.340863370220242	-0.341256767252123	-4.6280809026375	-0.309319985968309	-0.342419648906574
3.48231017795545	-2.5895698486183	-0.343794659302524	-0.344460395626221	-4.40854073227781	-0.278847002467274	-0.300451348429666
3.48886964425692	-2.61799387799149	-0.345572869464197	-0.346359493976923	-4.25717527397239	-0.263955399460248	-0.279215565641236
3.49886964425692	-2.66594571010916	-0.337388291669525	-0.344999060904699	-5.3318250738322	1.92775795537648	0.518256483014759
3.50886964425692	-2.72470199476293	-0.306291233872015	-0.336688093913611	-6.41210126999162	4.263425678273	1.17739659258031
3.51886964425692	-2.79102184607275	-0.266893435737078	-0.307377734374037	-6.87865014135015	3.76997488093087	4.51713582966739
3.52886964425692	-2.86148960149121	-0.225055489309914	-0.258573670134519	-7.05251055043733	4.39513471839497	5.04216920987163
3.53886964425692	-2.92972524630807	-0.181948135287116	-0.209426415115655	-6.51671468825688	4.12953168167318	4.68760063160814
3.54886964425692	-2.99085003590448	-0.143724502141861	-0.166012973566094	-5.68465113120932	3.48661314214842	3.96134177798374
3.55886964425692	-3.04325903860554	-0.112464247096049	-0.130377911988596	-4.8014970083852	2.76898035556578	3.17109471354509
3.56886964425692	-3.08711323456828	-0.088061009509756	-0.102347376850959	-3.98495638770319	2.1295462590442	2.45437921626939
3.57886964425692	-3.12329496011674	-0.0695080266971603	-0.0808296444444805	-3.26928797736223	1.60326428678109	1.86948523706626
3.58886964425692	-3.15283307265278	-0.0556114611202835	-0.0645262448280617	-2.6540114054149	1.19458052400021	1.41075211587602
3.59886964425692	-3.17665850236335	-0.045285132330852	-0.0522540154315066	-2.12372160608774	0.88543925249295	1.05989119003245
3.60886964425692	-3.19553099604941	-0.0376423391358191	-0.0430410679986781	-1.66057523494658	0.654587418218551	0.795225398951673
3.61886964425692	-3.21004050620432	-0.0319956916964221	-0.036128310650436	-1.24868797965994	0.483186289006462	0.597030782317783
3.62886964425692	-3.22063355918269	-0.0278263840453637	-0.0309377425042566	-0.875349246423544	0.356636629125048	0.448675335908009
3.63886964425692	-3.22764366203273	-0.0247480782705086	-0.0270349995523637	-0.530771203740847	0.263809191115461	0.33717322623535
3.64886964425692	-3.23131826527575	-0.0224745159555049	-0.0240961048622474	-0.207221102509093	0.194644323956043	0.254349649882249
3.65886964425692	-3.2318400674717	-0.0207951322752946	-0.0218790278035799	0.100651376325212	0.143725636926198	0.19211352541346
3.66886964425692	-3.22934375067507	-0.019554509155277	-0.0202035605222448	0.396969085656758	0.106328313877432	0.145167300276355
3.67886964425692	-3.22392838467637	-0.0186378689421978	-0.0189353103354744	0.684880932824936	0.078512264569319	0.110035913743386
3.68886964425692	-3.2156666299446	-0.0179605775971883	-0.0179735501543916	0.966586131472645	0.0580084932242911	0.0835391745066186
3.69886964425692	-3.20461171157225	-0.0174598672596625	-0.0172427504371551	1.24375485601799	0.0429041716010079	0.0635613788866456
3.70886964425692	-3.19080257612556	-0.0170890853872455	-0.0166859934721575	1.51759873592175	0.0318374822354017	0.0484930918532444
3.71886964425692	-3.17426781583931	-0.0168133646128625	-0.0162602009254327	1.78899864658532	0.0237620041992409	0.0371866850525639
3.72669214978609	-3.15944742858506	-0.0166467576156423	-0.0159969123608767	2.00000000000076	0.0190398963848132	0.0303931399132284
