=========================== Parameters =====================================
l1 [m]	l2 [m]	l3 [m]	c1 [m]	c2 [m]	c3 [m]	m1 [kg]	m2 [kg]	m3 [kg]
0.22	0.34	0.1258	0.11	0.17	0.0629000000000001	0.1564	0.23764	0.1564
============================== Data ========================================
t [s]	th1 [rad]	th2 [rad]	th3 [rad]	th1d [rad/s]	th2d [rad/s]	th3d [rad/s]
0	0	0	0	0	0	0
0.01	-0.0018642723036349	0.00150279873625163	0.000280140843667767	-0.325776174214931	0.217996308776665	0.0485700376170813
0.02	-0.00612838082804833	0.00369493574931193	0.0007833237948973	-0.520523579166424	0.20924477378974	0.0487504574095615
0.03	-0.0122282216646179	0.00560805157025251	0.00123023288035633	-0.699125417309536	0.172839580902028	0.0404047163851927
0.04	-0.0201166650739724	0.00716185732585695	0.00159287740436649	-0.87910576040893	0.138862875998921	0.0323466761215147
0.05	-0.0298218930386533	0.00840540672159235	0.00188191548042558	-1.06249957600847	0.110823382668781	0.0256961475819805
0.06	-0.0413768999259457	0.00939628459419641	0.0021112012505454	-1.24896295377549	0.0881678590009405	0.0203525325528602
0.07	-0.0548093264292092	0.0101833626906923	0.00229259869766648	-1.43788328976725	0.0699034583413399	0.0160770234771807
0.08	-0.0701408597625039	0.0108060056998249	0.00243564487775882	-1.62869640923119	0.0551455971317062	0.0126553560803934
0.09	-0.0873879394681617	0.0112955544579451	0.00254790793921464	-1.82091651534149	0.0431747726340369	0.00990099607197765
0.1	-0.106562467637424	0.0116768566588547	0.0026353579039589	-2.01412018965214	0.033410990596109	0.0076671337243068
0.11	-0.127672348291562	0.0119695418230369	0.00270267981330443	-2.20792778122416	0.0253845586238091	0.00584894040634267
0.12	-0.150721858861724	0.0121890437655967	0.00275353757388165	-2.40198973641023	0.0187182059521021	0.00436128160370718
0.13	-0.175711881882432	0.0123474193951745	0.00279078337991668	-2.59597507757108	0.0131121275158505	0.0031228124072342
0.14	-0.202640023422081	0.0124540090504039	0.00281660999447691	-2.78955904708043	0.00832383771218988	0.00207162250225113
0.15	-0.231500636767294	0.0125159647485258	0.0028326797868585	-2.98241453038529	0.00415631851980738	0.0011636006321366
0.16	-0.262284769367211	0.0125386745763659	0.00284023296859669	-3.17420606747795	0.000451361480875779	0.00036184097612891
0.17	-0.294980048821114	0.0125261074698831	0.00284017069889966	-3.36458427978381	-0.00291788342325473	-0.000364257365834543
0.18	-0.329570520148587	0.0124810940187661	0.00283312193552177	-3.55318143899965	-0.00605298052522023	-0.00103906120033685
0.19	-0.366036445470396	0.0124055565233024	0.0028194982750133	-3.73960821339449	-0.00903475640235003	-0.00168159569579527
0.2	-0.404354076256121	0.0123006989730935	0.00279953945915413	-3.92345149779815	-0.0119265929372484	-0.0023072501093781
0.21	-0.444495407655305	0.0121671655793055	0.00277335099364734	-4.10427313020362	-0.0147770626891217	-0.00292899537320572
0.22	-0.486427924026393	0.0120051748529859	0.00274093426959261	-4.28160920214278	-0.0176227993992426	-0.00355565305633836
0.228533322161263	-0.523598775598299	0.0118443766201517	0.00270829121198618	-4.42981224223671	-0.020067658084722	-0.0040978675787687
0.238533322161263	-0.577664033923345	0.0212477254432112	0.0586752502793918	-6.8189072971128	3.25225547337836	5.94031045771838
0.248533322161263	-0.657594353990554	0.0734655759588395	0.114232258870104	-8.59707754162764	6.16281791429842	5.32672443289821
0.258533322161263	-0.742745540818223	0.132517342102425	0.163431017641251	-8.32344501035067	5.45596435036946	4.48057504717116
0.268533322161263	-0.82345391015793	0.181501094283576	0.203911657920473	-7.82386939824206	4.34963053498834	3.63507058791173
0.278533322161263	-0.899521914171884	0.220022475738397	0.236588429727399	-7.40748311348093	3.38555713240227	2.92513192116863
0.288533322161262	-0.971950815489716	0.249833947630827	0.262826131732477	-7.0939985502802	2.60514815523524	2.34370637898893
0.298533322161262	-1.04168507185408	0.272650757871461	0.283826872215779	-6.86540464478001	1.98205003545535	1.87274182380431
0.308533322161263	-1.10947938800093	0.289902933522793	0.300586602784566	-6.70320510102441	1.4878863663012	1.49227456388828
0.318533322161263	-1.17591887413577	0.302757138588632	0.313920986515645	-6.59214651371924	1.09883459355585	1.1851840764088
0.328533322161263	-1.24145041611921	0.312161857994747	0.324495926875839	-6.51976447781445	0.795043245018237	0.938193040824926
0.338533322161263	-1.30640835516457	0.318885616138633	0.332853956251918	-6.47576680540686	0.559814256148798	0.741349494459784
0.338933093459267	-1.30899693899575	0.319107824509944	0.333148762961964	-6.47451291495129	0.551741993884294	0.734014034478005
0.348933093459267	-1.36558380463812	0.315300451284453	0.284808346551047	-4.37115905903473	-2.65441263571778	-5.2834313474766
0.358933093459267	-1.39789372108063	0.268168162292686	0.234695838701825	-2.59118480530931	-5.86342215603812	-4.88599984359877
0.368933093459267	-1.42436133641276	0.210150147378846	0.189064590002309	-2.86263448978734	-5.46469746052916	-4.18359019299206
0.378933093459267	-1.45643847528215	0.161083889466442	0.151307986541788	-3.56111566370855	-4.33427866756167	-3.37939963366554
0.388933093459267	-1.49531823186007	0.123026081663272	0.12104998288462	-4.19167001636592	-3.31557739384989	-2.69546985068179
0.398933093459267	-1.53978893507778	0.0939871563703976	0.0969315610905969	-4.6794904870263	-2.5289851788492	-2.14954961007295
0.408933093459267	-1.58849477740643	0.0717968894349252	0.0776814809277464	-5.04348004850266	-1.93695898431605	-1.71786361290795
0.418933093459267	-1.64033572556702	0.0547623426325163	0.0622826226751285	-5.31056822148009	-1.4905782116937	-1.3755244704497
0.428933093459267	-1.69445400901621	0.0416256931421595	0.0499399856800975	-5.50189212449852	-1.15225714149081	-1.10325162366312
0.438933093459267	-1.75017364578498	0.0314493328821542	0.0400298629376669	-5.63299674026975	-0.894855738878124	-0.886312119370674
0.448933093459267	-1.80695289072678	0.023527669106599	0.0320600516550039	-5.71548653823731	-0.698484390570045	-0.71354028078091
0.453409908200895	-1.83259571459405	0.0205655336516256	0.0290145374179169	-5.73907089855403	-0.626306397376634	-0.648067868763206
0.463409908200895	-1.88109566194493	0.00488546352693748	-0.0305741555234051	-3.53551230013807	-3.82213964128027	-6.17093767497912
0.473409908200895	-1.9064498693783	-0.0509592314562907	-0.0884170216811526	-2.11688868619553	-6.30613360193636	-5.50475296116685
0.483409908200895	-1.92957167013644	-0.110562611035324	-0.13901015031349	-2.59734506849311	-5.45742856248143	-4.59128828106181
0.493409908200895	-1.95876314750688	-0.159407444122406	-0.180427632817866	-3.22719930017232	-4.33059516589416	-3.7180360431289
0.503409908200895	-1.99367727705095	-0.197834969296171	-0.213873040850185	-3.73179947612997	-3.39076851528058	-2.99747848105461
0.513409908200895	-2.03294417902758	-0.227904389735853	-0.240843521516244	-4.1006548557921	-2.65408640340387	-2.41779494068034
0.523409908200895	-2.07531213696549	-0.251468890621822	-0.262612268718296	-4.35596323615937	-2.08322686654397	-1.95327002882481
0.533409908200895	-2.11975756498998	-0.270004358952247	-0.280209371327367	-4.51947475254987	-1.64295893614939	-1.58001301729999
0.543409908200895	-2.16545677911708	-0.284665960089958	-0.294460646999359	-4.60942003990825	-1.30424575333931	-1.28135360542206
0.553409908200895	-2.21174924834179	-0.296353595009806	-0.306030635144749	-4.64023680447259	-1.04504166734952	-1.04084726426036
0.563409908200895	-2.25810596576329	-0.305766737370361	-0.315450099088596	-4.62404996849733	-0.846674336927982	-0.849623198603724
0.573409908200895	-2.30410471850843	-0.313444968731112	-0.323147146251802	-4.57014313957843	-0.69577061523466	-0.695682816545903
0.583409908200895	-2.34940890415152	-0.319802961512596	-0.329463019792891	-4.48625567631674	-0.581059142102739	-0.572031238998774
0.593409908200895	-2.39375073142449	-0.325157067654899	-0.334670311837288	-4.37862468095001	-0.493609570475653	-0.473453018529776
0.603409908200895	-2.4369175407315	-0.329746595030898	-0.33898805225893	-4.25197519121329	-0.42716899212694	-0.393363087754201
0.613409908200895	-2.47874026352582	-0.333752072243264	-0.342589439233066	-4.11034906760089	-0.376141527385012	-0.329260711843737
0.623409908200895	-2.51908471773727	-0.337308167726015	-0.345613524030831	-3.95677666138532	-0.336723594109313	-0.277413002513376
0.633409908200895	-2.55784427261781	-0.340514915347443	-0.348170730093615	-3.79373215639809	-0.30583629683193	-0.235509167757335
0.643409908200895	-2.59493423478887	-0.343445905631735	-0.350349216702422	-3.62314410690455	-0.281250784626896	-0.201343756240947
0.649875420349142	-2.61799387799149	-0.345220067283147	-0.351589618869084	-3.50958925216337	-0.267849431664544	-0.182724506534789
0.659875420349142	-2.65714422235501	-0.344482717776488	-0.299620144431069	-4.75864128373421	1.70546504574025	5.55970698921094
0.669875420349142	-2.71387034688693	-0.308856691314836	-0.249079414939781	-6.46884604225163	5.19724571905215	4.73947832429236
0.679875420349142	-2.77946847514628	-0.253085161770467	-0.20373125609024	-6.40907146303209	5.53829819837187	4.23543976403806
0.689875420349142	-2.83977309074111	-0.202088787300304	-0.165093190847487	-5.61692634859171	4.59705471032497	3.49056858869644
0.699875420349142	-2.89179182470723	-0.161234124935027	-0.133689873591113	-4.80337329831125	3.59959455842295	2.80935692037886
0.709875420349142	-2.93625190924931	-0.129440776850326	-0.10845095317488	-4.11010684629089	2.79436540978222	2.25569693606577
0.719875420349142	-2.97437521561225	-0.104727768293585	-0.0881750128229158	-3.53142567606527	2.17581864363402	1.81641562130249
0.729875420349142	-3.00717654338969	-0.0854357173991743	-0.0718557473298362	-3.04125035225904	1.70267081688932	1.46263825442009
0.739875420349142	-3.03542015304921	-0.0703125762473423	-0.0587006375978679	-2.61696531238783	1.33754749654317	1.17841621418728
0.749875420349142	-3.05967902261205	-0.0584198734832076	-0.0480844677304644	-2.24208242404581	1.05299438358209	0.952241384650006
0.759875420349142	-3.08038797154167	-0.0490464747175948	-0.0395078843409735	-1.9052562474577	0.830770104257077	0.76949519253984
0.769875420349142	-3.09788147285361	-0.0416459131777361	-0.0325742535488846	-1.59776300140987	0.656414487935638	0.622265205266137
0.779875420349142	-3.11241895631839	-0.0357951431942766	-0.0269654883863654	-1.31310261774577	0.519239447723474	0.503576779393319
0.789875420349142	-3.12420293970669	-0.0311646259315707	-0.0224261051849556	-1.04631534102544	0.411108174532976	0.407797155309905
0.799875420349142	-3.13339220078593	-0.0274965983903127	-0.0187504402135157	-0.793595855500619	0.325819611721861	0.330182364070715
0.809875420349142	-3.1401116408972	-0.0245887269016267	-0.0157730001439561	-0.55194747141521	0.258459541091187	0.267288193221547
0.819875420349142	-3.14445972977683	-0.0222818035028437	-0.0133604648191851	-0.318998298604888	0.205117071632994	0.216619480208279
0.829875420349142	-3.14651419609979	-0.0204503787474857	-0.0114050805064669	-0.0929140495926121	0.162811622377072	0.175893740822214
0.839875420349142	-3.14633644107534	-0.0189955126131274	-0.00981941975278164	0.127671999953885	0.129423697194879	0.142529519281959
0.849875420349142	-3.14397511453754	-0.0178387781072263	-0.00853342926237015	0.34395678761856	0.102946147536422	0.115631856199539
0.859875420349142	-3.13946872997776	-0.0169181486227379	-0.0074901006823519	0.556815369320642	0.0819895283878844	0.0938200749687498
0.869875420349142	-3.13284787686769	-0.0161843914072506	-0.00664333917818723	0.76694299885023	0.0654336360528649	0.0760734930006314
0.879875420349142	-3.12413696244898	-0.0155983175737974	-0.00595596594604041	0.974911789459197	0.0523080045305296	0.0618698741781409
0.889875420349142	-3.11335556417442	-0.0151287784309544	-0.00539756590498282	1.18110740834207	0.0420027119284473	0.050253007873826
0.899875420349142	-3.10051963297582	-0.0147508184115068	-0.0049436814898597	1.38586070113041	0.0339172655924821	0.0408666228225226
0.909875420349142	-3.0856424100842	-0.014444446192655	-0.00457437386599095	1.58939692177433	0.0276213975271994	0.0332734946156164
0.919875420349142	-3.06873524118348	-0.014193557308427	-0.00427343452706273	1.7918677619418	0.0227757573039682	0.0271229681896709
0.929875420349142	-3.04980827052493	-0.0139851005047489	-0.00402768731357029	1.99336441693971	0.0191027225200748	0.0221687442191297
0.930205531683161	-3.04914914232959	-0.0139788137741504	-0.00402038599012166	2.00000000000014	0.01899873209508	0.0220234145449482
0.940205531683161	-3.02814571875527	-0.013803034453704	-0.00382039209109302	2.20052432408993	0.0163093780319456	0.0180932318628003
0.950205531683161	-3.0051418577397	-0.0136500307839389	-0.00365577223636404	2.40008082925213	0.0144158944847898	0.014934017209763
0.960205531683161	-2.98014753474162	-0.0135125661239184	-0.00351938588047594	2.59860137366247	0.0131817702914831	0.0124280177454087
0.970205531683161	-2.95317365834296	-0.0133845575069671	-0.00340535097034007	2.79596923191801	0.0125077428360685	0.0104536535870626
0.980205531683161	-2.9242325157955	-0.013260819948085	-0.00330881872773917	2.992024943648	0.012314633141657	0.00891799976506611
0.990205531683161	-2.89333819950415	-0.0131368723026006	-0.00322577333505687	3.18656721055068	0.0125399247275231	0.00774741605447025
1.00020553168316	-2.86050702125421	-0.0130087869223683	-0.00315287142824531	3.37935375335562	0.0131344576879668	0.00688185141293663
1.01020553168316	-2.8257579165958	-0.0128730747282681	-0.00308731370785783	3.57010220040812	0.0140593326217422	0.00627166530361084
1.02020553168316	-2.7891128401579	-0.012726599105722	-0.00302674225324794	3.75849103637812	0.0152832213664692	0.00587563859720734
1.03020553168316	-2.75059715160477	-0.0125665123497064	-0.00296916181760337	3.94416132997383	0.0167783022960503	0.00566575979122149
1.04020553168316	-2.71023998924569	-0.0123902135341486	-0.00291287030586074	4.12671717919971	0.0185209192356064	0.00561755170387626
1.05020553168316	-2.66807462927987	-0.0121953215947789	-0.00285640434960618	4.30572676207338	0.0204918287850677	0.00570317713846904
1.06020553168316	-2.62413882740869	-0.0119796587901382	-0.00279850394629252	4.4807253646124	0.0226723422215739	0.00589972664119389
1.07020553168316	-2.57847513718055	-0.0117412445078761	-0.00273808573803093	4.65121880585365	0.0250410279795718	0.00619657303556766
1.08020553168316	-2.5311311986772	-0.0114782999287993	-0.00267421404761879	4.81668550738737	0.0275761002155443	0.00658413299831275
1.09020553168316	-2.48215999289246	-0.0111892578499217	-0.00260608118912364	4.97657981201188	0.0302561981055241	0.00704887818277403
1.10020553168316	-2.43162005556414	-0.0108727756759769	-0.00253299675301477	5.130336753995	0.0330590360042102	0.00757630161779974
1.11020553168316	-2.37957564365139	-0.0105277509240807	-0.00245438164263775	5.2773776515887	0.0359597114423764	0.00815567262176105
1.12020553168316	-2.32609684754014	-0.0101533392250704	-0.00236976098555984	5.41711551450869	0.0389314674306428	0.0087769711277704
1.13020553168316	-2.27125964340556	-0.00974897198007706	-0.00227876017134949	5.5489612160004	0.0419460755851884	0.00942964073207263
1.14020553168316	-2.21514588021229	-0.00931437241153599	-0.0021811033308484	5.67233035809578	0.0449738329535149	0.0101031357801262
1.15020553168316	-2.15784319685891	-0.00884956831197647	-0.0020766155736818	5.78665111232242	0.0479820845321035	0.0107929297859062
1.16020553168316	-2.09944486472309	-0.0083549037314062	-0.00196521743289851	5.89137073113557	0.0509384582061088	0.0114907838810416
1.17020553168316	-2.04004955439234	-0.00783104578246758	-0.00184692120718024	5.98596259644336	0.0538130843057135	0.0121787755814663
1.18020553168316	-1.97976102631806	-0.00727898459718992	-0.00172183334433305	6.06993453726951	0.0565772339373423	0.0128357875290303
1.19020553168316	-1.91868774764095	-0.00670002241947657	-0.00159017483018104	6.14284066562903	0.0591914552108928	0.0134800449559044
1.20020553168316	-1.85694243046793	-0.00609577306966224	-0.00145224595445864	6.2042820238499	0.0616244325366127	0.0141067006977097
1.21020553168316	-1.79464150440914	-0.00546814883988821	-0.00130841355039598	6.25391134686254	0.0638585352689564	0.0146708862353126
1.22020553168316	-1.73190453274338	-0.00481932715020879	-0.00115914764747905	6.2914471022096	0.0658668424392355	0.0151681722779529
1.23020553168316	-1.66885357052568	-0.00415172597333714	-0.00100500968085096	6.31667728279336	0.0676166111385843	0.0156244739755448
1.24020553168316	-1.60561247646402	-0.00346798335489043	-0.000846610179102437	6.32945634494017	0.069089114206556	0.0160297751739948
1.25020553168316	-1.54230619737642	-0.00277092045714191	-0.000684608791994833	6.32970957126529	0.0702749307251847	0.0163554830786781
1.26020553168316	-1.47906003508745	-0.00206349598831943	-0.00051973272621726	6.31744000907226	0.0711582189678664	0.016609131589875
1.27020553168316	-1.4159989006041	-0.00134877603411032	-0.000352734686430889	6.29272228705421	0.0717344341228477	0.0167744391051365
1.28020553168316	-1.35324658074029	-0.000629886237902594	-0.000184406660881584	6.25570628341277	0.0719962214214936	0.0168598113362011
1.29020553168316	-1.2909250209871	9.00265458843841e-05	-1.55601138197812e-05	6.20661293771257	0.0719379069206602	0.0168829429630576
1.30020553168316	-1.22915363841342	0.000807826168614927	0.000153013735432673	6.14572493740971	0.0715710604990644	0.0168172722414728
1.31020553168316	-1.16804868518013	0.00152043789724026	0.000320514426997424	6.0733899837677	0.0709011810944984	0.0166710262385483
1.32020553168316	-1.10772265943713	0.00222487939547521	0.000486162494706616	5.99001121645405	0.0699381465804735	0.0164506139553065
1.33020553168316	-1.04828377942914	0.00291829224384655	0.00064921786475365	5.89603908463086	0.06870034165385	0.0161454103244819
1.34020553168316	-0.989835530483517	0.00359798205455267	0.000808956871581853	5.79197065567292	0.067195987798514	0.0157902971754379
1.35020553168316	-0.932476276419813	0.00426142925536708	0.000964736177562135	5.67833114067962	0.0654538924536448	0.0153591366481471
1.36020553168316	-0.876298958168789	0.0049063271601421	0.00111594857386768	5.55567638591028	0.0634940954434794	0.0148636201609612
1.37020553168316	-0.821390863398586	0.00553059856462616	0.00126203709580345	5.42458358032624	0.0613320012486211	0.0143375643127785
1.38020553168316	-0.767833468702145	0.00613239792378034	0.00140254254127383	5.28563525185446	0.0590020721720197	0.0137543583857875
1.39020553168316	-0.715702366521998	0.0067101409352181	0.00153704161344083	5.13942496930845	0.0565208060894292	0.0131519405400725
1.40020553168316	-0.665067247441177	0.00726248944733801	0.00166522234491968	4.9865360650945	0.0539276715062545	0.0124913554951098
1.41020553168316	-0.615991963090129	0.00778837817396614	0.00178680160965632	4.82755191043015	0.0512380235657447	0.0118162497472449
1.42020553168316	-0.568534632477279	0.00828699485114831	0.00190158787460957	4.6630378511602	0.0484783709754065	0.0111309464491824
1.43020553168316	-0.522747808633236	0.00875778109870914	0.00200945990407311	4.49354023998642	0.0456750617088901	0.0104378746080677
1.44020553168316	-0.478678688743029	0.00920042650247756	0.0021103567792127	4.31958375382959	0.0428499131919713	0.00975137075722942
1.45020553168316	-0.43636935803765	0.0096148491379097	0.00220430359848241	4.14166220177467	0.0400364216881262	0.00904127379766203
1.46020553168316	-0.395857073898925	0.0100012016108342	0.00229134061997277	3.96024900818891	0.0372421279024326	0.00836071589053025
1.47020553168316	-0.357174558192716	0.0103598318529003	0.00237159932050964	3.77577918995342	0.0344939334697809	0.00769049932005386
1.48020553168316	-0.320350320196686	0.0106912813726577	0.00244524390231652	3.58865851160969	0.0318080585888491	0.00704122529547027
1.49020553168316	-0.285408982756717	0.0109962609987042	0.00251248484073908	3.39925891524369	0.029200700423119	0.00641642798882002
1.50020553168316	-0.252371615302478	0.0112756307384724	0.00257357472336808	3.20791795100365	0.0266888724311244	0.00580941596534968
1.51020553168316	-0.221256068820836	0.0115303844575449	0.00262878529869545	3.01494238631872	0.0242807493424423	0.00523612099984
1.52020553168316	-0.192077302567564	0.0117616232364852	0.00267842232284132	2.82060476263644	0.021987257881379	0.00469541438974489
1.53020553168316	-0.164847705772442	0.0119705379163324	0.00272280892706051	2.62514655714262	0.0198159373509039	0.00419015969205979
1.54020553168316	-0.13957740598346	0.0121583866330936	0.00276228723511701	2.42877807523185	0.0177749671134526	0.00371359278334944
1.55020553168316	-0.116274565223689	0.012326478716665	0.00279720006005069	2.23168258192827	0.0158658773836299	0.00327447927855624
1.56020553168316	-0.0949456568918016	0.0124761514254423	0.00282789986164817	2.03401530637498	0.0140914219293363	0.00287048271422469
1.57020553168316	-0.0755957265764545	0.0126087538767659	0.00285473619187651	1.83590692517426	0.0124511945506708	0.00250350293129029
1.58020553168316	-0.058228631674198	0.0127256277988336	0.00287805773666353	1.63746435521829	0.0109452579824629	0.00216764937284142
1.59020553168316	-0.0428472617087995	0.0128280937283388	0.00289819963381621	1.43877462312394	0.00956930685861549	0.00186619515750512
1.60020553168316	-0.0294537352903104	0.012917433466989	0.00291548786925549	1.23990550089273	0.00831922399545057	0.00159641421605237
1.61020553168316	-0.0180495760319891	0.012994877134997	0.0029302321294299	1.04090854093932	0.00718895961284596	0.00135726631605587
1.62020553168316	-0.00863586519662659	0.013061589643284	0.00294272496994816	0.841820964014613	0.00617176658450182	0.00114559636928278
1.63020553168316	-0.00121337184278636	0.013118659557118	0.00295323698036204	0.642668422848574	0.00525900664885723	0.00096063388902814
1.64020553168316	0.00421734062520077	0.0131670876901574	0.00296201698678639	0.443466842395249	0.00444161571451318	0.000799381427299713
1.65020553168316	0.00765583077162042	0.0132077777734355	0.00296928906242715	0.244224952807628	0.00370961846127463	0.000658656861157882
1.66020553168316	0.00910171875910088	0.0132415280416805	0.00297525012063506	0.0449467600360063	0.00305182758056118	0.000536488319045089
1.67020553168316	0.00855464948739362	0.0132690232296229	0.00298006968594274	-0.154366365814731	0.00245663330106668	0.000429756894290271
1.68020553168316	0.00601427886165491	0.0132908280920591	0.00298388779268803	-0.353713190696813	0.0019116249899963	0.000335821190257633
1.69020553168316	0.00148028361844329	0.0133073812434567	0.00298681503231997	-0.553090502721741	0.00140431231420265	0.000250366138631727
1.70020553168316	-0.0050476058536269	0.0133189909544674	0.00298892900200537	-0.752490251969866	0.000920728741555822	0.000172487341710341
1.71020553168316	-0.0135695486707672	0.0133258300079875	0.00299027705702993	-0.951897904609007	0.000447488201710058	9.79643688916283e-05
1.72020553168316	-0.0240855137032456	0.0133279327953779	0.00299087448346566	-1.15128986193448	-2.88163619572873e-05	2.16267830439011e-05
1.73020553168316	-0.0365951766064226	0.0133251937231738	0.0029907013255506	-1.35063058996823	-0.000523048325418829	-5.74085492051325e-05
1.74020553168316	-0.0510977928888661	0.0133173646218449	0.002989706042273	-1.54987107757414	-0.00104921183486001	-0.00014331326595468
1.75020553168316	-0.0675920484673801	0.0133040549318794	0.00298780322151195	-1.74894610794951	-0.00162155851060571	-0.000239382737777353
1.76020553168316	-0.0860758871162493	0.0132847323199658	0.00298487380978959	-1.94777202229996	-0.00225437733257955	-0.000348338489165538
1.77020553168316	-0.106546315290746	0.01325872405091	0.00298076719191668	-2.14624485462511	-0.00296085555586136	-0.000475766906925821
1.78020553168316	-0.128999185675701	0.0132252214462131	0.00297529746538403	-2.34423734579689	-0.00375531214947477	-0.000621947247517923
1.79020553168316	-0.153428958759563	0.0131832831966514	0.00296824932195478	-2.54159788841165	-0.00465019310081657	-0.00079156784681359
1.80020553168316	-0.179828445273873	0.0131318427008007	0.0029593761161383	-2.73814799276528	-0.00565761219995252	-0.000987817572083427
1.81020553168316	-0.208188529777415	0.0130697163345896	0.00294840132131736	-2.93368051732482	-0.00678916468460718	-0.00121229401673704
1.82020553168316	-0.238497877417369	0.012995613372763	0.00293502199938808	-3.12795840210412	-0.00805485771812979	-0.00146793181964023
1.83020553168316	-0.270742626320089	0.0129081484138305	0.00291891142747271	-3.32071339832526	-0.00946274417077005	-0.00175944152543738
1.84020553168316	-0.304906068619059	0.012805857296917	0.00289971784236908	-3.51164423982757	-0.01102098383612	-0.00208535148534202
1.85020553168316	-0.34096832204854	0.0126872127284943	0.00287707357090193	-3.7004170809323	-0.0127344307415685	-0.00244886144702339
1.86020553168316	-0.378905997553358	0.0125506446322643	0.00285059634461167	-3.88666470211603	-0.0146058895321048	-0.00285263468573782
1.87020553168316	-0.41869186637542	0.0123945626027887	0.00281989219161895	-4.06998637192952	-0.0166368277104572	-0.00329547195499243
1.88020553168316	-0.460294531212534	0.0122173794063979	0.00278456354546656	-4.24994912289929	-0.0188255461499035	-0.00377779964848033
1.89020553168316	-0.503678107688328	0.0120175376963459	0.00274421366280413	-4.42608876985435	-0.021167743328693	-0.00429899069038059
1.89466727166468	-0.523598775598299	0.0119206660991317	0.00272448776582522	-4.50331547534346	-0.0222605066075753	-0.00454374744643273
1.90466727166468	-0.5783954149097	0.0212956841686307	0.0586871120231623	-6.89154633964619	3.24853759985936	5.93999090227209
1.91466727166468	-0.659051683680848	0.0734760348152838	0.114235960936903	-8.67000389104432	6.15964320184472	5.32571709671563
1.92466727166468	-0.744930119410764	0.132491925861983	0.163423946505349	-8.39584857051845	5.45176783720682	4.47929933081079
1.93466727166468	-0.826358510289385	0.181426523954792	0.203890441522652	-7.89547874764687	4.34404531444277	3.63351219709575
1.94466727166468	-0.903139084583329	0.219886971512535	0.236549829486344	-7.47839958866001	3.37901864155038	2.92329087404966
1.95466727166468	-0.976274077606329	0.249630316286969	0.262767970467359	-7.16430840351402	2.59813095634054	2.34166614143775
1.96466727166468	-1.04670850119593	0.272376174556196	0.283748071371934	-6.93512856644686	1.97493856822348	1.87066502721744
1.97466727166468	-1.11519704703481	0.28955815951832	0.300487137553754	-6.7723210626629	1.48101264421841	1.49021036792469
1.98466727166468	-1.18232434240439	0.302345761898339	0.313801586280083	-6.66057705517211	1.09242085999215	1.18327633013176
1.99466727166468	-1.24853637940813	0.311689512550964	0.324358035267124	-6.58741192013087	0.789284250483401	0.936418516230701
2.00387733692625	-1.30899693899593	0.317914243782941	0.332111024683664	-6.54537064589779	0.571585513046358	0.752251064490022
2.01387733692625	-1.36623155393751	0.314200769558512	0.283947418374885	-4.42993120618179	-2.65533381279357	-5.26710246098624
2.02387733692625	-1.39912150853101	0.267054137105935	0.233958884853574	-2.65379709744939	-5.85592660500843	-4.87634909505728
2.03387733692625	-1.42624026865554	0.209158788900947	0.188436427686744	-2.92902145589044	-5.44977459868152	-4.17209254842765
2.04387733692625	-1.45897952860268	0.160244474343851	0.150786300227956	-3.62708809381304	-4.31854291625746	-3.37296468366537
2.05387733692625	-1.49850615227458	0.122324312888548	0.120616112705274	-4.25536261035384	-3.30286918734241	-2.68773747953884
2.06387733692625	-1.54360303990696	0.093400381171062	0.0965712905396526	-4.74102209639542	-2.51871608927654	-2.14227257534779
2.07387733692625	-1.59291493067304	0.0713052770497144	0.0773815095694061	-5.10287715098554	-1.92897897163114	-1.71017220823344
2.08387733692625	-1.64534239704818	0.0543486209362113	0.0620342230359729	-5.36829567605446	-1.48346841140542	-1.37104791516785
2.09387733692625	-1.70002850077879	0.0412761085433375	0.0497334055388604	-5.55781809094569	-1.14626328155208	-1.10015998855897
2.10387733692625	-1.75629750038707	0.0311521526383069	0.039857434648861	-5.68708622130836	-0.889940413917366	-0.883911331444498
2.11387733692625	-1.81360782114954	0.0232729959476912	0.0319154417667142	-5.76771409244326	-0.694587922429698	-0.711328825384363
2.11716427155985	-1.83259571459405	0.0210791718976185	0.0296584583694928	-5.78507428695834	-0.641295730401315	-0.661834840275328
2.12716427155985	-1.88153872277527	0.00521259527252899	-0.0300050518397258	-3.57873721782778	-3.84268184589661	-6.17784271692161
2.13716427155985	-1.90739023654672	-0.0507217948233058	-0.0879120494999545	-2.17154852110202	-6.30626652186736	-5.51127128686957
2.14716427155985	-1.93106935717926	-0.110310475435528	-0.138536197208104	-2.65405063752443	-5.45413550655705	-4.59456907442894
2.15716427155985	-1.9608307125913	-0.15911796612166	-0.179971696797484	-3.28432488668738	-4.32664745066373	-3.71842890278401
2.16716427155985	-1.99631731541351	-0.197501579134644	-0.213426340873299	-3.7889947184298	-3.38630912260242	-2.99805309396315
2.17716427155985	-2.03615458151169	-0.227526762602802	-0.240401701887268	-4.15753383469751	-2.64960940143447	-2.41874069800495
2.18716427155985	-2.07908771684721	-0.251050156925503	-0.262173674690435	-4.41210587084276	-2.07945540826784	-1.95320098911788
2.19716427155985	-2.12409080846338	-0.269550194159819	-0.279772084318339	-4.5748350960246	-1.63967813429966	-1.58029938386168
2.20716427155985	-2.17033884160453	-0.284182791121995	-0.294024645472799	-4.66381416962176	-1.30171658055681	-1.28138245557666
2.21716427155985	-2.21717031495485	-0.295848432330253	-0.305595557475818	-4.69369377830586	-1.04300933946764	-1.04156602677633
2.22716427155985	-2.26405590437939	-0.305246056025106	-0.315017215191986	-4.67638977453966	-0.845526824490219	-0.84958293379697
2.23716427155985	-2.31057312093964	-0.312915161157772	-0.322716542748304	-4.62146336407478	-0.695177150924692	-0.695847639950385
2.24716427155985	-2.35638551649071	-0.319269602570952	-0.329035454909323	-4.53655844302723	-0.580994576334926	-0.572248936109185
2.25716427155985	-2.40122555167841	-0.324625012891478	-0.334246544678176	-4.42792329333958	-0.494050671006334	-0.473546072472881
2.26716427155985	-2.44488089967221	-0.329220054313179	-0.338568518659024	-4.30034192416262	-0.427956400266819	-0.393634413445886
2.27716427155985	-2.48718294080675	-0.333234531354869	-0.342174629202432	-4.15783844665591	-0.377186901179444	-0.329780840553666
2.28716427155985	-2.52799799946269	-0.336802429025349	-0.345204041331443	-4.00341097835167	-0.338045602948986	-0.277899944077105
2.29716427155985	-2.56721994479661	-0.34002328116996	-0.347766899079759	-3.8395721227138	-0.307362655004573	-0.236026501293594
2.30716427155985	-2.6047646230817	-0.342970205841349	-0.349951252411678	-3.66825736475627	-0.282902575996287	-0.20200542229257
2.31080229763219	-2.61799387799149	-0.343985273375895	-0.350666200527403	-3.60439099078186	-0.275201117623443	-0.191243268853025
2.32080229763219	-2.65816848295377	-0.343178444919284	-0.298872738966418	-4.8673816827244	1.72356697302574	5.54568128406551
2.33080229763219	-2.71603128839479	-0.307279200709854	-0.248448296654755	-6.5768915098828	5.21424706916902	4.73970302593453
2.34080229763219	-2.78258133308746	-0.25155193476467	-0.203149427492423	-6.49591252919229	5.52011891338821	4.22724514575722
2.35080229763219	-2.8437264721879	-0.200780671924153	-0.164600747446469	-5.69999510088749	4.57357168634703	3.47882068380568
2.36080229763219	-2.8965771952725	-0.160157680532844	-0.133288074717118	-4.88690361571246	3.5769136982792	2.80435218396161
2.37080229763219	-2.94188486151626	-0.128563959576293	-0.108122953816895	-4.19557119170588	2.77561414345645	2.25108462532572
2.38080229763219	-2.98087327836262	-0.104016256329876	-0.0879060450809406	-3.61896958471702	2.16150935073499	1.80885359832266
2.39080229763219	-3.01455509558329	-0.0848592549003931	-0.0716375215381799	-3.1300586820011	1.69073141198049	1.45710392402243
2.40080229763219	-3.04369170617708	-0.0698467700664475	-0.0585246055282934	-2.70670262558662	1.32723048806217	1.17567297458736
2.41080229763219	-3.06885377014963	-0.0580451169047653	-0.0479417831473449	-2.33283801388138	1.04470910319803	0.949443326969851
2.42080229763219	-3.09047461008697	-0.0487460627887328	-0.0393928055867971	-1.99680145006252	0.823983129620676	0.767289372527902
2.43080229763219	-3.10888730132037	-0.0414061085968942	-0.0324816524299607	-1.68998682716791	0.650896217367023	0.620454577527899
2.44080229763219	-3.1243501782362	-0.0356045867718911	-0.026891117353607	-1.40591753196702	0.51480327836636	0.501973763421667
2.45080229763219	-3.13706487168142	-0.0310139512634685	-0.0223664927614584	-1.13964463034193	0.407580393497862	0.406299657081671
2.46080229763219	-3.14718944818693	-0.0273780842078232	-0.0187028892912844	-0.887346380992676	0.322967352132678	0.328999938219504
2.47080229763219	-3.15484820726097	-0.024496085073111	-0.0157353034069757	-0.646042645708852	0.256089661909728	0.266587461097145
2.48080229763219	-3.16013909308826	-0.0222100098737192	-0.0133306246744987	-0.413413643702507	0.203182246704737	0.21614751882765
2.49080229763219	-3.16313938259304	-0.0203954609645953	-0.0113813058567928	-0.187660870869018	0.161368896425192	0.175107807358574
2.50080229763219	-3.16391014198777	-0.0189541672004267	-0.00980081907403895	0.0326982718093604	0.128208417786759	0.142043263518483
2.51080229763219	-3.16249959527459	-0.0178085300540077	-0.00851894657850873	0.248778496668154	0.101939430307177	0.115266031002988
2.52080229763219	-3.15894586767853	-0.016897100454608	-0.00747893950428741	0.461467099019952	0.0811543694899113	0.093496991322505
2.53080229763219	-3.15327913503881	-0.0161711068952391	-0.00663499823626111	0.671487682285422	0.0646734813311397	0.0759520022574494
2.54080229763219	-3.14552329967789	-0.0155918500988133	-0.00594984156354151	0.879369739302518	0.0516725668986295	0.06163611851366
2.55080229763219	-3.13569741196689	-0.0151284618147574	-0.00539341787362388	1.08555508904201	0.0414113956132426	0.0500612717932746
2.56080229763219	-3.12381677068445	-0.014756310449264	-0.00494127775795439	1.2903660568208	0.0333467963095808	0.0406939927741658
2.57080229763219	-3.10989386796945	-0.0144556540770762	-0.00457357423734774	1.49404077367729	0.0270487720209118	0.0331117230788989
2.58080229763219	-3.09393917748638	-0.0142106002964267	-0.00427417567580082	1.69674500384087	0.0221784219147556	0.0269752965249742
2.59080229763219	-3.07596183406426	-0.0140082788736865	-0.00402996926381934	1.89858493077234	0.0184593602364466	0.022045169229705
2.59584231655081	-3.06613728012602	-0.0139191111608139	-0.0039243293927622	2	0.0169585101003146	0.0199279522317501
2.60584231655081	-3.04513356775082	-0.0137619252401807	-0.00374358290758757	2.20060649656811	0.0146063302743942	0.0163610243123625
2.61584231655081	-3.0221279630575	-0.0136245913990123	-0.00359478001633736	2.40036923633069	0.0129685339001956	0.0135095558821222
2.62584231655081	-2.99712923744897	-0.0135005545626261	-0.00347143445017458	2.59921398571076	0.0119321663075492	0.0112440443557098
2.63584231655081	-2.97014712248731	-0.0133842642952561	-0.0033682104167888	2.79702350990222	0.0114074872745604	0.00946559785843331
2.64584231655081	-2.94119273793982	-0.0132709540125919	-0.00328069904182344	2.99363853210432	0.0113240234730847	0.00809600502440006
2.65584231655081	-2.91027900648597	-0.0131564718345255	-0.00320522882009423	3.1888565284968	0.0116325194716045	0.00705219950222181
2.66584231655081	-2.87742106324159	-0.0130371408536193	-0.00313874543319356	3.38243712239189	0.0122881930063015	0.00628825974154149
2.67584231655081	-2.84263665419606	-0.0129096636392192	-0.00307867787690492	3.57409908676363	0.0132581717253444	0.00575759855207089
2.68584231655081	-2.805946531486	-0.0127710437095808	-0.00302285859208411	3.76352351554692	0.0145120060269849	0.0054353175624131
2.69584231655081	-2.76737483812753	-0.0126185376492904	-0.0029694300177909	3.95035076250751	0.0160307524898421	0.0052788892557698
2.70584231655081	-2.72694948736595	-0.0124496133458838	-0.00291680517770736	4.13418529800028	0.0177946546392045	0.00526354030597843
2.71584231655081	-2.68470252820565	-0.0122619262411302	-0.00286362770994224	4.31459834796184	0.0197784548161521	0.00539275044940416
2.72584231655081	-2.64067048937875	-0.0120533212589705	-0.00280869401706048	4.49112146271299	0.0219740092800738	0.0056164372558401
2.73584231655081	-2.59489471185808	-0.0118218153966811	-0.00275098206639438	4.66326004996311	0.0243578960125969	0.00593809378758967
2.74584231655081	-2.54742164492195	-0.0115656140521779	-0.00268959702037706	4.83048968798692	0.0269098160088874	0.00634904960854632
2.75584231655081	-2.49830311249346	-0.0112831227208707	-0.00262375735135859	4.99225999642698	0.0296115143718144	0.00682997341946505
2.76584231655081	-2.4475965402349	-0.010972960780315	-0.00255279252445486	5.14800055876388	0.0324419104950339	0.00736603743132503
2.77584231655081	-2.39536513600744	-0.0106339778623515	-0.0024761438113227	5.29712744841213	0.0353725831129398	0.00796140557221022
2.78584231655081	-2.34167801421857	-0.0102652792891275	-0.00239334071032043	5.439045046179	0.0383786408187029	0.00860167164761499
2.79584231655081	-2.28661026334532	-0.00986624305237212	-0.00230400774072948	5.57315407993521	0.0414337940842942	0.00927083821905806
2.80584231655081	-2.23024294754945	-0.00943653628810761	-0.00220786929455949	5.69885956208888	0.0445074046275931	0.00996198184840302
2.81584231655081	-2.17266303605549	-0.00897613369790521	-0.00210473986415311	5.81557612747063	0.0475703242519547	0.010658297282382
2.82584231655081	-2.11396326171468	-0.00848532152680831	-0.00199455180828468	5.92274106871635	0.0505799116516772	0.0113857027402944
2.83584231655081	-2.05424189251947	-0.007964724869758	-0.00187728781255645	6.0198087436799	0.0535186021446957	0.0120826341267947
2.84584231655081	-1.99360244048923	-0.0074152849868879	-0.00175306668567488	6.106275432019	0.0563460928770907	0.0127654336505276
2.85584231655081	-1.93215327848772	-0.00683827171298449	-0.00162208899671712	6.18167648130082	0.0590298581536446	0.0134260717244292
2.86584231655081	-1.8700071883451	-0.00623527135160797	-0.00148464570058	6.24559577330437	0.0615396842055011	0.0140529635723149
2.87584231655081	-1.8072808381879	-0.00560816868338028	-0.00134112556318465	6.29767465950111	0.0638421610509696	0.0146519092564761
2.88584231655081	-1.74409419058708	-0.00495913688408256	-0.00119197478527164	6.3376109731771	0.0659212479371538	0.0151778137256879
2.89584231655081	-1.68056986461301	-0.00429059359948035	-0.00103775296066696	6.36517646321649	0.0677438573417506	0.015654193945346
2.90584231655081	-1.61683243973894	-0.00360518630404599	-0.000879071331869182	6.38021014272101	0.0692907565539934	0.0160691685504801
2.91584231655081	-1.55300773250708	-0.00290575214649226	-0.000716603444445642	6.3826250111375	0.0705459852431068	0.0164129871767027
2.92584231655081	-1.48922204910803	-0.0021952797092398	-0.000551077264595197	6.37241003972524	0.0714959684065826	0.0166820919766853
2.93584231655081	-1.42560142834832	-0.00147687005949563	-0.000383261090977414	6.3496297636453	0.0721315087675549	0.0168730027641491
2.94584231655081	-1.36227088873112	-0.000753697549501379	-0.000213945105139156	6.31442178941008	0.0724517529275324	0.0169691092963021
2.95584231655081	-1.2993536968544	-2.8960588371798e-05	-4.39554153657427e-05	6.26699949337499	0.0724495626349932	0.0169906763248943
2.96584231655081	-1.23697066207421	0.000694154205862885	0.000125876032052515	6.20764476582747	0.0721215366102745	0.0169602772610327
2.97584231655081	-1.17523947139728	0.00141249945714775	0.000294765593077865	6.13669483640769	0.0714915551999022	0.0168217074664049
2.98584231655081	-1.11427409071168	0.00212302942697986	0.000461905171792112	6.05455314944401	0.0705631473280575	0.0166019073925919
2.99584231655081	-1.05418421425884	0.00282281983844979	0.000626524987527984	5.96167247574849	0.0693483694334217	0.0163111591127638
3.00584231655081	-0.99507478930072	0.00350910088489665	0.000787899332191568	5.85854851555395	0.0678650848473483	0.0159510976542739
3.01584231655081	-0.937045615561643	0.00417928715196251	0.00094534926251577	5.74571347874559	0.0661330912814942	0.0155265182156077
3.02584231655081	-0.880191021673405	0.004831001545392	0.00109825095832048	5.62372808667327	0.0641740989314171	0.01504392177367
3.03584231655081	-0.824599620431027	0.00546209486147397	0.0012460433378415	5.49317343667111	0.0620120265873467	0.0145089141774829
3.04584231655081	-0.770354142205783	0.00607066106677127	0.00138823429433037	5.3546430230387	0.0596733018499955	0.0139235660470267
3.05584231655081	-0.717531344779464	0.00665505020342262	0.00152439895423194	5.20873637714628	0.0571834739123545	0.0132963819167311
3.06584231655081	-0.666201994558028	0.00721387575213954	0.00165418098627946	5.0560522809485	0.0545663426688141	0.0126437147420102
3.07584231655081	-0.616430913790729	0.00774601590006414	0.00177729938794151	4.89718119356191	0.0518469462209106	0.0119780657964651
3.08584231655081	-0.568277087549508	0.00825060846145135	0.00189356250121293	4.73269664734928	0.0490593421414443	0.011280076951452
3.09584231655081	-0.521793829549478	0.00872705636597568	0.00200283240900451	4.56315694021532	0.0462271681895994	0.0105636673402029
3.10584231655081	-0.47702899021956	0.0091750173941018	0.00210503068433042	4.38909916691392	0.0433680787380466	0.00985971120555817
3.11584231655081	-0.434025202259285	0.00959438593225377	0.00220016044719524	4.21103059060821	0.0405078812385659	0.00916667939322522
3.12584231655081	-0.392820161964784	0.00998528317621253	0.00228828990552771	4.02942821857138	0.0376734757203686	0.00847387423621391
3.13584231655081	-0.353446935477772	0.0103480456957426	0.00236953326807458	3.84473947739061	0.0348846972954053	0.00778856889621187
3.14584231655081	-0.315934280823974	0.0106832061203238	0.00244405187613531	3.65737945453596	0.0321578223168088	0.00712342663547655
3.15584231655081	-0.280306981475144	0.0109914722112809	0.00251205561160905	3.46772862974497	0.0295094468276394	0.00648279166532668
3.16584231655081	-0.246586186790873	0.0112737079535836	0.00257379358971787	3.27613323985453	0.0269544831726968	0.00586922466050965
3.17584231655081	-0.214789752809713	0.011530913240736	0.00262954720643457	3.08290565285695	0.024505555025374	0.0052853903674942
3.18584231655081	-0.184932578943812	0.011764202882279	0.00267962431691008	2.8883249526614	0.0221730411375291	0.00473384919610808
3.19584231655081	-0.15702693673512	0.0119747856168257	0.00272435336332915	2.69263792584858	0.0199650499495452	0.00421719529296746
3.20584231655081	-0.131082787118687	0.0121639429221347	0.00276407919282542	2.49606006336982	0.0178882580357471	0.00373533899055832
3.21584231655081	-0.107108083736707	0.0123330089179447	0.00279915705577148	2.29877723164757	0.015947598889093	0.00328679759254805
3.22584231655081	-0.0851090599716489	0.0124833515378169	0.00282994490145815	2.10094794929471	0.0141448409702891	0.00287385297040752
3.23584231655081	-0.0650904971874763	0.0126163532972247	0.00285680028787186	1.90270498244366	0.0124795851773926	0.00249949599651651
3.24584231655081	-0.0470559730109326	0.0127333926133446	0.00288007914863323	1.70415677289806	0.0109511126623156	0.00216149998573951
3.25584231655081	-0.0310080892062727	0.0128358276779177	0.00290012989023216	1.50538996013888	0.00955740644855824	0.00185618190073996
3.26584231655081	-0.0169486778247981	0.0129249815505337	0.00291728757419633	1.30647202939138	0.0082940181736224	0.0015827103078594
3.27584231655081	-0.00487898463665949	0.0130021273607219	0.00293187209630797	1.10745328926585	0.00715498029125028	0.00134042594290965
3.28584231655081	0.0052001701053984	0.0130684749113226	0.00294418595092896	0.908369032805845	0.00613328897065591	0.00112762573028437
3.29584231655081	0.0132882538185935	0.0131251587011476	0.00295451144326296	0.709241892823899	0.00522088986065138	0.000942035467313243
3.30584231655081	0.019384906912441	0.0131732270561378	0.00296310827632518	0.510084194846921	0.00440869934185212	0.000781145184156619
3.31584231655081	0.0234898513639179	0.0132136323280997	0.00297021147375501	0.310900304764613	0.00368665253748224	0.000642433410058156
3.32584231655081	0.0256028225852621	0.0132472221118217	0.00297602959961782	0.111688970468675	0.00304377048195363	0.000523504944839721
3.33584231655081	0.0257235246253054	0.0132747313623258	0.00298074346671915	-0.0875543867525495	0.00246836833195686	0.000421725352362354
3.34584231655081	0.0238516087102908	0.0132967753766579	0.00298450525250326	-0.286835419738334	0.00194837276096898	0.000333462407304714
3.35584231655081	0.0199866750204802	0.0133138439324207	0.00298743684288203	-0.486158412075666	0.00147109820165741	0.000255161174178502
3.36584231655081	0.0141282978311765	0.0133262962467181	0.0029896284116365	-0.685523846123369	0.0010230599358459	0.000184282036572219
3.37584231655081	0.00627607416591379	0.0133343563939263	0.0029911383876951	-0.88492621277644	0.000590480846732587	0.000117861991087348
3.38584231655081	-0.0035703042159193	0.0133381097573703	0.00299199282611351	-1.08435167265317	0.000159382728314842	5.24975552835866e-05
3.39584231655081	-0.0154109554340277	0.0133375003838321	0.00299218468536365	-1.28377567115631	-0.000284451410940959	-1.52215544857904e-05
3.40584231655081	-0.029245688685233	0.013332329158961	0.0029916734311832	-1.48316059442885	-0.000755407352356273	-8.86284858413765e-05
3.41584231655081	-0.045073862118427	0.0133222529016559	0.00299038486057198	-1.68245345044922	-0.00126792489530963	-0.000171020907776285
3.42584231655081	-0.0628942175592493	0.0133067844733626	0.00298821113760792	-1.8815835808659	-0.00183634980497998	-0.000265779848774579
3.43584231655081	-0.0827046923840056	0.0132852940312329	0.0029850110104684	-2.080460407152	-0.00247478048525288	-0.000376461455951346
3.44584231655081	-0.104502209021592	0.0132570116210574	0.00298061003309378	-2.27897118875567	-0.00319702328156019	-0.000506464504419464
3.45584231655081	-0.128282442718791	0.013221031179426	0.00297480111643795	-2.47697887376997	-0.00401649184019325	-0.000658829200660154
3.46584231655081	-0.154039568470337	0.0131763160557217	0.00296734565399144	-2.67432011051313	-0.00494593500194905	-0.000836557761005706
3.47584231655081	-0.181765988389334	0.0131217063626501	0.00295797482385622	-2.87080336562041	-0.00599724204327578	-0.00104260431002415
3.48584231655081	-0.211452041089855	0.0130559282835301	0.00294639129015568	-3.06620722184837	-0.00718122751843283	-0.0012798690690531
3.49584231655081	-0.24308569510722	0.0129776055724014	0.0029322711317563	-3.26027885549908	-0.00850752182717758	-0.00155077068412178
3.50584231655081	-0.276652228769767	0.0128852732523949	0.0029152665406543	-3.45273283996685	-0.00998429219934716	-0.00185734639371792
3.51584231655081	-0.312133899528764	0.0127773937249619	0.00289500901519834	-3.64325026486736	-0.0116179780504541	-0.00220126568172182
3.52584231655081	-0.349509606251408	0.0126523753211813	0.00287111322432655	-3.83147825422512	-0.0134129684417532	-0.0025840235010824
3.53584231655081	-0.388754548571731	0.012508593314192	0.00284318154372829	-4.01702993648706	-0.0153712438009432	-0.00300726178930277
3.54584231655081	-0.429839888020379	0.0123444134520161	0.00281080886024108	-4.19948484205561	-0.0174922254791284	-0.00347241657988764
3.55584231655081	-0.472732416235613	0.012158217988779	0.00277358719345713	-4.37838969680044	-0.0197730941760762	-0.00397883155396345
3.56584231655081	-0.517394235823799	0.0119484332795724	0.00273111244565794	-4.55326012664531	-0.0222082748813307	-0.00452482711102191
3.56720147652228	-0.523598775598428	0.0119180157864358	0.00272491175017756	-4.57668841888461	-0.0225509518851546	-0.00460121758160433
3.57720147652228	-0.579126301843153	0.0212853502901144	0.0586857013316401	-6.96441235903813	3.24764900502529	5.93746893415614
3.58720147652228	-0.66050434961764	0.0734424384192933	0.114229262709645	-8.74234712756605	6.15788763105569	5.32244202656999
3.59720147652228	-0.747101805790897	0.132430040887096	0.163406327765476	-8.46745957836593	5.44845554090007	4.47743883406801
3.60720147652228	-0.829241222006927	0.181321840825933	0.203859111806724	-7.96616093590223	4.33906877498216	3.63187249615733
3.61720147652228	-0.906724576012113	0.219726417585016	0.236501944007207	-7.54836786789952	3.3731118008231	2.92092897269882
3.62720147652228	-0.980555328670267	0.249405888790485	0.262701026496184	-7.2336190086928	2.59166192846758	2.33912149979713
3.63720147652228	-1.05167923663214	0.272084569534076	0.283660296056304	-7.00369550648354	1.96797664815254	1.86926417910475
3.64720147652228	-1.12085092655031	0.289199348218076	0.300379442209085	-6.84031582547661	1.47441387665453	1.48822567126952
3.65720147652228	-1.18865478601863	0.301923076754797	0.313674159155048	-6.72783423906268	1.08614958775947	1.18178325712789
3.66720147652228	-1.25553590634284	0.311208184954727	0.32421256333115	-6.65388974297931	0.783678116602557	0.934916682403041
3.67526105494334	-1.30899693899575	0.316719393149555	0.331073437895359	-6.61520925569782	0.590725691858927	0.772663452020346
3.68526105494334	-1.36687158959897	0.313099530716258	0.283085084993827	-4.48792125050349	-2.65637423445982	-5.2502910560155
3.69526105494334	-1.40035792332243	0.265980886732753	0.233214644689813	-2.71640488324899	-5.84803939822848	-4.85879366645314
3.70526105494334	-1.42812445291919	0.208213523009551	0.187809950538584	-2.99458109782365	-5.43503752913459	-4.16115808644957
3.71526105494334	-1.46151533879203	0.159445039813786	0.150263479561026	-3.69135209276562	-4.30519491350524	-3.36120233294182
3.72526105494334	-1.50167730511252	0.121654186156717	0.120181718181211	-4.31759493095611	-3.2919091677979	-2.67658819395403
3.73526105494334	-1.54738959172668	0.0928380219291449	0.0962122572613266	-4.8016088839237	-2.50884683839449	-2.13564984833387
3.74526105494334	-1.59729768971842	0.0708324420301413	0.0770842859769255	-5.16176268632746	-1.92027250916313	-1.70652292735004
3.75526105494334	-1.6503029922955	0.0539503697686955	0.0617861822362067	-5.42514150801239	-1.47677097456602	-1.36636190344438
3.76526105494334	-1.70554865730293	0.0409390470255778	0.0495266610800759	-5.61283601059885	-1.14083666808644	-1.09606059061157
3.77526105494334	-1.76235923921416	0.0308651377117977	0.0396846657404142	-5.74029349714414	-0.88559347231276	-0.880292227320413
3.78526105494334	-1.82019328549981	0.0230266226939456	0.0317704598105533	-5.81910288227432	-0.69120835339199	-0.70791422827879
3.78739022207601	-1.83259571459421	0.0215930055961584	0.0302959530494701	-5.83052750241	-0.656071015524102	-0.676379014344477
3.79739022207601	-1.88197583037587	0.00554090212249301	-0.0294468159713398	-3.62087521363524	-3.86461772887968	-6.17955071438221
3.80739022207601	-1.90827013972284	-0.0505694932638491	-0.0874113984775852	-2.22311536504665	-6.31091376616708	-5.5167403678203
3.81739022207601	-1.93249759739694	-0.110148061954831	-0.138073018777545	-2.71054428190555	-5.45047826497405	-4.59502069253265
3.82739022207601	-1.96283157735383	-0.15890308613647	-0.179525202271203	-3.34164737815778	-4.32147054411831	-3.71738523535464
3.83739022207601	-1.99889323777998	-0.197228157160172	-0.212986462118802	-3.84652107808278	-3.38010474423804	-2.99980702712048
3.84739022207601	-2.03930221218291	-0.227196316500877	-0.239967529185133	-4.21422198384299	-2.64468174334408	-2.41739927758805
3.85739022207601	-2.08279994565534	-0.25066967040651	-0.261739431665792	-4.46839778534391	-2.07414746831506	-1.95542932431716
3.86739022207601	-2.12835939861561	-0.26912617060222	-0.279340413634237	-4.62988436946332	-1.63604192950769	-1.57944846377101
3.87739022207601	-2.17515379235111	-0.28372400894383	-0.293593211118875	-4.71792925939738	-1.29867039864277	-1.28135016529364
3.88739022207601	-2.22252121375671	-0.295362969912379	-0.305164840973559	-4.74678718266759	-1.04064755642797	-1.04197063563974
3.89739022207601	-2.26993207856272	-0.304741526247122	-0.314588053486058	-4.72839455612958	-0.8439448623867	-0.84990493366376
3.90739022207601	-2.31696387799911	-0.312398575458863	-0.322289584521392	-4.67239729958228	-0.694282933204593	-0.696145779608384
3.91739022207601	-2.36328037134939	-0.318747168052951	-0.328611334150496	-4.58646562150626	-0.580661406573774	-0.572669327817212
3.92739022207601	-2.40861439498568	-0.324102009169831	-0.333826124984764	-4.47681187679325	-0.494281831614089	-0.473774567161874
3.93739022207601	-2.45275399731561	-0.32870111121475	-0.338151967911328	-4.34834415273325	-0.428437393100527	-0.394484023088856
3.94739022207601	-2.49553118004488	-0.332723174924377	-0.341763204604741	-4.20487564234853	-0.378205887811641	-0.329975132449058
3.95739022207601	-2.53681267278394	-0.336301864369601	-0.344797615132896	-4.04964576133839	-0.33924181724495	-0.278469015331924
3.96739022207601	-2.57649297264899	-0.339535932937021	-0.347365876659136	-3.88505464443642	-0.308699842137797	-0.236892967638925
3.97739022207601	-2.6144885396551	-0.342497886985822	-0.349556290482457	-3.7129778238091	-0.284521503343903	-0.202499241593858
3.97833641467	-2.6179938779915	-0.342766137265356	-0.34974650186058	-3.6963917377581	-0.282430563848009	-0.199792777804564
3.98833641467	-2.65916147048254	-0.341897860874402	-0.298095904052256	-4.97338035350875	1.7420462590271	5.52999292894948
3.99833641467	-2.71811233463232	-0.305761891354757	-0.247780262207051	-6.67735086540255	5.22313338445851	4.73682164904312
4.00833641467	-2.78556674414431	-0.250111759318394	-0.202549365419209	-6.57985182060642	5.5018291481269	4.21781417164871
4.01833641467	-2.84752998313838	-0.199555818412114	-0.164097238587896	-5.78090981387866	4.55087578219918	3.46940571275336
4.02833641467	-2.90119406800191	-0.159149191490967	-0.132874382214882	-4.96889144646994	3.55666630348603	2.79621018655363
4.03833641467	-2.94733021859079	-0.127740627240272	-0.107784780073432	-4.27928676192131	2.75883182079844	2.24401207699664
4.04833641467	-2.98716339061325	-0.103346066864607	-0.0876302956654514	-3.70419281989767	2.14766292929094	1.8030995757425
4.05833641467	-3.02170385618585	-0.084315159219334	-0.071413085161592	-3.21653092856812	1.67929473143193	1.45251403446055
4.06833641467	-3.0517106677255	-0.0694064293397815	-0.0583422561725934	-2.79422618114402	1.31781501903679	1.17194937904044
4.07833641467	-3.07775261763132	-0.0576899932785927	-0.0477939286391977	-2.42125383177317	1.03699201325778	0.946375135934519
4.08833641467	-3.10026154807265	-0.0484607185548024	-0.0392731918658095	-2.08597745471	0.817682757388294	0.764755136470509
4.09833641467	-3.11956934458862	-0.0411776956058286	-0.0323851071892705	-1.77981554699979	0.645772880408979	0.618364135188106
4.10833641467	-3.13593338244264	-0.0354224401872224	-0.0268133740004465	-1.49631014934179	0.510648200440809	0.500271994978591
4.11833641467	-3.14955451731117	-0.0308692620683071	-0.0223040242264383	-1.2305310099718	0.40422087371828	0.40492580086034
4.12833641467	-3.16059019192336	-0.0272636148102076	-0.018652793634899	-0.97867034194729	0.320258187800638	0.327899492108203
4.13833641467	-3.16916420113118	-0.0244059283050145	-0.0156951990505973	-0.737759483490834	0.253910895521765	0.265705467861312
4.14833641467	-3.17537407362159	-0.0221393855484248	-0.0132985510743339	-0.505489951970073	0.201443397458595	0.215401640529337
4.15833641467	-3.17929674148409	-0.020340517939019	-0.0113557221231169	-0.280057835267673	0.159966161813901	0.174523721631392
4.16833641467	-3.18099295451834	-0.0189118592835945	-0.00978045269675077	-0.0599905199427904	0.127072972403829	0.141579910861982
4.17833641467	-3.18051063806296	-0.0177764771812959	-0.00850278240752923	0.155826961832304	0.101012774408199	0.114891524896175
4.18833641467	-3.177887609917	-0.0168734813726254	-0.00746617906583672	0.368284718304672	0.0803853803930365	0.0931914491898323
4.19833641467	-3.17315370794705	-0.0161545712070055	-0.00662502004957586	0.578110364351816	0.0640191977367921	0.0756986571655821
4.20833641467	-3.16633244640539	-0.0155814445862773	-0.00594216989555541	0.785838945274549	0.0510978756197394	0.061417131017821
4.21833641467	-3.15744242023405	-0.0151235657550571	-0.0053877090339022	0.991921720667427	0.0408819302139068	0.0498775923837658
4.22833641467	-3.14649838517283	-0.0147565896077517	-0.00493728286175924	1.19668873898039	0.0328376428855775	0.0405319343554978
4.23833641467	-3.13351218920152	-0.0144610154227111	-0.00457113280100601	1.40038944013906	0.0265379867928601	0.0329621127618991
4.24833641467	-3.11849354429777	-0.0142211569275937	-0.00427320148117815	1.60320228255026	0.0216466692777779	0.0268322739043433
4.25833641467	-3.10145069150457	-0.0140243213300492	-0.00403043625230618	1.80524697048491	0.0178909894396328	0.0219005598527143
4.26800904597405	-3.08304679176574	-0.0138651290125303	-0.00383803884065501	2	0.0151580493635234	0.0180140969659087
