=========================== Parameters =====================================
l1 [m]	l2 [m]	l3 [m]	c1 [m]	c2 [m]	c3 [m]	m1 [kg]	m2 [kg]	m3 [kg]
0.25	0.22	0.2158	0.125	0.11	0.1079	0.1564	0.23764	0.1564
============================== Data ========================================
t [s]	th1 [rad]	th2 [rad]	th3 [rad]	th1d [rad/s]	th2d [rad/s]	th3d [rad/s]
0	0	0	0	0	0	0
0.01	-0.00173078068249301	0.00126563174452951	0.000460581620565176	-0.316146614754008	0.189580804086342	0.0867379359470972
0.02	-0.00604593817079936	0.00327048266128661	0.00142869902592672	-0.540415827671588	0.199391299928064	0.0990613748017246
0.03	-0.0124756280830415	0.00513596936044889	0.00236422945926355	-0.744327637470659	0.171545789236125	0.0863930123058406
0.04	-0.0209254052479048	0.00668857452043327	0.00314711886696312	-0.945793172283989	0.139351086964373	0.0701447547142083
0.05	-0.0313980631435672	0.00793571087995922	0.00377394247091939	-1.1491658353988	0.110918663506177	0.0556100034420283
0.06	-0.0439173859803477	0.00892402298133642	0.0042677407103765	-1.35510414622589	0.0875328071653217	0.0436194743360995
0.07	-0.0585077771821307	0.00970180887517262	0.0046537699849738	-1.56330903521943	0.0687063939237584	0.0339592370127676
0.08	-0.0751894079763502	0.0103103641003936	0.00495373883139848	-1.77327127628513	0.0535623422202211	0.0263191236595747
0.09	-0.0939774795081042	0.0107829571753078	0.00518526776171526	-1.98451541827512	0.041383659184448	0.0202307588297076
0.1	-0.11488253001213	0.0111459146951902	0.00536219757075338	-2.19659606840716	0.0315403284239574	0.0153481127103557
0.11	-0.137910826087321	0.0114198524772823	0.00549528988302901	-2.40910134712391	0.0235135586662655	0.0114065475506153
0.12	-0.163064663096247	0.0116207936316152	0.00559284385224397	-2.62164149434091	0.0168815617156674	0.0082057848645904
0.13	-0.190342529570884	0.0117610715479027	0.00566123473892424	-2.83384429174226	0.0113302722544566	0.00555155234224076
0.14	-0.219739164924209	0.0118501039330908	0.00570526968095609	-3.04533189595752	0.00659342772617332	0.00331475211000402
0.15	-0.251245501474569	0.0118949681097336	0.00572853796297403	-3.25571881491355	0.00246529556337586	0.00138288399099738
0.16	-0.284848530736173	0.0119008836483549	0.00573365361651833	-3.46460146707272	-0.00122083040445445	-0.00032851016860365
0.17	-0.320531100500921	0.0118715895868656	0.00572246474433129	-3.67155394538698	-0.00459520387810999	-0.00188939271399656
0.18	-0.358271663481284	0.0118096568773637	0.00569620913857075	-3.87612194066389	-0.00776424549819969	-0.00334906029500301
0.19	-0.398043985750681	0.0117167324796277	0.00565565607222729	-4.07782232093334	-0.0108060151229064	-0.00475398168350121
0.2	-0.439816834346714	0.0115937517988101	0.00560120354383593	-4.27613894383735	-0.0137826650550501	-0.00613647590962906
0.21	-0.483553651085008	0.0114411112525792	0.00553296474866626	-4.47052163813835	-0.0167448443781449	-0.00751424196473004
0.218792563922112	-0.523598775598299	0.0112823969912316	0.00546151484683189	-4.63772499418638	-0.0193586334744795	-0.00874426692311525
0.228792563922112	-0.575752079435593	0.0112531792593317	0.0457392156253668	-6.10702621583568	1.30196399291596	5.68233057179852
0.238792563922112	-0.648282288853043	0.0483250917670709	0.0976042164153248	-8.22371672631662	5.6485625196978	5.02163366496592
0.248792563922112	-0.732921972477874	0.107812570115309	0.148437234807563	-8.50199338897358	5.86635409028925	4.92099295413835
0.258792563922112	-0.816443300168507	0.162108870194314	0.193855604712693	-8.16924239079538	4.92818770448468	4.13410046797899
0.268792563922112	-0.896192069607781	0.206173356885763	0.230989814279712	-7.7874785674939	3.89737063463084	3.30917383922361
0.278792563922112	-0.972430982368022	0.240524401337523	0.260439751564655	-7.47418242591686	3.00115482196175	2.60164163800242
0.288792563922112	-1.04594148962935	0.266744357765297	0.283464495799761	-7.24047205561995	2.26968308073697	2.02346399196809
0.298792563922112	-1.11746674738974	0.286416732894905	0.301284603730596	-7.07432495734037	1.68659538304586	1.55964028287498
0.308792563922112	-1.18760853757573	0.300908230077851	0.314949215377821	-6.96154817264167	1.23004390277615	1.18858441586892
0.318792563922112	-1.25682941768397	0.311356508881255	0.325322161851775	-6.88830952452857	0.875094280379197	0.897646106043006
0.326386957207565	-1.30899693899575	0.317166384572693	0.331442010840043	-6.85243950337284	0.661974075001819	0.720221028565483
0.336386957207565	-1.37279418265638	0.321999258064613	0.299735475435314	-5.62061790620507	-0.78703717963185	-5.01053804874594
0.346386957207565	-1.4182641297621	0.289714495053684	0.253395930728219	-3.6429534105804	-5.18216957843929	-4.65230541650836
0.356386957207565	-1.45209016262338	0.232930583130088	0.205294228824872	-3.32949793632904	-5.78036099412878	-4.73864365642103
0.366386957207565	-1.48731637155393	0.178750731312335	0.161115386201244	-3.77431606205004	-4.94971325808696	-4.03516637186549
0.376386957207565	-1.52801056526482	0.134687978481039	0.124976650493648	-4.3622602617931	-3.86850371051729	-3.20154243593733
0.386386957207565	-1.57429205409095	0.100870476377239	0.0966895178828063	-4.87499428429697	-2.9294560056512	-2.48180675777202
0.396386957207565	-1.6251057393138	0.0753788712545709	0.0748337794290461	-5.26812187488506	-2.20275226574948	-1.91396539384809
0.406386957207565	-1.67929372892691	0.0562082700839737	0.0579630857002165	-5.55309912905397	-1.65840510310832	-1.47935871940416
0.416386957207565	-1.73587718567004	0.0417477083016822	0.0449007782695847	-5.75082396377697	-1.25317813944565	-1.14882105454645
0.426386957207565	-1.7940775520644	0.0307897384163429	0.0347440588981342	-5.87907783705072	-0.953045797962962	-0.893971268093544
0.432906962236793	-1.83259571459405	0.0250942544937317	0.0293574141857664	-5.93270096211745	-0.798910745603642	-0.762174853319719
0.442906962236793	-1.88683806465488	0.016555110148979	-0.0166917501431661	-4.57709507891612	-2.28524987428403	-5.90661422100508
0.452906962236793	-1.92243607830075	-0.0287451647963021	-0.0712013253941747	-2.83210505387146	-6.04622604913003	-5.40273924389905
0.462906962236793	-1.95024208911163	-0.0899256459989367	-0.124280467927961	-2.89057638550359	-5.88863766983455	-5.03296557359424
0.472906962236793	-1.98165832698281	-0.143852263201233	-0.170329308850358	-3.41013734630988	-4.8606407298125	-4.1605988762289
0.482906962236793	-2.0183571222396	-0.187207013519712	-0.207662347143278	-3.91374912419089	-3.83434698805801	-3.32697410661887
0.492906962236793	-2.05954615663658	-0.221143609637377	-0.237351404390168	-4.30366147479948	-2.98508794668495	-2.63513038201658
0.502906962236793	-2.104042339607	-0.247508374118379	-0.260845404986241	-4.57708967697112	-2.31693448084875	-2.08365403430826
0.512906962236793	-2.15075797275214	-0.267978624566411	-0.279434783365994	-4.7508434138372	-1.80020370483878	-1.65121622916372
0.522906962236793	-2.19878585741725	-0.283921414592332	-0.294177365068432	-4.8425826991521	-1.4060574250266	-1.31163263953103
0.532906962236793	-2.24739024855671	-0.29641843103071	-0.305913336021803	-4.86854571486112	-1.1072072288943	-1.04670685024313
0.542906962236793	-2.29598221570385	-0.306310802818948	-0.315306997604707	-4.84199568750319	-0.882306808882529	-0.840148065280484
0.552906962236793	-2.34409336886195	-0.314246636048615	-0.322878684339621	-4.77393945950702	-0.71359344556497	-0.68000078782846
0.562906962236793	-2.39135333108125	-0.32071950841213	-0.329035198605282	-4.67310370900077	-0.587551867619757	-0.555860152993922
0.572906962236793	-2.43747029077295	-0.326101856905123	-0.334092516020578	-4.54645877754117	-0.49362842822962	-0.459467694907618
0.582906962236793	-2.48221500667191	-0.330671840147406	-0.338295056581239	-4.39950856386369	-0.423757713446604	-0.384174010091632
0.592906962236793	-2.52540764712471	-0.334635400129202	-0.341830659087264	-4.23667110695198	-0.371496811464151	-0.325245353927013
0.602906962236793	-2.56690735120274	-0.338143251321463	-0.344843543368476	-4.0613976663271	-0.332038193427521	-0.278886068795967
0.612906962236793	-2.60660379809172	-0.341304663088108	-0.347443856642681	-3.87643230041835	-0.301639314214192	-0.242392793276612
0.615866697218658	-2.6179938779915	-0.342185962518723	-0.348147402867682	-3.8201271235761	-0.294059859854754	-0.232982007986618
0.625866697218658	-2.65758737222641	-0.349042492511158	-0.311804237970155	-4.39069984677828	0.0971142147698805	5.27559451824009
0.635866697218658	-2.70853911506567	-0.329028446574855	-0.26402750580859	-5.80152501029592	3.91078217498652	4.30027822596478
0.645866697218658	-2.77081134112442	-0.278065980025476	-0.220913799442063	-6.35283360533639	5.60421573080292	4.42028322785056
0.655866697218658	-2.83227695774125	-0.223491650066175	-0.178472202056061	-5.85375886504003	5.14354046852727	3.97596204520572
0.665866697218658	-2.88707047200315	-0.17678529818	-0.142270641683329	-5.0949554278621	4.17669598584705	3.25538715553727
0.675866697218658	-2.93428858446065	-0.139776936735743	-0.113220332478548	-4.36265337684453	3.2493826325605	2.57380883962074
0.685866697218658	-2.97466285092332	-0.111180337761416	-0.0903956391417178	-3.72881926894651	2.49896726858854	2.0160633524586
0.695866697218658	-3.00919249953308	-0.0891896532139885	-0.0725386918007416	-3.19136680047772	1.92480865972022	1.57445891848592
0.705866697218658	-3.0387389099074	-0.072240510684038	-0.0585553632829876	-2.72919320932399	1.48599280649994	1.23492363952125
0.715866697218658	-3.06396503532206	-0.0591318280608595	-0.047575679400276	-2.32432274127438	1.15083664934247	0.971761712074586
0.725866697218658	-3.08536952054209	-0.0489614356940395	-0.0389320958983492	-1.96277081858521	0.894415682029755	0.765469436683439
0.735866697218658	-3.10332823861768	-0.041049958405745	-0.0321146781789882	-1.63371294691375	0.696469210648886	0.604390797503315
0.745866697218658	-3.11812628279211	-0.0348837129040061	-0.0267286598298067	-1.32950389487762	0.543262181341627	0.477889833086871
0.755866697218658	-3.12998189244626	-0.0300703476297673	-0.022467994561137	-1.04436462258319	0.424271008704207	0.378397212348743
0.765866697218658	-3.1390631477353	-0.0263084947728353	-0.019093881312094	-0.773955331839017	0.331644867886251	0.300004131157425
0.775866697218658	-3.14550003675498	-0.0233658105364067	-0.016418895176854	-0.515080740634972	0.259825728060985	0.237503971918704
0.785866697218658	-3.14939370045647	-0.0210614963723543	-0.0142971420777369	-0.264976142647103	0.20343834269608	0.188629907758288
0.795866697218658	-3.15082261287273	-0.0192559092230098	-0.0126125159218895	-0.0218227122583506	0.159492358890744	0.149792229235019
0.805866697218658	-3.14984804158666	-0.0178399173486482	-0.0112741103795651	0.215942042240582	0.125127266970447	0.119061243060892
0.815866697218658	-3.14651777275318	-0.0167284653471248	-0.0102099866026144	0.449492956203879	0.0982648243591994	0.0947059800929419
0.825866697218658	-3.14086916768312	-0.0158550365057191	-0.00936328394821015	0.679748164181575	0.077265130011161	0.0754109830976607
0.835866697218658	-3.13293152058575	-0.0151675214520632	-0.00868896627563357	0.90741566574243	0.0608543027401046	0.0601416629280039
0.845866697218658	-3.12272791142207	-0.014625084369438	-0.00815117902624769	1.13300460454087	0.0481546973160668	0.0479055985581829
0.855866697218658	-3.11027679008575	-0.0141953907129551	-0.00772171756149664	1.35696645098017	0.038225779330671	0.0383298452117736
0.865866697218658	-3.09559309650959	-0.013853069484309	-0.00737784664442049	1.57956417309314	0.0305755972369967	0.0307395549175077
0.875866697218658	-3.07868936217206	-0.0135779225216454	-0.00710152731615504	1.80100086574717	0.024721830274162	0.0247621732619603
0.884893992286876	-3.06153236617457	-0.0133737858450087	-0.00689801982849615	2	0.020679577922431	0.0204861689218712
0.894893992286876	-3.0404340867262	-0.0131846522220437	-0.00671264950032835	2.21949109214943	0.0173207528772435	0.0167523889149141
0.904893992286876	-3.01714592118192	-0.0130241307427701	-0.00656016485590932	2.43797068400477	0.0149228111257712	0.0138823778590788
0.914893992286876	-2.99167829461284	-0.0128835038157306	-0.00643275885700847	2.65536343085318	0.0133284383867248	0.011694898611205
0.924893992286876	-2.96404263870798	-0.0127555286050669	-0.0063240952934513	2.87155099725729	0.0123724434620587	0.0101165836197593
0.934893992286876	-2.93425191636148	-0.0126341715675527	-0.00622888282642993	3.08634395479998	0.0119835911248311	0.00900012734728462
0.944893992286876	-2.9023211679422	-0.0125142689190123	-0.00614275405972019	3.29951224242131	0.0120734429677341	0.00828304201770689
0.954893992286876	-2.86826801338736	-0.0123913575753478	-0.00606202463445349	3.51077296829113	0.0125793958787911	0.00790644412460815
0.964893992286876	-2.83211315432401	-0.012261516215131	-0.00598355528966359	3.71979328064437	0.0134534659282301	0.00782214751450743
0.974893992286876	-2.79388086530571	-0.0121212501515832	-0.00590463995033065	3.92619155875011	0.0146580038747328	0.00799091627952489
0.984893992286876	-2.7535994744543	-0.0119674079551738	-0.00582292018127037	4.12953877599344	0.01616213358043	0.00838123693522333
0.994893992286876	-2.71130183071229	-0.0117971241452434	-0.00573632013138694	4.32936000940331	0.0179394687669915	0.00896739522212292
1.00489399228688	-2.66702575360643	-0.0116077825510659	-0.00564299860485936	4.52513641633098	0.0199663717135599	0.00972776454134264
1.01489399228688	-2.62081445992957	-0.0113969963095544	-0.00554131495978186	4.71630780197031	0.0222206882340982	0.0106432177178912
1.02489399228688	-2.57271696056423	-0.0111626011834643	-0.00542980606505934	4.90227586390141	0.0246809766227507	0.0116954918147956
1.03489399228688	-2.52278841975261	-0.010902659225955	-0.00530717223277211	5.08240823474421	0.0273260566931767	0.0128656760885616
1.04489399228688	-2.47109046915079	-0.0106154674355861	-0.00517227470866439	5.25604448359595	0.0301308600416041	0.0141390913953803
1.05489399228688	-2.41769146612706	-0.0102995751018734	-0.00502413362310063	5.42250177863008	0.0330669916940966	0.0155032272352282
1.06489399228688	-2.36266668803342	-0.00995380496498176	-0.00486192938408655	5.58108129883322	0.0361040390412725	0.0169449531568991
1.07489399228688	-2.30609845378111	-0.00957727561547489	-0.00468500722260476	5.73107560797725	0.0392107071533847	0.0184484222343072
1.08489399228688	-2.24807616406987	-0.00916942466638373	-0.00449288161354654	5.87177640147003	0.0423576281337237	0.019990716690892
1.09489399228688	-2.18869625423869	-0.0087300263285323	-0.00428524695586234	6.00248435180932	0.0455151648035854	0.0215457440803897
1.10489399228688	-2.12806205598619	-0.00825919378759175	-0.00406200637278334	6.12252406349653	0.0486347311030374	0.0231144610464238
1.11489399228688	-2.06628354358784	-0.00775743793239221	-0.00382320273512113	6.23123561355546	0.0517162076238879	0.0246194716054267
1.12489399228688	-2.00347702330292	-0.0072255608007472	-0.00356919957937248	6.32802828779066	0.0546506082263188	0.0261545787387147
1.13489399228688	-1.9397646433001	-0.00666482802618983	-0.00330040826959265	6.41232308668362	0.0574650762277509	0.0275994584701727
1.14489399228688	-1.87527389596951	-0.00607680712756869	-0.00301752877078006	6.48362214033648	0.0601068610661282	0.0289620988243339
1.15489399228688	-1.81013696802853	-0.00546341519800613	-0.00272144473043226	6.54149317192043	0.062532443606324	0.0302396208314818
1.16489399228688	-1.74449002025963	-0.00482690935005429	-0.00241319414252451	6.58557254639627	0.0647258743558977	0.0313907962857856
1.17489399228688	-1.67847240770449	-0.00416982035784183	-0.00209401553420369	6.61558663595993	0.066646360217214	0.0324201378726721
1.18489399228688	-1.61222581996188	-0.00349495173904909	-0.00176527786985753	6.63134398054691	0.06827634898281	0.0333032264252473
1.19489399228688	-1.54589339022491	-0.002805324200012	-0.00142848545553561	6.63274511187851	0.0695997288619186	0.0340221382263841
1.20489399228688	-1.47961877448446	-0.00210412211109694	-0.00108527055256324	6.61978828390265	0.070588441857695	0.0345873692971361
1.21489399228688	-1.41354521039424	-0.001394673226113	-0.000737326767260063	6.59255933857977	0.0712398728559299	0.0349793736117359
1.22489399228688	-1.34781459905366	-0.000680372034921262	-0.000386427248843972	6.55124102933291	0.0715370877959942	0.0352116031965637
1.23489399228688	-1.28256658771244	3.53074813560637e-05	-3.43001930665697e-05	6.49608562559079	0.0715355352503801	0.0351937110706796
1.24489399228688	-1.21793775217767	0.000749004460369332	0.00031717062202207	6.42746601449982	0.071159475435955	0.035052598438956
1.25489399228688	-1.15406074844043	0.00145733915969587	0.000666254303313933	6.34579975088348	0.0704530115426237	0.0347358102050702
1.26489399228688	-1.09106361514675	0.00215706369651112	0.00101122958687134	6.25158288175773	0.0694290328116134	0.0342492929852693
1.27489399228688	-1.02906912092771	0.0028450700391802	0.00135045975428522	6.14536858034041	0.0681143047382252	0.0335854185031267
1.28489399228688	-0.968194217278239	0.00351844318993573	0.00168238730532584	6.02776425956487	0.06652495636531	0.0327607315253286
1.29489399228688	-0.908549587347152	0.00417450283348693	0.00200553702416505	5.89942553354131	0.0646517373482696	0.0318381590105902
1.30489399228688	-0.850239272927579	0.00481075814262373	0.00231864499101397	5.76101820983981	0.0625603762559399	0.0307675459747548
1.31489399228688	-0.793360448274506	0.00542502245758598	0.00262052436820528	5.61324452527442	0.0602596874956258	0.0295926226526952
1.32489399228688	-0.738003248677402	0.00601536255713166	0.00291018033502294	5.45680746830905	0.0577950273453733	0.0283023824203956
1.33489399228688	-0.684250731105869	0.00658017807863631	0.00318670840465112	5.29242826244767	0.0551512404978744	0.0269830932262187
1.34489399228688	-0.632178872637354	0.00711809267690234	0.00344947839749038	5.12079333319064	0.0524134775970371	0.0255634376351276
1.35489399228688	-0.581856718535414	0.00762808988158009	0.00369792199715608	4.94259913109094	0.0495767794965482	0.0241139537156931
1.36489399228688	-0.533346537959241	0.00810941203637455	0.00393168387616249	4.7585075307342	0.0466827899295016	0.0226303580958225
1.37489399228688	-0.486704083488043	0.00856160512116522	0.0041505338409575	4.56916053101678	0.0437453491561363	0.0211500922421362
1.38489399228688	-0.441978873941407	0.00898445432863613	0.00435444305213277	4.3751549340816	0.0408246194397323	0.0196345967486139
1.39489399228688	-0.399214558446194	0.00937805630288193	0.00454343777012008	4.17707241409694	0.0379042790299483	0.0181624452905976
1.40489399228688	-0.358449262431433	0.009742704135613	0.00471774227640295	3.97543882263635	0.0350283765679141	0.0167128547680746
1.41489399228688	-0.319716000442924	0.0100789259180828	0.0048776749785574	3.77074496923512	0.0322188943667621	0.0152953307064276
1.42489399228688	-0.283043082663319	0.0103874438367337	0.00502366590988337	3.56343804895556	0.0295025887175272	0.0139069979676557
1.43489399228688	-0.248454542930791	0.0106691829801595	0.00515619324248838	3.35393364817507	0.0268660557535515	0.0126032866507579
1.44489399228688	-0.215970539535407	0.0109251793244005	0.00527587700870757	3.14258955013505	0.0243515118749331	0.0113466724322608
1.45489399228688	-0.185607788203139	0.0111566243720111	0.00538335669651013	2.92973341370106	0.0219596348085327	0.0101599587811106
1.46489399228688	-0.157379954742404	0.0113648035594427	0.00547933635080829	2.71564966093833	0.01970187960114	0.00904377190422016
1.47489399228688	-0.131298046883466	0.0115510878914762	0.00556454662669797	2.50058735096589	0.0175783210285998	0.00801164018173089
1.48489399228688	-0.107370777017793	0.0117168901303253	0.00563976415073448	2.28475437867981	0.0156062394567612	0.00704506060073154
1.49489399228688	-0.0856049171117235	0.0118636735823155	0.00570574997811036	2.06833206146526	0.0137758855904753	0.00616352160267707
1.50489399228688	-0.0660056122830349	0.0119929010824965	0.00576328467311777	1.85146628009032	0.012091904928672	0.0053593937863203
1.51489399228688	-0.0485766796560796	0.012106027249779	0.00581313792880264	1.63427513022838	0.0105555812252561	0.00462622870875013
1.52489399228688	-0.033320877009772	0.0122044831505968	0.00585605300978338	1.41685323709703	0.00915959571316531	0.00396733034054793
1.53489399228688	-0.0202401399850255	0.0122896525857851	0.00589274747057413	1.19927235326629	0.0078965567948411	0.00338259778265555
1.54489399228688	-0.00933579053747186	0.0123628523462865	0.00592391063359384	0.981583014853898	0.00676390620572547	0.00286109254964584
1.55489399228688	-0.000608719035014388	0.0124253267856255	0.00595018158065486	0.763821246515789	0.00575068311401108	0.00240222337277185
1.56489399228688	0.00594046826312532	0.0124782279012734	0.00597215291197934	0.546009119478844	0.00484662097827132	0.00200168306723353
1.57489399228688	0.0103113306303398	0.0125226021734757	0.00599036671122005	0.32815742529188	0.00404362749936252	0.00164938929651233
1.58489399228688	0.0125035027832488	0.0125593859768797	0.00600529967670886	0.110271192410937	0.00332699008738294	0.0013436261954672
1.59489399228688	0.0125166389333488	0.0125893892181146	0.00601736937385093	-0.107649850071496	0.00268488400365757	0.00107628561546024
1.60489399228688	0.0103503847493643	0.012613289807644	0.00602692578403508	-0.325607041965791	0.00210424559200137	0.000839613111450955
1.61489399228688	0.00600438054949261	0.0126316269817051	0.00603424694339748	-0.543599438726234	0.0015698271183224	0.000627918884192119
1.62489399228688	-0.000521704094940857	0.0126447928885074	0.00603953946115123	-0.761621542584945	0.00106718390018493	0.000433076201258702
1.63489399228688	-0.00922810592411508	0.0126530282178134	0.00604293475844616	-0.979659864564251	0.000581435605927681	0.000246683655426389
1.64489399228688	-0.0201148729832552	0.0126564192463183	0.00604448515453569	-1.19768934122781	9.55033381971438e-05	6.30551020100233e-05
1.65489399228688	-0.0331817376612377	0.0126548912520509	0.00604416777715185	-1.41567158061301	-0.00040504396406536	-0.000128211573286268
1.66489399228688	-0.0484279612182165	0.0126482104979723	0.00604187720003484	-1.63355022775718	-0.000937610014027279	-0.000333136539272635
1.67489399228688	-0.065852145895529	0.0126359800826005	0.00603743012353034	-1.851249208488	-0.00151785165150969	-0.000560555267726263
1.68489399228688	-0.085452018291053	0.0126176418872195	0.00603056307620743	-2.0686691626212	-0.00216165507943097	-0.000818722263943024
1.69489399228688	-0.107224182924658	0.012592478937853	0.00602093241035353	-2.28568435932442	-0.00288558743146244	-0.00111428860901157
1.70489399228688	-0.131163846373666	0.0125596168489399	0.00600811901746686	-2.50214070628433	-0.00370371705463685	-0.00145696657528469
1.71489399228688	-0.157264515455051	0.0125180329891295	0.00599162464062302	-2.71785162040185	-0.00463263350243995	-0.00185121587772066
1.72489399228688	-0.185517666923967	0.0124665588884558	0.00597088296598234	-2.93259750513147	-0.00568403178328176	-0.00230750058634994
1.73489399228688	-0.215912396032192	0.0124038952938792	0.00594525548541412	-3.14612144500964	-0.00687179978890974	-0.00283061663479489
1.74489399228688	-0.24843504164504	0.012328622423509	0.0059140400390932	-3.35812803746006	-0.00820877576341426	-0.00342427232258761
1.75489399228688	-0.283068792622163	0.0122392109571254	0.00587648374730043	-3.56828335427921	-0.00970069124173035	-0.00410006665265446
1.76489399228688	-0.319793283594473	0.0121340490838214	0.00583177662580684	-3.77621022555039	-0.011358593616012	-0.00485727845102221
1.77489399228688	-0.358584176895931	0.0120114570280811	0.0057790711062138	-3.98149006403177	-0.0131894270938479	-0.00569709929743355
1.78489399228688	-0.399412741182415	0.0118697072634547	0.00571749891184402	-4.18366425156407	-0.0151903421921727	-0.00663097875968325
1.79489399228688	-0.442245436718146	0.0117070635523716	0.00564616455490595	-4.38223004676034	-0.0173652919896598	-0.00765382111443669
1.80489399228688	-0.487043504828168	0.0115218037722602	0.00556417031930674	-4.57664463718176	-0.019714894213246	-0.00875941114910408
1.81275255672607	-0.523598775598299	0.011359245643112	0.00549168676990895	-4.7261388452209	-0.0216735079137554	-0.00969506026069364
1.82275255672607	-0.576632522399403	0.0112976514331465	0.0457655471872363	-6.19471703380101	1.29803253302767	5.68181182623031
1.83275255672607	-0.650036881809269	0.0483262899102961	0.0976188551692195	-8.31194777114748	5.64669919015767	5.01775879969466
1.84275255672607	-0.73555490243298	0.107780958080444	0.148432140014374	-8.58981372791352	5.86330319366788	4.91758221341242
1.85275255672607	-0.819947951897464	0.16202890563688	0.193827317176265	-8.25644983616731	4.92411409127142	4.1287596038265
1.86275255672607	-0.900560613755784	0.206030645981753	0.230926668649749	-7.87314947948466	3.8893177636984	3.3070394575064
1.87275255672607	-0.977654673969038	0.240305250849225	0.260337241134769	-7.55884536611037	2.99148395605784	2.60005190521117
1.88275255672607	-1.05201166568638	0.266440623543088	0.283320839264579	-7.32462686078636	2.26080803243527	2.01966457501642
1.89275255672607	-1.12437478252721	0.286026994310989	0.301098280780004	-7.15788463006399	1.678914339081	1.55400257224583
1.90275255672607	-1.19534537872032	0.300437020617524	0.314718433566957	-7.04383468865791	1.22187442934977	1.18472667580643
1.91275255672607	-1.26538402164642	0.310809177650337	0.32505124369927	-6.96952004098518	0.867976651752343	0.893669412661476
1.91902511439072	-1.30899693899575	0.315677874629384	0.330177928440118	-6.93814894889179	0.689699881222436	0.744555851737653
1.92902511439072	-1.37360332977841	0.320696056030367	0.298675093828484	-5.69597404337783	-0.780661735144686	-4.98870254853211
1.93902511439072	-1.4197959217421	0.288428109723006	0.2524955483707	-3.71679569588913	-5.17433015358727	-4.64416751288239
1.94902511439072	-1.45437803096147	0.2317643609903	0.204494157073753	-3.4063445016775	-5.76522398827284	-4.72724009348271
1.95902511439072	-1.49037516104004	0.177748003774183	0.16043250078487	-3.85105306084039	-4.93361375163679	-4.02241841140212
1.96902511439072	-1.53183061062006	0.133844873607814	0.124408013507636	-4.43773987025385	-3.85247376468145	-3.19234836226974
1.97902511439072	-1.57885391040098	0.100168677641032	0.0962166378397189	-4.94786786636869	-2.91714237114573	-2.47203435144449
1.98902511439072	-1.63038616820522	0.0747940167487045	0.0744426244802087	-5.33884467596233	-2.19205924688898	-1.90667861220076
1.99902511439072	-1.68526981433385	0.0557202786508805	0.0576384285452656	-5.62149870644819	-1.64972247747024	-1.47322999133831
2.00902511439072	-1.7425261247578	0.0413390856945857	0.044630398569269	-5.81690754459285	-1.24626919522354	-1.14354270698139
2.01902511439072	-1.80137661965215	0.0304453658593885	0.0345183211661273	-5.94298139715935	-0.947210620212484	-0.890063940156331
2.02425800876739	-1.83259571459405	0.0258251223035061	0.0301474251901779	-5.98650178527541	-0.821941063770212	-0.782789121431644
2.03425800876739	-1.88735451317998	0.0169933926151517	-0.0160434530221415	-4.62633123933431	-2.3219119901402	-5.91154103817725
2.04425800876739	-1.92346425919343	-0.0286199973114532	-0.0706396143306387	-2.89114916289236	-6.0589213935107	-5.41694133871366
2.05425800876739	-1.95191221107623	-0.0898307519703272	-0.12379853958824	-2.95822457476312	-5.88514481612878	-5.0368052875298
2.06425800876739	-1.98401863328927	-0.143698007427742	-0.169860442619785	-3.48025326344423	-4.85228397499188	-4.1615043642309
2.07425800876739	-2.0214190819264	-0.186970772197827	-0.20718315206204	-3.98444897099286	-3.82416635739109	-3.32816543914841
2.08425800876739	-2.0633088262799	-0.220822310289046	-0.236857144755494	-4.37344345199047	-2.97682178127717	-2.6335241494669
2.09425800876739	-2.10849802923186	-0.24711045704921	-0.260332234483434	-4.64606244643076	-2.30919825941456	-2.08271510489241
2.10425800876739	-2.15589625061512	-0.267514367693345	-0.278904462186843	-4.81867348971848	-1.7935472455243	-1.65061741244681
2.11425800876739	-2.20459435632067	-0.283402659272931	-0.293632818757263	-4.90911434925466	-1.40060216112249	-1.31138541278614
2.12425800876739	-2.25385570056155	-0.295856694916504	-0.305358969097244	-4.93352627277998	-1.10358942385379	-1.04575810418004
2.13425800876739	-2.30309054213308	-0.305718393754018	-0.314745141329131	-4.90571003427264	-0.879337223717968	-0.840315775101762
2.14425800876739	-2.35183084002348	-0.313633564553389	-0.322313636985689	-4.83626027780876	-0.711678949093247	-0.680397441205463
2.15425800876739	-2.39970643789515	-0.320094823916079	-0.32847046796333	-4.73403142578337	-0.58671133324783	-0.556199386360811
2.16425800876739	-2.4464260274032	-0.32547328739372	-0.333531198785708	-4.6060105469153	-0.493878007949684	-0.459458686923399
2.17425800876739	-2.49176084873765	-0.330046379799608	-0.337738884511362	-4.45790302568249	-0.424425591974127	-0.384680544027993
2.18425800876739	-2.53553190570909	-0.334018412228971	-0.341281660452564	-4.29397897699968	-0.372482802812714	-0.326205182405305
2.19425800876739	-2.57759911426158	-0.337538982331216	-0.34430344359192	-4.11767188009603	-0.333333277568525	-0.280112521170543
2.20425800876739	-2.61785299885193	-0.340716229321433	-0.34691438806761	-3.93165230521865	-0.303522549121544	-0.243247098950991
2.20429384385221	-2.6179938779915	-0.340727103479488	-0.346923104266933	-3.93097273730835	-0.303422531582366	-0.243139633029392
2.21429384385221	-2.65875948101785	-0.347535463797106	-0.31071126040554	-4.51503253336535	0.120047627770723	5.25231257716921
2.22429384385221	-2.71100696915652	-0.327172859173451	-0.263149759674591	-5.93633403872867	3.95802583543764	4.27948301275059
2.23429384385221	-2.77447718245762	-0.276105117227963	-0.220024667549698	-6.46119179570374	5.59218686017489	4.41726816016844
2.24429384385221	-2.83697065707449	-0.221746949189833	-0.177667025760093	-5.95285553014332	5.11594943314724	3.96375240912746
2.25429384385221	-2.89274376760073	-0.175329189254008	-0.141600318512633	-5.19201662533585	4.14596647528176	3.24470024200415
2.26429384385221	-2.94094241337072	-0.138595380492389	-0.112676825744471	-4.46161399804323	3.22444155363213	2.56115821147142
2.27429384385221	-2.98231441051386	-0.110230632368402	-0.0899607123166591	-3.83000748860673	2.47967428268291	2.00355251554301
2.28429384385221	-3.01786070672901	-0.0884278057068168	-0.072194904675742	-3.29389549874239	1.90798644061994	1.56619173777237
2.29429384385221	-3.04843965526183	-0.0716311164496541	-0.0582844139829071	-2.83294479137598	1.47155970139339	1.22960514285153
2.30429384385221	-3.07471122861631	-0.0586468245038069	-0.0473611949152805	-2.42953940634834	1.14000082558	0.966216427589969
2.31429384385221	-3.09717235121417	-0.0485760462524297	-0.0387639430561597	-2.06890004413758	0.885432411952255	0.761430674791136
2.32429384385221	-3.11619676015883	-0.0407449165372838	-0.0319832649687078	-1.74066015803027	0.689186095688871	0.601268265686919
2.33429384385221	-3.13206812281204	-0.0346432958132394	-0.0266263003718723	-1.43718198116691	0.537500340658841	0.475289309518045
2.34429384385221	-3.14500358625073	-0.0298816304781847	-0.022388724208822	-1.15264775863921	0.419671919408386	0.376329037326539
2.35429384385221	-3.15517027014684	-0.0261612044543589	-0.019032604706636	-0.882816853279911	0.328182049370898	0.298051368091611
2.36429384385221	-3.16269757697284	-0.0232511829705498	-0.0163723115564026	-0.624307589082582	0.256781628786931	0.236420297255954
2.37429384385221	-3.16768584843565	-0.0209731590994654	-0.0142616280697149	-0.37464299088728	0.201131567826911	0.187598791227266
2.38429384385221	-3.17021316343891	-0.019188427755244	-0.0125858216928373	-0.131834955940551	0.157632272744796	0.149013447667966
2.39429384385221	-3.17034027921162	-0.0177891287099387	-0.0112543366347887	0.10562894652823	0.123617420164333	0.118473105925117
2.40429384385221	-3.16811450843081	-0.016691171697077	-0.0101956578096577	0.3389187581767	0.097047724713786	0.0942225268754943
2.41429384385221	-3.16357272633291	-0.015828792923471	-0.00935334507600972	0.568969702097668	0.0762513084859756	0.0750273518850231
2.42429384385221	-3.15674366024181	-0.0151505895473838	-0.008682578151982	0.796475307620484	0.0600445293352692	0.0597356760702807
2.43429384385221	-3.14764978930365	-0.0146161384320778	-0.00814795457362402	1.02200419398232	0.0473798246718436	0.0476438146012177
2.44429384385221	-3.1363087769278	-0.0141936989260197	-0.00772124970707798	1.24596401950415	0.0375280287258239	0.0380619965332476
2.45429384385221	-3.12273470110209	-0.0138582048255612	-0.00738001260025629	1.46865986456416	0.0299043896343112	0.0304755719413436
2.46429384385221	-3.10693905242147	-0.0135897803473753	-0.00710633634380969	1.69030855146869	0.0240432052484518	0.0244970183480936
2.47429384385221	-3.0889315761281	-0.0133725996594172	-0.00688586463039045	1.91104307834412	0.0195999147503447	0.0197941185919074
2.47833499296786	-3.08102896850745	-0.0132964035452987	-0.00680914855975371	2.00000000000062	0.0181532540531455	0.0181789017524431
2.48833499296786	-3.05993049128835	-0.0131302899138577	-0.00664446937806896	2.21955543315896	0.0152284856731079	0.0148954765348286
2.49833499296786	-3.03664074666268	-0.0129888570439048	-0.00650888587984369	2.43824707841089	0.0131832698383211	0.0123428242866094
2.50833499296786	-3.01116864348897	-0.0128643039769175	-0.00639546561128296	2.65600851496566	0.0118364302084856	0.0104336346729083
2.51833499296786	-2.98352410817029	-0.0127501587850201	-0.00629847514550207	2.87270813323532	0.011083371659531	0.00904346273725113
2.52833499296786	-2.95371861985295	-0.0126409410999232	-0.0062131717106749	3.088165343488	0.0108360497989363	0.00808692571910982
2.53833499296786	-2.92176571800696	-0.0125319423002984	-0.00613557469827685	3.3021471426965	0.011033313619746	0.00748666015709279
2.54833499296786	-2.88768150932663	-0.012419030275231	-0.00606232999011357	3.51437599146206	0.0116101503802141	0.00721012303656007
2.55833499296786	-2.85148515419708	-0.0122985489040588	-0.00599053011113052	3.72451767455353	0.012539806559694	0.00719372266977223
2.56833499296786	-2.81319936545449	-0.0121671872610192	-0.0059176664460049	3.93219457480799	0.0137848086947098	0.00741254726298626
2.57833499296786	-2.77285088696763	-0.012021924428083	-0.00584153038382923	4.13698075498038	0.0153152453540651	0.00784540194253501
2.58833499296786	-2.73047096508139	-0.0118599865447448	-0.00576015024860423	4.33840154113681	0.0171126001648362	0.00846380053202863
2.59833499296786	-2.686095807851	-0.0116788137963404	-0.00567175730441043	4.53593697176161	0.0191618586013938	0.0092404020995667
2.60833499296786	-2.63976702634644	-0.0114760333976017	-0.00557477847165952	4.7290293791015	0.0214313164598011	0.0101776181182978
2.61833499296786	-2.59153203749576	-0.0112494844552361	-0.00546777652692751	4.91707624352995	0.0239087080142078	0.0112480011633801
2.62833499296786	-2.54144444380812	-0.010997207826419	-0.00534946853051994	5.09944115456516	0.0265750598993442	0.012433465020918
2.63833499296786	-2.4895643640852	-0.0107174607055986	-0.00521872313607312	5.27545885083843	0.0294034692028701	0.0137256769527249
2.64833499296786	-2.4359587102703	-0.010408738026978	-0.00507456017446293	5.44444051552946	0.0323605570461576	0.0151226821057475
2.65833499296786	-2.38070139605082	-0.0100698166247776	-0.00491612304986273	5.60567238801938	0.0354357208920203	0.0165820889765503
2.66833499296786	-2.3238734886433	-0.00969974537574919	-0.00474274075179038	5.75843676930276	0.0385927823007323	0.0180971166401755
2.67833499296786	-2.26556326624023	-0.00929788349876317	-0.00455391466996245	5.90201498215156	0.0417901828467847	0.0196648415333593
2.68833499296786	-2.20586618804404	-0.00886393181597597	-0.00434931356830594	6.03569299247077	0.0449943458929305	0.0212655719742984
2.69833499296786	-2.14488476971204	-0.00839795762167414	-0.00412877244754982	6.15876872278809	0.0481891503050906	0.0228486705868269
2.70833499296786	-2.0827283712317	-0.00790036878918801	-0.0038923623375005	6.27057761118763	0.051320875034494	0.0244204811513619
2.71833499296786	-2.01951286151243	-0.00737195510677281	-0.00364034252270509	6.3704899133609	0.0543461552011805	0.0259699069673174
2.72833499296786	-1.95536018873061	-0.00681388941554364	-0.00337316269904209	6.45792094004571	0.057232852703788	0.0274684657455725
2.73833499296786	-1.8903978487806	-0.00622772376889834	-0.00309145812620887	6.53234005110996	0.0599641635064297	0.0288653338582651
2.74833499296786	-1.82475826936533	-0.00561533505659111	-0.00279610901801052	6.5932957589085	0.0624820693873774	0.0301781555691874
2.75833499296786	-1.7585780815994	-0.00497895045467576	-0.00248815841940975	6.64040599902028	0.0647535417167877	0.0313900948853388
2.76833499296786	-1.6919973292241	-0.00432111006586948	-0.00216881426365445	6.67336891958259	0.0667580814286589	0.032470948194515
2.77833499296786	-1.62515861164733	-0.00364462867861239	-0.00183943902551006	6.69197011505441	0.0684828849542929	0.0333860676080559
2.78833499296786	-1.55820618334459	-0.00295253133189402	-0.00150156871967791	6.69609630772757	0.0698886791011081	0.0341513823768347
2.79833499296786	-1.49128500570824	-0.00224803957743843	-0.00115684199523722	6.68572583487536	0.0709530172216537	0.0347659386086767
2.80833499296786	-1.42453979080588	-0.00153453255676522	-0.000806961548243996	6.66092583050825	0.0716824945146484	0.0351932366501436
2.81833499296786	-1.35811406103254	-0.000815465023568074	-0.000453718673485452	6.62186351611971	0.0720669637409584	0.0354338319211642
2.82833499296786	-1.29214921718233	-9.43378760711426e-05	-9.89328266976224e-05	6.56879496599043	0.0721085681748115	0.0354795934746951
2.83833499296786	-1.22678366142422	0.000625381553042565	0.000255528975776193	6.50207189471661	0.071779183286457	0.0353806909432292
2.84833499296786	-1.16215194806927	0.00134023081507432	0.000607900900403658	6.42210535374396	0.0711281701482776	0.0350751230057863
2.85833499296786	-1.09838405404175	0.00204689491335629	0.00095639142274904	6.329395737243	0.0701451238602757	0.0346047006647788
2.86833499296786	-1.03560468408647	0.0027421678479402	0.00129933507645641	6.22449263016708	0.0688726804207902	0.0339362111805437
2.87833499296786	-0.973932718255693	0.00342308803706042	0.00163506088479026	6.10802312504311	0.0672684731786607	0.0331783232761738
2.88833499296786	-0.91348068861693	0.00408681407093243	0.00196216064945083	5.98062043357181	0.0654262259236742	0.0322316058006877
2.89833499296786	-0.854354449774554	0.00473082353449398	0.00227923616280488	5.84297995628499	0.0633345395763293	0.0311680726757046
2.90833499296786	-0.796652874755193	0.00535282175307422	0.0025850928745055	5.69580460201067	0.0610368777421204	0.0299775173148516
2.91833499296786	-0.740467700429489	0.00595081687983589	0.00287865904458611	5.53981724448014	0.0585495754171594	0.0286957233695284
2.92833499296786	-0.685883451019473	0.00652311774362361	0.00315901503597204	5.37574574051517	0.0558811057653526	0.0273728889534049
2.93833499296786	-0.632977439461937	0.00706827614988982	0.00342549880147737	5.20428907167947	0.0531222639332973	0.0259301695391485
2.94833499296786	-0.581819907468614	0.00758522238268766	0.0036774953178066	5.02616145966786	0.0502571087478963	0.0244569795284809
2.95833499296786	-0.532474170204411	0.00807314105200072	0.00391462565804127	4.8420382129727	0.0473331496914449	0.0229414212150052
2.96833499296786	-0.484996880684316	0.00853153973745757	0.00413662232446274	4.65257926418002	0.0443539010724066	0.0214389510013635
2.97833499296786	-0.439438309958737	0.00896017124784728	0.0043434271270628	4.45839829627294	0.0413721824271396	0.01992434864553
2.98833499296786	-0.395842705565692	0.00935907308134267	0.00453509673932917	4.26007980803391	0.038413564982849	0.0184118461098345
2.99833499296786	-0.354248666728067	0.00972853794316861	0.00471181078655344	4.05817147687572	0.035492845370762	0.0169285625856915
3.00833499296786	-0.314689545034183	0.0100690818748662	0.00487387860585695	3.85317745418199	0.0326305300251011	0.0154880340535345
3.01833499296786	-0.277193865008971	0.0103814223509517	0.00502172629844764	3.64555713442862	0.0298526272877542	0.0140901972001598
3.02833499296786	-0.241785757716755	0.0106664713323317	0.00515585723957399	3.43573107428253	0.0271673769263772	0.0127578851303061
3.03833499296786	-0.208485381949598	0.0109252777568229	0.00527689069849701	3.22406826689805	0.0246120044210538	0.011462894284469
3.04833499296786	-0.177309364750853	0.0111590580685074	0.00538546039651607	3.01090849658805	0.0221746308457536	0.0102492024889065
3.05833499296786	-0.14827120182729	0.0113691195708654	0.00548228247555616	2.7965434976073	0.0198672197487015	0.00911787454888505
3.06833499296786	-0.121381661264074	0.0115568510649124	0.00556811795413122	2.58122462755612	0.0177040782044189	0.00806110558893626
3.07833499296786	-0.0966491660792453	0.0117237063462043	0.00564374788650823	2.36516788389548	0.0156912560343565	0.00707912853118113
3.08833499296786	-0.074080151986686	0.0118711788900738	0.00570996445428312	2.14855543470428	0.0138295921687055	0.00617562984243529
3.09833499296786	-0.0536794007377303	0.0120007781763336	0.00576756190627292	1.93153758966757	0.0121169671200399	0.00535445607381964
3.10833499296786	-0.0354503464216474	0.0121140051717793	0.00581733159120429	1.714234129016	0.0105534867014455	0.00461172107318658
3.11833499296786	-0.0193953558806014	0.0122123363837775	0.00586004643897628	1.49673856550884	0.00913648916571489	0.00394399201107963
3.12833499296786	-0.00551597926825331	0.0122972058521193	0.00589645180321658	1.27912113733421	0.00786045793229083	0.00334874187038797
3.13833499296786	0.00618682919237142	0.0123699878370389	0.00592725836090385	1.06143156321258	0.00671800103629468	0.00282311833925546
3.14833499296786	0.0157125205087255	0.0124319809091594	0.0059531359227593	0.843701813886658	0.00570089679677369	0.0023626021812028
3.15833499296786	0.0230607903112057	0.0124843942647943	0.00597470676941641	0.625949216114231	0.00480000346558314	0.00196144739847124
3.16833499296786	0.0282314485951553	0.0125283358101457	0.00599253909843805	0.408179721555665	0.00400460085102084	0.0016140040389241
3.17833499296786	0.0312243201924802	0.0125648008029936	0.00600714234550945	0.190390886757459	0.00330278487018447	0.00131436208291617
3.18833499296786	0.0320391757656323	0.0125946618101244	0.00601896300850208	-0.0274251151778174	0.00268174391328546	0.00105616435500408
3.19833499296786	0.0306756933297617	0.0126186599136608	0.00602838090670293	-0.245278449243976	0.00212790870012187	0.000832602432835386
3.20833499296786	0.0271334503280876	0.0126373970498599	0.00603570590218759	-0.463178558003419	0.00162704745197904	0.000636483930651456
3.21833499296786	0.0214119463058438	0.012651329354824	0.00604117514552298	-0.681131111222753	0.00116440514653236	0.000460218878646062
3.22833499296786	0.0135106561308088	0.0126607618111832	0.0060449502907672	-0.899134835935997	0.000724423663843893	0.000296459924983801
3.23833499296786	0.00342911412517466	0.0126658430359948	0.00604711644320042	-1.11717866944256	0.000291646152431841	0.000136873593599383
3.24833499296786	-0.00883297152112327	0.0126665626016616	0.00604767913647027	-1.33523832017401	-0.000150509754554135	-2.5726866633071e-05
3.25833499296786	-0.0232755731062134	0.0126627475315853	0.00604656460709962	-1.55327354934861	-0.000618377871766281	-0.000199335264125874
3.26833499296786	-0.0398981672804704	0.0126540604080459	0.006043619755015	-1.77122527651775	-0.00112734139999962	-0.000393632453517678
3.27833499296786	-0.0586995293341387	0.0126400018341079	0.00603860764644515	-1.98901149387647	-0.00169552802155799	-0.000613902165271272
3.28833499296786	-0.0796774953714312	0.0126199069170833	0.00603121510767474	-2.20652607803561	-0.00233716798063473	-0.00087122459069129
3.29833499296786	-0.102828697759518	0.0125929532802103	0.00602104522935972	-2.42363379501232	-0.00306997752050034	-0.00117050294113926
3.30833499296786	-0.128148269004102	0.0125581600910081	0.00600762744227361	-2.64016957256437	-0.00390745659016987	-0.00152224666212438
3.31833499296786	-0.155629521129946	0.0125143993436206	0.00599041224687839	-2.85593392434869	-0.0048656259277091	-0.00193152549168053
3.32833499296786	-0.185263597077169	0.012460400870045	0.00596878021170389	-3.07069185746056	-0.00595783902375242	-0.0024056874876265
3.33833499296786	-0.217039099687763	0.0123947633706959	0.0059420464141965	-3.28417064085846	-0.00719461048928084	-0.00295411055872563
3.34833499296786	-0.25094170147815	0.0123159729425694	0.00590945851961578	-3.49605601908676	-0.0085902008432374	-0.00357724871609365
3.35833499296786	-0.286953733838177	0.0122224116394487	0.00587021637572095	-3.70599379779561	-0.0101511489279269	-0.00428411877959342
3.36833499296786	-0.325053767131343	0.0121123821748317	0.00582347242468704	-3.91358680452184	-0.0118832309376893	-0.00508068249751021
3.37833499296786	-0.36521618262889	0.0119841338055073	0.00576833672064907	-4.11839315617871	-0.0137956796091049	-0.00596253853772801
3.38833499296786	-0.407410739109667	0.0118358781724625	0.00570390424010303	-4.31993027368568	-0.0158869081917956	-0.00693679949917879
3.39833499296786	-0.451602148967282	0.0116658240624841	0.0056292587719852	-4.51767344422515	-0.018152604660674	-0.00800869774315101
3.40833499296786	-0.497749667369805	0.0114722160938342	0.0055434766001831	-4.71105475110414	-0.0205954317570967	-0.00916571328115631
3.41376246758331	-0.523598775598299	0.0113566692424855	0.00549193613780649	-4.81397281480247	-0.0219934817812836	-0.00982717426777922
3.42376246758331	-0.577507840885817	0.0112844732267667	0.0457688449887888	-6.28200424555572	1.29663133167751	5.68153984125411
3.43376246758331	-0.651777566966759	0.0482836216153987	0.0976181386521113	-8.3977863130728	5.64230832167716	5.01716799164792
3.44376246758331	-0.738158555019734	0.107707686750439	0.148409862623174	-8.67576652731051	5.85909000681865	4.91669209643383
3.45376246758331	-0.82340961187424	0.161913276846561	0.193780525349938	-8.34155892328172	4.9180166135493	4.12752666185671
3.46376246758331	-0.904871145364692	0.20585396188242	0.230850847899968	-7.95796178694398	3.88380635703685	3.30162360241161
3.47376246758331	-0.982805639467642	0.240055733319095	0.260223923651181	-7.64291215049557	2.98538773844437	2.59337423814449
3.48376246758331	-1.05799477246733	0.26611213463307	0.283164034159045	-7.4075168080044	2.25313517402605	2.01453886997653
3.49376246758331	-1.13118109112143	0.285617383202948	0.30089688335517	-7.23962843804192	1.67045992827924	1.55021575693638
3.50376246758331	-1.20296493616201	0.299947699130627	0.314475210441183	-7.12473995507467	1.21451495121862	1.18006065187963
3.51376246758331	-1.27380620732697	0.310246939232309	0.324767672911184	-7.04917706476575	0.861021509116873	0.889912267228163
3.51876441166131	-1.30899693899595	0.314184922501073	0.328911205384554	-7.02263332920873	0.71652256594585	0.769932619600721
3.52876441166131	-1.37439448252892	0.31935560737346	0.297668802248775	-5.77035042957449	-0.774315825428281	-4.96728551981461
3.53876441166131	-1.42129821341613	0.28710071079284	0.25164367414819	-3.78945746017959	-5.16660303368907	-4.63796167382216
3.54876441166131	-1.45662649157243	0.230557224258864	0.203734269755081	-3.48348223791728	-5.74580017578474	-4.72274446466892
3.55876441166131	-1.49338839158943	0.176711997361316	0.15978195816003	-3.92810106705313	-4.91350666217959	-4.01546759748475
3.56876441166131	-1.53560055351892	0.132980159499709	0.123859798418214	-4.51186845780978	-3.8385605791586	-3.17913037859163
3.57876441166131	-1.58335894191338	0.0994487643109123	0.0957643006027252	-5.02029130255449	-2.90367123147867	-2.46361265112814
3.58876441166131	-1.6356034180577	0.0741959221100653	0.0740683972545214	-5.40897614662783	-2.18071871654857	-1.90007648374348
3.59876441166131	-1.6911758505497	0.0552220031477952	0.0573288445842793	-5.68948716305172	-1.63975281799427	-1.46890657732522
3.60876441166131	-1.74909828477225	0.0409234196514433	0.0443718556883074	-5.88233081996548	-1.23900743791348	-1.13866984945078
3.61876441166131	-1.80859194309936	0.0300959379479734	0.0343025162056603	-6.00622279004704	-0.941077867812658	-0.88652774222163
3.62274932623736	-1.83259571459405	0.0265419260374948	0.0309377261324038	-6.03966532756468	-0.844719597538507	-0.803406978016647
3.63274932623736	-1.88786378523088	0.0174170588551956	-0.0153895521299703	-4.67485941364322	-2.35857622358537	-5.91605001044035
3.64274932623736	-1.92448291969587	-0.0284969747701453	-0.0700768686701005	-2.95012393130847	-6.07021342664612	-5.4308040683871
3.65274932623736	-1.95356849204515	-0.0897315285081762	-0.123313148210702	-3.02507516759149	-5.88196338175371	-5.03972211625931
3.66274932623736	-1.98635786892708	-0.143538377396483	-0.169388789858755	-3.54927278879462	-4.84508067634794	-4.1606841686548
3.67274932623736	-2.02445232677715	-0.186728381057317	-0.20670421385185	-4.05348760415172	-3.81713832385533	-3.32451909414003
3.68274932623736	-2.06703391712164	-0.2204983698924	-0.236359672044505	-4.44254911608909	-2.96815277337297	-2.63277886911897
3.69274932623736	-2.1129081609886	-0.246710416106561	-0.25981694532732	-4.71427035604858	-2.30140975450626	-2.0820378523372
3.70274932623736	-2.16098132455277	-0.267047653288694	-0.278374148957234	-4.88540173228166	-1.78810285589559	-1.64817781520668
3.71274932623736	-2.21034190635064	-0.282881929214462	-0.293088708188712	-4.97456076372091	-1.39634952956049	-1.30926840749252
3.72274932623736	-2.26025243111446	-0.29529411364224	-0.304804049545384	-4.99771970812595	-1.10015058277571	-1.04458507884353
3.73274932623736	-2.31012291523485	-0.305124936266313	-0.314183617566814	-4.96851345095749	-0.877063757010515	-0.839373938038165
3.74274932623736	-2.35948522669511	-0.313019590217719	-0.32174894422924	-4.8977148018039	-0.710374088454154	-0.679797781276614
3.75274932623736	-2.40796952722827	-0.319469459326084	-0.327905725663001	-4.79420532548326	-0.586155554870822	-0.556054615548523
3.76274932623736	-2.45528498237677	-0.324844525369279	-0.332968831495747	-4.66504917557875	-0.493629538783856	-0.460243315833123
3.77274932623736	-2.50120362602642	-0.329420424527132	-0.337181731829677	-4.51578381286091	-0.42469713486601	-0.385793529439525
3.78274932623736	-2.54554718792292	-0.33340031447197	-0.340732094468011	-4.35069407824592	-0.373467706016421	-0.327097796537088
3.79274932623736	-2.58817627387898	-0.336933071886499	-0.343762899732278	-4.1733288728149	-0.334831956574076	-0.280916466950412
3.80001080530166	-2.61799387799149	-0.339280659137781	-0.345701459637963	-4.03843963024682	-0.312485611490663	-0.253713722478871
3.81001080530166	-2.65989606866915	-0.346044259782491	-0.309614411191398	-4.63585362034804	0.142848990486741	5.22912945107436
3.82001080530166	-2.71340425829669	-0.325333989137624	-0.262269467829262	-6.06748705203879	4.00455255596082	4.25962490956606
3.83001080530166	-2.77804527257656	-0.27414513280962	-0.219136052718127	-6.5666279240846	5.58119334214567	4.41416274100354
3.84001080530166	-2.84153497472528	-0.219999466972255	-0.176859976574727	-6.04873084105971	5.0886185089833	3.95144667590639
3.85001080530166	-2.89825447395655	-0.173871453164158	-0.140924932910935	-5.28644811786715	4.11760896241584	3.23020134379679
3.86001080530166	-2.94740149489963	-0.137410478259169	-0.112131189954446	-4.55729194004088	3.19936766042644	2.548689429577
3.87001080530166	-2.98973919149471	-0.109276609672891	-0.0895254809558252	-3.92753092773594	2.45874309926536	1.99362871091422
3.88001080530166	-3.02627005185736	-0.0876619837815043	-0.0718504023803449	-3.39290884939305	1.88996265262847	1.55982536036357
3.89001080530166	-3.0578495819392	-0.0710186842979881	-0.0580112587321905	-2.93358931237992	1.45730239544323	1.22401417771032
3.90001080530166	-3.08513523247167	-0.0581586419882993	-0.0471446224431643	-2.53166096857992	1.1292775158656	0.96050767433827
3.91001080530166	-3.1086219416631	-0.0481872754631811	-0.0385938502695602	-2.17193514534247	0.876451304942602	0.757408127751688
3.92001080530166	-3.12868128492575	-0.0404364189244049	-0.0318498146215664	-1.84457345285671	0.681997742189593	0.598019168813241
3.93001080530166	-3.14559560955654	-0.0343992273531558	-0.0265219661643	-1.54184782978948	0.531771172735146	0.472663331535834
3.94001080530166	-3.15958097062048	-0.0296891106331375	-0.02230744089643	-1.25796683744431	0.415121254152776	0.374213768438705
3.95001080530166	-3.17080365267479	-0.026009746187316	-0.0189695792274136	-0.988690516442014	0.324501744497507	0.296475294628477
3.96001080530166	-3.17939237428401	-0.0231323877730098	-0.0163236219737573	-0.730678682384729	0.253795018380522	0.235284038227553
3.97001080530166	-3.18544691212074	-0.0208804227541979	-0.0142239629908133	-0.481512638050652	0.198864433001382	0.186549193289129
3.98001080530166	-3.18904497184424	-0.0191162834290305	-0.0125569179686588	-0.239115437776159	0.155789636823222	0.148258160657718
3.99001080530166	-3.19024687685292	-0.0177334112093805	-0.011232224173026	-0.00203923340758922	0.122148164531192	0.117879826168154
4.00001080530166	-3.18909957410787	-0.0166486276532154	-0.0101788655919901	0.230899358495605	0.0958709857896728	0.09374300965754
4.01001080530166	-3.18563954756617	-0.0157969464536645	-0.00934077626518701	0.460640725683745	0.0752942720946521	0.0746311292524067
4.02001080530166	-3.17989508800458	-0.0151275992409627	-0.0086734594507248	0.687889870027263	0.0592274195161664	0.0594282280935012
4.03001080530166	-3.17188815436506	-0.0146007166542032	-0.00814173760278492	0.913218190375511	0.0466548936774323	0.0474004525816534
4.04001080530166	-3.1616357856823	-0.0141850317420908	-0.00771755299905405	1.13703481759609	0.0368915124005656	0.037805231518068
4.05001080530166	-3.14915133090428	-0.0138558028593948	-0.00737870668218541	1.3596781128301	0.0292882795767664	0.0302428649007293
4.06001080530166	-3.13444538110454	-0.0135934998372247	-0.00710738781057483	1.58136880836837	0.0234282759528344	0.0242599108767773
4.07001080530166	-3.1175266226944	-0.0133825577177852	-0.0068893693791442	1.80225963495504	0.0189648168559994	0.0195366090869117
4.0789901909593	-3.10045523166481	-0.0132265782886865	-0.00672957906723763	2.00000000000125	0.0159111018941089	0.0161816509477397
