=========================== Parameters =====================================
l1 [m]	l2 [m]	l3 [m]	c1 [m]	c2 [m]	c3 [m]	m1 [kg]	m2 [kg]	m3 [kg]
0.25	0.28	0.1558	0.125	0.14	0.0779	0.1564	0.23764	0.1564
============================== Data ========================================
t [s]	th1 [rad]	th2 [rad]	th3 [rad]	th1d [rad/s]	th2d [rad/s]	th3d [rad/s]
0	0	0	0	0	0	0
0.01	-0.00172242915390824	0.00135876084338785	0.000330304715091957	-0.309231686059024	0.20122988875922	0.0600982678002348
0.02	-0.00587282399419116	0.0034283056156123	0.000975504676446006	-0.5147053802628	0.2009975258685	0.0640770508353768
0.03	-0.011965528773196	0.00528209909173283	0.00156899803047337	-0.703167375951298	0.168495803221192	0.05406958678394
0.04	-0.019936710761036	0.00679962709391146	0.00205539540847443	-0.891430730670204	0.13571594121598	0.0434201357152799
0.05	-0.0298031791864174	0.00801404266420963	0.0024429772199664	-1.08233480957453	0.108090208520595	0.0343934516777314
0.06	-0.0415922749995508	0.00897884313880854	0.00274920637691439	-1.27589131873212	0.0856783271586003	0.027113908543306
0.07	-0.055328251163444	0.00974216572183311	0.00299017680503975	-1.4716228129708	0.0676384643133154	0.0213020792937595
0.08	-0.0710303083897953	0.0103433391580662	0.00317905702181297	-1.6690268065581	0.0531129325901148	0.0166557900773289
0.09	-0.0887128562091713	0.0108137181746172	0.00332630238261958	-1.86765189381554	0.04137580185418	0.0129249225037052
0.1	-0.108386055321822	0.0111780987916932	0.00344012288996216	-2.06709541436093	0.0318304642396903	0.00992899429557738
0.11	-0.130056262008642	0.0114559851542803	0.00352695229112685	-2.26699507079519	0.024005838799684	0.00750507674042614
0.12	-0.153726334015344	0.0116626433474866	0.00359179741661256	-2.46701240731633	0.0175257311338065	0.00552011361610588
0.13	-0.179395804414079	0.0118099445706866	0.00363852340535541	-2.66681993632369	0.0120872628942898	0.00387115142552971
0.14	-0.2070609450661	0.0119070370933769	0.00367008551240604	-2.86609150250357	0.00744680880979085	0.00247762583474603
0.15	-0.236714740217414	0.0119608841459497	0.00368871345262328	-3.06449440154216	0.00340881798157379	0.00127539397396068
0.16	-0.268346787190695	0.0119766961962553	0.00369605771059348	-3.26168286858067	-0.000183463653381036	0.00021317845656211
0.17	-0.301943138494887	0.0119582797928275	0.00369330649339752	-3.45729285758459	-0.003455428821677	-0.000749903295762397
0.18	-0.337486097841733	0.011908320624865	0.00368127994903313	-3.6509380166854	-0.00650690756736808	-0.00164639738418629
0.19	-0.374953981276151	0.0118286148950263	0.00366050650724493	-3.84220672726178	-0.00941673351506546	-0.00250210133999591
0.2	-0.414320853611944	0.0117202597695561	0.00363128602217925	-4.03066028133543	-0.012245853321481	-0.00333848339712802
0.21	-0.455556250255821	0.0115838128558405	0.0035937397090381	-4.21583155740286	-0.0150411701717163	-0.00417112446785993
0.22	-0.498624893309933	0.0114194259156827	0.00354785318074119	-4.39722492282044	-0.0178377919233936	-0.00501040876239944
0.225615456889361	-0.523598775598299	0.0113148220261369	0.00351838880384607	-4.49723419797621	-0.0194191579600989	-0.00548545729461917
0.235615456889361	-0.575576552656115	0.0154362252131382	0.054670887162067	-6.31616920118501	2.38467287230449	5.85166069516951
0.245615456889361	-0.65002201470913	0.0610799267889608	0.108769147853329	-8.22527365218083	5.99091682933463	5.26817051405952
0.255615456889361	-0.732948772990342	0.120948403753423	0.158826518267319	-8.2073003378672	5.68776424012251	4.6401399765488
0.265615456889361	-0.813009216768412	0.172570369737164	0.200958463098967	-7.79560929503935	4.61768918891916	3.79092010228835
0.275615456889361	-0.888996654401544	0.213549403922758	0.234991089992183	-7.41591680683439	3.60544131835605	3.03637749814308
0.285615456889361	-0.961625657983846	0.245266393996559	0.262147935771755	-7.12459089481225	2.76783669120801	2.41559100441646
0.295615456889361	-1.03175630654817	0.269462137649538	0.283692487861705	-6.91343674107442	2.09656513738894	1.91191231734842
0.305615456889361	-1.10010728888559	0.287665309720681	0.300704210525798	-6.76604179644579	1.56505874980892	1.50528108686518
0.315615456889361	-1.16723882349371	0.30114110448822	0.314072013277491	-6.66730894503396	1.14724977186484	1.1803407715399
0.325615456889361	-1.23357566886311	0.310921214307149	0.324525084886575	-6.60515657378298	0.822325821197124	0.920997741090065
0.335615456889361	-1.29943174004396	0.317842235021951	0.332657451540102	-6.56969060592769	0.572870809567828	0.713972728044061
0.337071808023381	-1.30899693899575	0.31865377781513	0.333678074683146	-6.56621939977834	0.541844688593678	0.687745137778554
0.347071808023381	-1.36887735355116	0.319049045208157	0.290068830611257	-4.98065515943605	-1.93188343513171	-5.21110202017644
0.357071808023381	-1.40801237439773	0.277470091108355	0.241100962293165	-3.17523095339072	-5.65521363402896	-4.88545072146653
0.367071808023381	-1.43892342274279	0.219069742603507	0.194056227923997	-3.18750948117806	-5.67848652921786	-4.40577983901069
0.377071808023381	-1.47355104277687	0.167300842288908	0.153982073295436	-3.7669445327188	-4.6214988400541	-3.60081984471753
0.387071808023381	-1.51426248768401	0.126625092510466	0.121833657825731	-4.35983007536478	-3.54248279532464	-2.85204967210395
0.397071808023381	-1.5603387267351	0.0957012863591408	0.0964613233965148	-4.83385186541321	-2.68105458624403	-2.24620769741055
0.407071808023381	-1.61053652382535	0.0722963618319133	0.0764627565433411	-5.18734986892292	-2.03157241947943	-1.77269236345852
0.417071808023381	-1.66376029263895	0.0545244183242304	0.0606596137995233	-5.44310193979418	-1.54600864525996	-1.4037517626373
0.427071808023381	-1.71914215156725	0.0409671496088794	0.048133949369905	-5.62210922111469	-1.18235274779974	-1.11408072251677
0.437071808023381	-1.77600026905389	0.0305754155576798	0.0381791239489815	-5.74052439044139	-0.908878245021385	-0.885925667097117
0.446865926255381	-1.83259571459405	0.0227142459082539	0.030393904341638	-5.80941329732323	-0.706009876494814	-0.709837127503597
0.456865926255381	-1.88437328711757	0.0110618500557628	-0.0250768335798238	-4.13419097121063	-3.13413105402326	-6.09245336417462
0.466865926255381	-1.9159417550225	-0.0401345976804938	-0.0818043074672672	-2.59270304843772	-6.22819640225099	-5.51291005631773
0.476865926255381	-1.94262517079881	-0.100857817542801	-0.133510434261468	-2.8671603715615	-5.67965368227159	-4.74934736686053
0.486865926255381	-1.9741071513746	-0.152082228513983	-0.176493371206438	-3.42754119981114	-4.56429255363421	-3.8576724488074
0.496865926255381	-2.01088153331247	-0.192592173702104	-0.211145194817975	-3.90660892429911	-3.57161654776795	-3.097041489869
0.506865926255381	-2.05181820911044	-0.224200452506946	-0.23891910170709	-4.26064947069971	-2.78233676870797	-2.48101869667175
0.516865926255381	-2.09572392196672	-0.248830255918245	-0.261177569866617	-4.50369878668747	-2.17002296368329	-1.98939848364133
0.526865926255381	-2.14158922420682	-0.268070800067243	-0.279042382782282	-4.65579636530434	-1.69877210241216	-1.59877799900827
0.536865926255381	-2.18859510183926	-0.28317588540174	-0.293414842979185	-4.7344284104165	-1.33856923557601	-1.28734087817521
0.546865926255381	-2.23608336589839	-0.295124580464318	-0.305011479339872	-4.75449662761906	-1.06372969035048	-1.04148047251857
0.556865926255381	-2.28352806009828	-0.304674351492554	-0.314406443772072	-4.72749122330297	-0.855878019783058	-0.845092748531648
0.566865926255381	-2.33050958402788	-0.312409648239834	-0.322052870859727	-4.66327760845631	-0.698597845018274	-0.690097755568335
0.576865926255381	-2.37669472701158	-0.318776299487735	-0.32831235625862	-4.56940311147338	-0.580220047989114	-0.56681725010119
0.586865926255381	-2.42181921409652	-0.32411254703938	-0.333470569236321	-4.4519944592659	-0.491340525419453	-0.46830136047603
0.596865926255381	-2.46567365772162	-0.328673294378427	-0.33775189557029	-4.31614273610536	-0.423972310245782	-0.390848818689719
0.606865926255381	-2.50809266612349	-0.33264787280543	-0.341335500435659	-4.16549907460902	-0.373229896800273	-0.328282627186618
0.616865926255381	-2.54894518550707	-0.336177090120992	-0.344360544671767	-4.00328472826742	-0.334325021486057	-0.278526607806965
0.626865926255381	-2.58812766407693	-0.339363828094742	-0.346937540004109	-3.83186811068187	-0.304206462329903	-0.238440084885282
0.634805851508187	-2.6179938779915	-0.341700499507724	-0.34872280364706	-3.69047563149485	-0.284989440034234	-0.211903359999153
0.644805851508187	-2.65724750554975	-0.344930941008027	-0.301811952463892	-4.56339507375985	1.07251103968595	5.43846601156477
0.654805851508187	-2.71048168505807	-0.315781801167251	-0.252624959720878	-6.07069555521489	4.72375894947887	4.48789972386734
0.664805851508187	-2.77342616931359	-0.261673952504982	-0.207886326837815	-6.2668039471837	5.60800213213145	4.3161640953684
0.674805851508187	-2.83312722411641	-0.208871492669259	-0.167949610866351	-5.61664377593737	4.8398840380204	3.64043895675911
0.684805851508187	-2.88541785348711	-0.165595374019673	-0.135147391678177	-4.84777147556943	3.82444305153599	2.93365842010895
0.694805851508187	-2.93038487466144	-0.131851402566127	-0.108905749138298	-4.16413146271402	2.95763585262667	2.33596355970414
0.704805851508187	-2.96906176516479	-0.105787312703276	-0.0880212153081112	-3.58787156722702	2.28551647529381	1.85930984692778
0.714805851508187	-3.00243421053912	-0.0856096255061468	-0.0713813139702676	-3.09929090127688	1.77311070586061	1.48357761352256
0.724805851508187	-3.03126786027626	-0.0699226882092117	-0.0580930649310388	-2.67686066014143	1.38136776882679	1.18597816327361
0.734805851508187	-3.05613609532018	-0.0576820749617355	-0.0474606278151253	-2.3038811621332	1.07961764474405	0.949712849053016
0.744805851508187	-3.07746993067946	-0.0481040932901152	-0.0389401385403161	-1.96828906246789	0.845757496439123	0.761593821608312
0.754805851508187	-3.09559712853074	-0.0405941178843571	-0.0321038341934655	-1.66130985058064	0.663753278410618	0.611327181474117
0.764805851508187	-3.11076955719126	-0.0346963135814156	-0.0266137714385784	-1.37636393793697	0.521500163727804	0.491458031281344
0.774805851508187	-3.12318211468558	-0.030059102982076	-0.0222007746669706	-1.10863799555942	0.410387327564482	0.39487206500789
0.784805851508187	-3.13298664098853	-0.0264092045208339	-0.018651574945415	-0.854240197562614	0.323144126951427	0.317724804429125
0.794805851508187	-3.14030168298174	-0.02353404128761	-0.015795200835027	-0.610308064860914	0.254643711066771	0.255804643693161
0.804805851508187	-3.14522014018395	-0.0212674498039532	-0.0134952270058163	-0.37456840463496	0.200753496044866	0.206189135301812
0.814805851508187	-3.14781489006179	-0.0194794388296152	-0.0116421804508182	-0.145296611219582	0.158425537756158	0.166152744061777
0.824805851508187	-3.14814322408895	-0.0180679622682168	-0.0101485151703756	0.0788937740347628	0.12516273656037	0.133833030146092
0.834805851508187	-3.1462502188564	-0.0169528010840794	-0.00894407172908106	0.299104698276139	0.0989633897074289	0.107872529023636
0.844805851508187	-3.14217136561361	-0.0160708455056061	-0.00797242482000243	0.51618391888884	0.0783120273171835	0.087061814158837
0.854805851508187	-3.1359346660901	-0.0153723562917929	-0.00718815740558407	0.730781732615405	0.0620593150866346	0.0703428594935818
0.864805851508187	-3.1275623045268	-0.0148180414590678	-0.00655470977679194	0.943398763311456	0.0493142064322426	0.0568478074185697
0.874805851508187	-3.11707199801205	-0.0143767619068511	-0.00604268813934897	1.15442774227687	0.0393427674731887	0.0459715385940997
0.884805851508187	-3.10447808223359	-0.0140237927954162	-0.00562837081332793	1.36415845003347	0.0315792378900716	0.0372059788686367
0.894805851508187	-3.08979242687337	-0.0137394170396963	-0.00529262254037009	1.57280188559565	0.0255653685005406	0.0301813951093267
0.904805851508187	-3.0730251989164	-0.0135078591215138	-0.00501993177184119	1.78049085092154	0.0209621045595264	0.0245524234384268
0.914805851508187	-3.05418553441838	-0.0133164110112351	-0.00479773085807752	1.98729743476359	0.0175004822868847	0.020052243127016
0.915421509360332	-3.05295812733222	-0.0133056958043162	-0.00478545312210778	2.00000000000015	0.017324522336602	0.0197951018804475
0.925421509360332	-3.03192794835393	-0.0131455872331687	-0.00460572642471521	2.20588786416677	0.0148420111570152	0.0162705724709751
0.935421509360332	-3.00884336705161	-0.0130063705232697	-0.00445749408628502	2.41087140238667	0.0131183028324899	0.0134815712223084
0.945421509360332	-2.98371380657971	-0.0128811381475861	-0.00433403452668709	2.61486625137647	0.0120247353380176	0.0113009778768265
0.955421509360332	-2.95654976971645	-0.0127640990570795	-0.00422981820992431	2.81774152299544	0.011464274113983	0.0096195783274934
0.965421509360332	-2.92736328641713	-0.0126503271763748	-0.00414027616597885	3.01932245891498	0.0113614049906288	0.0083502958501179
0.975421509360332	-2.89616834851587	-0.0125355675012365	-0.00406161196579761	3.21939186417417	0.0116557475884212	0.00742737762010219
0.985421509360332	-2.86298133552228	-0.0124160880035865	-0.00399064944917992	3.41769079385447	0.0122982172866587	0.00680255378318341
0.995421509360332	-2.82782143238843	-0.0122885718819458	-0.00392470062751773	3.61391706925027	0.0132548390057003	0.00642489241745794
1.00542150936033	-2.79071104349204	-0.0121500298988362	-0.00386148071642137	3.80772810523013	0.0144970232112032	0.00625610960741398
1.01542150936033	-2.75167619747291	-0.011997741082862	-0.00379903155473329	3.99874161580461	0.0160000092313954	0.00626736094739655
1.02542150936033	-2.71074694178489	-0.0118292128454897	-0.00373566078065277	4.18653647132001	0.0177422309070856	0.00643507705537257
1.03542150936033	-2.66795772361211	-0.0116421559284511	-0.00366989613921457	4.37065428520423	0.019703972146564	0.00673962979526865
1.04542150936033	-2.62334775238424	-0.0114344715408809	-0.0036004516126451	4.55060166731871	0.0218657830258614	0.00716548518342248
1.05542150936033	-2.57696133811603	-0.0112042489458239	-0.00352620144108984	4.72585285949368	0.0242078289109082	0.00769981469381387
1.06542150936033	-2.52884819903048	-0.0109497722365643	-0.00344615805927725	4.8958523795128	0.0267116005803338	0.0083259357799467
1.07542150936033	-2.47906373289306	-0.0106695302263965	-0.00335946276143464	5.06001969411219	0.0293574026991373	0.00902775184677716
1.08542150936033	-2.42766924403774	-0.0103622304950714	-0.00326538100771412	5.2177546194204	0.0321220125897836	0.00979429992231825
1.09542150936033	-2.37473211857884	-0.0100268166268091	-0.00316329971042422	5.3684431402775	0.0349775271955258	0.0106218488382013
1.10542150936033	-2.32032593942998	-0.00966249106826426	-0.00305271588908191	5.51146175477147	0.0378975971859962	0.0114982147610197
1.11542150936033	-2.26453053715654	-0.00926873280433113	-0.00293323903807914	5.64618476162952	0.0408561831334653	0.0124059362780018
1.12542150936033	-2.20743196948652	-0.00884531203060178	-0.00280459794436042	5.77199276223689	0.0438242902654866	0.0133308088897769
1.13542150936033	-2.14912242317342	-0.00839230447668285	-0.00266664190782885	5.88828045363117	0.0467706875015261	0.0142609185984666
1.14542150936033	-2.08970003544407	-0.00791010062806522	-0.00251934501703821	5.99446535406454	0.0496606728939832	0.0151907791764344
1.15542150936033	-2.02926863147015	-0.00739941301380975	-0.00236280312249933	6.08999539446448	0.0524591806079956	0.0161149866943163
1.16542150936033	-1.96793737690195	-0.00686128220494247	-0.00219721988060387	6.17435457395213	0.0551402495724457	0.0170063394820449
1.17542150936033	-1.90582035218074	-0.00629706339235534	-0.00202292526762627	6.24707491173087	0.057674796590586	0.0178476000648057
1.18542150936033	-1.84303604627711	-0.00570841272728278	-0.00184037854023828	6.30774526869036	0.060027286734801	0.0186413412262975
1.19542150936033	-1.77970677440077	-0.00509727703621216	-0.00165014666454752	6.35601512671352	0.0621669226043326	0.0193839376351626
1.20542150936033	-1.71595803134314	-0.0044658740703615	-0.0014528904751043	6.39159935828217	0.0640726051237328	0.0200548373451791
1.21542150936033	-1.65191779157609	-0.00381665897233505	-0.00124937039114698	6.41428607793888	0.0657240768944274	0.0206397818607236
1.22542150936033	-1.58771576286833	-0.00315229308220112	-0.0010404336344584	6.42394005365162	0.067103694704136	0.0211276068027576
1.23542150936033	-1.52348261021818	-0.00247560275028383	-0.000827015485859404	6.42050779428186	0.0681880822261527	0.0215317854350504
1.24542150936033	-1.45934915732239	-0.00178955121837952	-0.00061010009061585	6.40401367125488	0.0689647403921017	0.0218501325711553
1.25542150936033	-1.39544558629492	-0.00109720384560116	-0.000390692097112486	6.37455687034139	0.069440939432072	0.0220432866934241
1.26542150936033	-1.33190065703529	-0.000401665111073853	-0.000169855058498975	6.33231990655281	0.0696092683216597	0.0221198731005271
1.27542150936033	-1.26884094261727	0.000293952207930334	5.13297900227974e-05	6.27756045350344	0.0694639068908158	0.0220962452141683
1.28542150936033	-1.20639010517663	0.00098656147374475	0.000271793531084064	6.21060404306672	0.0690096405939386	0.0219738899180772
1.29542150936033	-1.14466822552894	0.00167314289103463	0.000490489484415924	6.1318394184987	0.0682581821769007	0.0217479310463138
1.30542150936033	-1.08379119515608	0.00235078333181238	0.000706398563832552	6.04171365618538	0.0672219824405177	0.0214216406973147
1.31542150936033	-1.02387017659627	0.00301670586479006	0.000918551623347751	5.94072304392589	0.0659195423186706	0.0209924035921689
1.32542150936033	-0.965011144602275	0.00366830771416083	0.00112602102025981	5.82940908893706	0.0643618039483483	0.0204842540654067
1.33542150936033	-0.907314502197364	0.00430317206690346	0.00132796581397249	5.70834355951001	0.0625738532643815	0.0198931707632988
1.34542150936033	-0.850874788013227	0.0049191005904495	0.0015236139735729	5.57812523320338	0.0605773195237128	0.0192293044554817
1.35542150936033	-0.795780462575035	0.00551412507983477	0.00171228390460794	5.43936880718035	0.0583991042403382	0.0184941952286867
1.36542150936033	-0.742113780844254	0.00608652858177747	0.00189337005773254	5.29270065047029	0.0560582776478251	0.0177118736423397
1.37542150936033	-0.689950737447912	0.00663484265274355	0.00206637524154758	5.13874563241896	0.0535840758247896	0.0168832193266622
1.38542150936033	-0.63936109148298	0.00715786046160981	0.00223089170035022	4.97812404822639	0.051002232439763	0.0160185178628796
1.39542150936033	-0.590408454990383	0.00765463353032676	0.00238661118278187	4.81144329516031	0.0483409900119419	0.0151215082074665
1.40542150936033	-0.543150444845332	0.00812447497648353	0.0025333081005128	4.63929516963232	0.0456209102154115	0.0142135031446093
1.41542150936033	-0.497638882715233	0.00856694380970516	0.00267085970702096	4.46224653874917	0.0428693343731274	0.0132967518878048
1.42542150936033	-0.453920044574592	0.00898184197847186	0.00279922576121703	4.28083837934749	0.040109726717113	0.0123799042003557
1.43542150936033	-0.412034944173708	0.00936919914947128	0.00291845069432255	4.09558106799152	0.0373661522300228	0.0114662257081733
1.44542150936033	-0.372019647862348	0.0097292630177459	0.00302864528929775	3.90695421718397	0.0346552370841381	0.0105728310326454
1.45542150936033	-0.333905607191329	0.0100624752572029	0.00312999837066733	3.71540132548904	0.0319978256411561	0.00970140334856908
1.46542150936033	-0.297720009660982	0.0103694581590376	0.00322275752014053	3.52133097301692	0.0294111667317944	0.00885709802603626
1.47542150936033	-0.263486135506657	0.0106509935005571	0.00330722575313223	3.3251154945986	0.0269115675776013	0.00804170955643548
1.48542150936033	-0.231223718410462	0.0109080064336395	0.00338374344235859	3.1270930097677	0.0245077536008465	0.00726989606407221
1.49542150936033	-0.200949299111954	0.0111415351897852	0.00345270422361988	2.92756338648559	0.0222160341372779	0.00653165673041819
1.50542150936033	-0.172676577376157	0.0113527201694033	0.00351452241608358	2.72679397742601	0.0200444004138231	0.00583161417153766
1.51542150936033	-0.146416749724064	0.011542783485963	0.00356962485002434	2.52502105975466	0.017992117064299	0.00519008913940477
1.52542150936033	-0.122178828259421	0.0117129946137724	0.00361847805877648	2.32244479369437	0.0160718455221683	0.0045886668440529
1.53542150936033	-0.0999699512109883	0.011864666493095	0.0036615421018675	2.11923864486062	0.0142845242416856	0.00403240982245586
1.54542150936033	-0.0797956672247817	0.0119991296875501	0.00369928108258432	1.91554815029455	0.0126303196340287	0.00352307695291041
1.55542150936033	-0.0616602005766999	0.0121177143180748	0.00373215708436548	1.71149311330745	0.0111086892659798	0.00305926594097658
1.56542150936033	-0.0455666944141288	0.0122217345940675	0.00376062078521755	1.50717064744756	0.00971601371661868	0.00264257180201839
1.57542150936033	-0.0315174289908939	0.0123124692111419	0.00378511553750856	1.30265580118872	0.00845155416679159	0.00226320858236458
1.58542150936033	-0.019514019108288	0.0123911540731052	0.00380605424741333	1.09800757588182	0.00730568607517195	0.0019293940694821
1.59542150936033	-0.00955758203651255	0.0124589599476052	0.00382383696344256	0.893267228523354	0.00627391226796244	0.0016330903274644
1.60542150936033	-0.00164888477567767	0.0125169856708927	0.0038388332786878	0.688463467493067	0.00534805246189777	0.00137208202661384
1.61542150936033	0.00421153609633104	0.0125662450845303	0.00385138350297487	0.483614126472044	0.00451918829453943	0.00114302444611728
1.62542150936033	0.00802327914603456	0.0126076575511607	0.00386179408288317	0.278729029707517	0.00377667450538539	0.000944191349977228
1.63542150936033	0.00978600891538104	0.0126420370937369	0.00387033945557981	0.0738116927324439	0.00311103408685882	0.000768613175299334
1.64542150936033	0.00949941068901298	0.0126700874975637	0.00387725190146847	-0.131136602437608	0.00250896322627167	0.000616689159283493
1.65542150936033	0.00716317280077975	0.0126923913729803	0.00388272910574726	-0.336116083284446	0.00195947916164137	0.000481268334729331
1.66542150936033	0.00277699234346991	0.0127094070001047	0.00388692498989029	-0.541124485874961	0.0014491786067167	0.000359605898156576
1.67542150936033	-0.00365939224107822	0.0127214614053737	0.00388995234553913	-0.746155279647877	0.000964897279477857	0.000247043072890454
1.68542150936033	-0.0121461437229791	0.0127287464684245	0.00389188041074815	-0.951194870411947	0.000492977390414835	0.000139055972173216
1.69542150936033	-0.0226832429885686	0.0127313153914663	0.00389273397528845	-1.15622005607448	1.93735322543166e-05	3.12398190930522e-05
1.70542150936033	-0.0352703804943082	0.0127290801588044	0.00389249252233858	-1.36119545159018	-0.000470356307304751	-8.04110812345644e-05
1.71542150936033	-0.0499068221862991	0.0127218094818142	0.00389109085571446	-1.56607116360323	-0.000990258896925159	-0.000201191770561204
1.72542150936033	-0.0665912505216444	0.0127091289161848	0.00388841716272838	-1.77077994478464	-0.00155498521651211	-0.000334925487729789
1.73542150936033	-0.0853215800046672	0.0126905204023863	0.00388431551571429	-1.97523519038389	-0.00217809837122159	-0.000487800507865129
1.74542150936033	-0.106094748976266	0.0126653256345302	0.00387858251465721	-2.17932778833568	-0.00287434616582166	-0.000662408660837212
1.75542150936033	-0.128906486556653	0.0126327476885081	0.00387097202911436	-2.38292454063579	-0.00365694901730943	-0.000864035853626412
1.76542150936033	-0.153751057352776	0.0125918567984775	0.00386119392275818	-2.58586545267431	-0.00453897999792212	-0.00109679465681266
1.77542150936033	-0.180620983979484	0.0125415965923485	0.00384891650149241	-2.78796178419468	-0.00553265015130672	-0.00136488733562294
1.78542150936033	-0.20950674947758	0.0124807926988691	0.00383376838007029	-2.98899406385435	-0.00664928649075968	-0.00167210600324391
1.79542150936033	-0.240396481454102	0.0124081633330963	0.00381534125127955	-3.18871038559053	-0.00789909683497564	-0.00202181046740929
1.80542150936033	-0.273275620461796	0.0123223321478443	0.00379319330639051	-3.38682497676346	-0.00929092660377632	-0.00241688341559941
1.81542150936033	-0.308126575621034	0.0122218434451651	0.0037668534565095	-3.58301711135468	-0.0108319539099965	-0.00285980448961382
1.82542150936033	-0.344928371074779	0.0121051798171006	0.00373582645419034	-3.77693043744731	-0.0125272977900117	-0.00335291862327093
1.83542150936033	-0.383656287479459	0.0119707822114792	0.00369959904350274	-3.96817279904723	-0.0143794893120209	-0.00389904032041103
1.84542150936033	-0.424281503602476	0.0118170731108532	0.00365764536860213	-4.15631627046462	-0.016388962834256	-0.00449956051006262
1.85542150936033	-0.466770743262174	0.0116424818580892	0.00360943369549261	-4.3408978640386	-0.0185542562757252	-0.00515331446862175
1.86542150936033	-0.511085933574203	0.0114454714255507	0.00355443560455532	-4.52142119952098	-0.0208711710121708	-0.00585808974534887
1.86817406208562	-0.523598775598299	0.011387110456432	0.00353803626930523	-4.57032930189349	-0.0215350257854323	-0.00605970145001055
1.87817406208562	-0.576305355513804	0.015484211415993	0.0546779148720219	-6.3886451329223	2.38137832799689	5.85080718440515
1.88817406208562	-0.651473445317924	0.0610906698997962	0.108768043233475	-8.29786319429766	5.98787513606925	5.26712407536249
1.89817406208562	-0.735124958666701	0.120925889987483	0.158813978267657	-8.27950523733307	5.68381975529224	4.6389527798482
1.90817406208562	-0.815903942315764	0.172501262873718	0.200930987682172	-7.86716503772086	4.61252918380516	3.7886356281729
1.91817406208562	-0.89260291429253	0.21342096737797	0.234942924939601	-7.48666664173738	3.59877123178965	3.03465846687764
1.92817406208562	-0.965936735373755	0.245069346229508	0.262077000626313	-7.19484713753751	2.76098437539661	2.41247602069601
1.93817406208562	-1.03676616016414	0.269192978013387	0.283595594977245	-6.982979242504	2.08921442700332	1.90947810258689
1.94817406208562	-1.10580951015354	0.287323852792372	0.30058152223394	-6.83494553257842	1.55794695999147	1.50272148497773
1.95817406208562	-1.17362650188774	0.30073069704118	0.313924164781101	-6.73547640330479	1.14059847239221	1.17791791809123
1.96817406208562	-1.24064090062068	0.310447532306578	0.324353891759312	-6.67249848004827	0.816415264157603	0.918595029545247
1.97817406208562	-1.30716540482259	0.317312788333268	0.332464999475441	-6.63601888626314	0.567673679364356	0.712058276761759
1.9784500740093	-1.30899693899575	0.317468693040884	0.332660731206425	-6.63528532747326	0.561663804707492	0.707171672350075
1.9884500740093	-1.36951793930376	0.317963152633723	0.289246636448716	-5.03994867345521	-1.93100790497838	-5.19445261132022
1.9984500740093	-1.40923659659248	0.276387160443404	0.240391490484206	-3.23630748828237	-5.64845377927539	-4.87668172944136
2.0084500740093	-1.44077725274787	0.218096839233681	0.193442856238957	-3.25173534930271	-5.66427949264815	-4.396842501232
2.0184500740093	-1.47604619056022	0.16647257170295	0.153464346397692	-3.83039280581417	-4.60821345093611	-3.58896565567251
2.0284500740093	-1.51738717951449	0.125930490973092	0.121405140482941	-4.42207918416113	-3.52957797487142	-2.84508755340366
2.0384500740093	-1.56407559872181	0.0951219675005859	0.0961039513046176	-4.89388376707742	-2.67137584699384	-2.23768367025067
2.0484500740093	-1.61486673680192	0.0718121259700211	0.0761659086538472	-5.24556419696333	-2.02361266989788	-1.76554164476885
2.0584500740093	-1.66866561958699	0.0541186306185196	0.0604127760913179	-5.49955616852141	-1.53942932507367	-1.39791893550763
2.0684500740093	-1.72460458328678	0.0406254591021824	0.0479291636469747	-5.67698977098824	-1.17637066054733	-1.11075247683256
2.0784500740093	-1.78200216345412	0.0302863655427303	0.0380080963624221	-5.79365688836351	-0.903904339738419	-0.883462946813292
2.08713237017244	-1.83259571459405	0.0232587934423907	0.03104669753974	-5.85523285302246	-0.722216849351742	-0.725744847135047
2.09713237017244	-1.88481423992303	0.0113992159822429	-0.0245155280736122	-4.17679595759482	-3.15861391488775	-6.09616720223655
2.10713237017244	-1.91684343040611	-0.0399652614724498	-0.0813125253431913	-2.64456139569574	-6.23330343831626	-5.51886849326541
2.11713237017244	-1.94407261997598	-0.100686760159529	-0.1330574638052	-2.92341585609068	-5.67625820393821	-4.75150747102943
2.12713237017244	-1.97612339565768	-0.151865007947452	-0.176051941737587	-3.48521099738145	-4.55751683669399	-3.86154898639135
2.13713237017244	-2.01347154330197	-0.192316306790482	-0.21070992960848	-3.96380539148536	-3.566115503396	-3.09623093447424
2.14713237017244	-2.05497932636621	-0.223867369846462	-0.238482535628935	-4.3174533053239	-2.77701254490588	-2.48024456151355
2.15713237017244	-2.09945030730539	-0.248445028725674	-0.260737312136725	-4.55991205513521	-2.16495799883587	-1.98945358755695
2.16713237017244	-2.14587305616404	-0.267640139990081	-0.278599193888148	-4.71102877816354	-1.69483521847226	-1.59797656013037
2.17713237017244	-2.19342685916222	-0.282708548710853	-0.292967804989782	-4.78882473941633	-1.33498645813121	-1.28785970956103
2.18713237017244	-2.24145307762185	-0.294628325664482	-0.304563269508776	-4.80770885659271	-1.06144421495096	-1.04093111662385
2.19713237017244	-2.28942502359972	-0.30415774151162	-0.31395712063866	-4.77971737234199	-0.854117241053583	-0.845329477330478
2.20713237017244	-2.33692321079029	-0.31187997815906	-0.321604134161598	-4.71446759880133	-0.697467384086762	-0.690656980799283
2.21713237017244	-2.38361461894702	-0.318239909902754	-0.327866183587088	-4.61947109278443	-0.579992414470952	-0.566766049536947
2.22713237017244	-2.42923506544067	-0.323575590902881	-0.333027008531001	-4.50118186010071	-0.491254699818544	-0.469349419172784
2.23713237017244	-2.47357587607299	-0.328140054613797	-0.337313378008085	-4.36426160724786	-0.424706254292271	-0.391015334440127
2.24713237017244	-2.51647186456885	-0.332122710133133	-0.340901966787935	-4.21276772190061	-0.374155632726151	-0.328964423790933
2.25713237017244	-2.55779267066207	-0.335663073003289	-0.343933186220735	-4.04968174681934	-0.335620630267579	-0.279069304339875
2.26713237017244	-2.59743522629075	-0.338863607392487	-0.346516797713727	-3.87747679696651	-0.30572397343009	-0.239055469477264
2.27250034111158	-2.6179938779915	-0.340468285788516	-0.347750029636368	-3.78195977418496	-0.292379439920297	-0.220872064109684
2.28250034111158	-2.65822346830608	-0.343642839465852	-0.300982872298701	-4.66669340545909	1.09038525286753	5.42126782354325
2.29250034111158	-2.71253648535484	-0.314218233774558	-0.251940738664699	-6.17612729005331	4.74463515325327	4.49060786367064
2.30250034111158	-2.77642162146595	-0.260115447425428	-0.207228068233471	-6.3528822950668	5.59275638139833	4.30946883455035
2.31250034111158	-2.83695076171522	-0.207520713495204	-0.167383839452847	-5.69748780066527	4.81581440722187	3.63089682701395
2.32250034111158	-2.89004917225377	-0.16448079603428	-0.134681272881011	-4.92887065191802	3.80188377767788	2.92405018820067
2.33250034111158	-2.93583426481748	-0.130945575304981	-0.108527240106815	-4.2467576939464	2.93869779139398	2.32765887891729
2.34250034111158	-2.97534486151183	-0.105054457567283	-0.0877154647032944	-3.6719727574735	2.26983978214206	1.8528704374283
2.35250034111158	-3.00956509780892	-0.0850182848357168	-0.0711347504854977	-3.18466441630774	1.76025071507088	1.47848507319555
2.36250034111158	-3.03925820865657	-0.0694469373610561	-0.0578944520594305	-2.76332150469689	1.37095415735634	1.1816387162138
2.37250034111158	-3.06499554130532	-0.0573005531961128	-0.0473011014605697	-2.3912244431662	1.07116188617964	0.946110839148571
2.38250034111158	-3.08720649005874	-0.0477991597291429	-0.0388126457316191	-2.05631451582413	0.838736456288284	0.75903396542907
2.39250034111158	-3.10621744155337	-0.0403514849992893	-0.0320019898483787	-1.74997250377171	0.658120399383069	0.60911342162093
2.40250034111158	-3.12227927546327	-0.0345041100835822	-0.0265326171725732	-1.46557570971118	0.517035089242701	0.489461257479994
2.41250034111158	-3.1355860789119	-0.0299075490109299	-0.0221363502213417	-1.19830912123979	0.406841225328949	0.393144066517407
2.42250034111158	-3.14628904416036	-0.0262902637155553	-0.0186007699034754	-0.944274666835874	0.320231339933761	0.316499872766798
2.43250034111158	-3.15450615881372	-0.0234412554421354	-0.0157553217246257	-0.700659597897004	0.252234173665572	0.255009947230708
2.44250034111158	-3.16032986059271	-0.0211956806951212	-0.0134639266430452	-0.465230937793096	0.198847272126132	0.205495586612638
2.45250034111158	-3.16383266908888	-0.0194245279977094	-0.011617701264067	-0.236237737749511	0.156937598325696	0.165495969779205
2.46250034111158	-3.16507154070709	-0.0180266017237175	-0.0101295071303174	-0.0122856337458063	0.123989999356856	0.133239026649692
2.47250034111158	-3.16409122702435	-0.0169223897562947	-0.00892952729867239	0.207736816361636	0.0979850001307192	0.10744939006056
2.48250034111158	-3.16092686156737	-0.0160494331765772	-0.00796146804538701	0.424658153831	0.0774901263763731	0.0867445815414464
2.49250034111158	-3.15560607091879	-0.0153584841052556	-0.00718014780077482	0.6391396390091	0.0613439183549324	0.070122819022459
2.50250034111158	-3.14815059769819	-0.0148106946850977	-0.00654911939671444	0.851677733523131	0.0486984492228501	0.0566315507623172
2.51250034111158	-3.13857765729748	-0.0143752525165543	-0.00603919389118434	1.06268609651441	0.0387843346845573	0.0457710429669784
2.52250034111158	-3.12690098150965	-0.0140277348503013	-0.00562675251748015	1.27246195592826	0.0310497877499727	0.0370134789201617
2.53250034111158	-3.11313172984144	-0.0137486702534511	-0.0052927681017824	1.48123002643741	0.0250341517648343	0.0300072363118943
2.54250034111158	-3.09727923110033	-0.0135225010718035	-0.00502179481098556	1.68913315928317	0.0204124027539034	0.0243824212304521
2.55250034111158	-3.07935164648831	-0.0133366966883648	-0.00480133813843847	1.89625879615889	0.0169160208563041	0.0198795672405401
2.55752256395501	-3.06956762894578	-0.0132553361065393	-0.00470639889998455	2	0.0155198792273487	0.0179664680657409
2.56752256395501	-3.04853698190765	-0.0131116747672511	-0.00454335426246312	2.20600278345914	0.013337738607781	0.0147660036439795
2.57752256395501	-3.02545019744905	-0.0129862961761765	-0.00440883681216706	2.41121709202606	0.0118412257265754	0.0122415611642534
2.58752256395501	-3.00031555854789	-0.0128729196856566	-0.00429671764737319	2.61555560269011	0.0109206943315001	0.0102694469540931
2.59752256395501	-2.97314243869773	-0.0127662427770111	-0.00420195025458923	2.81888748374767	0.0104900370244424	0.00875373254257727
2.60752256395501	-2.94394173586099	-0.0126617193428982	-0.00412035557387716	3.02103943985938	0.0104811550770405	0.00762130515820722
2.61752256395501	-2.91272629730063	-0.0125553904646478	-0.00404844430046948	3.22179526831003	0.0108431197682085	0.00680902913473167
2.62752256395501	-2.87951134019072	-0.0124437520372276	-0.00398328220761548	3.42089681325523	0.0115368118477912	0.00626497632132951
2.63752256395501	-2.84431486824581	-0.0123236554143745	-0.00392238201349694	3.61804457088093	0.0125311998212517	0.0059479120697491
2.64752256395501	-2.80715808452334	-0.0121922340758478	-0.00386361853492784	3.81289847840753	0.0137998227340909	0.00582810347567626
2.65752256395501	-2.76806579847841	-0.0120468529218623	-0.00380515915292288	4.00507829542157	0.0153197649065893	0.00588343843305182
2.66752256395501	-2.7270668244156	-0.0118850767618975	-0.00374540493090094	4.19416345441081	0.0170738385601203	0.00608880800072342
2.67752256395501	-2.68419436948946	-0.0117046482402024	-0.00368295577206775	4.37969560238719	0.0190455577905677	0.00642424237294941
2.68752256395501	-2.6394864042703	-0.0115034797119285	-0.00361657967652059	4.56118051446091	0.0212181991138311	0.00687376795161442
2.69752256395501	-2.59298601084895	-0.0112796545689927	-0.00354518976811094	4.73809052541499	0.0235743760172878	0.00742368336055553
2.70752256395501	-2.54474170218759	-0.011031435558158	-0.00346782873572918	4.90986777372609	0.0260953447356188	0.00806209978041433
2.71752256395501	-2.49480770575984	-0.0107572781274901	-0.00338365985568281	5.07592839631394	0.028759726326692	0.00878046069311099
2.72752256395501	-2.44324420352461	-0.0104558490096078	-0.00329195895022036	5.23566682761591	0.0315445390571652	0.00956985587092708
2.73752256395501	-2.39011752078493	-0.0101260481241006	-0.00319210722318467	5.38846038677928	0.0344279396476363	0.0104135721404943
2.74752256395501	-2.33550025802871	-0.00976702707054353	-0.00308359717141266	5.53367665003302	0.037385296826664	0.0112965263071661
2.75752256395501	-2.27947135710416	-0.00937820784933873	-0.00296603847674428	5.67068118171788	0.0403864876714257	0.0122120810369414
2.76752256395501	-2.22211609458315	-0.00895930269006069	-0.00283915787014152	5.79884452138811	0.0433978074820177	0.0131578436367897
2.77752256395501	-2.16352599640893	-0.00851033498494694	-0.00270278948574909	5.91754776802147	0.0463903059744118	0.0141159377375116
2.78752256395501	-2.1037986734813	-0.00803164715134836	-0.00255688755641145	6.02619287769636	0.0493337489448916	0.0150690284256421
2.79752256395501	-2.04303757161365	-0.00752390714232221	-0.00240152997717555	6.12421153179673	0.0521960449353217	0.0160030968257465
2.80752256395501	-1.98135163570983	-0.00698811015871046	-0.00223691918120976	6.21107371199311	0.0549437095756784	0.0169078304353495
2.81752256395501	-1.91885489010485	-0.00642557198930786	-0.00206338770860775	6.28629726517308	0.0575383908821081	0.017786847042944
2.82752256395501	-1.85566593358982	-0.00583792911553052	-0.00188137032262636	6.34945093422252	0.0599537088579245	0.0186178345610523
2.83752256395501	-1.79190736305473	-0.00522711705666633	-0.00169141291068929	6.40016421656887	0.0621672539828608	0.0193739646634663
2.84752256395501	-1.72770512923202	-0.00459534059920346	-0.00149418510351309	6.43813747198423	0.0641488716061283	0.0200543881799169
2.85752256395501	-1.66318782957215	-0.00394505147680894	-0.00129045933571998	6.46314489186342	0.065869108564647	0.0206648334907519
2.86752256395501	-1.59848595291293	-0.00327892336548086	-0.00108108304791743	6.47503528995654	0.06731075797894	0.0211903671123722
2.87752256395501	-1.53373109324493	-0.00259981053116823	-0.000866979873219245	6.47373745798342	0.0684606331642418	0.0216167066312051
2.88752256395501	-1.46905514143944	-0.0019107084148355	-0.000649137181623837	6.45926172060232	0.0693090486317632	0.0219322563757613
2.89752256395501	-1.40458947239738	-0.00121470828794987	-0.000428602079430286	6.43170184544577	0.069843041753445	0.0221453142558637
2.90752256395501	-1.34046413969066	-0.000514956749403946	-0.00020646204497825	6.39123264984052	0.0700488263098412	0.0222782185563154
2.91752256395501	-1.27680708796253	0.000185364143833223	1.62260076513407e-05	6.33809629892705	0.0699469349428513	0.0222805634331396
2.92752256395501	-1.21374341990999	0.00088311118607032	0.00023837033869647	6.27261356586455	0.0695398737149605	0.0221580398055834
2.93752256395501	-1.15139470099185	0.00157520961060249	0.000458884937842602	6.19517339046049	0.068827823456495	0.0219331374172038
2.94752256395501	-1.08987832705124	0.00225868395376745	0.000676720337411106	6.1062231587895	0.0678184830465258	0.0216201036557731
2.95752256395501	-1.02930696367262	0.00293068824424905	0.000890887737988994	6.00625926131089	0.0665332174078274	0.0212088393929516
2.96752256395501	-0.96978806755877	0.00358854570346952	0.00110044959439207	5.89582326537322	0.0649925165441825	0.0206997273205247
2.97752256395501	-0.911423488270433	0.00422977592298835	0.00130453003094718	5.7754935991258	0.0632151061324318	0.0201046649286935
2.98752256395501	-0.854309154841428	0.00485211566992716	0.0015023290043277	5.64587603580297	0.0612205324260733	0.0194394575379302
2.99752256395501	-0.79853484793288	0.00545353401410175	0.00169313801556519	5.50759359365077	0.0590338918790552	0.0187108788098935
3.00752256395501	-0.74418405793497	0.00603224848737065	0.00187634050781347	5.3612792812302	0.0566819551650213	0.0179249682300742
3.01752256395501	-0.691333923117455	0.00658673405386179	0.00205141744025379	5.20756790983406	0.0541938110682455	0.0170841831032521
3.02752256395501	-0.640055245648761	0.00711573430957058	0.00221793489444085	5.047091574092	0.0515912039331961	0.0162100456346828
3.03752256395501	-0.590412573120842	0.00761825454151593	0.0023755648387585	4.88046908106887	0.0489012408297966	0.0153106246004016
3.04752256395501	-0.542464346056445	0.00809356227819146	0.00252407615935535	4.70830154332776	0.0461511302577046	0.0143924587563536
3.05752256395501	-0.496263099204257	0.00854118083115022	0.00266333286838612	4.53116710674192	0.0433684827103988	0.0134588337954431
3.06752256395501	-0.451855711261318	0.00896088534338573	0.00279327674520037	4.34961924113656	0.0405725217946226	0.012530615716305
3.07752256395501	-0.409283688716012	0.00935268126152638	0.00291394546775526	4.16417879858954	0.0377887595855904	0.0116092544221404
3.08752256395501	-0.368583484720954	0.00971679551330559	0.00302545209225405	3.97533412610639	0.0350395647616169	0.0106994350470242
3.09752256395501	-0.329786839072351	0.0100536600430209	0.00312797771320875	3.78353925424684	0.0323436624713164	0.00980978304404386
3.10752256395501	-0.292921133673159	0.0103638935457632	0.00322176387258547	3.58921272558265	0.0297158625275782	0.00895312850436941
3.11752256395501	-0.258009755265519	0.0106482766132746	0.00330711783470406	3.39273451349311	0.0271752872758159	0.00812589194785908
3.12752256395501	-0.225072463961036	0.0109077358984868	0.00338439291295302	3.19444826959564	0.0247378077799253	0.00732659206531319
3.13752256395501	-0.194125760033774	0.0111433302004304	0.00345396303253127	2.99466519358464	0.0224047971585442	0.00658349009698311
3.14752256395501	-0.165183235759848	0.0113562104768989	0.00351626107896581	2.79365603605715	0.0201927734689433	0.00588144816917968
3.15752256395501	-0.138255926329764	0.0115476138968212	0.00357173363499668	2.59165963437282	0.0181093471657516	0.00522138154650073
3.16752256395501	-0.113352640826607	0.011718840083137	0.00362084105537791	2.3888830717295	0.0161580440526929	0.00460849890271994
3.17752256395501	-0.0904802760699257	0.0118712283051953	0.00366405692835477	2.18550226653178	0.0143425369926906	0.00404207956179754
3.18752256395501	-0.0696441127063878	0.0120061410883728	0.00370185410075973	1.98166543467035	0.0126620048823641	0.00352718998938297
3.19752256395501	-0.0508480875293569	0.0121249401848245	0.00373471244769765	1.77749260462525	0.0111201342569794	0.00305275423210643
3.20752256395501	-0.0340950477416964	0.0122289785409263	0.00376309005384461	1.57308238997327	0.00971039190580788	0.00262823883942295
3.21752256395501	-0.0193869761730424	0.0123195750218308	0.00378744049809485	1.36851006047859	0.00843050858848741	0.00224822834528738
3.22752256395501	-0.00672519631186524	0.0123980038714813	0.00380819699477833	1.16383215141635	0.00727543012290804	0.00191017327412251
3.23752256395501	0.00388944900146113	0.0124654800362486	0.00382577026258731	0.959088560200357	0.00623875304463266	0.00161118640932322
3.24752256395501	0.0124564435644173	0.0125231469362708	0.00384054370001034	0.754305272085565	0.00531214801214226	0.0013498056082855
3.25752256395501	0.018975469515686	0.0125720638317752	0.00385287293507671	0.549496342108335	0.00448730062327149	0.00112152111366712
3.26752256395501	0.0234463036490873	0.0126131967934123	0.00386307954706777	0.344667078737367	0.00375387324420757	0.000924123793101456
3.27752256395501	0.0258687397955797	0.0126474084834072	0.00387145084111939	0.139816138221051	0.00310109506579103	0.000754066362250509
3.28752256395501	0.0262425363225537	0.0126754499593943	0.00387823740474677	-0.0650618927676332	0.0025177246762062	0.000606835388053033
3.29752256395501	0.0245673889533656	0.0126979537747801	0.00388365017200197	-0.269973759995875	0.00199149795475135	0.000478573536781219
3.30752256395501	0.0208429291810708	0.0127154274637579	0.00388785906612022	-0.474925056302137	0.00150941296286213	0.000365624151058966
3.31752256395501	0.0150687481909697	0.0127282477196665	0.00389099235514337	-0.679917824003111	0.00105831173158665	0.000263332638904574
3.32752256395501	0.00724444617659824	0.0127366557152423	0.00389313555650547	-0.884948022481834	0.000625023405999736	0.000165921734997813
3.33752256395501	-0.00263029322280474	0.012740754583103	0.00389432724864385	-1.09000235996154	0.000194399670200052	7.1581969823741e-05
3.34752256395501	-0.0145556019887765	0.0127405045022801	0.00389456325958823	-1.29505669456638	-0.00024742756118518	-2.53357404064249e-05
3.35752256395501	-0.0285313021926676	0.0127357217174719	0.00389379355652227	-1.50007299326332	-0.000714592822454114	-0.000130248332933034
3.36752256395501	-0.044556754832544	0.0127260778326463	0.00389192108793731	-1.70499663605883	-0.0012219299936565	-0.000246994619926885
3.37752256395501	-0.0626306831625243	0.0127110992911701	0.00388880307288131	-1.90975416610152	-0.00178399097484525	-0.000379953630182533
3.38752256395501	-0.0827509712646949	0.0126901686187915	0.00388425116461336	-2.11425080596372	-0.00241495853561082	-0.000533922703898911
3.39752256395501	-0.104914438181448	0.0126625270065901	0.00387803187332068	-2.31836802233225	-0.00312858322579622	-0.000713888505268991
3.40752256395501	-0.129116588402836	0.0126272786196423	0.00386986680749363	-2.52196106671969	-0.00393846620209702	-0.000923900868242933
3.41752256395501	-0.155351339471085	0.0125833960011477	0.00385943475152983	-2.72485690359625	-0.00485742556825251	-0.00116815570818184
3.42752256395501	-0.183610728328339	0.0125297276640862	0.00384637342027951	-2.92685213386898	-0.00589737256405936	-0.00145076688124158
3.43752256395501	-0.213884598071515	0.0124650077488259	0.00383028171662239	-3.12771110376687	-0.00706921119868723	-0.00177542740977012
3.44752256395501	-0.246160267304719	0.0123878678181574	0.0038107228259492	-3.32716429955429	-0.00838259333460668	-0.00214537892347208
3.45752256395501	-0.280422184861695	0.0122968510383722	0.00378722798483127	-3.52490703883287	-0.00984567898449206	-0.00256332712409657
3.46752256395501	-0.316651573203203	0.0121904288194408	0.00375930110025466	-3.72059854061015	-0.01146483169488	-0.00303148777759382
3.47752256395501	-0.354826064420084	0.0120670199645511	0.00372642431628825	-3.91386144676735	-0.0132442245386303	-0.00355183937636596
3.48752256395501	-0.394919333410288	0.0119250122787486	0.00368806469484901	-4.10428188624067	-0.0151852791197965	-0.0041267941705036
3.49752256395501	-0.436900733666476	0.0117627871930339	0.00364368046544768	-4.29140984699591	-0.0172869463188478	-0.00475782362087481
3.50752256395501	-0.48073494147271	0.0115787469053533	0.00359272761740168	-4.47476007242133	-0.019546332371374	-0.00544328884564922
3.51692391350108	-0.523598775598299	0.0113844443592347	0.00353835283782425	-4.64322538882574	-0.0218106004071512	-0.00613143082299785
3.52692391350108	-0.577032035599926	0.0154743009647922	0.0546776546285744	-6.46102098890574	2.38011649589337	5.85055920860752
3.53692391350108	-0.652920263753063	0.0610615577173883	0.10876155899952	-8.36983118034246	5.98592040213631	5.26608235795614
3.54692391350108	-0.737288907561118	0.120871638910861	0.158796098262962	-8.35086296119534	5.68054670331229	4.63763600454422
3.55692391350108	-0.818777332907647	0.172405890893962	0.20089735134216	-7.93770852568462	4.60764535986686	3.78674268508312
3.56692391350108	-0.896177890952372	0.21327006423566	0.23488866485967	-7.5564540700804	3.59262722663566	3.03247443437572
3.57692391350108	-0.970206292697427	0.244853365492604	0.261998914507241	-7.26398881606872	2.7542113060313	2.40988451395139
3.58692391350108	-1.04172384058998	0.268907487076034	0.283491724852256	-7.05146776062989	2.08217690317309	1.90688349342933
3.59692391350108	-1.11144878538835	0.286968533500547	0.300451591866705	-6.90276498016206	1.55106698576376	1.50014227237782
3.60692391350108	-1.17994033431212	0.300308591172379	0.313769006492865	-6.80255277702682	1.13416110710524	1.1754698252938
3.61692391350108	-1.24762134141343	0.309964147554327	0.324175285277498	-6.73872698470914	0.810636997434668	0.916333839002532
3.6260576118246	-1.30899693899575	0.316279755637595	0.331643290132007	-6.70368347214644	0.581566297945641	0.726113984124973
3.6360576118246	-1.37015259911235	0.316876432614802	0.288414948383622	-5.09856622353553	-1.93017913132246	-5.17756007744662
3.6460576118246	-1.41045287114569	0.275312756771579	0.239672607675512	-3.29729606546219	-5.64059875949209	-4.86759741412402
3.6560576118246	-1.44261941441636	0.217137527687114	0.192822621112144	-3.31512362312969	-5.65087356548422	-4.385411080698
3.6660576118246	-1.47852263040209	0.165655346799649	0.152946146793127	-3.89373670589505	-4.59313062474452	-3.58190153048482
3.6760576118246	-1.52048668834012	0.125246899189266	0.120972617692388	-4.48338446595918	-3.51766699827077	-2.83604243942799
3.6860576118246	-1.56777991718369	0.0945504154114827	0.0957469017129693	-4.95369604641915	-2.66032268084157	-2.23291246461959
3.6960576118246	-1.6191577301748	0.0713343244933073	0.0758695557359308	-5.30352593477442	-2.01443383647854	-1.76168729595939
3.7060576118246	-1.67352530150487	0.0537182819329838	0.060166368035834	-5.55569464560413	-1.53188757042001	-1.39469048220779
3.7160576118246	-1.73001536088374	0.0402891194726492	0.047722986254951	-5.73116587217321	-1.17076580455519	-1.10667566288351
3.7260576118246	-1.78794637154665	0.0300020021245917	0.0378356681820119	-5.84605566268886	-0.899456433495114	-0.879849835214916
3.73365694540173	-1.83259571459405	0.023800220023566	0.0316916444644864	-5.90043705084826	-0.738671932692609	-0.740803514893372
3.74365694540173	-1.88524989675099	0.0117343112683947	-0.0239636015842506	-4.2189695893062	-3.18263537748314	-6.10115161635824
3.75365694540173	-1.91772423763319	-0.0398189424642902	-0.0808268861578052	-2.69521564264376	-6.23953430085617	-5.52602823315542
3.76365694540173	-1.94549166468989	-0.100542398947864	-0.132613127367758	-2.9792992052292	-5.67238834158304	-4.75439865192732
3.77365694540173	-1.97810801568494	-0.151669248449462	-0.175623307206793	-3.54175287506929	-4.55292956688473	-3.85892087076976
3.78365694540173	-2.01602582096426	-0.192060074335238	-0.210281493347354	-4.02081827451883	-3.55966770298928	-3.0967939931863
3.79365694540173	-2.05810094893943	-0.223550590870383	-0.238052155211913	-4.37401321875471	-2.77089788233339	-2.48065267785603
3.80365694540173	-2.10313327102866	-0.248072922227318	-0.260304085502853	-4.61558590916382	-2.16004198450405	-1.98849630983917
3.81365694540173	-2.15010893406534	-0.267221140431681	-0.27816107705703	-4.76596396016143	-1.69023022289082	-1.59836963491454
3.82365694540173	-2.19820637412742	-0.282250480639747	-0.292527458841723	-4.84255388525182	-1.33194614989544	-1.28660099974795
3.83365694540173	-2.24676570246396	-0.294140780590775	-0.304119628890206	-4.86056668900666	-1.05867991563589	-1.04128687359651
3.84365694540173	-2.29526034778679	-0.303648446040133	-0.313513066381125	-4.83142065069319	-0.852448714941959	-0.845071184909574
3.85365694540173	-2.34327057511996	-0.311356688414331	-0.321160694275057	-4.76509650016925	-0.696582154058981	-0.690371141716981
3.86365694540173	-2.39046354310702	-0.317709557859467	-0.327424182233223	-4.66914876655207	-0.579486379461242	-0.567243369260801
3.87365694540173	-2.43657559539646	-0.32304358098447	-0.332588671910764	-4.54977945888579	-0.491588677134766	-0.469152670483848
3.88365694540173	-2.4813982542493	-0.327611690428135	-0.336878688126077	-4.41201876925612	-0.425163976590551	-0.391741710916239
3.89365694540173	-2.52476706912212	-0.331601703539759	-0.340472650739169	-4.25959898397829	-0.375111032257586	-0.329427652675852
3.90365694540173	-2.56655209183132	-0.335152828983512	-0.343509642556689	-4.09570473834635	-0.336802437974542	-0.279769162033516
3.91365694540173	-2.60665089038997	-0.338366673677208	-0.346099777921916	-3.92272392575594	-0.307156690315994	-0.239756590115361
3.91656772974673	-2.6179938779915	-0.339249931493701	-0.34678266187899	-3.87094920847753	-0.299802267977907	-0.229583721188561
3.92656772974673	-2.6591720031712	-0.342377391813914	-0.300133715830679	-4.76749427273915	1.10828856095076	5.403759491725
3.93656772974673	-2.71453846727768	-0.312677520777008	-0.251243119443807	-6.27960365182103	4.76653941418699	4.49340260578227
3.94656772974673	-2.77934302416306	-0.25857280336627	-0.206558261627192	-6.43660645629391	5.57754768982547	4.30362342587865
3.95656772974673	-2.84067764022061	-0.206182322387481	-0.166808193156188	-5.77598151985877	4.79177029706192	3.62188046180801
3.96656772974673	-2.8945610795106	-0.163376160218846	-0.134206149719132	-5.00776801100246	3.77978384172284	2.91376727656077
3.97656772974673	-2.94114169367763	-0.130047127334837	-0.10814179168113	-4.32705513605598	2.91974632725337	2.31978117440587
3.98656772974673	-2.98146340911373	-0.104326997397945	-0.0874041487413501	-3.75370070995211	2.25395949412075	1.84725925341507
3.99656772974673	-3.01650871431899	-0.0844312223824241	-0.0708824661506671	-3.26787580760162	1.7478472709216	1.47252588282643
4.00656772974673	-3.04703878979206	-0.0689740350717189	-0.0576912435606022	-2.84755849578176	1.36074601722885	1.17701040774352
4.01656772974673	-3.07362279178281	-0.056920707981776	-0.0471378731617274	-2.47630264847457	1.06272304095519	0.942649762352308
4.02656772974673	-3.09668849254794	-0.0474950602932503	-0.0386818617722602	-2.14210774913659	0.831782409627994	0.756461184912839
4.03656772974673	-3.11656101272767	-0.0401088936957039	-0.0318974112088517	-1.83639323866469	0.652453922573824	0.607111172891951
4.04656772974673	-3.13349020034785	-0.0343114477779838	-0.0264487776681922	-1.55262253962899	0.51271326161611	0.48722040106624
4.05656772974673	-3.14766948763507	-0.0297549225441305	-0.0220697338975727	-1.28579834517919	0.403291054867313	0.391521580799135
4.06656772974673	-3.15924935233151	-0.0261698717536313	-0.0185478066135568	-1.03219278834195	0.317428096361943	0.315089928851063
4.07656772974673	-3.16834733243213	-0.0233466499885249	-0.015713374745589	-0.78894519913985	0.24998283457568	0.253903731785545
4.08656772974673	-3.17505545618678	-0.0211217133187245	-0.0134307221629496	-0.553861176756655	0.19707608761248	0.204544405445581
4.09656772974673	-3.17944594057716	-0.0193670143231985	-0.0115915649401301	-0.325162884641064	0.155486427272626	0.164823494947108
4.10656772974673	-3.18157544664633	-0.0179822592062217	-0.0101090208370582	-0.101478440141214	0.122780044838682	0.132813539224134
4.11656772974673	-3.18148844948701	-0.0168886810714453	-0.00891350039806331	0.118289818839452	0.0969953595385981	0.10713415784672
4.12656772974673	-3.1792198106367	-0.0160244037440904	-0.00794899267220152	0.334979381477919	0.0766875364680611	0.0864648288950527
4.13656772974673	-3.17479685060807	-0.0153406760319703	-0.00717052477555635	0.549256367827743	0.0607014242223776	0.069814210235235
4.14656772974673	-3.16824096770688	-0.0147990245820003	-0.00654192322114873	0.761643270665429	0.0481299619523438	0.056397130205964
4.15656772974673	-3.15956894033287	-0.0143690219215894	-0.00603405219075754	0.972544545158329	0.0382664672514405	0.0455767498914652
4.16656772974673	-3.14879398953574	-0.0140265310235087	-0.00562343067905234	1.18227075355787	0.0305515563188141	0.0368585048573194
4.17656772974673	-3.13592665517674	-0.0137523385828432	-0.00529110558189258	1.39105294977024	0.0245446639472205	0.0298531312027332
4.18656772974673	-3.12097553341626	-0.013531087455627	-0.00502173863523379	1.59905131556269	0.0199086163893459	0.024230592983161
4.19656772974673	-3.1039479148717	-0.0133504308284177	-0.004802893945667	1.80636507227056	0.0163852931689326	0.0197139875330032
4.20593574403803	-3.08611844352254	-0.0132091037078742	-0.00463472787602294	2.00000000000001	0.0139072510704687	0.0163074828539344
