=========================== Parameters =====================================
l1 [m]	l2 [m]	l3 [m]	c1 [m]	c2 [m]	c3 [m]	m1 [kg]	m2 [kg]	m3 [kg]
0.28	0.25	0.1558	0.14	0.125	0.0779	0.1564	0.23764	0.1564
============================== Data ========================================
t [s]	th1 [rad]	th2 [rad]	th3 [rad]	th1d [rad/s]	th2d [rad/s]	th3d [rad/s]
0	0	0	0	0	0	0
0.01	-0.00159062668774899	0.00124854166927911	0.000315919419999313	-0.28999866015621	0.186244572201161	0.0580027642583931
0.02	-0.00554469791203353	0.00317808516884915	0.000943876834115383	-0.495570289708045	0.188503974222811	0.0627109418600933
0.03	-0.0114564970498463	0.00492183707128831	0.00152731844882875	-0.686130033480393	0.158856270286301	0.0533008723995167
0.04	-0.0192664370182896	0.00635376447620214	0.00200733628785445	-0.876125447410507	0.128116880929401	0.0428835569314657
0.05	-0.0289862374263767	0.00750005929139321	0.00239004364080108	-1.06821967044299	0.101982687305194	0.033978882574038
0.06	-0.0406382818975044	0.00840997052759613	0.00269220337966624	-1.26253011375956	0.0807611368796651	0.0267192256750879
0.07	-0.0542428993161701	0.00912896783499325	0.00292962297932425	-1.45866505943939	0.06367314435407	0.0209512906426808
0.08	-0.0698162133545287	0.00969444273451397	0.00311540358449883	-1.65619839705321	0.049922979651692	0.0163639497528976
0.09	-0.0873702170985846	0.0101362504436375	0.00325997272615309	-1.85473922784298	0.0388286776465279	0.0126885320124417
0.1	-0.106913177275716	0.0104779933962112	0.0033715185578232	-2.05393368449983	0.0298267458997025	0.00972839056389017
0.11	-0.128449980713156	0.0107382264720831	0.00345643570368826	-2.25345602045568	0.0224614798278614	0.00733467252528087
0.12	-0.151982361506065	0.0109314560816027	0.00351969894646039	-2.45299862971515	0.0163721191189116	0.00537933549428552
0.13	-0.177509016084448	0.0110689502703746	0.00356514774096103	-2.65226033818168	0.0112704735574157	0.00375897867847308
0.14	-0.205025620881908	0.0111593845626047	0.00359571593858554	-2.85093733783632	0.00692542441577311	0.0023918946219219
0.15	-0.234524769971302	0.0112093579969842	0.00361361485747655	-3.04871586031366	0.00315101406153133	0.00121486420740237
0.16	-0.265995847337727	0.0112238061227719	0.00362048078282137	-3.24526655574462	-0.000201723978836167	0.000177736660803629
0.17	-0.299424846705623	0.0112063333799291	0.00361749330307588	-3.44024009568535	-0.00325086450032143	-0.000761603561952535
0.18	-0.334794150521375	0.0111594836744387	0.00360546708634692	-3.63326317537081	-0.00609071866459998	-0.00163562076804075
0.19	-0.372082277576346	0.0110849603756773	0.00358492770416778	-3.82393585465746	-0.00879631908480824	-0.00246849901768321
0.2	-0.411263608696777	0.0109838066187616	0.00355617498884038	-4.01183009747527	-0.0114258488163275	-0.00327980651453605
0.21	-0.452308099734304	0.0108565553763682	0.00351933451776504	-4.19648901574712	-0.0140230186564104	-0.00408624711288034
0.22	-0.495180990621939	0.0107033559497773	0.00347439939719752	-4.37742675889056	-0.0166197356889532	-0.00490113111019098
0.226408402685815	-0.523598775598299	0.0105914872045444	0.00344130168773861	-4.49118562991447	-0.0182946324342962	-0.00543133524751245
0.236408402685815	-0.574405006488005	0.0130228847735585	0.0547393274605339	-6.05284920043875	2.15071534346574	5.80857420851337
0.246408402685815	-0.645010872684156	0.0564082450513972	0.108168172475151	-7.81735402578063	5.89727164589187	5.19224161700093
0.256408402685815	-0.724313848046725	0.116305298758807	0.157990398287082	-7.89032515758278	5.75126805502919	4.65137519003194
0.266408402685815	-0.801587812505666	0.168751127155782	0.200323304790648	-7.55091603321272	4.70682180726227	3.81603798888216
0.276408402685815	-0.875402159781589	0.21057618766593	0.234589804330906	-7.22323383750928	3.68239897419161	3.0585523191302
0.286408402685815	-0.946313013195707	0.242977954434046	0.261923889589864	-6.97186323458728	2.82724745676627	2.43025024162937
0.296408402685815	-1.01508048861054	0.267686463628309	0.28358046569776	-6.79235146961638	2.14017661310886	1.91992437784679
0.306408402685815	-1.08235140842754	0.286258152031658	0.300649545726373	-6.67016750962503	1.59563331882518	1.50910233909101
0.316408402685815	-1.1486293626519	0.299989314786363	0.314034921544568	-6.5917298812947	1.16830763793534	1.18000778761746
0.326408402685815	-1.21429343048488	0.309940146612048	0.324476382685854	-6.54568548574158	0.836226031357952	0.918074847556228
0.336408402685815	-1.27962016590296	0.316970514677099	0.332577131803118	-6.52282614157	0.581253552961655	0.710414742435306
0.34091389378945	-1.30899693899575	0.31937387324902	0.335596459778292	-6.51806311341543	0.487524783692305	0.63143532626788
0.35091389378945	-1.36930714983761	0.320333554322009	0.291527448026508	-5.15488514533672	-1.84905300045587	-5.19397796679355
0.36091389378945	-1.41144431338025	0.279580386723231	0.242779074746196	-3.53829568798232	-5.61816318615397	-4.87692341376537
0.37091389378945	-1.44579934993876	0.221029600375899	0.195497862452295	-3.49817719827681	-5.73549776743046	-4.45066419578986
0.38091389378945	-1.48312407016946	0.168523650030368	0.154905892050538	-3.99749015056627	-4.7028862866024	-3.65105142435006
0.39091389378945	-1.52582299084973	0.127106665565969	0.122285678849639	-4.52988553679415	-3.60740724298348	-2.89181735725935
0.40091389378945	-1.57337166200991	0.0956539439094461	0.0965782613601031	-4.96028847120853	-2.72307725047155	-2.27167494550728
0.41091389378945	-1.62466343058111	0.0719315306131695	0.0763699369443593	-5.28077920967731	-2.05535674493656	-1.78675592299779
0.42091389378945	-1.67868871965054	0.0539965277846543	0.0604476723151624	-5.51057060343397	-1.55713985789252	-1.41063728094635
0.43091389378945	-1.73463876423352	0.0403774952909791	0.0478633524335469	-5.66883650542025	-1.18480204649355	-1.1178145922612
0.44091389378945	-1.79187620456391	0.0299878314138196	0.0378874811096192	-5.77035915831276	-0.905951831173384	-0.887774980447808
0.447942009475328	-1.83259571459405	0.0241756084418016	0.0321283938486115	-5.8138369698763	-0.752914140646329	-0.755348821702488
0.457942009475328	-1.8854178090198	0.01344759274699	-0.0236740730830322	-4.37502050483223	-2.99743274192276	-6.06081108158045
0.467942009475328	-1.92044490940788	-0.0365258450533552	-0.0799728208118456	-2.96366905522678	-6.18721407377221	-5.48555186806785
0.477942009475328	-1.95047308459471	-0.0974022080480861	-0.131720519437232	-3.16151162399488	-5.73119661933348	-4.77214965307232
0.487942009475328	-1.98453592285717	-0.149230493896905	-0.174975243412544	-3.65304248736184	-4.62540749283066	-3.88724757068031
0.497942009475328	-2.02329667664537	-0.190299641860081	-0.209873969927708	-4.08113748887042	-3.62022338084799	-3.1181102093974
0.507942009475328	-2.06577879547843	-0.222316026414227	-0.237818175167125	-4.39693700364477	-2.81549846215949	-2.49452934989206
0.517942009475328	-2.11089336180206	-0.247211966342538	-0.260179373504874	-4.61044806407946	-2.19053110933089	-1.99705007822546
0.527942009475328	-2.15770606822993	-0.266608980703662	-0.278097175394961	-4.73944194309929	-1.71020072293908	-1.60168051777266
0.537942009475328	-2.20545529682536	-0.281792209032365	-0.292487685949418	-4.8001303874272	-1.34348039420873	-1.28752832164119
0.547942009475328	-2.25352821732607	-0.293765280168347	-0.304080377083096	-4.80621326771169	-1.06441844144037	-1.03963281136715
0.557942009475328	-2.30143460457568	-0.303304873419589	-0.313457264904087	-4.76855797186092	-0.853480111296193	-0.84318597119277
0.567942009475328	-2.34878347216586	-0.311008534184281	-0.321079573056244	-4.69607379587307	-0.694748069668921	-0.687458883999616
0.577942009475328	-2.39526391264304	-0.317332228840689	-0.327312409203229	-4.59593409044862	-0.575662037038698	-0.563984743581164
0.587942009475328	-2.44062920544759	-0.322621048102278	-0.332444075873117	-4.47388597479072	-0.48637373787403	-0.466142681227557
0.597942009475328	-2.48468383150691	-0.327133895540883	-0.336701946337742	-4.33447651763482	-0.419362482029952	-0.388440226545797
0.607942009475328	-2.52727290845598	-0.331063404513271	-0.340264899585633	-4.18130984639612	-0.368867964501194	-0.326526162330648
0.617942009475328	-2.5682737233101	-0.334551680059152	-0.34327338421779	-4.01724969755376	-0.330468382674719	-0.2770809311858
0.627942009475328	-2.60758902818888	-0.337702518859089	-0.345837718130165	-3.84454439038119	-0.300895008839521	-0.237327341280867
0.630665479762901	-2.61799387799149	-0.338512571457756	-0.346471036425739	-3.79624629017856	-0.294062155194673	-0.227807717557656
0.640665479762901	-2.65784003367277	-0.342659346715173	-0.299744466041466	-4.53786628169655	0.985307850979557	5.35492295697205
0.650665479762901	-2.70976651864467	-0.314422899175014	-0.251311298272463	-5.83876950231585	4.63407227343708	4.4124385739946
0.660665479762901	-2.7701942172826	-0.260855555452632	-0.20703742399132	-6.02414605737533	5.59008653641838	4.29661841368687
0.670665479762901	-2.82780495621743	-0.207980729475387	-0.16714677759933	-5.44377122572507	4.86474274375379	3.64473912353899
0.680665479762901	-2.8787022550907	-0.164412722449203	-0.134275524268606	-4.73930147706513	3.85406905280073	2.94001927236376
0.690665479762901	-2.92283622537871	-0.130418973978666	-0.10798717242572	-4.10361545694379	2.97736873742665	2.33794943765382
0.700665479762901	-2.96109519456751	-0.104213243329774	-0.0871049763685969	-3.56325781271354	2.29482418962002	1.8562887722532
0.710665479762901	-2.99436523546341	-0.083985751425306	-0.0705056843626537	-3.10250813855138	1.77507677212295	1.47690762293369
0.720665479762901	-3.02334391633329	-0.0683094252546742	-0.0572813363719357	-2.70198376801356	1.3782800846823	1.17867226824612
0.730665479762901	-3.04855461300143	-0.05611499815011	-0.0467229280833257	-2.34656906020119	1.07354776422376	0.94281542546493
0.740665479762901	-3.07038995401957	-0.0466020399666178	-0.0382778880673966	-2.02531516208099	0.838644919189984	0.754320910493873
0.750665479762901	-3.08914770682653	-0.0391647864047796	-0.0315144773507098	-1.73003160943482	0.65655048536861	0.603773921380792
0.760665479762901	-3.10505594654659	-0.0333405457194794	-0.0260926382604948	-1.45460509421137	0.514480354954323	0.484359378140509
0.770665479762901	-3.11829059836459	-0.0287738355669542	-0.0217418844309569	-1.19465713302892	0.403688491523823	0.388697070744907
0.780665479762901	-3.12898833107687	-0.0251893069130255	-0.0182482229321316	-0.946694691540294	0.316917601763169	0.312479029086644
0.790665479762901	-3.13725561519237	-0.0223733491192286	-0.015440718583748	-0.708127787791542	0.248979253559527	0.251401585626092
0.800665479762901	-3.14317567657383	-0.0201595796440562	-0.01318303725319	-0.47694667508586	0.195857599120357	0.20210353244533
0.810665479762901	-3.14681373271685	-0.018417962467879	-0.0113666167754996	-0.251522206024269	0.154190886002955	0.162524581049865
0.820665479762901	-3.14822091909291	-0.0170468107305607	-0.00990456009164889	-0.0305916991917293	0.121404663885229	0.130932649121764
0.830665479762901	-3.14743733945682	-0.0159665717934573	-0.00872699214590918	0.186780386140216	0.0956979695059713	0.105460930899169
0.840665479762901	-3.14449452110027	-0.0151147222574714	-0.0077781173953842	0.401365515401745	0.0755129057452239	0.0849931599661382
0.850665479762901	-3.13941726480789	-0.0144421208401817	-0.00701313642131007	0.613761030287338	0.0596505806030354	0.0685953557215441
0.860665479762901	-3.13222513329041	-0.0139101014550175	-0.0063959715563208	0.824413202734065	0.0472385175343178	0.0553676992374858
0.870665479762901	-3.12293367314176	-0.0134881106492339	-0.00589768987951676	1.03367743183728	0.0375386335764693	0.044726837572139
0.880665479762901	-3.11155538075916	-0.0131519809936905	-0.00549496230032647	1.24181319537927	0.029997265917281	0.0361499646722883
0.890665479762901	-3.09810052485269	-0.0128825039295585	-0.00516901974954393	1.44901342340871	0.0241525740706102	0.029288754481956
0.900665479762901	-3.08257782582278	-0.0126643787800818	-0.00490465990172968	1.65539800390505	0.0196745385525092	0.0237903937353108
0.910665479762901	-3.06499506056798	-0.0124853312490021	-0.00468959251646408	1.86103362695387	0.0162973748843029	0.0193930339759318
0.917443554375667	-3.05190968561323	-0.0123810798012953	-0.00456670973269287	2.00000000000014	0.0145246308467239	0.0169365212528337
0.927443554375667	-3.03088708307918	-0.0122462813880248	-0.00441291373341377	2.20439309553367	0.0125490501444076	0.0139475437858292
0.937443554375667	-3.00782451673955	-0.0121279376155147	-0.00428569851434521	2.40797863341808	0.0112159640200083	0.0115940020319534
0.947443554375667	-2.98273053688398	-0.0120201831643629	-0.00417927829848661	2.61065460281651	0.0104183304306128	0.00976550202542944
0.957443554375667	-2.95561492514514	-0.0119180834281003	-0.00408888922872632	2.81227734047018	0.0100743539352224	0.00837124149099508
0.967443554375667	-2.92648910373737	-0.0118174227008205	-0.00401058677721069	3.01266260287728	0.0101207854326886	0.00733858800787216
0.977443554375667	-2.89536653886777	-0.011714541571063	-0.0039410816687692	3.21158585568215	0.0105090920621244	0.00660830114843878
0.987443554375667	-2.86226314095958	-0.0116062128544591	-0.00387760875582773	3.40878238193441	0.0112025793948497	0.00613022801934646
0.997443554375667	-2.82719766278979	-0.0114895473167916	-0.003817825266914	3.6039478629451	0.0121723184251665	0.00586401305536537
1.00744355437567	-2.79019209480534	-0.0113619237505089	-0.0037597320734732	3.79673932656332	0.013392658287863	0.00578251444554638
1.01744355437567	-2.75127205520335	-0.0112209408513537	-0.00370160870811091	3.98677562542912	0.0148399338057115	0.0058689821331502
1.02744355437567	-2.71046717055277	-0.011064391949802	-0.00364194714327103	4.17363540823997	0.0165026284573604	0.00608802121513656
1.03744355437567	-2.66781144931007	-0.0108902346978839	-0.00357944109819544	4.35686358237895	0.0183605521372167	0.00643133921489246
1.04744355437567	-2.62334363340559	-0.010696591700972	-0.00351293655349707	4.53596943737952	0.0203987469347987	0.00688145200854413
1.05744355437567	-2.57710753102856	-0.0104817454619229	-0.00344142402975487	4.71043161873304	0.0225973319838325	0.00743338751129728
1.06744355437567	-2.52915231740815	-0.0102441522626907	-0.00336400785342796	4.87969838822913	0.0249424409026394	0.00806666034649956
1.07744355437567	-2.47953280310632	-0.00998244831224337	-0.00327991094752205	5.04319418404613	0.0274155859352548	0.00876918348317669
1.08744355437567	-2.4283096574308	-0.00969546679951997	-0.0031884657276013	5.20032363442249	0.0299959153200188	0.00953087771070267
1.09744355437567	-2.37554958207288	-0.00938225489117489	-0.00308911312152157	5.35047722905599	0.0326590041303187	0.0103459682439635
1.10744355437567	-2.32132542601247	-0.00904209617620683	-0.00298139252527991	5.49303562051882	0.0353838413390303	0.0111961266908256
1.11744355437567	-2.26571623942213	-0.00867451962845625	-0.00286496417180417	5.62738025410727	0.0381378768112027	0.0120862662138778
1.12744355437567	-2.20880725126417	-0.00827932959648167	-0.0027395780998587	5.75289461122764	0.0409008840516475	0.0129881210358328
1.13744355437567	-2.1506897782203	-0.00785660583800218	-0.00260510857704824	5.86897787740062	0.0436424124355849	0.0138947688538237
1.14744355437567	-2.09146105010633	-0.00740671522445469	-0.00246155164026566	5.97505221820973	0.0463254266193528	0.0148129506459836
1.15744355437567	-2.03122395021535	-0.00693033092329045	-0.00230899379054221	6.07056504623341	0.0489300920189427	0.0157075813097994
1.16744355437567	-1.97008668135992	-0.00642841401860749	-0.00214765744662905	6.15500556507348	0.0514220147146903	0.0165788025786066
1.17744355437567	-1.9081623409538	-0.00590222688438187	-0.00197785667496117	6.22790486960596	0.0537835313235385	0.0173888411332963
1.18744355437567	-1.84556842918526	-0.00535329757326893	-0.00180005511256425	6.28885468468449	0.0559708652085544	0.0181655941796993
1.19744355437567	-1.7824262702807	-0.00478343414347101	-0.0016147902379858	6.33750123681203	0.0579653892478786	0.0188818909634555
1.20744355437567	-1.7188603806266	-0.00419468711616148	-0.00142270721889444	6.37355874597875	0.0597452948926879	0.0195243787343035
1.21744355437567	-1.65499777681712	-0.00358932419055517	-0.00122455054885218	6.39681446546401	0.061286030115632	0.0200937086469208
1.22744355437567	-1.59096723744874	-0.00296980755195504	-0.00102113803098793	6.40712960208841	0.0625720367770415	0.020577617944293
1.23744355437567	-1.5268985357342	-0.00233875712427497	-0.000813358700281535	6.40444359877416	0.0635902153815931	0.0209673586765961
1.24744355437567	-1.46292165290851	-0.00169891487695658	-0.000602160826771603	6.3887754316895	0.0643294539300868	0.0212594454304761
1.25744355437567	-1.39916598728059	-0.00105310876462566	-0.000388535731827489	6.36022288193225	0.0647823364560572	0.02145196953796
1.26744355437567	-1.33575957378682	-0.000404215465369365	-0.000173501810564461	6.31896053697307	0.06494613084209	0.0215423908361976
1.27744355437567	-1.27282832821458	0.000244877524543002	4.19101965369116e-05	6.26523670527066	0.0648225642784014	0.0215279857045383
1.28744355437567	-1.21049532940138	0.000891309629041977	0.000256670352570545	6.19936933985505	0.0644164102042985	0.0214089095572029
1.29744355437567	-1.14888015153796	0.00153228413388018	0.000469760518212841	6.12174115293132	0.0637327302779389	0.0211942672372114
1.30744355437567	-1.08809825538889	0.00216509699218448	0.000680198824497498	6.03279116108581	0.0627841759995668	0.0208840383471824
1.31744355437567	-1.02826045079346	0.0027871712180041	0.000887043356893759	5.93300910048426	0.0615840985677587	0.0204846800421081
1.32744355437567	-0.969472433524631	0.00339608255637917	0.00108940785272983	5.82292684959495	0.0601490779157824	0.0200021680861777
1.33744355437567	-0.911834402268128	0.00398958097359277	0.0012864775935574	5.70310921009285	0.0585025866509532	0.0194322481582743
1.34744355437567	-0.855440759888276	0.00456561477286935	0.0014775085678309	5.57414734051859	0.0566678220729765	0.0187764455988497
1.35744355437567	-0.800379897547024	0.0051223505325748	0.0016618256885647	5.43665212532695	0.0546610562165759	0.0180568108156265
1.36744355437567	-0.746734058557441	0.00565818307380252	0.001838833703297	5.29124514718547	0.0524952844302984	0.0173061155405872
1.37744355437567	-0.69457927797164	0.00617173297033326	0.00200804678060291	5.13854632112651	0.0501984555659774	0.0165233154369078
1.38744355437567	-0.643985399237274	0.00666185557195818	0.00216907990936651	4.97916877817766	0.0478056582057173	0.0156911215054056
1.39744355437567	-0.59501615949423	0.00712765218617027	0.00232162490164106	4.81371693066959	0.0453414774791059	0.0148170498011812
1.40744355437567	-0.547729332584423	0.00756846783921437	0.00246544876651139	4.64278087498047	0.0428194114683543	0.0139338775888705
1.41744355437567	-0.502176921676759	0.00798387342344167	0.0026004203332695	4.46692611715265	0.0402624668084508	0.0130497133513753
1.42744355437567	-0.458405401129514	0.00837366128265459	0.00272649681090517	4.28669122621157	0.0376960329070357	0.0121642233419221
1.43744355437567	-0.416455995407462	0.00873783776126461	0.00284371050796726	4.10258605358505	0.0351416331711012	0.0112828597055277
1.44744355437567	-0.376364986293206	0.0090766090641143	0.00295216536528579	3.91508875248037	0.032618328305355	0.0104129528908113
1.45744355437567	-0.338164042366035	0.00939036620157815	0.00305203054949572	3.72464393444193	0.0301425407701515	0.00956367027891305
1.46744355437567	-0.301880563208672	0.00967966718502011	0.00314353650066322	3.5316609537293	0.0277300279613947	0.00874095585408141
1.47744355437567	-0.26753803267041	0.00994521976771588	0.00322696659484958	3.33651354880529	0.0253949998020941	0.0079493726452101
1.48744355437567	-0.235156374873971	0.0101878631536164	0.00330264913567357	3.13953993901083	0.0231496377041351	0.00719308170346163
1.49744355437567	-0.204752307781974	0.0104085489523072	0.00337094991011571	2.94104329283956	0.0210040831962187	0.00647578919161825
1.50744355437567	-0.176339689797051	0.0106083216490758	0.0034322655028321	2.74129248956397	0.0189669450978864	0.00579953697041877
1.51744355437567	-0.149929855591305	0.0107882991484848	0.00348701678873057	2.54052323737466	0.0170458332367514	0.00516350045927109
1.52744355437567	-0.125531938348248	0.01094965539071	0.00353563849928708	2.33894025948876	0.0152449220363426	0.00456992635524685
1.53744355437567	-0.103153174745569	0.0110936014923077	0.00357857387891303	2.13671885005241	0.0135659303646806	0.00402197962383943
1.54744355437567	-0.0827991910347283	0.0112213677200728	0.00361626939409304	1.93400668689435	0.0120088793574627	0.00352216108106197
1.55744355437567	-0.0644742682458292	0.0113341855388364	0.00364917167007874	1.73092546586471	0.010574151904707	0.00306765450887282
1.56744355437567	-0.0481815857914087	0.0114332722537668	0.00367772091992636	1.52757337849385	0.00926173900182019	0.002652401513672
1.57744355437567	-0.0339234425631515	0.0115198187429571	0.00370233987617152	1.32402858662876	0.00806695526018062	0.00227760539124487
1.58744355437567	-0.0217014531575156	0.0115949740190547	0.00372343324505397	1.12035090847612	0.00698334991258757	0.00194509245264086
1.59744355437567	-0.011516719830184	0.0116598309921167	0.00374138729587721	0.91658360319276	0.00600540118567471	0.00165119102051632
1.60744355437567	-0.00336998043796056	0.0117154157891831	0.0037565639589608	0.712756270290115	0.00512698527080038	0.00139067616469095
1.61744355437567	0.00273826849320176	0.0117626781220415	0.00376929534369127	0.508887762469975	0.0043398567158497	0.00116067798525748
1.62744355437567	0.00680767398692169	0.0118024815759128	0.00377988125825893	0.304988624982862	0.0036340027198707	0.0009601121850511
1.63744355437567	0.00883795416770121	0.0118355938818108	0.0037885894515761	0.101063102621141	0.00299969290500748	0.000785057954206078
1.64744355437567	0.00882885047803067	0.0118626798612316	0.00379565205237171	-0.10288809361302	0.00242658294184911	0.000631144086999682
1.65744355437567	0.00678010515112841	0.0118842947901431	0.00380126344587647	-0.306865229313373	0.00190363481028689	0.000493976585292472
1.66744355437567	0.00269146377935865	0.0119008788281951	0.00380557793826193	-0.51086690041362	0.00141869360256343	0.000370375089506362
1.67744355437567	-0.00343729676434832	0.0119127515465845	0.00380870942697234	-0.71488770928916	0.000959320773298127	0.000256608516543279
1.68744355437567	-0.011606315328626	0.0119201076663969	0.00381073038507703	-0.918915771508516	0.000512972622476631	0.000148188813880698
1.69744355437567	-0.0218155683347693	0.011923013732514	0.00381167081517478	-1.12293017678574	6.69995793352818e-05	4.00942611218744e-05
1.70744355437567	-0.034064766537859	0.011921405898086	0.00381151680927626	-1.32689834083644	-0.00039179098485889	-7.19589779183395e-05
1.71744355437567	-0.0483532266144663	0.0119150882760668	0.0038102101200847	-1.53077351094803	-0.000877007651270014	-0.000191576160099457
1.72744355437567	-0.0646797177132825	0.0119037319072527	0.00380764879421748	-1.73449244076347	-0.00140195582656112	-0.000323133342174102
1.73744355437567	-0.0830422833886579	0.0118868751009655	0.0038036873055492	-1.93797295507665	-0.00197945800773934	-0.000471914694339029
1.74744355437567	-0.103438039347569	0.0118639254003988	0.00379813588625603	-2.14111135965816	-0.00262245126642937	-0.000642365358667939
1.75744355437567	-0.125862947394973	0.0118341625254134	0.00379076094826657	-2.34378005790075	-0.0033440377748502	-0.000837610661434993
1.76744355437567	-0.150311566288658	0.0117967419970747	0.00378128768447828	-2.54582559289803	-0.00415624173282742	-0.00106201521502024
1.77744355437567	-0.176776781004648	0.0117507010758021	0.00376940140780295	-2.7470665038476	-0.00506997151342306	-0.00132082568787782
1.78744355437567	-0.205249511879089	0.0116949671525783	0.0037547477527144	-2.94729104630689	-0.00609614167361781	-0.0016170059120195
1.79744355437567	-0.235718405009584	0.0116283668281799	0.00373693636232179	-3.14625565950516	-0.00724469425814531	-0.00195303365721452
1.80744355437567	-0.268169506611626	0.0115496371840056	0.00371554490279967	-3.34368363769083	-0.00852382258383357	-0.00233217600878188
1.81744355437567	-0.302585924224065	0.0114574394804485	0.00369012319893966	-3.53926401105647	-0.00993958998505425	-0.00275879326887557
1.82744355437567	-0.338947478359605	0.0113503760143927	0.0036601960022964	-3.73265041214872	-0.0114970465962749	-0.00323505361387825
1.83744355437567	-0.377230348203231	0.0112270085027115	0.00362526839778936	-3.92346071892262	-0.0132000153342637	-0.00376081487516373
1.84744355437567	-0.41740671604898	0.0110858780871186	0.003584833568794	-4.11127748257021	-0.0150497686382099	-0.00433616323568037
1.85744355437567	-0.459444416075652	0.0109255280519529	0.00353838008265124	-4.29564868068877	-0.017044633303725	-0.0049617772169016
1.86744355437567	-0.503306593225093	0.0107445285047569	0.00348539999060991	-4.47608909854598	-0.0191795893398073	-0.00563936758521771
1.87193695424903	-0.523598775598299	0.0106561050768766	0.00345933741993582	-4.55575225629053	-0.0201815120723394	-0.00596353984810247
1.88193695424903	-0.575048159203561	0.0130621149463012	0.0547572806480998	-6.11694606626968	2.14779219638606	5.80802873712462
1.89193695424903	-0.646288070539981	0.0564023929445276	0.108181747657734	-7.88080123369395	5.8932611014528	5.18946274388917
1.90193695424903	-0.726228947914878	0.116264654495664	0.157987884657591	-7.95435628565005	5.7484631193828	4.64866003907277
1.91193695424903	-0.804139819355583	0.168672021337316	0.200306186597305	-7.61469205239545	4.70369584270088	3.81135718789299
1.92193695424903	-0.878586068954131	0.210448632861109	0.234552331767218	-7.28619389476324	3.67726397098733	3.05585334894012
1.93193695424903	-0.950123083565832	0.242792936525509	0.261864154671608	-7.03420471874549	2.82122181894858	2.42788333058977
1.94193695424903	-1.01951116280612	0.267439588416479	0.283496541369564	-6.85403235725531	2.13353066533148	1.91836842931317
1.95193695424903	-1.08739681715782	0.285948545236129	0.300541492289924	-6.7312262749023	1.58902426271995	1.50772308546847
1.96193695424903	-1.15428306570422	0.299619269091633	0.313903741327242	-6.6521408810513	1.16219740263735	1.17843274906711
1.97193695424903	-1.22054810876766	0.309514348773393	0.324323812684957	-6.60537172559319	0.830909868634534	0.916132948214267
1.98193695424903	-1.28646736110884	0.316495278034288	0.332405552004321	-6.58168981597792	0.576962514450908	0.707905676596979
1.98536121638857	-1.30899693899575	0.3183449957068	0.334725773366524	-6.57739296393088	0.50460400936494	0.647968863031766
1.99536121638857	-1.36986311389004	0.319394552557113	0.290809521248893	-5.20660249706737	-1.84871871405132	-5.17894182803531
2.00536121638857	-1.41250327555822	0.278625405533289	0.242162824896151	-3.59068101427329	-5.61356089099244	-4.87158132557606
2.01536121638857	-1.44739890906688	0.220160457020798	0.194958825317609	-3.55351225044287	-5.72341352259547	-4.44337038818438
2.02536121638857	-1.48527745031762	0.167779468651176	0.154451280879707	-4.05284888989222	-4.68965738049276	-3.64418056952414
2.03536121638857	-1.52852297992583	0.126483275409342	0.121907670040348	-4.58403885772562	-3.59553259054926	-2.88612864151605
2.04536121638857	-1.57660419133956	0.095134290405794	0.0962654932828921	-5.01302099099978	-2.71267612856787	-2.2679487422379
2.05536121638857	-1.62841334165963	0.0714985680183644	0.0761106009089123	-5.33194410793621	-2.04675362204041	-1.78365354237299
2.06536121638857	-1.68294090637482	0.0536353567324633	0.0602319349893053	-5.56011186785039	-1.55038096810344	-1.40729804003556
2.07536121638857	-1.73937823825755	0.0400753861793647	0.0476833061577027	-5.71675402025174	-1.17971411054483	-1.11399844984329
2.08536121638857	-1.79708796542324	0.0297337536275472	0.0377371775823142	-5.81676340586108	-0.901932082737144	-0.884369053011153
2.09144436294375	-1.83259571459421	0.0246664260476899	0.0327152962602976	-5.85470567731966	-0.768141403997839	-0.769071751214667
2.10144436294375	-1.88581262381367	0.013744677529625	-0.0231646645332662	-4.41344090812841	-3.01965838402665	-6.06538805666484
2.11144436294375	-1.92122973829686	-0.036433991575674	-0.0795223012220754	-3.00767482448171	-6.19592990795092	-5.49279731227883
2.12144436294375	-1.95173310636567	-0.0973205056945054	-0.131317661444517	-3.21097584419937	-5.7283293357652	-4.77309046862573
2.13144436294375	-1.9862997285552	-0.149097373534985	-0.174585737580313	-3.70376817973121	-4.61958401819389	-3.88710347598565
2.14144436294375	-2.02556909219724	-0.190102540295932	-0.209487043968482	-4.1318192127439	-3.61424640082577	-3.11694437736189
2.15144436294375	-2.06855724640186	-0.222056320786115	-0.237429432579402	-4.44710668372796	-2.81020815010542	-2.4925110628725
2.16144436294375	-2.11417196184322	-0.246896357555535	-0.259785892105591	-4.6600874847086	-2.18541216339486	-1.99634204836342
2.17144436294375	-2.16147730110698	-0.26624557375761	-0.277698810331254	-4.78839976452835	-1.70543142873536	-1.60225758719791
2.18144436294375	-2.20971058246258	-0.28138979531818	-0.292085111873779	-4.84831826807184	-1.33911926461257	-1.28938119707028
2.19144436294375	-2.25825853892646	-0.293332009233075	-0.303676185705553	-4.85334320201711	-1.06138843833343	-1.04044309151505
2.20144436294375	-2.30663056443923	-0.302848904019178	-0.313052990897408	-4.8145868811607	-0.851837745423038	-0.842653553133938
2.21144436294375	-2.35443557561157	-0.310537632311292	-0.320675847173245	-4.74113607949316	-0.693929089719722	-0.686761289815203
2.22144436294375	-2.40136287282778	-0.316853142863159	-0.326910074655663	-4.64013166151497	-0.57527628233195	-0.563847921691044
2.23144436294375	-2.44716606767342	-0.322139463037796	-0.332044164832064	-4.51727837556659	-0.486232332136823	-0.466792410413327
2.24144436294375	-2.49165009964569	-0.326654289382006	-0.336306093541371	-4.37700599212097	-0.419757285667125	-0.388918915621317
2.25144436294375	-2.53466044325126	-0.330589712029869	-0.339873864716614	-4.22303903394706	-0.369652962070352	-0.326985038239546
2.26144436294375	-2.57607486206929	-0.334087054694607	-0.34288787863785	-4.05822558093642	-0.331577688011659	-0.277497270877678
2.27144436294375	-2.61579657775122	-0.337249541299026	-0.345458144674543	-3.88484162678597	-0.302172982763688	-0.23792879974909
2.27201070208694	-2.6179938779916	-0.337420245675851	-0.345592362698833	-3.87479449623938	-0.300751320153088	-0.235843759454315
2.28201070208694	-2.65867438272308	-0.341512767091842	-0.299016478091034	-4.62547847292075	1.00060704805654	5.33965091012679
2.29201070208694	-2.71151250673284	-0.313038497143573	-0.250714125551678	-5.92895919998498	4.65394244724591	4.41434502400152
2.30201070208694	-2.77275147504854	-0.259466806297237	-0.206455726357586	-6.098924474628	5.57745477583991	4.29087050924643
2.31201070208694	-2.83108202210647	-0.206771690575163	-0.166643715919231	-5.5140621553446	4.84368569976997	3.63610291624599
2.32201070208694	-2.88268018249442	-0.163413251426075	-0.133860844345799	-4.80949668358589	3.83371964739629	2.93190920815874
2.33201070208694	-2.92752170861357	-0.129606696069621	-0.107650831498296	-4.17491959948593	2.96008899484522	2.33114300896213
2.34201070208694	-2.96650009623317	-0.103556702570722	-0.0868333543650005	-3.63578009984286	2.28074986594225	1.85046058964897
2.35201070208694	-3.00050057126595	-0.0834565600371382	-0.0702866969593679	-3.17608444044349	1.76376914602555	1.47176103748344
2.36201070208694	-3.03021887207131	-0.0678839498402619	-0.0571053206745512	-2.77638496521101	1.36908969794572	1.17443696588555
2.37201070208694	-3.05617669458481	-0.0557739352004779	-0.0465819307219949	-2.42162392611601	1.06600384402553	0.939531322560229
2.38201070208694	-3.07876532707833	-0.0463296072413164	-0.0381652939736166	-2.10091132328668	0.832454835479812	0.751812242277928
2.39201070208694	-3.09828153121404	-0.0389478849885859	-0.0314251711514563	-1.80602622630111	0.65126174856334	0.60240595561222
2.40201070208694	-3.11495245998067	-0.0331688024615201	-0.0260215018476517	-1.53105446235852	0.510382212274406	0.482851202691864
2.41201070208694	-3.12895349681102	-0.0286384080175785	-0.0216855460193943	-1.27146033365971	0.400434482795746	0.3873831799997
2.42201070208694	-3.14042078101863	-0.0250830462344631	-0.0182037714991698	-1.02380065492387	0.314337394758138	0.311355173052777
2.43201070208694	-3.14946038478317	-0.0222904340852208	-0.0154058313094222	-0.785488234648275	0.246902208222895	0.250532315559948
2.44201070208694	-3.15615520410412	-0.0200953308687671	-0.0131557975120452	-0.55452964571239	0.194171552634118	0.201471183419424
2.45201070208694	-3.16057017755679	-0.0183686638740621	-0.0113454147749229	-0.329313498846941	0.152853717042894	0.161992544278507
2.46201070208694	-3.16275620550983	-0.0170095000578872	-0.00988815227160103	-0.108569723525774	0.120352311315155	0.130456802062751
2.47201070208694	-3.16275316502139	-0.0159389122640246	-0.00871443977860627	0.108645381024983	0.0948469743642073	0.105076858694696
2.48201070208694	-3.16059234114206	-0.0150949130270132	-0.00776869466770314	0.323104744824623	0.0747917619487619	0.0847357050039125
2.49201070208694	-3.15629825642422	-0.0144288346315191	-0.00700622640820302	0.535396669070556	0.0590456884722588	0.0683842589856358
2.50201070208694	-3.14989015950533	-0.0139023712885021	-0.00639112780921556	0.745976978169924	0.0467268636413535	0.0551640181374612
2.51201070208694	-3.14138321987304	-0.0134852737362703	-0.00589459877442919	0.955209864944632	0.0370955045792513	0.0445111882450254
2.52201070208694	-3.13078948433498	-0.0131536125545464	-0.00549346006964327	1.16337195383582	0.0295683815951864	0.035986166932549
2.53201070208694	-3.11811867034235	-0.0128884193204094	-0.00516897184673956	1.37065560116829	0.0237273838747739	0.0291468571397383
2.54201070208694	-3.10337885023397	-0.0126745733018267	-0.00490600935011707	1.57719280313467	0.0192411851798254	0.0236521899668217
2.55201070208694	-3.08657703754408	-0.0124999503043862	-0.00469235233287529	1.78306422636629	0.0158394882067658	0.0192582423181697
2.56201070208694	-3.06771970282125	-0.012354773037133	-0.00451807423486043	1.98829810938445	0.0133226200172768	0.0157440398154083
2.56258189303629	-3.06658066164703	-0.0123472007178707	-0.00450912534240508	2.00000000000058	0.0132079936796914	0.0155521623326231
2.57258189303629	-3.04555736527196	-0.0122245178319722	-0.0043677515741368	2.20454498497048	0.0114418121999615	0.012816999471565
2.58258189303629	-3.02249213465595	-0.0121164262512854	-0.00425076827850329	2.40837442182794	0.0102672020290073	0.0106659307673562
2.59258189303629	-2.99739259799834	-0.0120175197757085	-0.00415283282514338	2.61138600788774	0.0095901290900844	0.00899412425076825
2.60258189303629	-2.97026760863726	-0.0119232205083314	-0.00406954119696561	2.81343761056305	0.00933615971569763	0.00772243377053437
2.61258189303629	-2.94112764549043	-0.0118295903423009	-0.00399723544876414	3.01434675469437	0.00944923668130066	0.00678447406210689
2.62258189303629	-2.90998521164176	-0.0117331827162034	-0.00393285719166213	3.21389137274531	0.00988543678942807	0.00612881329848714
2.63258189303629	-2.87685523155823	-0.0116309318354742	-0.00387382572778818	3.41180937820688	0.0106115918067787	0.00571205802468209
2.64258189303629	-2.84175544842021	-0.0115200687869768	-0.00381794391908058	3.60779883214818	0.0116022729588981	0.00549779932934847
2.65258189303629	-2.80470682038379	-0.0113980606232841	-0.00376332364969148	3.80151818461441	0.0128375167131218	0.00545534724111554
2.66258189303629	-2.76573391409624	-0.0112625668564586	-0.00370833021472487	3.99258726654045	0.0142990164051645	0.00556336396591566
2.67258189303629	-2.72486529181628	-0.0111114120184028	-0.00365153766255998	4.18058822302599	0.0159682612276442	0.00580985816670204
2.68258189303629	-2.68213388737442	-0.0109425739966191	-0.00359168671431664	4.36506538992389	0.0178308200931018	0.00617835592544332
2.69258189303629	-2.63757736779047	-0.0107541786353898	-0.00352766040991755	4.54552734644352	0.0198745016232646	0.00664935512871764
2.70258189303629	-2.59123847416225	-0.0105445007548437	-0.00345847076085137	4.72145028324841	0.0220849966211565	0.00720836597093736
2.71258189303629	-2.54316533446005	-0.0103119731347825	-0.00338324724414042	4.89228131170536	0.0244445606726819	0.00784722059723045
2.72258189303629	-2.49341174135629	-0.0100552012014941	-0.00330122764894719	5.05744206404678	0.0269325371760711	0.00856145945192543
2.73258189303629	-2.4420373875947	-0.00977298232640639	-0.00321174945024375	5.21633245586925	0.0295283089046058	0.00934235624808565
2.74258189303629	-2.38910805191927	-0.00946432616825427	-0.00311424610407625	5.36833558106412	0.0322129124481633	0.0101725275909316
2.75258189303629	-2.33469572900804	-0.0091284712763493	-0.00300825579197864	5.51282524361153	0.0349633774861514	0.0110392512490563
2.76258189303629	-2.27887869431455	-0.00876490448913323	-0.0028934234761503	5.64917268757009	0.0377529540032181	0.0119340986657667
2.77258189303629	-2.22174149801438	-0.00837337943413363	-0.00276950172989453	5.77675356697614	0.0405528642840288	0.0128492542048653
2.78258189303629	-2.16337488288451	-0.00795393172069376	-0.00263635303731675	5.89495564811086	0.043333233855959	0.013776079453254
2.79258189303629	-2.10387562153863	-0.00750689100211924	-0.00249395044958242	6.00318663024383	0.0460650402176049	0.0147015004671944
2.80258189303629	-2.04334627080122	-0.00703288692885797	-0.00234238142397705	6.10088289138886	0.0487192914134156	0.0156112001744271
2.81258189303629	-1.98189484180582	-0.00653284989994843	-0.00218185090424216	6.18751831947498	0.051265952637402	0.0164935625416297
2.82258189303629	-1.91963438631097	-0.00600800791676959	-0.0020126793060716	6.2626122854292	0.0536754729709168	0.0173375163859215
2.83258189303629	-1.85668250275184	-0.00545987747003098	-0.00183529966616719	6.32573736959206	0.0559196809621158	0.0181319201030662
2.84258189303629	-1.79316076713919	-0.00489024881871922	-0.0016502530287003	6.37652648230863	0.0579725810419269	0.0188651602274059
2.85258189303629	-1.72919409615656	-0.00430116584789273	-0.0014581821336648	6.41467919238015	0.059810939006803	0.0195251739519828
2.86258189303629	-1.66491005209726	-0.00369489984979136	-0.00125982601855193	6.43996754549039	0.0614127902194609	0.0201042925921657
2.87258189303629	-1.60043810082115	-0.00307391781094734	-0.00105601566866839	6.45224121034674	0.0627538337844868	0.0206089497162641
2.88258189303629	-1.53590883317332	-0.0024408546753894	-0.000847650062205098	6.45142799113729	0.0638165758860971	0.0210387962372559
2.89258189303629	-1.47145316576393	-0.00179848236764346	-0.000635672013964052	6.43753313277939	0.0645985376531053	0.021367814149346
2.90258189303629	-1.40720153839235	-0.00114966576110406	-0.000421069595720914	6.4106420533596	0.0651013323679522	0.0215707790617592
2.91258189303629	-1.3432831207586	-0.000497314704427532	-0.000204883888531608	6.3709229084731	0.0653145916913037	0.0216617505398516
2.92258189303629	-1.27982503744082	0.000155645585459837	1.18276413149142e-05	6.31861965544299	0.0652312059109769	0.0216576930454405
2.93258189303629	-1.21695162996958	0.000806304661809908	0.00022802477971703	6.25404434892339	0.0648603291957291	0.021547197479412
2.94258189303629	-1.15478377390081	0.00145181746705306	0.000442665529608857	6.1775778700406	0.0642029358409752	0.0213482450628714
2.95258189303629	-1.09343824833745	0.00208942208191495	0.000654759556354334	6.08965620256552	0.0632795441988737	0.0210414701398829
2.96258189303629	-1.03302718366457	0.00271648857951554	0.000863340093334894	5.99077070130936	0.0621003534120523	0.0206405100249341
2.97258189303629	-0.973657579833718	0.00333054127572949	0.00106749040191102	5.88145751110153	0.0606751721405359	0.020167405449254
2.98258189303629	-0.915430904367471	0.00392927066636249	0.00126638497391111	5.7622836361371	0.0590348689087659	0.0196004479397513
2.99258189303629	-0.858442783343389	0.0045105759635619	0.00145924715645878	5.63384791109133	0.0571942771421549	0.0189614987650475
3.00258189303629	-0.802782767661503	0.00507256723342047	0.0016453920007791	5.4967660505396	0.0551771569511638	0.0182553739432892
3.01258189303629	-0.748534187953004	0.00561358468691103	0.00182421692254682	5.35166520110237	0.0530051567208645	0.0174950218008697
3.02258189303629	-0.695774087336135	0.00613220580465043	0.00199521011867285	5.19917531108083	0.0507007236849398	0.0166934713032671
3.03258189303629	-0.644573229149135	0.00662724777190366	0.0021579591824472	5.03992068903878	0.0482914060451794	0.0158524992681851
3.04258189303629	-0.594996176146784	0.00709777507072794	0.00231213687987202	4.87451610638876	0.0457990496608799	0.0149873544848931
3.05258189303629	-0.547101428454172	0.00754309002164071	0.00245751767966445	4.70355769824265	0.0432520739425738	0.0140965425694544
3.06258189303629	-0.500941621002792	0.00796273883131795	0.00259394809946645	4.52762286941865	0.0406658097565051	0.0132078202122128
3.07258189303629	-0.456563759861832	0.00835648421475724	0.00272138856488742	4.3472576418225	0.038074797545281	0.0123004230603321
3.08258189303629	-0.414009508243616	0.00872431812316151	0.00283985219393552	4.16298353908921	0.0354923027634959	0.0114008762449707
3.09258189303629	-0.37331549308745	0.00906643257757571	0.00294943710514288	3.9752879031135	0.0329372809507162	0.0105181521759019
3.10258189303629	-0.33451363980427	0.00938320798388852	0.00305031189559162	3.78462343415751	0.0304284214840501	0.00965737295891871
3.11258189303629	-0.297631522237661	0.00967519692530871	0.003142707473521	3.59140714798435	0.0279831686149186	0.0088217778773584
3.12258189303629	-0.262692722438805	0.00994310841952973	0.0032269046119212	3.39602068747568	0.0256139684219917	0.00802139301629967
3.13258189303629	-0.229717192134047	0.0101877847102125	0.0033032370449617	3.19880830688276	0.023335793349235	0.0072549178508298
3.14258189303629	-0.198721614272491	0.0104101853483371	0.00337207584778738	3.00007878195338	0.0211603791143405	0.00652337324487981
3.15258189303629	-0.169719757736179	0.0106113700603354	0.00343381621965299	2.80010732097713	0.019092163691309	0.00583977830224533
3.16258189303629	-0.142722818488979	0.0107924700278716	0.00348889228040508	2.59913273151702	0.0171441196481394	0.00519147383121137
3.17258189303629	-0.117739752270781	0.0109546807861787	0.00353774123771139	2.39736424049442	0.0153172804353149	0.00458905472743813
3.18258189303629	-0.0947775853991844	0.0110992354992595	0.00358081591123611	2.19497974118044	0.0136145763502922	0.00403358050818069
3.19258189303629	-0.0738417092104618	0.0112273890023912	0.00361857373526015	1.9921286393339	0.0120375958432676	0.00352451157934985
3.20258189303629	-0.0549361532852825	0.0113404008588775	0.00365147044871287	1.788934068302	0.0105864154555931	0.00306038004450154
3.21258189303629	-0.0380638366991586	0.011439519871405	0.00367995309341911	1.58549543638217	0.00925861217263336	0.00264142488009147
3.22258189303629	-0.0232267957215828	0.0115259680144686	0.00370445727901663	1.3818903613714	0.00805100198246651	0.00226574876852399
3.23258189303629	-0.0104263879588343	0.0116009266782228	0.00372540199753991	1.17817720403716	0.00695929594847478	0.00193044052156951
3.24258189303629	0.000336527929101866	0.0116655238772909	0.0037431851722402	0.974397589757083	0.00597796346593162	0.00163220865458237
3.25258189303629	0.00906143701047747	0.0117208234312337	0.00375817755235152	0.770579340281403	0.00509860271799399	0.00137156702193058
3.26258189303629	0.0157480386528127	0.0117678118712064	0.00377072501021017	0.566737952633642	0.00431401418718897	0.00114341561115713
3.27258189303629	0.0203961410172558	0.0118073907328916	0.00378114083711538	0.362879992457602	0.00361485921163378	0.000945285073063645
3.28258189303629	0.0230055814824082	0.0118403665909085	0.00378970615767593	0.159005063760833	0.00299185953571853	0.000772358586030315
3.29258189303629	0.0235761715297856	0.011867444577276	0.00379666460035028	-0.0448911070218365	0.00243366479889456	0.00062280728890445
3.30258189303629	0.022107667446818	0.0118892200803101	0.0038022237729733	-0.248814781854764	0.00192936277154892	0.000492041376879161
3.31258189303629	0.0185997655621202	0.011906173622974	0.00380655144040323	-0.452771300360646	0.00146701843932808	0.000376418851879777
3.32258189303629	0.013052123065462	0.0119186648413387	0.00380977606812916	-0.656762924315313	0.00103515340902505	0.000269935077119343
3.33258189303629	0.00546440333476452	0.0119269298266181	0.00381198146713289	-0.860785555687135	0.000619854650283055	0.000171328120331213
3.34258189303629	-0.00416365250362659	0.011931075189662	0.00381321140100887	-1.06482724233893	0.000208840275152726	7.45972258490667e-05
3.35258189303629	-0.0158321298134228	0.0119310768211395	0.00381346511800757	-1.26886497922507	-0.000211098148768952	-2.46815294010404e-05
3.36258189303629	-0.0295408190608044	0.0119267777591902	0.00381269724241478	-1.47286227585181	-0.00065368783292626	-0.000130095188220721
3.37258189303629	-0.0452890691780229	0.0119178863700723	0.00381081937040822	-1.67676700343582	-0.00113171515048793	-0.000247631982197257
3.38258189303629	-0.0630756165154193	0.0119039775921529	0.0038076968259798	-1.88050833675546	-0.00165916779318897	-0.000380288189385663
3.39258189303629	-0.0828983885494945	0.011884492882135	0.00380315157889421	-2.08399480427785	-0.00224919401339397	-0.000532641086222303
3.40258189303629	-0.104754283755671	0.0118587427536907	0.00379696207904456	-2.28711177647006	-0.00291445694303823	-0.000709656366824944
3.41258189303629	-0.128638928013263	0.0118259107764365	0.00378886327712543	-2.48971899973022	-0.00366760939610449	-0.000915173063860938
3.42258189303629	-0.154546408266139	0.0117850582977025	0.0037785490010679	-2.6916485960115	-0.00452037366192662	-0.001153670816764
3.43258189303629	-0.182468985162736	0.0117351317793577	0.00376567254089286	-2.89270279631742	-0.00548421420542498	-0.00142818098746128
3.44258189303629	-0.212396785838771	0.0116749708398344	0.0037498507701077	-3.09265240119387	-0.00656889345668634	-0.00174323024127835
3.45258189303629	-0.244317479590525	0.0116033197623031	0.00373066503378787	-3.29123479382319	-0.00778368999319075	-0.00210133285349882
3.46258189303629	-0.278215938323721	0.0115188394471116	0.0037076673400182	-3.48815306716697	-0.00913537965319028	-0.00250723843034063
3.47258189303629	-0.314073886008938	0.0114201242322315	0.00368038070092067	-3.68307431243373	-0.0106308393173826	-0.00296107235855177
3.48258189303629	-0.351869539443581	0.0113057176649425	0.00364830857683246	-3.87562983573108	-0.0122737380089668	-0.00346559054766518
3.49258189303629	-0.391577246355055	0.0111741335814478	0.00361093799589616	-4.06541454400103	-0.0140663089748015	-0.00402131407184108
3.50258189303629	-0.433167124786669	0.0110238779904509	0.00356774704996811	-4.25198752317958	-0.0160085965913021	-0.00462771137642754
3.51258189303629	-0.476604709477353	0.0108534715794621	0.00351821681530702	-4.4348738834825	-0.0180951428922966	-0.00529053553358177
3.52258189303629	-0.52185061378911	0.0106614812300043	0.00346182705329443	-4.61356414701422	-0.020323830656494	-0.00600026224420549
3.52296053687093	-0.5235987755983	0.0106537691702221	0.00345955004282701	-4.62024052948832	-0.0204111439573523	-0.00602746936894723
3.53296053687093	-0.575691422024224	0.013053986337211	0.0547565843701857	-6.18104871331502	2.14673101436333	5.80792065869017
3.54296053687093	-0.647569004372005	0.0563769653860322	0.108175616257115	-7.94449761762433	5.89135455421952	5.18902545844583
3.55296053687093	-0.728145527035345	0.116217669327516	0.157971518730871	-8.01755916972471	5.74530736668889	4.64829579295009
3.56296053687093	-0.806686089521849	0.16858962559019	0.200274950309653	-7.67707029715163	4.69842092573445	3.81205662543031
3.57296053687093	-0.881755217937823	0.210316012259796	0.234505467780305	-7.34843954192466	3.67271517696838	3.05168660466693
3.58296053687093	-0.953909522007989	0.242602222002506	0.261795925342815	-7.09591914284338	2.81614707713278	2.42313258506913
3.59296053687093	-1.02390933545792	0.26718654711352	0.28340483690552	-6.91516065981013	2.12812852309629	1.91373662551558
3.60296053687093	-1.09240097075654	0.285632757468105	0.300425742864879	-6.79170442125983	1.58354626059977	1.50358246027189
3.61296053687093	-1.15988690966097	0.29924352543374	0.313764212131324	-6.71182240317094	1.15663287221742	1.1755832528086
3.62296053687093	-1.22674438863534	0.309083432646333	0.324162425374649	-6.66421116735919	0.82566909473315	0.914119106297639
3.63296053687093	-1.29324770726258	0.316015618751672	0.33222472999354	-6.63959694574063	0.57229911078954	0.706465849796795
3.63533317952758	-1.30899693899575	0.317312741865038	0.333850459760074	-6.63626258876581	0.521803773397888	0.663984588510866
3.64533317952758	-1.37041369188307	0.318449825522027	0.290092558932361	-5.25788288489098	-1.8482290342291	-5.1643341479857
3.65533317952758	-1.41355407939494	0.277669580719337	0.241544795502739	-3.64260464271944	-5.60935622899674	-4.86383314905183
3.66533317952758	-1.44898705020677	0.219293075155873	0.194420183625091	-3.60841093137827	-5.71141207915253	-4.43541664985789
3.67533317952758	-1.48741525594203	0.167037452826961	0.15399855088749	-4.10792411208058	-4.67584659672934	-3.63862345195639
3.68533317952758	-1.53120326966384	0.125862903257608	0.121529780056906	-4.63757961623319	-3.58435092262563	-2.87878873688464
3.69533317952758	-1.57981269846312	0.0946176674690971	0.0959524766580835	-5.06508657897215	-2.70319463610894	-2.26206560505991
3.70533317952758	-1.6321348479037	0.0710682130872842	0.0758515335164132	-5.38255695457865	-2.03864710807094	-1.77941644319444
3.71533317952758	-1.68716038830913	0.0532764330542874	0.0600168065281292	-5.60918654074702	-1.54381459965143	-1.40355093359439
3.72533317952758	-1.74408075783851	0.03977505956387	0.0475044734702318	-5.76433951631165	-1.17432795688885	-1.11094250197646
3.73533317952758	-1.80225867863708	0.0294812584923445	0.0375880942513787	-5.86286059678665	-0.897553658553953	-0.881863074000112
3.74049251703895	-1.83259571459405	0.02515319422765	0.0332975390538849	-5.89523028775836	-0.783235260346947	-0.782872202716393
3.75049251703895	-1.8862034538866	0.0140368553013564	-0.0226551307714723	-4.45148913997227	-3.04184777583876	-6.06983860254233
3.76049251703895	-1.92203486400794	-0.0362805567266896	-0.0790819670082102	-3.05391316429049	-6.19869186722178	-5.49953936011173
3.77049251703895	-1.9530165110962	-0.0971632964464383	-0.130909234986602	-3.26050181719159	-5.72333039649038	-4.77995295599533
3.78049251703895	-1.98807802420756	-0.148899081000425	-0.174191483037745	-3.75378127707668	-4.61386047344921	-3.89012291268439
3.79049251703895	-2.02784558563674	-0.189853935488696	-0.209096716140011	-4.18178187957363	-3.60844120388976	-3.11864575952625
3.80049251703895	-2.0713301319147	-0.221757199543444	-0.237038067404064	-4.49674884054131	-2.80453755981032	-2.4941318790744
3.81049251703895	-2.11743668696097	-0.246550192448791	-0.259392506452523	-4.70901315620208	-2.18081989253653	-1.99650605291905
3.82049251703895	-2.16522731390925	-0.265858526683216	-0.277302775609763	-4.8364859372477	-1.7019628341037	-1.60133502133134
3.83049251703895	-2.21393810435955	-0.280969105379628	-0.29168662635239	-4.89550860595907	-1.33668500652194	-1.28780264504845
3.84049251703895	-2.26295499484778	-0.292885443493348	-0.303275342669824	-4.89972618971187	-1.05944240611636	-1.03958558488898
3.85049251703895	-2.3117870210336	-0.302383977299034	-0.312650174436822	-4.86027426177271	-0.849826957468181	-0.843799398196209
3.86049251703895	-2.36004320872417	-0.310060541346584	-0.320273406995663	-4.78595021950472	-0.692478646304546	-0.688206041220464
3.87049251703895	-2.40741292654166	-0.316369506818909	-0.326509956660554	-4.68397445204855	-0.574756250652756	-0.564472669929463
3.88049251703895	-2.45364997384719	-0.32165432426452	-0.331647669158444	-4.56015269451969	-0.486665362036508	-0.46632560064357
3.89049251703895	-2.49855949323886	-0.326172419429761	-0.335913085750187	-4.41913329984749	-0.420359523106546	-0.389101291662753
3.90049251703895	-2.54198749471313	-0.330114627999245	-0.339485331400348	-4.26443723445716	-0.370448577229691	-0.32756615709631
3.91049251703895	-2.58381219576542	-0.333621569786069	-0.342504746245795	-4.09890146683447	-0.332654788620429	-0.278087175032229
3.91898336430826	-2.61799387799149	-0.336335034555207	-0.344716897483041	-3.95158678700648	-0.307416305006807	-0.243984009942209
3.92898336430826	-2.65948994324635	-0.340377916713111	-0.298280375232573	-4.71129544606998	1.01581392265693	5.32435319215348
3.93898336430826	-2.71322587890412	-0.311654981229588	-0.250123747359152	-6.02024448156913	4.68059580641559	4.4147779557941
3.94898336430826	-2.7752716541057	-0.258050886270584	-0.205870471797474	-6.17243242904507	5.56579750684482	4.28561173673909
3.95898336430826	-2.83430581067784	-0.205533663821181	-0.166134740107074	-5.58253277741172	4.82236844402001	3.62740454344697
3.96898336430826	-2.88658596715571	-0.162389202090928	-0.133440817552393	-4.87778926331387	3.81287972784501	2.92366614295609
3.97898336430826	-2.93211616491743	-0.128774687185361	-0.107310171584109	-4.24436264683845	2.94237019227606	2.32421560024029
3.98898336430826	-2.97179562802445	-0.102884444520582	-0.086558270360255	-3.70650700079923	2.26636043677873	1.84446512972823
3.99898336430826	-3.00650886231257	-0.0829143163523494	-0.0700659502223484	-3.24773258617736	1.7515129169093	1.46818172532236
4.00898336430827	-3.03694943151872	-0.0674479184437773	-0.05692772532465	-2.84896114092347	1.35925040791144	1.17121786046863
4.01898336430826	-3.06363736975509	-0.0554244485320013	-0.0464389446952619	-2.49503436676697	1.05842123660251	0.935931410553322
4.02898336430826	-3.08696271053615	-0.0460501186749179	-0.0380510277170009	-2.17488919869175	0.826239839506359	0.749050480827262
4.03898336430826	-3.10722103549546	-0.0387251882690092	-0.0313339290081195	-1.88051946579886	0.646314785677425	0.599983230487572
4.04898336430827	-3.12463872870367	-0.0329918374403371	-0.0259491606371599	-1.60592598420595	0.506237704875936	0.481270853082302
4.05898336430826	-3.13939047861001	-0.0284982855188262	-0.0216283424020528	-1.34667349288275	0.396990126563733	0.386385018403786
4.06898336430826	-3.15161190909412	-0.0249725842328772	-0.0181584749102034	-1.09935808631365	0.311623729729011	0.310446978758717
4.07898336430826	-3.16140872644438	-0.0222037405420631	-0.01536996662904	-0.861366628636496	0.244835846869979	0.249563993999638
4.08898336430827	-3.16886355056149	-0.0200275535183584	-0.0131275969313422	-0.630668206610744	0.192516687640809	0.200714882497508
4.09898336430826	-3.17404106116066	-0.0183159600101585	-0.0113233504281623	-0.405682654015219	0.15149521995519	0.161481939806463
4.10898336430826	-3.17699193898091	-0.0169688616703944	-0.0098709024546746	-0.185162887707936	0.11926950715352	0.130041498670186
4.11898336430826	-3.17775587961069	-0.0159079386947329	-0.00870105572305401	0.0318546410319275	0.0939527025121188	0.104799090306321
4.12898336430827	-3.17636395754473	-0.0150717907297031	-0.00775833766491584	0.246124708566536	0.0740853815632972	0.0844597198977739
4.13898336430826	-3.17284048293435	-0.0144121589884399	-0.00699833558728577	0.458256967885147	0.0584646472494053	0.0681451687357272
4.14898336430826	-3.16720443800531	-0.0138911210800837	-0.00638526950094982	0.66870824462992	0.0462307057759556	0.0549633979455745
4.15898336430826	-3.15947067372608	-0.0134787299079279	-0.00589048658352594	0.877853610542783	0.0366322279462763	0.0443938218490143
4.16898336430826	-3.14965083322569	-0.0131513587757383	-0.00549081132239305	1.08595943792552	0.0291611508778168	0.0358305211211529
4.17898336430827	-3.13775416542363	-0.0128902184871283	-0.00516768547421312	1.29324497596433	0.0233346073333876	0.0289962795763925
4.18898336430826	-3.12378816112865	-0.0126803875430036	-0.00490602261005092	1.49984659858332	0.0188483006585619	0.0234942592619644
4.19898336430826	-3.10775914664173	-0.0125098906303704	-0.00469368201509918	1.70586019551033	0.015420929373808	0.0191139269155961
4.20898336430826	-3.08967277874813	-0.0123690897061639	-0.00452077413661739	1.91132424168974	0.0128651197337508	0.0156109789627497
4.21330755192674	-3.0812160926695	-0.0123153809048616	-0.00445613795402965	2.00000000000116	0.0119951059321377	0.0143104469595195
