=========================== Parameters =====================================
l1 [m]	l2 [m]	l3 [m]	c1 [m]	c2 [m]	c3 [m]	m1 [kg]	m2 [kg]	m3 [kg]
0.28	0.28	0.1258	0.14	0.14	0.0629	0.1564	0.23764	0.1564
============================== Data ========================================
t [s]	th1 [rad]	th2 [rad]	th3 [rad]	th1d [rad/s]	th2d [rad/s]	th3d [rad/s]
0	0	0	0	0	0	0
0.01	-0.0015903519308036	0.00129027950008383	0.000251024904956946	-0.287868289487121	0.192044273051107	0.0451946483257146
0.02	-0.00548589304825699	0.00326382946206839	0.00073246347941799	-0.485960988350652	0.19146880219078	0.0475724887457527
0.03	-0.0112662813511413	0.00502798027550895	0.00117259097498869	-0.669580525679319	0.160232564924056	0.0400449144433907
0.04	-0.018878380724093	0.00647056878300351	0.00153275346110049	-0.853164172785856	0.128989740536161	0.0321295802551462
0.05	-0.0283374159406135	0.00762469827013747	0.00181975686418808	-1.03905000056637	0.102719321672047	0.025492790832015
0.06	-0.0396670329397958	0.00854168058260236	0.00204671359921306	-1.22722056577905	0.0814407795392665	0.0201065342668916
0.07	-0.052888028348087	0.00926736677911141	0.00222549584033383	-1.41725114047862	0.0643172739818392	0.0158117677008897
0.08	-0.0680168030499545	0.00983913500502066	0.002365812827238	-1.60870724439977	0.0505298783019221	0.0123817486603897
0.09	-0.0850656235933541	0.0102867783776931	0.00247537641155334	-1.80120006881541	0.0393916822448853	0.00962485786689249
0.1	-0.104043088064523	0.0106338712402806	0.00256024552093582	-1.99438192211132	0.0303389676802083	0.00741377242602909
0.11	-0.124954498927629	0.0108989791154561	0.00262517366274429	-2.18793771176747	0.022924152315712	0.00563228406569883
0.12	-0.147802111310019	0.0110966519063836	0.00267387892179971	-2.38157346225179	0.0167971172166719	0.00416028223079979
0.13	-0.172585271005384	0.0112382321295407	0.00270921994784347	-2.57499975237402	0.0116640309271802	0.00294465537374104
0.14	-0.199300451557152	0.0113324804292887	0.00273340147246947	-2.76792933670274	0.00729674734023722	0.00191850730625863
0.15	-0.227941217805767	0.0113860910784923	0.00274808915140021	-2.96006679742242	0.0035089867303857	0.00103878956716127
0.16	-0.258498123356812	0.0114040979145407	0.00275452632437966	-3.15110445219136	0.00015363388828735	0.000263711164134574
0.17	-0.29095855788564	0.0113902058850208	0.00275361332573388	-3.340716670858	-0.00288843254403408	-0.000435693158596344
0.18	-0.325306552811589	0.0113470570131465	0.00274597991091755	-3.52855687163301	-0.00571164429189636	-0.00108429713653593
0.19	-0.361522556076402	0.0112764487170564	0.00273203936576574	-3.71425454922146	-0.00839119419248167	-0.00170049241769499
0.2	-0.399583184186998	0.0111795127424708	0.00271203440060549	-3.89741350184004	-0.0109862211938326	-0.00229788773508618
0.21	-0.439460959727316	0.0110568627126128	0.00268607789576003	-4.07761135880847	-0.0135404063721927	-0.00289284873652917
0.22	-0.481124043462724	0.0109087209991785	0.00265417654862298	-4.25439806281835	-0.0160889784269432	-0.00348920879854312
0.22978822877516	-0.523598775598299	0.0107389668623637	0.00261713045495141	-4.42367982175448	-0.0186010117832425	-0.00408112837232118
0.23978822877516	-0.574624735026681	0.0164214692359868	0.0586713556875917	-6.13898495662621	2.63178264820428	5.88910318094514
0.24978822877516	-0.645836033417137	0.0631314290790737	0.113069481768825	-7.78976434226711	5.98729149292676	5.22404455387766
0.25978822877516	-0.724239854086106	0.12263492327284	0.162055403105776	-7.7600414326109	5.63140120735008	4.50745465636681
0.26978822877516	-0.800072873408747	0.173660375688877	0.202917994495899	-7.40001594247712	4.55811850780895	3.67758364414201
0.27978822877516	-0.872380987144064	0.214087561106536	0.235981890371961	-7.0743315296562	3.55466420071276	2.9578632238107
0.28978822877516	-0.941830756604436	0.245354025249625	0.262497292440371	-6.82853116290293	2.7276452946008	2.36706874743242
0.29978822877516	-1.00919075444551	0.269198278700166	0.283669816972596	-6.65390046310003	2.06591223778971	1.88609328656094
0.30978822877516	-1.07509616857085	0.287134203795332	0.30051566963024	-6.53528751856711	1.54183008308881	1.49759918851116
0.31978822877516	-1.14003881464606	0.300410420786046	0.313872003851612	-6.45940046178249	1.13036634886877	1.18485804746457
0.32978822877516	-1.20438961036672	0.310044868846889	0.324423151129871	-6.41525424652571	0.810186939129463	0.934738045844687
0.33978822877516	-1.26842048688883	0.316862107599403	0.332728140170032	-6.39402456239441	0.56407167229015	0.734496936133167
0.346137120931356	-1.30899693899575	0.32003660046938	0.337046112957815	-6.3890845332079	0.439605454643106	0.628399976208305
0.356137120931356	-1.36717690320345	0.31765701713021	0.287935368835991	-4.86780733154044	-2.34715861992505	-5.29814825501943
0.366137120931356	-1.40668627566515	0.273401629409218	0.238091691906603	-3.35267456185105	-5.75664965237776	-4.88586709810116
0.376137120931356	-1.43982996065411	0.214798591520196	0.191923039172944	-3.42731935343869	-5.64103955441254	-4.27430403109984
0.386137120931356	-1.47667899630128	0.163625978081676	0.153189828078744	-3.96355156618168	-4.55016701496838	-3.47545779463861
0.396137120931356	-1.51904474004079	0.123667464363596	0.122087686122322	-4.49410077245227	-3.47352841235625	-2.7688637722372
0.406137120931356	-1.56617657867508	0.0933698060156173	0.0973812790594547	-4.91276956224481	-2.62459280302282	-2.19609686531646
0.416137120931356	-1.61693644846952	0.0704681539216906	0.0777595075538666	-5.22284005006031	-1.98675542218524	-1.74656512433418
0.426137120931356	-1.67034190436549	0.053094765224114	0.0621379006830949	-5.44538348481744	-1.511074086103	-1.39144047754873
0.436137120931356	-1.72561736600682	0.0398537783590512	0.049671427692413	-5.59955844188061	-1.15433146103516	-1.1120639197553
0.446137120931356	-1.78215292380777	0.0297155509355667	0.0397007249835839	-5.69949035070116	-0.885937982473409	-0.890642695812007
0.4549437570612	-1.83259571459405	0.0227434532528691	0.032573836591464	-5.75101055669658	-0.704862916854023	-0.733275061315689
0.4649437570612	-1.88394667291777	0.00949555012430922	-0.027475893342207	-4.17292393855885	-3.36627654945702	-6.14860810330243
0.4749437570612	-1.91729007234525	-0.0425810375414277	-0.0846256662969118	-2.86783369552865	-6.20534246029246	-5.46899343492299
0.4849437570612	-1.9467913228875	-0.102720685740722	-0.135390858774816	-3.13561767715685	-5.60110739147691	-4.63637352776549
0.4949437570612	-1.98065357118202	-0.153138325239735	-0.177321165405308	-3.63354528815122	-4.48432814829733	-3.76787887219933
0.5049437570612	-2.01917157011463	-0.192912509294377	-0.211203735276672	-4.05129992063342	-3.50394352780193	-3.03579076018729
0.5149437570612	-2.06129609485945	-0.223911730947264	-0.238477732584303	-4.35568212097128	-2.72749971407881	-2.44291006078152
0.5249437570612	-2.10595190541958	-0.248052096947876	-0.260437155558988	-4.56053346925576	-2.12634976480579	-1.96765011954638
0.5349437570612	-2.15223546202018	-0.266903948403825	-0.278141658988929	-4.68405055318424	-1.66442420209772	-1.58764025975194
0.5449437570612	-2.1994149249133	-0.281702642970923	-0.292443579377672	-4.74208424650449	-1.31128346135555	-1.2839708801275
0.5549437570612	-2.2469026385338	-0.293410069339263	-0.304026029188538	-4.74764149472233	-1.04260216113034	-1.04136611651295
0.5649437570612	-2.29422842279983	-0.302770768799251	-0.313435769037685	-4.71127286528958	-0.839097857149259	-0.847574909821191
0.5749437570612	-2.34101712194425	-0.310357388151361	-0.321109819409758	-4.64149623044822	-0.685533520952803	-0.692790686602103
0.5849437570612	-2.38697008314396	-0.316607208339052	-0.32739692800148	-4.54515668817658	-0.569928183819511	-0.569191440433097
0.5949437570612	-2.43184994936251	-0.321851562319022	-0.332575071704027	-4.42771088848366	-0.482992185284962	-0.470342668160384
0.6049437570612	-2.47546823921235	-0.326339528344027	-0.336865557880487	-4.29348302744454	-0.41760981655019	-0.390881744070473
0.6149437570612	-2.51767527468015	-0.330256945344039	-0.340444109152488	-4.14593220766456	-0.368222105724068	-0.326885617821244
0.6249437570612	-2.55835213445985	-0.333741361092313	-0.343450079601312	-3.98783045256333	-0.33048249007583	-0.275621241369655
0.6349437570612	-2.59740429483232	-0.336893600324303	-0.345994266939848	-3.82134531796968	-0.301210020096996	-0.234553856583622
0.640398498651853	-2.61799387799149	-0.338500075579676	-0.347219885329611	-3.72759073888062	-0.288072039950686	-0.215239107874531
0.650398498651853	-2.65791204697076	-0.339732093770899	-0.295874663014168	-4.60484050162481	1.41920671639525	5.43973306972778
0.660398498651853	-2.71064256120844	-0.307797736637857	-0.246561011525858	-5.89917880945653	4.86076860107871	4.57491244756384
0.670398498651853	-2.77099695284216	-0.253613957198162	-0.202169107456364	-5.96509102802694	5.53062239810858	4.19463389758013
0.680398498651853	-2.82776461078441	-0.20192564178595	-0.163637421822385	-5.34539248352719	4.71223110170758	3.49366453100597
0.690398498651853	-2.87768384212289	-0.159909551492918	-0.132140203261128	-4.64652603038905	3.70575031518934	2.81987958546558
0.700398498651853	-2.92098424819908	-0.127240890864469	-0.106854108385946	-4.03021207228519	2.86129868177773	2.2587604682134
0.710398498651853	-2.95861055904958	-0.102027545516724	-0.0866116488879406	-3.5095088853509	2.21058467582173	1.80786330228584
0.720398498651853	-2.99142904382547	-0.082512399380393	-0.070386482001269	-3.06520649392956	1.71482036818604	1.45087092317125
0.730398498651853	-3.02010565343418	-0.0673428211094713	-0.0573557664088632	-2.67832398387097	1.33574322779949	1.16606395314373
0.740398498651853	-3.04513802853009	-0.0555087118873142	-0.046873589978896	-2.33440839178181	1.04389535743885	0.937852848669468
0.750398498651853	-3.06690043003089	-0.0462514566113451	-0.0384318681356754	-2.02284023786602	0.817307559959036	0.756418195915461
0.760398498651853	-3.08567747699619	-0.0389956211495065	-0.0316258706080761	-1.73618672534419	0.641150891707256	0.610145344058066
0.770398498651853	-3.10168803114259	-0.0332996920751338	-0.026134389909331	-1.46873476236865	0.503696542104073	0.492342052548937
0.780398498651853	-3.1151015790012	-0.0288227897571936	-0.0217007210534809	-1.21616449007848	0.396081066079064	0.397742676403589
0.790398498651853	-3.1260500501209	-0.0253004979243826	-0.0181189629378195	-0.975213037830809	0.311694683012053	0.321649420945579
0.800398498651853	-3.13463652381848	-0.0225269911891125	-0.01522362307601	-0.743405769497091	0.245615493789861	0.259796575999759
0.810398498651853	-3.14094182515661	-0.0203413473306033	-0.01288238743109	-0.518707144677806	0.193604494467718	0.210199205962481
0.820398498651853	-3.14502936433101	-0.0186177944786745	-0.0109882934046952	-0.299614036195706	0.152691989836707	0.170202866475078
0.830398498651853	-3.14694898377586	-0.0172577322719531	-0.0094552040484989	-0.0849503899850519	0.120568230747212	0.137680425932332
0.840398498651853	-3.14673991841409	-0.016183647736287	-0.00821397273156344	0.126253052470248	0.0952531819935472	0.111509458976172
0.850398498651853	-3.14443304522243	-0.0153346333347806	-0.00720863022410964	0.334724646208877	0.0753204938080763	0.0903875259040052
0.860398498651853	-3.14005270349177	-0.0146627163433909	-0.00639395864540082	0.541028264843027	0.0596777920832899	0.0731935204430756
0.870398498651853	-3.1336181444376	-0.0141299849122515	-0.0057335894101996	0.745630011132016	0.0473658243065484	0.059366842760376
0.880398498651853	-3.1251446548149	-0.0137064988874122	-0.005197969768404	0.948864416479562	0.0377256034347773	0.048151363779564
0.890398498651853	-3.11464451460331	-0.0133684979068567	-0.00476324896448722	1.1509942929485	0.0301993651257289	0.0390759844495019
0.900398498651853	-3.10212776799401	-0.0130970781296897	-0.00441011570936958	1.3522126856868	0.0243433226059633	0.0317830591079682
0.910398498651853	-3.08760287426895	-0.0128771559678547	-0.00412285833619295	1.55264292469911	0.0198413985217418	0.0258816697738873
0.920398498651853	-3.07107728046142	-0.012696614691174	-0.00388873820640775	1.75236006802688	0.0164329059992413	0.0211023282252547
0.930398498651853	-3.05255792163441	-0.0125456540223987	-0.0036974178773395	1.95139623267942	0.0138977309482938	0.0172818443548503
0.932845677046022	-3.04772302789268	-0.01251227289968	-0.00365612243190946	2	0.0133888851136222	0.0164805223117219
0.942845677046022	-3.02673162514172	-0.0123871596333171	-0.00350643422129233	2.19815817661362	0.0117378865998909	0.0135660380221676
0.952845677046022	-3.00376243129507	-0.0122756500129013	-0.00338270460608533	2.39554363578806	0.0106524308310062	0.0112648489087255
0.962845677046022	-2.97882367884083	-0.0121725047537607	-0.00327952929740198	2.59204983115242	0.0100498505580922	0.00944568152564975
0.972845677046022	-2.95192483529906	-0.012073279016401	-0.00319246967838211	2.787534905567	0.00985883277849983	0.00802721000274071
0.982845677046022	-2.92307697612797	-0.0119741461306086	-0.00311785526326049	2.98182003332554	0.0100231816809687	0.00694691224316518
0.992845677046022	-2.89229315413345	-0.0118717605486092	-0.00305262840666449	3.17468856893135	0.0105024562393205	0.00614381893379033
1.00284567704602	-2.85958876792812	-0.011763149195507	-0.00299423319176488	3.36588762585761	0.0112636682909589	0.00557326536912846
1.01284567704602	-2.82498192788793	-0.0116456325477414	-0.00294051782350517	3.55512794132827	0.0122801112745252	0.00520081068521616
1.02284567704602	-2.78849381979108	-0.0115167669342265	-0.00288965727408506	3.74208403276389	0.0135300177223937	0.00499857695441824
1.03284567704602	-2.75014906412101	-0.0113743048432638	-0.0028400899007388	3.92639428982923	0.0149967009828609	0.00493825517416952
1.04284567704602	-2.70997606910654	-0.0112161667005986	-0.00279047587438033	4.10766291149089	0.0166632150067541	0.00500314147202267
1.05284567704602	-2.66800737217642	-0.0110404277146083	-0.00273965468627308	4.28546031859776	0.0185146014216182	0.00517651111948443
1.06284567704602	-2.62427996687991	-0.0108453117586589	-0.00268661872464942	4.45932532186846	0.0205355142167077	0.00544584421908603
1.07284567704602	-2.57883560900003	-0.0106291945543286	-0.00263048791308605	4.62876683016446	0.0227118493224377	0.00579475809862387
1.08284567704602	-2.53172109736346	-0.010390609719863	-0.00257049957930074	4.79326777667753	0.0250263892698816	0.00621500713173563
1.09284567704602	-2.48298852148874	-0.0101282624684115	-0.00250599213526096	4.95228785347821	0.0274615374625302	0.00669600606107574
1.10284567704602	-2.43269547112949	-0.00984104369978072	-0.00243640082385735	5.10526832613353	0.0299967819582601	0.00723199317312894
1.11284567704602	-2.38090519978098	-0.00952804828733378	-0.00236124821018261	5.25163613035216	0.0326115115970136	0.00781226685746806
1.12284567704602	-2.32768673660853	-0.009188592713573	-0.00228014070078175	5.39080925757206	0.0352854722234457	0.00841953391591263
1.13284567704602	-2.27311494143032	-0.00882222789073507	-0.00219278036992862	5.5222050631593	0.0379904827126751	0.00905706083109191
1.14284567704602	-2.2172704936922	-0.00842875928225045	-0.00209894883767846	5.64524418792733	0.0407008976074264	0.00971527540916193
1.15284567704602	-2.16023981462622	-0.00800825829215937	-0.00199851187864265	5.75935832994883	0.0433911615051168	0.0103806438121892
1.16284567704602	-2.10211491707748	-0.00756107098131765	-0.00189142195858115	5.86399795688439	0.0460348408869005	0.0110400187994914
1.17284567704602	-2.0429931811024	-0.00708782149236211	-0.00177772478054163	5.95864090727327	0.0486009744136756	0.0116939343880792
1.18284567704602	-1.98297705310115	-0.00658941482389172	-0.00165755271983849	6.04279887377956	0.0510585355983504	0.0123437011906435
1.19284567704602	-1.92217366914376	-0.00606703916388362	-0.00153110314688103	6.11602129632196	0.0533901135622624	0.0129486484969938
1.20284567704602	-1.86069441186765	-0.00552214192781811	-0.00139868505187291	6.17791065196945	0.055560971189228	0.0135283945678599
1.21284567704602	-1.79865439225143	-0.00495642959265974	-0.00126067110892006	6.22812137099101	0.0575482175525873	0.0140697585844069
1.22284567704602	-1.73617187557699	-0.00437184223741305	-0.00111751535550855	6.26636936276439	0.0593269112881461	0.0145735167055765
1.23284567704602	-1.6733676500558	-0.00377053967400482	-0.000969717882853858	6.29243187745623	0.0608894321852618	0.0149929192137739
1.24284567704602	-1.61036435954785	-0.00315485506220796	-0.000817881561434277	6.30616213591268	0.0622047655784501	0.0153672348269687
1.25284567704602	-1.54728579308683	-0.00252728614352878	-0.000662635104121507	6.30748032647014	0.0632630659107116	0.0156779859428479
1.26284567704602	-1.48425616203441	-0.00189045349404091	-0.000504654325564069	6.29638016726891	0.0640563113128445	0.0159125679237463
1.27284567704602	-1.4213993675365	-0.0012470646641392	-0.00034465798381721	6.27292999845267	0.0645747520944672	0.0160762796514908
1.28284567704602	-1.35883827180883	-0.000599882869971117	-0.000183385292310803	6.23726956332852	0.0648147294484271	0.016167136991179
1.29284567704602	-1.29669398846	4.83080713496831e-05	-2.15848250119479e-05	6.18960751349245	0.0647788827578401	0.0161751484173744
1.30284567704602	-1.23508520426917	0.000694742432424471	0.000139983018237821	6.13022004019588	0.0644675110645328	0.0161100765443603
1.31284567704602	-1.1741275410307	0.00133670395626072	0.000300563087487554	6.05944508937765	0.0638825668011135	0.0159879308111673
1.32284567704602	-1.11393296763446	0.00197154982026373	0.000459440286756551	5.97767257034972	0.0630432736560353	0.01577949585237
1.33284567704602	-1.0546092775718	0.00259675210270727	0.000615909343610316	5.88534472341905	0.061960220380759	0.0154935910510079
1.34284567704602	-0.99625962950957	0.00320992180489886	0.00076929147897697	5.78294781572291	0.0606401379942385	0.0151605074467305
1.35284567704602	-0.938982158322133	0.00380882468497271	0.000918966675518759	5.67100063598027	0.0591013183392019	0.0147807713577649
1.36284567704602	-0.8828696623225	0.0043913992339971	0.00106438715824234	5.550045791348	0.0573776135695823	0.0143109265366891
1.37284567704602	-0.828009372535821	0.00495579475433408	0.00120501310749219	5.42065397482707	0.0554731072428563	0.0138095365472792
1.38284567704602	-0.774482784654684	0.00550035860210333	0.00134040073657678	5.2834023414104	0.0534156811441975	0.0132618715030173
1.39284567704602	-0.722365574391477	0.00602366000097339	0.00147015879078828	5.13887529024563	0.0512266597519869	0.0126772561521957
1.40284567704602	-0.671727577445486	0.00652449327051878	0.00159395933027382	4.98765626791803	0.0489262065279956	0.012070295593404
1.41284567704602	-0.622632834117469	0.00700187924504239	0.0017115421980749	4.83032097956084	0.0465354308854201	0.0114528426952128
1.42284567704602	-0.575139691246737	0.00745505923304943	0.00182273217364074	4.66742887815655	0.0440873954200468	0.0107971141647769
1.43284567704602	-0.52930096149199	0.00788350632375068	0.00192738898274671	4.49952653726271	0.041595566096112	0.0101371551214123
1.44284567704602	-0.485164120171336	0.00828690526308938	0.00202544947630943	4.32713593922117	0.039082227881105	0.00947557660483555
1.45284567704602	-0.442771544968054	0.0086651481188897	0.00211690961551364	4.15075354416827	0.0365686804204659	0.00881457125989729
1.46284567704602	-0.402160785813812	0.00901832460216101	0.00220181599511604	3.97084832620393	0.034072036546639	0.00816558506250642
1.47284567704602	-0.363364857960117	0.00934670687137315	0.00228026854813714	3.78785849179271	0.0316096060856944	0.00753446288281796
1.48284567704602	-0.32641255269171	0.00965073287506902	0.0023524224544484	3.60218889583403	0.0292030676208714	0.00690739471689727
1.49284567704602	-0.291328762190855	0.00993099846099972	0.00241845716609754	3.41421456887291	0.0268616893715745	0.00630504533001203
1.50284567704602	-0.25813480608934	0.0101882324817884	0.0024785973517365	3.22427593984839	0.0245991359132372	0.00572767480671364
1.51284567704602	-0.226848761837623	0.0104232823974018	0.00253309753336768	3.0326806764793	0.0224269776521679	0.00517605682925451
1.52284567704602	-0.197485790871319	0.0106370971344186	0.00258223443720746	2.83970463615136	0.0203531884591753	0.00465628615331259
1.53284567704602	-0.170058456657963	0.0108307073323025	0.00262630753689392	2.64559180166462	0.0183858882508284	0.00416763638282293
1.54284567704602	-0.144577032510643	0.0110052077875817	0.00266563303624651	2.45055566170952	0.0165327803009849	0.00370448198082965
1.55284567704602	-0.121049796663767	0.0111617433967589	0.00270052778397372	2.25478258869397	0.0147939875078586	0.00327973644592142
1.56284567704602	-0.0994833090327792	0.0113014863476132	0.00273132352723194	2.05843032257878	0.0131742778467196	0.00288535119881186
1.57284567704602	-0.0798826730149716	0.0114256245254361	0.00275834718785125	1.86163243161871	0.0116732368231598	0.00252451261568614
1.58284567704602	-0.0622517762577862	0.01153534379805	0.00278192386781605	1.66449910117035	0.0102898878255972	0.00219693160476851
1.59284567704602	-0.0465935116316145	0.0116318132958035	0.00280237327476713	1.46711919153369	0.00902287666226345	0.00189857201056684
1.60284567704602	-0.0329099773686899	0.0117161730564628	0.00282000183659123	1.2695631553716	0.00786767522601859	0.00163107886980921
1.61284567704602	-0.0212026546898362	0.0117895200737488	0.00283510347065331	1.07188459377772	0.00681915587613118	0.00139376551870177
1.62284567704602	-0.0114725633944264	0.0118528962266742	0.00284795776685255	0.874122339331422	0.00587230120495446	0.00118165952444025
1.63284567704602	-0.00372039534805012	0.0119072789475984	0.00285882277716592	0.676303527238853	0.00501924892804322	0.000995450974020885
1.64284567704602	0.00205337556347213	0.0119535698814978	0.00286793774836432	0.478445041436845	0.00425255940776721	0.00083121389094423
1.65284567704602	0.00584840567372513	0.011992587007395	0.00287551793227968	0.280556356119509	0.00356321158360804	0.000687242771044258
1.66284567704602	0.00766441701508161	0.0120250564454419	0.00288175359759595	0.0826417091119396	0.0029411486457702	0.000562591399813709
1.67284567704602	0.0075011559057806	0.0120516045315583	0.00288681121869401	-0.115298054922075	0.00237708237950723	0.000451508062197245
1.68284567704602	0.00535837389634278	0.0120727530315371	0.00289082738275909	-0.313262371494733	0.00185947752909282	0.000353519123478419
1.69284567704602	0.00123583241566124	0.012088912426939	0.00289391175736605	-0.511249347834705	0.00137725191760829	0.000264931271021073
1.70284567704602	-0.00486667004424701	0.0121003777063088	0.00289614464009738	-0.709253206151689	0.00091887836481478	0.000182018930245283
1.71284567704602	-0.0129492477319265	0.0121073248943204	0.00289757479438891	-0.907261748039267	0.000471569211017331	0.000103941632613103
1.72284567704602	-0.0230118540462133	0.0121098068730398	0.00289822227614809	-1.10525464044475	2.35786081670098e-05	2.55360092096222e-05
1.73284567704602	-0.0350541855147498	0.0121077520822568	0.00289807468350331	-1.30320056468592	-0.000437825173774376	-5.58126945554279e-05
1.74284567704602	-0.0490755625016637	0.012100962705441	0.00289708799105996	-1.50105512561694	-0.000925531129050657	-0.000142562317276246
1.75284567704602	-0.0650747871301017	0.0120891137496434	0.00289518760156778	-1.69875878672452	-0.00145171731906903	-0.000239508458163824
1.76284567704602	-0.0830499789896882	0.0120717544027728	0.00289226541970943	-1.89623412757113	-0.00202965493496472	-0.000347565902737795
1.77284567704602	-0.102998388105553	0.0120483084359004	0.0028881837779675	-2.09338427162638	-0.00267122148531473	-0.000471452055617669
1.78284567704602	-0.124916186751276	0.0120180777813776	0.00288277323035999	-2.290090296356	-0.00338850264322355	-0.0006140421969372
1.79284567704602	-0.148798240062597	0.0119802464634237	0.00287583384334842	-2.48620927632673	-0.00419330169628374	-0.000777475031102579
1.80284567704602	-0.174637856630315	0.0119338857252472	0.00286713773145987	-2.68157259969386	-0.00509602936051042	-0.000966218424124742
1.81284567704602	-0.202426520826363	0.0118779622107709	0.0028564273528034	-2.87598365324563	-0.00610753521075847	-0.00118052844726909
1.82284567704602	-0.232153607536609	0.0118113456142818	0.0028434216747801	-3.06921696206185	-0.00723610605908183	-0.00142555858699702
1.83284567704602	-0.263806082703151	0.0117328209943667	0.00282781385618145	-3.26101604488476	-0.0084901962626872	-0.00170180459659212
1.84284567704602	-0.297368190873128	0.0116411008523517	0.00280927671311407	-3.45109278559319	-0.00987643959524336	-0.0020108438307927
1.85284567704602	-0.332821133505512	0.0115348398477235	0.00278746693347909	-3.63912683372756	-0.0113987886103397	-0.00235738906188735
1.86284567704602	-0.370142741954671	0.0114126536036301	0.00276202347837407	-3.82476430912705	-0.013061744585458	-0.00273805088233844
1.87284567704602	-0.409307147688363	0.0112731357566104	0.00273257903294411	-4.00761906362824	-0.0148655442973763	-0.00315624729574921
1.88284567704602	-0.450284456303419	0.0111148803975276	0.00269876104493373	-4.18727257519628	-0.0168084254317294	-0.00361415930304347
1.89284567704602	-0.493040429616132	0.0109365062250133	0.00266019371185188	-4.36327445711145	-0.0188886535827258	-0.00410553445012855
1.89975455780093	-0.523598775598299	0.0108008158161698	0.00263058339386651	-4.48248939327691	-0.0204017023921315	-0.00446830513211557
1.90975455780093	-0.575210571386886	0.0164600255955623	0.0586840670801204	-6.19712013144745	2.62814447817292	5.89164412731769
1.91975455780093	-0.647005804385333	0.0631433822506861	0.113076626188151	-7.84859124214761	5.98585291803341	5.22132472605374
1.92975455780093	-0.725993849729352	0.12262079753173	0.162052954274509	-7.81814837817465	5.62801325082897	4.50670699045137
1.93975455780093	-0.802405146708971	0.173606382720277	0.202904249476216	-7.4576111427753	4.55372115480872	3.67561723322053
1.94975455780093	-0.875286080258981	0.213982874009177	0.235953115723501	-7.13135923012758	3.54917397329284	2.9562522897568
1.95975455780093	-0.945303696182277	0.245191469011394	0.262452192665809	-6.88516079272235	2.72194126755532	2.36439756781513
1.96975455780093	-1.01322694215418	0.268975099269172	0.283606572127166	-6.71000748746246	2.05988209179662	1.88404264580668
1.97975455780093	-1.07969075982976	0.28685064465871	0.300434454752894	-6.5908840870306	1.53594487361196	1.49567939242316
1.98975455780093	-1.14518649718804	0.300069488001572	0.313773269634324	-6.51439073128455	1.12474169016858	1.18350904305575
1.99975455780093	-1.21008422387439	0.30965128802286	0.324308659680501	-6.46963135503172	0.80529702881172	0.932965018538706
2.00975455780093	-1.27465490889056	0.316422121676334	0.332599417200399	-6.44765779518331	0.559947068841334	0.732579104399248
2.01508318085094	-1.30899693899575	0.319116978440721	0.336260664450865	-6.44264335788117	0.454193957225877	0.643286101756718
2.02508318085094	-1.36767586817867	0.316805523998774	0.287292582752188	-4.91410717131308	-2.34786482768608	-5.28591946631311
2.03508318085094	-1.40763913663499	0.272531585603066	0.237538305188319	-3.40017318495806	-5.75331507257354	-4.87704541861396
2.04508318085094	-1.44127670488794	0.214009601821566	0.191445852929775	-3.47758928236277	-5.63089437553746	-4.26404010933779
2.05508318085094	-1.47863119810752	0.162951931774808	0.152790517884724	-4.01387521929779	-4.53869499432995	-3.46783415124365
2.06508318085094	-1.52149504356146	0.123102944763971	0.121755765427051	-4.54322773857992	-3.46358364874255	-2.76186445768414
2.07508318085094	-1.56911193497285	0.0928986239171866	0.0971067420925524	-4.96064953765078	-2.61584204289008	-2.19163187245673
2.08508318085094	-1.62034326645884	0.0700751071082081	0.0775311213145257	-5.26922895682312	-1.9799446153702	-1.74143519667088
2.09508318085094	-1.67420651962169	0.0527658867287713	0.0619490805296345	-5.4905725230288	-1.50495643019839	-1.38882963911752
2.10508318085094	-1.72992650083528	0.0395780392638337	0.0495141257778748	-5.64334696300057	-1.14951608821754	-1.1092506597825
2.11508318085094	-1.78689323747822	0.0294832178384049	0.0395694711243352	-5.74191284621894	-0.882141141842183	-0.887926070585262
2.12300750898578	-1.83259571459405	0.0231685583278016	0.0331134512572729	-5.7885961588273	-0.71777303528922	-0.745568968093545
2.13300750898578	-1.88431086388857	0.0097589488477912	-0.0270023141775288	-4.20859361541888	-3.38409709719653	-6.15447025448745
2.14300750898578	-1.91802982338164	-0.0424537244768854	-0.0842052740837536	-2.90970689936826	-6.20917511617961	-5.4754217734945
2.15300750898578	-1.94797007909618	-0.102590125214066	-0.135003439639102	-3.18085995443911	-5.5978540020981	-4.63874288828452
2.16300750898578	-1.98228923989578	-0.152965397487789	-0.176948239876012	-3.67946979810118	-4.47955594551263	-3.76847082157325
2.17300750898578	-2.02126695513685	-0.192688931610655	-0.210837564661648	-4.09715100761402	-3.49906203098903	-3.0354880298411
2.18300750898578	-2.06384887097291	-0.223638495603671	-0.238114061516991	-4.40119532495612	-2.72278162955722	-2.44284345084285
2.19300750898578	-2.10895721536817	-0.247733827808017	-0.260073885715888	-4.60553742544792	-2.12195472294409	-1.96826029039165
2.20300750898578	-2.15568689591185	-0.26654695909007	-0.27777804195351	-4.72840909592121	-1.66051297137201	-1.58887323393643
2.21300750898578	-2.20330509983564	-0.281313916143175	-0.292079794095708	-4.78567563140233	-1.30806251939884	-1.28532049963988
2.22300750898578	-2.25122359516622	-0.292996680856035	-0.303662671260406	-4.79038353095223	-1.04021096082698	-1.04234883714549
2.23300750898578	-2.29897191547672	-0.302339539327119	-0.313073419430002	-4.75315079737315	-0.837490412336999	-0.848197513343976
2.24300750898578	-2.34617485799144	-0.309914580634051	-0.320749070557288	-4.6825294187272	-0.684589638609927	-0.693235351798828
2.25300750898578	-2.39253389637447	-0.316158350353674	-0.327038451777926	-4.58536810104818	-0.569555808429815	-0.569513031280129
2.26300750898578	-2.4378119234348	-0.321401358107388	-0.332219718150696	-4.46709885707525	-0.483223180271984	-0.470174295389235
2.27300750898578	-2.48182072033138	-0.325892105333522	-0.336513555447149	-4.33213844781691	-0.418160089381622	-0.390925983648405
2.28300750898578	-2.52441097793409	-0.329815697628453	-0.340095752008099	-4.18392637281217	-0.368901650568471	-0.32755234443232
2.29300750898578	-2.56546420709243	-0.333308909546541	-0.343106101063933	-4.02515531921542	-0.331411865042596	-0.276303730769236
2.30300750898578	-2.60488628482413	-0.336472068912555	-0.345655181530358	-3.85801575057663	-0.302439630748792	-0.234907115109904
2.30643104920376	-2.61799387799149	-0.337492894419604	-0.346438132335021	-3.7992046684216	-0.293984874315863	-0.222781647854406
2.31643104920376	-2.65867256417785	-0.338682153110882	-0.295213933827762	-4.68498421963851	1.43297774387508	5.42605533853909
2.32643104920376	-2.71223367156283	-0.306543295937319	-0.246006862174714	-5.97963380232527	4.87489235880098	4.57435721190991
2.33643104920376	-2.77331551553797	-0.252377535872885	-0.201657087962746	-6.03246558324888	5.51793647552674	4.18770521221256
2.34643104920376	-2.83073488304615	-0.200858146334079	-0.163202711063467	-5.40936598315412	4.69324596736819	3.48558849452172
2.35643104920376	-2.88129355601147	-0.159028852091557	-0.13178272821749	-4.71072243060379	3.68792739274114	2.81275351272698
2.36643104920376	-2.92524121874493	-0.126524241063823	-0.106562955391681	-4.09548951121394	2.84631871718955	2.25275958009163
2.37643104920376	-2.96352575336335	-0.101446869416241	-0.0863752207412097	-3.57584706852016	2.19828687396384	1.80293700707806
2.38643104920376	-2.99701221407066	-0.0820431069196824	-0.0701948032865214	-3.13243199291594	1.70476060676721	1.44684187875825
2.39643104920376	-3.02636482831373	-0.0669646349312868	-0.0572006162921506	-2.74627957481977	1.32753824910128	1.16270795030854
2.40643104920376	-3.05207982260496	-0.0552048173718389	-0.0467487668340326	-2.4028799292326	1.03689858729333	0.93608331091566
2.41643104920376	-3.07453019522533	-0.0460083926002256	-0.0383309825161722	-2.09187577709709	0.811824631405906	0.7542753531061
2.42643104920376	-3.09399976090597	-0.0388019307273337	-0.0315447763719557	-1.80564142795234	0.636720066407505	0.608336271897203
2.43643104920376	-3.11070663606051	-0.0331460078587666	-0.0260694103795649	-1.53853678558391	0.50010596209426	0.490892874102252
2.44643104920376	-3.12481973368565	-0.0287014230344165	-0.0216487939938006	-1.28626388465583	0.39318092520219	0.396585294009325
2.45643104920376	-3.1364705323778	-0.0252051554960099	-0.0180775786265608	-1.04557048763572	0.309360110723916	0.320724442321466
2.46643104920376	-3.14576175289467	-0.0224525519689822	-0.0151907254335207	-0.813991173062985	0.243746526715349	0.259039386987765
2.47643104920376	-3.15277393389798	-0.0202836631798102	-0.0128563241371496	-0.589492711545891	0.192105031276263	0.209596669368724
2.48643104920376	-3.15757024485338	-0.0185735407448436	-0.0109677126134334	-0.370578755679887	0.151491767052103	0.169711896373517
2.49643104920376	-3.16020031886909	-0.0172242633054477	-0.00943902799212121	-0.156073423074069	0.119602561198091	0.13728519553938
2.50643104920376	-3.16070319134535	-0.0161588869724999	-0.00820133928174251	0.054991884792152	0.0944694688917898	0.11119278635823
2.51643104920376	-3.1591095335452	-0.015316978399881	-0.00719885461616562	0.263346371812932	0.07467698570576	0.0901285490301976
2.52643104920376	-3.15544345746835	-0.0146509585786159	-0.00638650718741326	0.46955709441946	0.0591390381571527	0.0729770524198513
2.53643104920376	-3.14972395068385	-0.014123242619483	-0.00572805837932749	0.674095530445851	0.0468985117415954	0.0591923382809654
2.54643104920376	-3.14196598458879	-0.0137041680035175	-0.00519404941965852	0.877300394084559	0.0373071019768204	0.0480013475713501
2.55643104920376	-3.13218146156315	-0.0133702032038205	-0.00476072053867151	1.07944236118368	0.0298076248694874	0.0389457278364724
2.56643104920376	-3.12037997213551	-0.0131026388168399	-0.00440883023196707	1.28072233081887	0.023960651521086	0.0316657229075134
2.57643104920376	-3.10656943509653	-0.0128865554816776	-0.00412272512806424	1.48127261891313	0.0194537615004182	0.0257684880153084
2.58643104920376	-3.09075665986936	-0.0127099743421406	-0.00388971966237049	1.68117904144817	0.0160266387183445	0.0209916089481851
2.59643104920376	-3.07294783618802	-0.0125632133203458	-0.00369951749287806	1.88048474455898	0.0134617776506445	0.0171703756065163
2.60244216917666	-3.06128469473875	-0.012485995733559	-0.0036021995150807	2	0.012271374313258	0.0152477665222346
2.61244216917666	-3.04029256913999	-0.0123711759777188	-0.00346364670487802	2.19831613475646	0.0107889363158476	0.012563469335561
2.62244216917666	-3.01732067992032	-0.0122684577320003	-0.00334908483538316	2.39593860653971	0.0098352534455366	0.0104329457702938
2.63244216917666	-2.99237645468216	-0.0121729713998551	-0.0032535031161471	2.59276263493368	0.00933170286900816	0.00874954258509684
2.64244216917666	-2.96546854728663	-0.0120805619909366	-0.00317277726165543	2.788648045048	0.00921236805608895	0.00744465012571208
2.65244216917666	-2.93660720453105	-0.0119876289051648	-0.00310348672859633	2.98341748804195	0.00942772405463918	0.00645837579061523
2.66244216917666	-2.90580463167162	-0.0118910012114198	-0.00304277239952801	3.17685565672525	0.00994452584419033	0.00572596544180975
2.67244216917666	-2.87307535950949	-0.0117878365705288	-0.00298824286447033	3.36871207720548	0.0107324349995318	0.0052100098398775
2.68244216917666	-2.83843660981722	-0.0116755512248355	-0.00293788120581238	3.55870029900517	0.0117649640409802	0.00488826300513371
2.69244216917666	-2.80190865927686	-0.011551772469233	-0.00288996101692247	3.74649576732747	0.0130263784353666	0.00472378519326451
2.70244216917666	-2.76351520301846	-0.0114142984256613	-0.00284300595474073	3.93173884225529	0.0145002955011577	0.00469594053230376
2.71244216917666	-2.7232837105604	-0.0112610785779786	-0.00279573660933474	4.11403398485978	0.0161743795974574	0.00478018207900336
2.72244216917666	-2.6812457740687	-0.0110901986163564	-0.00274704825287757	4.29295294054033	0.0180316627044373	0.0049722162587317
2.73244216917666	-2.63743744058958	-0.0108998819395473	-0.00269597092806077	4.46803406773664	0.0200585646714792	0.00525866882614962
2.74244216917666	-2.59189952631973	-0.0106884934283684	-0.00264165147013827	4.63878483784278	0.0222431555224981	0.00562010980644845
2.75244216917666	-2.54467790629972	-0.0104545467757323	-0.00258334724104236	4.80468602651961	0.0245694607362251	0.00604753387285787
2.76244216917666	-2.49582377213588	-0.010196718052582	-0.00252041720039846	4.96519537596733	0.0270163847550198	0.00654435471203443
2.77244216917666	-2.44539385012604	-0.00991386795524465	-0.0024522972790424	5.11974868936974	0.02956907464654	0.0070884514628501
2.78244216917666	-2.39345057753807	-0.00960505428504431	-0.00237851551535303	5.26776788231626	0.0322065499817612	0.00767180981042285
2.79244216917666	-2.34006222570677	-0.00926955113304659	-0.0022986888193946	5.40866623675489	0.0349025770712971	0.00829754065616506
2.80244216917666	-2.2853029639158	-0.00890687224954463	-0.002212505482777	5.54185161073658	0.037636759287153	0.008944096480013
2.81244216917666	-2.22925286263058	-0.00851678073260368	-0.00211974778926165	5.66673683497624	0.0403805190998459	0.00961145242800569
2.82244216917666	-2.17199782508923	-0.00809930666266427	-0.0020202808089121	5.78274475786257	0.0431052331675669	0.0102956206891363
2.83244216917666	-2.11362944593784	-0.00765476160971333	-0.00191404041069499	5.88931348701952	0.04579098475136	0.0109614485637054
2.84244216917666	-2.05424479877384	-0.00718373198235794	-0.00180107646857481	5.98591123787517	0.0483996440970572	0.0116315528994604
2.85244216917666	-1.99394613953476	-0.00668709580863036	-0.00168150435353055	6.07203577582736	0.0509066379578937	0.0122847298717228
2.86244216917666	-1.9328405396478	-0.00616601173194573	-0.00155552975000671	6.14722629458118	0.0532849746048365	0.012909605805144
2.87244216917666	-1.87103944312272	-0.00562191112056092	-0.00142344566070937	6.21107043099516	0.0555064887833569	0.0135023769207851
2.88244216917666	-1.80865815369012	-0.00505648635971885	-0.00128562404205571	6.26321005285893	0.0575457491912653	0.0140558701514892
2.89244216917666	-1.74581525906108	-0.00447167210861093	-0.00114251313006936	6.30334751944595	0.0593794423994449	0.014563211467494
2.90244216917666	-1.68263199890822	-0.0038696251977584	-0.000994623217156532	6.33124931945308	0.0609923068244171	0.0150000642935504
2.91244216917666	-1.61923159058789	-0.0032526871080874	-0.000842554796837975	6.34675606490323	0.0623549190489086	0.0153981227029526
2.92244216917666	-1.55573851224475	-0.00262337306526438	-0.00068692818488955	6.34977481068915	0.0634640957857407	0.0157149268085706
2.93244216917666	-1.49227777319365	-0.0019843211694964	-0.000528433466763106	6.34029068494931	0.0643051001137757	0.0159574753899975
2.94244216917666	-1.42897416832033	-0.00133826372889481	-0.00036780149251953	6.31836395955555	0.0648640698419397	0.0161423843089809
2.95244216917666	-1.36595153590636	-0.000687998158351737	-0.000205772315031437	6.28412546252603	0.0651416270750331	0.0162519277722579
2.96244216917666	-1.30333203531796	-3.63457006426601e-05	-4.31020032521666e-05	6.23777726341462	0.0651414703676649	0.0162710824587404
2.97244216917666	-1.24123545393182	0.000613888960436502	0.000119431932355727	6.17959191944587	0.0648597182596358	0.0162218695912148
2.98244216917666	-1.17977855129182	0.00125994241812958	0.000281072011790235	6.10990263312662	0.0643044757269275	0.0160992691194778
2.99244216917666	-1.11907445851151	0.0018991297550308	0.000441075436884695	6.02910031355477	0.063485444139016	0.0159042501884533
3.00244216917666	-1.0592321359799	0.00252887162005772	0.000598733490342487	5.93762553638595	0.06241980836107	0.0156237422007204
3.01244216917666	-1.00035590175983	0.00314673079083247	0.000753350360385082	5.83596663163627	0.0611124742356905	0.0152937908002265
3.02244216917666	-0.942545026256557	0.00375042136210594	0.0009042997943384	5.72464398718768	0.0595870162474181	0.0148978567320086
3.03244216917666	-0.885893409247645	0.00433783909337625	0.0010510010409231	5.60420762675324	0.0578653388745973	0.0144316540234181
3.04244216917666	-0.830489332935127	0.00490708372482359	0.00119290823174625	5.47523226979248	0.0559567463994297	0.0139373754942954
3.05244216917666	-0.776415285964932	0.0054564559675881	0.00132956905081833	5.33830056959007	0.0538924266391614	0.0133903545048053
3.06244216917666	-0.723747870453426	0.00598448319203391	0.00146057715318747	5.19400444957639	0.0516923366002427	0.0128053515397671
3.07244216917666	-0.672557774140554	0.00648991985219896	0.00158559380804206	5.04293491967045	0.0493774772368944	0.0121954056885224
3.08244216917666	-0.622909809602274	0.00697174861232592	0.00170435479855173	4.88567472662171	0.0469734703418308	0.0115589984485414
3.09244216917666	-0.574863014679192	0.00742918230731349	0.0018166627963399	4.72279389801888	0.0445055328715998	0.0108952314127363
3.10244216917666	-0.528470807146969	0.00786166529456559	0.0019223706273119	4.5548473328433	0.0419882852018078	0.0102358739993537
3.11244216917666	-0.483781181940954	0.00826885658577069	0.0020214135368584	4.3823646358704	0.0394477447552907	0.00957293891711383
3.12244216917666	-0.440836952337347	0.00865062767420423	0.00211378456008438	4.20585018350012	0.0369072411511395	0.00890357950729707
3.13244216917666	-0.399676022247783	0.00900705391650845	0.00219952275917682	4.02578160339111	0.0343820948250764	0.00824662651694588
3.14244216917666	-0.360331681346665	0.00933839499669603	0.00227872996823223	3.84260401084946	0.0318930518014452	0.00759830533802716
3.15244216917666	-0.322832921567947	0.00964508464174902	0.00235155174845359	3.65673088968282	0.029456984924719	0.00696192830420716
3.16244216917666	-0.287204765046107	0.00992771599075794	0.00241816785652607	3.46854390671688	0.0270839576151903	0.00635703401057087
3.17244216917666	-0.253468596514467	0.0101870181945835	0.00247880775100497	3.27838899268327	0.0247905708362178	0.00577573456512275
3.18244216917666	-0.22164249997947	0.0104238434925632	0.00253372973591192	3.08657906141174	0.0225899834800143	0.00521495844642243
3.19244216917666	-0.191741591303656	0.0106391506720702	0.00258321055292414	2.89339538571594	0.020488687160633	0.00468684823373881
3.20244216917666	-0.163778341904308	0.0108339821144502	0.00262755544793316	2.69908588471719	0.0184964371014475	0.00418650610243962
3.21244216917666	-0.137762894096575	0.0110094496100864	0.00266708029456244	2.5038684897938	0.0166181091086238	0.00371854122500455
3.22244216917666	-0.113703361651048	0.0111667156237866	0.00270210975399163	2.30793208727571	0.0148557668936304	0.00329051626982295
3.23244216917666	-0.0916061138981131	0.0113069728174497	0.00273298302910428	2.11143643010264	0.0132154686892654	0.00289105298069775
3.24244216917666	-0.0714760442783865	0.0114314326334472	0.00276003265473895	1.9145168412572	0.0116965349433944	0.00252497166960946
3.25244216917666	-0.0533168174424226	0.0115413063866158	0.00278359050072722	1.71728448816136	0.0102981479255252	0.0021921544774861
3.26244216917666	-0.0371310968474081	0.0116377907466344	0.00280398271464679	1.51982868833825	0.00901862592660641	0.00189023656914657
3.27244216917666	-0.0229207512168242	0.0117220547515201	0.00282152311521636	1.32221960780397	0.00785349075067328	0.00162123372726643
3.28244216917666	-0.0106870384763935	0.0117952254972087	0.00283651441344539	1.12450973906371	0.00679836910281022	0.00138247372950725
3.29244216917666	-0.000430767783953798	0.0118583764924121	0.00284924436928132	0.926736326905268	0.00584842798306272	0.00116878834230482
3.30244216917666	0.00784756077295521	0.0119125181259078	0.00285997864218818	0.728924427922268	0.00499548556715794	0.000982253002237997
3.31244216917666	0.0141476401826261	0.0119585856708941	0.00286896511334603	0.531088085337513	0.00423232482071685	0.000818514073109362
3.32244216917666	0.0184692624919981	0.0119974316998901	0.00287642724834347	0.33323341354476	0.00354977613286922	0.000676596402683929
3.33244216917666	0.0208122482820414	0.0120298172908477	0.00288256459330777	0.135360516405155	0.00293823511612291	0.000554286040510554
3.34244216917666	0.0211763989892893	0.0120564045014797	0.00288755221521904	-0.0625343770929815	0.00238835473828578	0.000446179554712117
3.35244216917666	0.0195614717690997	0.012077751254464	0.00289153522129717	-0.260455908399419	0.00188843658940752	0.000352444014684051
3.36244216917666	0.0159671780619197	0.0120943042183597	0.00289463255996599	-0.458408127383996	0.00142768009047432	0.000268531644655839
3.37244216917666	0.0103932044746816	0.0121063949741677	0.00289693282387699	-0.656391644450307	0.000994172671262619	0.000191973483886947
3.38244216917666	0.00283925698020126	0.012114235713573	0.00289849418405725	-0.854401455249995	0.000575440599864369	0.000120849162976198
3.39244216917666	-0.00669487177570036	0.0121179153316667	0.0028993456400886	-1.05242496255921	0.000159754180116768	4.98079857405118e-05
3.40244216917666	-0.0182092125780768	0.0121173979148409	0.00289948314708424	-1.25043910556767	-0.00026595680617925	-2.28881362046361e-05
3.41244216917666	-0.0317035062851926	0.0121125202518135	0.00289887168358968	-1.44840847638124	-0.000714452088530832	-0.000100443726615757
3.42244216917666	-0.0471770677782658	0.0121029910471154	0.00289744474945478	-1.64628298554763	-0.00119827889190654	-0.000186902788774514
3.43244216917666	-0.064628627266347	0.0120883914923399	0.00289510268653322	-1.84399531953357	-0.00173073051879669	-0.000283696425540059
3.44244216917666	-0.0840561487220109	0.0120681754119583	0.00289171593328636	-2.04145923658254	-0.00232374026497218	-0.000396109351364577
3.45244216917666	-0.105456626792892	0.0120416725922297	0.00288712192117465	-2.23856679806771	-0.00299000013590556	-0.000525977133241689
3.46244216917666	-0.128825861803284	0.0120080916180861	0.00288112799516805	-2.43518665171833	-0.00374134863446818	-0.000676456354187023
3.47244216917666	-0.154158214391093	0.0119665249662485	0.00287351194433632	-2.63116196010637	-0.00458886916432711	-0.000851183450230073
3.48244216917666	-0.181446340798043	0.0119159560034971	0.00286402183391189	-2.82630828524646	-0.00554363755886855	-0.00105127211707349
3.49244216917666	-0.21068090984152	0.0118552662918112	0.00285238083364594	-3.02041242547164	-0.00661447675477482	-0.00128197858128589
3.50244216917666	-0.2418503044735	0.0117832472092465	0.00283828458906246	-3.21323012544707	-0.00781077290341408	-0.00154287671769658
3.51244216917666	-0.274940308840681	0.011698610661082	0.00282140850064824	-3.40448564507079	-0.00913919546360863	-0.00183779500891041
3.52244216917666	-0.309933785046858	0.011600004227606	0.00280140794897452	-3.59387035388072	-0.0106052769408604	-0.00216893637139982
3.53244216917666	-0.346810342211315	0.0114860279638971	0.0027779207148809	-3.78104196836026	-0.0122139214306942	-0.00253446603810405
3.54244216917666	-0.385546001307675	0.0113552512868487	0.00275057668142381	-3.96562534824909	-0.0139655849242813	-0.00294016621727036
3.55244216917666	-0.42611286187397	0.0112062360249417	0.00271899495315859	-4.14721153745072	-0.0158609377538921	-0.00338356666374666
3.56244216917666	-0.468478773623051	0.0110375578661749	0.00268279310435831	-4.32535929830144	-0.0178980971847757	-0.00386227380851597
3.57244216917666	-0.512607019464527	0.0108478294779389	0.00264159718236823	-4.49959726746398	-0.0200697480577374	-0.00438275318185917
3.57487371588184	-0.523598775598428	0.0107983639376194	0.00263078207056544	-4.54131685037237	-0.0206182876407429	-0.00451228875865375
3.58487371588184	-0.575797119532525	0.016451534847937	0.0586853326586174	-6.25573524340215	2.62783138986989	5.88897750854918
3.59487371588184	-0.648171909826118	0.0631147347527221	0.113071656550541	-7.90622755695845	5.9828393504318	5.22296699433838
3.60487371588184	-0.727738101883385	0.122568644209076	0.16204021950045	-7.87580497388037	5.62529659115467	4.50570671600985
3.61487371588184	-0.804722996559613	0.173520324270891	0.202881256911799	-7.51482142759992	4.55025244169464	3.67263721174698
3.62487371588184	-0.878171700145406	0.213851341688809	0.235916796596493	-7.18811413922619	3.54511788182024	2.95165362256813
3.63487371588184	-0.948751854287305	0.245007170086029	0.262398503240932	-6.94119994827418	2.71656242591772	2.36208564448527
3.64487371588184	-1.01723248722964	0.268733905712125	0.283535482758381	-6.76552362905738	2.0542351751456	1.88191302819147
3.65487371588184	-1.08424856809397	0.286552265078367	0.300345710654778	-6.64584151457801	1.53030529375319	1.49394239829617
3.66487371588184	-1.15029096166278	0.299716175607062	0.313668074309719	-6.56882902943462	1.11971297728751	1.18101545145814
3.67487371588184	-1.21572910055061	0.309247660689159	0.324187723601584	-6.52339099266598	0.800773661863298	0.930686276521341
3.68487371588184	-1.28083300140061	0.315974227515173	0.332463765804155	-6.50054104382015	0.555701020470197	0.73168565628521
3.6892079763242	-1.30899693899575	0.318191019518452	0.335472111272747	-6.495823129443	0.468875213607762	0.658052888020238
3.6992079763242	-1.36817280298816	0.315955327687088	0.286622427163595	-4.95993834140225	-2.34889249703285	-5.27202016730735
3.7092079763242	-1.40859047716238	0.271672217096317	0.236964022145265	-3.44803082679184	-5.74789331920618	-4.87155475983269
3.7192079763242	-1.44271990361728	0.213234717721837	0.190953661735688	-3.52780451578708	-5.61958408509149	-4.25722371520008
3.7292079763242	-1.48057571563213	0.162291065640423	0.152378138100904	-4.06376936469083	-4.52731533531868	-3.46033198020962
3.7392079763242	-1.52393300248258	0.122549380047489	0.121413126188161	-4.59188294480731	-3.45388710461298	-2.75456171380057
3.7492079763242	-1.5720303949508	0.0924363868617459	0.0968233480146256	-5.00804879145302	-2.60740676966279	-2.18656295246901
3.7592079763242	-1.62372875680474	0.0696890865791073	0.0772963508741231	-5.31529767568844	-1.97287829523923	-1.7374698047552
3.7692079763242	-1.6780457600746	0.0524432011090473	0.0617536361286158	-5.53519276398685	-1.49956269317436	-1.38412552975586
3.7792079763242	-1.73420615880214	0.0393070892451055	0.049352450279503	-5.68677922508494	-1.14465447948305	-1.10679234779801
3.7892079763242	-1.79160021776279	0.0292548374020176	0.039434738979582	-5.78399536681415	-0.878273169286536	-0.885602171751649
3.79626812466522	-1.83259571459421	0.0235925328859366	0.0336453792701215	-5.82585095555359	-0.730651525871669	-0.757813194912587
3.80626812466522	-1.88467066494443	0.0100172071250042	-0.0265208287948976	-4.24417967792532	-3.40085470471416	-6.16403872710201
3.81626812466522	-1.91876544070761	-0.0423372896349588	-0.0836675137309877	-2.95299801625316	-6.20902921177651	-5.48225618254743
3.82626812466522	-1.94914844237449	-0.102451923772571	-0.134515614368882	-3.22587593112822	-5.59397230147011	-4.6435411439056
3.83626812466522	-1.98391992214722	-0.152784324086701	-0.176494063297456	-3.72479633554429	-4.47511040081544	-3.77042056171141
3.84626812466522	-2.02335151814175	-0.192459935671685	-0.210405734788776	-4.14246941122449	-3.49429119848853	-3.03717825893047
3.85626812466522	-2.06638533540949	-0.223362078897695	-0.237698985687639	-4.44603777040659	-2.71879780528331	-2.44231365945715
3.86626812466522	-2.11194105481728	-0.247414475735386	-0.259669789991072	-4.64993371671254	-2.11816524668019	-1.96842509090234
3.87626812466522	-2.15911215553182	-0.266190309827873	-0.277382713478491	-4.77212619091871	-1.65742826688327	-1.58858626723087
3.88626812466522	-2.20716472206195	-0.280926639565418	-0.291691404729798	-4.82864330852469	-1.30568486837882	-1.28481457439969
3.89626812466522	-2.25550992145948	-0.292585524232777	-0.303280454536835	-4.83251810057625	-1.03867583253172	-1.04120861685082
3.90626812466522	-2.30367689886161	-0.301911290310476	-0.312696102485861	-4.79455473304339	-0.83631003953621	-0.84794940575501
3.91626812466522	-2.35129045790382	-0.309475209994493	-0.320376656748231	-4.72317240430079	-0.683823876071	-0.69350052315591
3.92626812466522	-2.39805217263695	-0.315713148895211	-0.326671163357204	-4.62522916624515	-0.569272377914286	-0.56984275914419
3.93626812466522	-2.44372511576218	-0.32095502620439	-0.33185743486058	-4.50623608384655	-0.483231260611171	-0.470971507697492
3.94626812466522	-2.48812138191983	-0.325448564889888	-0.336156416693961	-4.37058219054307	-0.41839888786289	-0.392164653593583
3.95626812466522	-2.53109205775675	-0.32937803506796	-0.339744470541796	-4.22162300556369	-0.369642691696201	-0.328107856394485
3.96626812466522	-2.57251896368598	-0.332879896049214	-0.342760421455918	-4.06220285475704	-0.332384715253995	-0.276892331950162
3.97626812466522	-2.61230841885684	-0.336053837396645	-0.345315205320959	-3.89445444613859	-0.303602431601905	-0.235503352851423
3.97773273676807	-2.6179938779916	-0.336495799687128	-0.345656197075164	-3.86929414344843	-0.299950728060385	-0.230128873313018
3.98773273676807	-2.65941862313471	-0.337639346853401	-0.29456569917822	-4.76351523876494	1.44640973333115	5.41326793985095
3.99773273676807	-2.71379430782259	-0.305298534556632	-0.245462319843206	-6.05845706148674	4.88871134326349	4.57382629046529
4.00773273676807	-2.77558830373218	-0.251151871265222	-0.20115387802576	-6.09835327334284	5.5051473570071	4.18139995622178
4.01773273676807	-2.83364540875343	-0.19980002926309	-0.162775765668902	-5.47187036962842	4.67404989732592	3.47895425349316
4.02773273676807	-2.88482998259462	-0.158155635767134	-0.131431561680654	-4.77347738088464	3.66993598582147	2.80694224207098
4.03773273676807	-2.92941135521964	-0.125813583304672	-0.106275954394466	-4.15948366384763	2.83174980463386	2.24605563852145
4.04773273676807	-2.96834063804064	-0.100870586798948	-0.0861423630943376	-3.64083322355403	2.18612499306996	1.79808791596933
4.05773273676807	-3.00248153494688	-0.0815770017942207	-0.0700059451187675	-3.1982983346664	1.69479306886655	1.44293194434266
4.06773273676807	-3.03249659324916	-0.066588701709107	-0.0570475512135748	-2.81289493951095	1.31947525199076	1.15922895475924
4.07773273676807	-3.058880603318	-0.0549026574497426	-0.0466246543377867	-2.47016152168383	1.03058589423646	0.932363238098867
4.08773273676807	-3.0820055400873	-0.0457661203000208	-0.0382313845165445	-2.15956094413057	0.806380735408553	0.752230152699515
4.09773273676807	-3.10215420849843	-0.0386085193557024	-0.0314646011846899	-1.87376100126094	0.632342651162151	0.606537647986337
4.10773273676807	-3.11954409575094	-0.0329921596416487	-0.0260051154279591	-1.60700950070776	0.49653905739886	0.48951889552138
4.11773273676807	-3.13434355195367	-0.0285795648729195	-0.0215972238926195	-1.35506680000901	0.390368332727879	0.395270653646821
4.12773273676807	-3.14668366033883	-0.0251089916389329	-0.0180364498338943	-1.11463555735577	0.307058213177168	0.319801653467575
4.13773273676807	-3.15666679288003	-0.0223770216460689	-0.0151579495509123	-0.883302066428875	0.241897287326408	0.258312489363688
4.14773273676807	-3.16437323764717	-0.0202246502438403	-0.0128302634500572	-0.659026449845354	0.190619448321103	0.209033560973034
4.15773273676807	-3.16986595421499	-0.018527751479744	-0.0109469958276112	-0.440324142184796	0.150324797370852	0.169190936748778
4.16773273676807	-3.17319440862376	-0.0171890477208421	-0.00942264157571987	-0.226004677252175	0.118657746919467	0.136896607643423
4.17773273676807	-3.17439746851497	-0.0161321786467124	-0.00818841286789943	-0.0151120016622042	0.093706551936174	0.1108815824887
4.18773273676807	-3.17350563966598	-0.0152971780814174	-0.00718869734157467	0.193084557622744	0.0740630980756805	0.0898468555987501
4.19773273676807	-3.17054285171064	-0.0146368471998342	-0.00637860658676701	0.399160010688309	0.0586283288792105	0.0727449615239656
4.20773273676807	-3.16552787315998	-0.0141139277650768	-0.00572201976032956	0.603589181244975	0.0464537522965306	0.0590231923259161
4.21773273676807	-3.15847540707222	-0.0136990378141387	-0.00518955235226461	0.806711579454238	0.0369133408230043	0.0478536064425381
4.22773273676807	-3.14939703132532	-0.0133688673441599	-0.00475755171102202	1.00880836844286	0.0294392271860431	0.0388269547806647
4.23773273676807	-3.13830193708943	-0.013104902590745	-0.00440683689516688	1.21008657234034	0.023601590464817	0.0315640914624173
4.24773273676807	-3.12519756056707	-0.0128923891089096	-0.0041218073740339	1.41068636136933	0.0190946531253023	0.0256603406787792
4.25773273676807	-3.1100901363244	-0.0127194811871001	-0.00388984476265124	1.61070646436061	0.0156490015208049	0.0208909387374707
4.26773273676807	-3.09298517295191	-0.0125766173768991	-0.00370068652535534	1.81019956461417	0.0130541743056277	0.0170750588340992
4.27727124524232	-3.07481298413915	-0.0124611966736825	-0.00355242339119866	2.00000000000112	0.0112408688514192	0.0141254360284032
