=========================== Parameters =====================================
l1 [m]	l2 [m]	l3 [m]	c1 [m]	c2 [m]	c3 [m]	m1 [kg]	m2 [kg]	m3 [kg]
0.37	0.1	0.2158	0.185	0.05	0.1079	0.1564	0.23764	0.1564
============================== Data ========================================
t [s]	th1 [rad]	th2 [rad]	th3 [rad]	th1d [rad/s]	th2d [rad/s]	th3d [rad/s]
0	0	0	0	0	0	0
0.01	-0.00128812817049944	0.000798050369679863	0.000425527755087986	-0.247184307824476	0.120463823879352	0.0751103090099961
0.02	-0.00484045944849852	0.00208431732819517	0.00125612379134028	-0.4607497637938	0.128878863213451	0.0848301849351539
0.03	-0.0104774473633167	0.00329594782329357	0.00205830531977411	-0.666122319413762	0.11183479764405	0.07426529822441
0.04	-0.0181593177068545	0.00431010486586208	0.00273236865823348	-0.870278653014011	0.0911132723138303	0.0605683763896825
0.05	-0.0278852599424275	0.00512621270640325	0.00327375469611806	-1.07506190579304	0.0726357760593384	0.048026618522287
0.06	-0.0396636177850572	0.00577295227032017	0.00370098214139212	-1.28076118843267	0.0572461604042744	0.0377738938608055
0.07	-0.053503267821095	0.00628153043333636	0.00403536567130425	-1.48728655867506	0.0449092411968187	0.0294322854311906
0.08	-0.0694113336239658	0.00667915410337737	0.00429548705878262	-1.69440836931731	0.0349913055209605	0.0228321384322374
0.09	-0.0873926610076706	0.00698789332789982	0.0044965025601871	-1.901899140643	0.027047478807513	0.0175685012067206
0.1	-0.107449769716023	0.00722524638771347	0.00465037413484957	-2.10952634266624	0.0206531924845111	0.0133565549646261
0.11	-0.129582861980712	0.00740491278429472	0.00476643056318798	-2.31705710435408	0.0154618764984924	0.00996704109933023
0.12	-0.153789792050323	0.0075375300569743	0.00485188471606867	-2.52425271173251	0.0111971538537875	0.00721555960257205
0.13	-0.180065973160825	0.00763128712437257	0.00491227115519572	-2.7308638316074	0.00765441822845312	0.00493545739892998
0.14	-0.208404225584905	0.0076924322936124	0.00495178195011295	-2.93662071966963	0.00465210024794711	0.00301899312463129
0.15	-0.238794570091029	0.00772566333142724	0.00497355402871961	-3.14123156377202	0.00205184898571219	0.00137294899108937
0.16	-0.271223978355728	0.00773444597924658	0.00497988743300344	-3.34437791519361	-0.000254056009787424	-7.93877152761663e-05
0.17	-0.305676087706177	0.00772126873414531	0.0049724186385634	-3.54571098865344	-0.00235328324893144	-0.00139575202899248
0.18	-0.34213088789711	0.00768784492846352	0.00495226244609231	-3.74484995512256	-0.00431171779826032	-0.00262595794655004
0.19	-0.380564388641076	0.0076352815546385	0.004920119249871	-3.94137869791432	-0.00619200243655621	-0.00379463304086713
0.2	-0.420948273630019	0.00756420471700896	0.00487637819792383	-4.13484880642634	-0.00802120232099159	-0.00494859107417758
0.21	-0.463249552863903	0.00747488424116309	0.00482117448349857	-4.32477398095042	-0.00984416171602055	-0.00609156257333327
0.22	-0.507430216081131	0.00736731329819596	0.00475446869434989	-4.51063634664667	-0.0116746324850853	-0.00725096080016771
0.2235588351195	-0.523598775598299	0.00732459492872815	0.00472792388805368	-4.57569779607042	-0.0123326634505719	-0.00766758606130774
0.2335588351195	-0.572804017681374	-0.000653237212651093	0.0483540418012233	-5.52020050533949	0.963000017239337	5.20845062605809
0.2435588351195	-0.634793855190995	0.0353591545383413	0.0960183436729312	-6.79175634918612	5.70650273078374	4.7485873374425
0.2535588351195	-0.704642894723996	0.0958127653942473	0.145906577048753	-7.05707639475986	6.00361847704178	4.9369564687634
0.2635588351195	-0.774753472656546	0.151683568889078	0.191899215103435	-6.94328143409791	5.10126412110426	4.20656593444187
0.2735588351195	-0.843394246291912	0.197458909927717	0.229772027735643	-6.78819803450741	4.06515836060865	3.37578077300578
0.2835588351195	-0.910644100723746	0.233417222704454	0.2597673702376	-6.66942386960558	3.15394809962706	2.64397262803891
0.2935588351195	-0.976930891463026	0.261083696960669	0.283096210696742	-6.5948075108436	2.40608187271276	2.04319587069087
0.3035588351195	-1.04266275072681	0.282048514408763	0.301020192881339	-6.55679573843089	1.80983466962453	1.56029990222271
0.3135588351195	-1.10815577868859	0.297702229889111	0.314640389533033	-6.54554299798245	1.34038614489334	1.17862532803614
0.3235588351195	-1.17363389711163	0.309200652311208	0.324872548576408	-6.55246367368282	0.974679340065595	0.880566001080606
0.3335588351195	-1.23924325434907	0.317485249454557	0.33246401862095	-6.57070754949748	0.69419276105267	0.648579872597349
0.3435588351195	-1.30506722850644	0.323314731726857	0.338016572325138	-6.59456594033347	0.481213909820563	0.470616953696204
0.344154667841349	-1.30899693899575	0.323598266889975	0.338294166041025	-6.59610022633756	0.470689159480294	0.460998277465715
0.354154667841349	-1.37231307366433	0.331535442982893	0.302425572593682	-5.84119510429417	-1.01369182462953	-4.6182772476424
0.364154667841349	-1.42478416690565	0.294990598583655	0.258448051825595	-4.78048915092783	-5.45620987583524	-4.7536937105884
0.374154667841349	-1.47124124999116	0.236691279929417	0.208684238934615	-4.61773202463445	-5.85199073218693	-4.94231215773956
0.384154667841349	-1.51843128863934	0.18200257975523	0.162550510616899	-4.85274900945347	-4.99279683441888	-4.21391933144449
0.394154667841349	-1.56855891993374	0.137514032317196	0.124833892258019	-5.17234957395077	-3.91327240690878	-3.33422141875914
0.404154667841349	-1.62174211406063	0.103244277393281	0.0954655784187241	-5.45380625309674	-2.97448809946013	-2.56564954426997
0.414154667841349	-1.67740623986704	0.0773346424708915	0.0729672976684371	-5.66745640118545	-2.24101557179466	-1.9599525171691
0.424154667841349	-1.73487399592637	0.0578253398319011	0.0557824703220527	-5.81604864029178	-1.68746252876402	-1.49836114826437
0.434154667841349	-1.79354391074805	0.0431166894075538	0.0426308008100767	-5.90959818205955	-1.27497349767384	-1.14744017292801
0.440740711250485	-1.83259571459405	0.0354490189419691	0.0356871460953208	-5.94625618594543	-1.06096322174498	-0.96585136248342
0.450740711250485	-1.88893545512071	0.0298018432229946	-0.0136270481413686	-5.07265852220233	-2.53421667911838	-5.47672786478961
0.460740711250485	-1.9339309373235	-0.0191248946097071	-0.065601618095584	-4.11685337613698	-6.25269743747586	-5.4215188936847
0.470740711250485	-1.9748443720433	-0.081703331542159	-0.119387569788902	-4.1523583008324	-5.99450810375898	-5.13292249334462
0.480740711250485	-2.01774301742359	-0.136604914829995	-0.166431205132945	-4.43661346278954	-4.95210056416138	-4.2522898907482
0.490740711250485	-2.06350925078205	-0.180814081300336	-0.204533229952966	-4.70632822511487	-3.91404003195266	-3.38696632742378
0.500740711250485	-2.11162245975926	-0.21547309113845	-0.234671051001032	-4.90341780290079	-3.04784183268599	-2.66850092092154
0.510740711250485	-2.16132125190949	-0.242417861525392	-0.258345762044342	-5.02459356613466	-2.36865731720189	-2.09031628149559
0.520740711250485	-2.21189949873016	-0.263338319268346	-0.276921600024294	-5.08109976876657	-1.8392849895999	-1.64245193232166
0.530740711250485	-2.26276453170754	-0.27961724958405	-0.291524804037746	-5.08384564210858	-1.43505524046785	-1.29253771665543
0.540740711250486	-2.31343322246621	-0.292351776331853	-0.303048471421528	-5.04342680171541	-1.12608311220082	-1.02374229025282
0.550740711250486	-2.36351649029321	-0.302395379652938	-0.312196009331627	-4.96808224058961	-0.893258327135302	-0.815225542567304
0.560740711250485	-2.41270225149233	-0.310407359499441	-0.319514087839003	-4.86492371690481	-0.717533945551707	-0.65533116476689
0.570740711250485	-2.46074089337315	-0.316891161907701	-0.325426651255715	-4.73949641909449	-0.585537379884001	-0.532590351925606
0.580740711250485	-2.50743289318025	-0.32222838766586	-0.330259995926619	-4.5962659268464	-0.486586130105582	-0.438303309170848
0.590740711250485	-2.55261876263272	-0.326705865226299	-0.334263976675473	-4.43880140982751	-0.412361761238145	-0.365755650800078
0.600740711250485	-2.5961709302944	-0.33053743913476	-0.337629005376104	-4.26994675165804	-0.356487086770017	-0.309747329449397
0.605906305752337	-2.61799387799149	-0.332317461399379	-0.339165937906391	-4.1790288290309	-0.333141355477608	-0.285975824105503
0.615906305752337	-2.66051531126715	-0.344379468349727	-0.301148685613815	-4.55052530081777	0.205003301063429	4.63075206046388
0.625906305752337	-2.70986234037637	-0.319300311605773	-0.259215188491086	-5.30894255505483	4.70982380338504	3.89958369493724
0.635906305752337	-2.76383507231703	-0.265608922938905	-0.215773472846471	-5.36296477832321	5.61509351057631	4.49834166969638
0.645906305752337	-2.8156396663482	-0.211900147165635	-0.172782096791763	-4.9592314442983	5.00141407387209	4.00843152085703
0.655906305752337	-2.86267139346089	-0.166671083767913	-0.13644250516105	-4.44388818217204	4.03480939897432	3.25370414449912
0.665906305752337	-2.90459796686303	-0.130922583738741	-0.107519246091666	-3.94939777909748	3.14071434095602	2.55070823993215
0.675906305752337	-2.9418424935297	-0.103270108743437	-0.084980279004876	-3.50886532588015	2.41980948286291	1.97924903121952
0.685906305752337	-2.97494850454243	-0.0819809075143849	-0.0675043601313431	-3.12026978387492	1.86353961837555	1.53420493259389
0.695906305752337	-3.0043858972411	-0.0655704067670036	-0.0539438748584224	-2.77329904929781	1.43780678540927	1.19266002833111
0.705906305752337	-3.03052104798369	-0.052886423013131	-0.0433964679002498	-2.45829450744645	1.11310644484716	0.928628377789993
0.715906305752337	-3.05363198516402	-0.0430561743589167	-0.0351731967134074	-2.16738645478574	0.863981523320886	0.7245290797308
0.725906305752337	-3.07392913141301	-0.0354203335090266	-0.0287488370104577	-1.89474647762454	0.671982787705451	0.566317832182344
0.735906305752337	-3.0915726056661	-0.029478107535273	-0.0237215727215189	-1.63601228778299	0.523115414876941	0.443827282580068
0.745906305752337	-3.10668500881034	-0.0248471952815479	-0.0197819235412012	-1.38804190238655	0.408023021121661	0.347932987440402
0.755906305752337	-3.1193608169415	-0.0212336969294683	-0.016691167236045	-1.14832512120696	0.318383228916577	0.273340377096568
0.765906305752337	-3.12967310468762	-0.0184112944870098	-0.0142638070357331	-0.915060249804095	0.248888797651803	0.214658298554651
0.775906305752337	-3.1376786253921	-0.0162047583283605	-0.0123558439199772	-0.686779130078651	0.194703851556386	0.168746034292442
0.785906305752337	-3.14342152736243	-0.0144783327408151	-0.0108549206846939	-0.462384567953988	0.152452735141232	0.132728848895793
0.795906305752337	-3.14693621039648	-0.013126514719298	-0.00967336493068864	-0.241004694227312	0.119348730290003	0.104616229545247
0.805906305752337	-3.14824947910476	-0.012067289214954	-0.00874250330184633	-0.0219942025523053	0.0935464757239354	0.0824581822387543
0.815906305752337	-3.1473822333267	-0.0112366846407694	-0.00800861671143258	0.195171070280033	0.0734237048855446	0.0649882562327969
0.825906305752337	-3.14435077015715	-0.0105847437234334	-0.00742960201995367	0.410907915230791	0.0576383915310319	0.0513275104229785
0.835906305752337	-3.13916780970781	-0.0100724557685129	-0.00697232793192886	0.625518191442522	0.0453322783485971	0.040550101666625
0.845906305752337	-3.1318433370839	-0.00966923161960249	-0.00661077669525705	0.839245121348884	0.0357105011573619	0.0320995978933796
0.855906305752337	-3.12238527872692	-0.00935107967029601	-0.00632442234277572	1.05226087264785	0.0282242803782173	0.0254507864469944
0.865906305752337	-3.11080008057906	-0.00909911001613868	-0.00609706881202101	1.26468916757599	0.0224103393102947	0.0202407625393063
0.875906305752337	-3.09709320336881	-0.00889841428893362	-0.00591588577167799	1.47660431774806	0.0179305223069017	0.016157134872752
0.885906305752337	-3.08126956807402	-0.00873716100232151	-0.0057706965931671	1.68804329678607	0.0144791408041048	0.0130117251255192
0.895906305752337	-3.0633339601949	-0.00860593635165664	-0.00565336101446395	1.89899552634219	0.0118855858000523	0.0105706833472405
0.900703029551178	-3.05398270845138	-0.00855136815312088	-0.00560500243600874	2.00000000000015	0.0108896215421753	0.00961588254983917
0.910703029551178	-3.03293148758223	-0.00845112711039668	-0.00551731452813827	2.21014308993208	0.00925148744595254	0.00799961921422086
0.920703029551178	-3.00978204699857	-0.00836469311081721	-0.00544354830967965	2.41962445439422	0.00811133925002385	0.00681798008622535
0.930703029551178	-2.98454165704049	-0.00828749393819511	-0.005379807958404	2.62830739108071	0.00739019771131933	0.00598563349155371
0.940703029551178	-2.95721913520519	-0.00821571066292751	-0.00532287523833419	2.83601870615944	0.00701886072676345	0.00544737571977911
0.950703029551178	-2.92782522491826	-0.00814610696224874	-0.00527005303494472	3.04254624359668	0.00694969879348778	0.00515316757368756
0.960703029551178	-2.89637298256483	-0.00807589070572491	-0.00521905275090704	3.24763964531612	0.0071391059551757	0.00507333282926666
0.970703029551178	-2.86287817122695	-0.00800261394304816	-0.00516789991149016	3.45100848476048	0.00755536366275222	0.00518226077131831
0.980703029551178	-2.82735966076049	-0.0079240972756307	-0.00511486242927045	3.65232102574875	0.00818295025411486	0.00544794700868666
0.990703029551178	-2.78983983278774	-0.00783836535902154	-0.00505840797911603	3.85120711868953	0.0089919134606519	0.0058679261165907
1.00070302955118	-2.75034498408439	-0.00774361839232936	-0.0049971496742274	4.0472533851047	0.00998202420961041	0.00640869639457053
1.01070302955118	-2.70890572890981	-0.00763819103220351	-0.00492983648541535	4.24000962290628	0.0111286095410279	0.00707361884563514
1.02070302955118	-2.6655573893116	-0.00752054786458961	-0.00485531911480712	4.42898510167692	0.0124268212445956	0.0078432751212796
1.03070302955118	-2.62034037235495	-0.00738926583642135	-0.00477255144660837	4.61365454293822	0.0138532086890419	0.00872377662819617
1.04070302955118	-2.57330052255858	-0.00724304522351885	-0.00468056985262234	4.79345590062379	0.0154095412260121	0.00968843584827957
1.05070302955118	-2.52448944681331	-0.00708070229532771	-0.00457850815857036	4.96779880787848	0.0170760707271998	0.0107375089106139
1.06070302955118	-2.47396479914016	-0.00690118357099193	-0.00446559365135773	5.13606664227995	0.0188312120512892	0.0118718141173065
1.07070302955118	-2.42179051818395	-0.00670358803964251	-0.00434113938492511	5.29761738376041	0.0206902681200545	0.0130418174443532
1.08070302955118	-2.36803701339785	-0.00648715509898411	-0.00420458545534203	5.45180031685971	0.0226064783094207	0.0142759979580332
1.09070302955118	-2.3127812816341	-0.00625130876161431	-0.00405546934566503	5.59795055983857	0.0245833273369765	0.0155346578771862
1.10070302955118	-2.25610695887348	-0.00599564194868413	-0.00389347443750095	5.73540912222982	0.0265592588501262	0.0168599337616368
1.11070302955118	-2.19810428564951	-0.00571997289832281	-0.00371838309448772	5.86351325911504	0.0285712826297072	0.0181632653003559
1.12070302955118	-2.13886999864533	-0.00542430487266146	-0.00353015214398278	5.9816266408187	0.030557573031674	0.0194825499297458
1.13070302955118	-2.0785071237353	-0.00510887600699365	-0.00332886619151731	6.08913137909704	0.0325137356225852	0.0207794696587454
1.14070302955118	-2.0171246847715	-0.00477414426536993	-0.00311476906649842	6.18544573857531	0.0344145500158968	0.0220419562842059
1.15070302955118	-1.95483731780619	-0.00442079768189809	-0.00288825502929586	6.27002970885505	0.0362466646422369	0.0232424491458687
1.16070302955118	-1.89176479816395	-0.00404973825926246	-0.0026498861002943	6.34239946391372	0.0379569005483069	0.024405972208365
1.17070302955118	-1.82803147831967	-0.00366209695364728	-0.00240036035587256	6.40212657199942	0.0395356595108516	0.0255025282794326
1.18070302955118	-1.76376564997937	-0.00325921778037226	-0.00214051165940657	6.44884740307537	0.0409994281389041	0.0264707212429036
1.19070302955118	-1.69909883914178	-0.0028426132945404	-0.00187133811309408	6.48228163376628	0.0422803740236119	0.0273621718148417
1.20070302955118	-1.63416503438607	-0.00241399220254935	-0.00159392873496703	6.50221799241626	0.0434056750377187	0.028109047743221
1.21070302955118	-1.56909987990383	-0.00197519001919744	-0.00130950910671504	6.50853737822246	0.0443206918437191	0.0287547002864955
1.22070302955118	-1.5040398281031	-0.00152818467511836	-0.00101937050315267	6.50119803009483	0.0450467836927871	0.0292489576916877
1.23070302955118	-1.43912128577485	-0.00107502885346209	-0.000724902568713275	6.48025269872388	0.045530388294505	0.0296448112293982
1.24070302955118	-1.3744797510348	-0.000617873564478486	-0.000427503998954125	6.44582572709154	0.0458454458444029	0.0298354118762358
1.25070302955118	-1.31024898081931	-0.000158866235516316	-0.000128654570090984	6.3981402491011	0.0459207104901637	0.0299088262692034
1.26070302955118	-1.24656017616805	0.000299815919386348	0.000170189132090622	6.33748775754114	0.0457825745998175	0.0298321942675717
1.27070302955118	-1.1835412254887	0.000756033048171255	0.000467566180847914	6.26423824779194	0.0454124371167813	0.0296370526216206
1.28070302955118	-1.12131600010904	0.00120767879881679	0.000762073722641633	6.17882024699102	0.0448696390375442	0.0292591483682772
1.29070302955118	-1.0600037293788	0.00165275443097275	0.00105232438389773	6.08173295593866	0.044110226295456	0.0287737325289526
1.30070302955118	-0.99971844444586	0.0020893398810066	0.00133703307431142	5.97351586601145	0.0431893432007163	0.0281318306729318
1.31070302955118	-0.94056851980191	0.00251566992566914	0.00161496165216145	5.854762573293	0.0420528153843449	0.0274307191607621
1.32070302955118	-0.88265629156844	0.0029300856998812	0.00188501960997721	5.72608388059783	0.0407920751422211	0.0265817485377729
1.33070302955118	-0.826077781943759	0.00333111751799608	0.00214618747178391	5.58812664806759	0.0393865906241477	0.0256446593681838
1.34070302955118	-0.770922502302489	0.00371745297713189	0.00239758261853331	5.44154662975027	0.0378706684458687	0.0246099643181278
1.35070302955118	-0.71727335197427	0.00408797252190139	0.00263843054406085	5.28701105070694	0.0362304917709707	0.0235321744318788
1.36070302955118	-0.665206594383885	0.00444172653572125	0.00286810542370231	5.12517884211017	0.0345113762518311	0.0223896435557767
1.37070302955118	-0.614791916183816	0.00477796174975652	0.00308610005003574	4.95670331928588	0.0327250418890061	0.021204533281301
1.38070302955118	-0.566092552108376	0.00509610503483369	0.0032920450673905	4.78221920266026	0.0309078238153222	0.0199665158227358
1.39070302955118	-0.519165475869031	0.00539578183083073	0.0034856774992889	4.60234599308212	0.0290363524179025	0.0187418971882732
1.40070302955118	-0.474061638220153	0.00567677481262522	0.00366688189016304	4.41766847943735	0.0271613463585979	0.0174991300503569
1.41070302955118	-0.4308262568051	0.00593904602739304	0.00383564439505737	4.22874537240629	0.0252911223379035	0.0162598974418357
1.42070302955118	-0.389499136864523	0.00618271075801846	0.00399206579358618	4.03609957796706	0.023451723173923	0.0150205597496866
1.43070302955118	-0.35011502286609	0.0064080416025219	0.00413633201105648	3.84022249281467	0.0216258443542473	0.0138312985004766
1.44070302955118	-0.312703964945292	0.00661542862382373	0.00426873924217473	3.64156138820629	0.0198542596555029	0.0126639856198329
1.45070302955118	-0.277291702908639	0.00680538939501951	0.00438965230180254	3.44052859921571	0.0181434856672912	0.0115321151113667
1.46070302955118	-0.243900051844632	0.00697854478266588	0.0044995062736732	3.23749742339802	0.0165014586011129	0.0104443065730198
1.47070302955118	-0.212547288213995	0.00713560588719064	0.00459879296459547	3.03280337363456	0.0149292626230013	0.00941502191401415
1.48070302955118	-0.183248529166792	0.00727735448992602	0.0046880556458347	2.82674328346669	0.0134371441105317	0.00844374637167146
1.49070302955118	-0.156016102010369	0.00740463097612709	0.00476787438246201	2.61957788923523	0.0120324785099149	0.00753069078048341
1.50070302955118	-0.130859898785476	0.00751831916121104	0.00483885610515005	2.4115333519078	0.0107207423460567	0.00667561699748293
1.51070302955118	-0.107787713345693	0.00761933378616955	0.00490162226493792	2.2028039752881	0.00949817816764578	0.00588749787001655
1.52070302955118	-0.0868055573441628	0.00770860181763637	0.00495680587261805	1.99355232937515	0.00837045829727316	0.00516038784852025
1.53070302955118	-0.0679179548362153	0.0077870541185669	0.0050050365866287	1.7839135535254	0.00733464832176091	0.00449704281498352
1.54070302955118	-0.051128211922161	0.00785560958682351	0.00504693728099867	1.57399633889076	0.00639297871363353	0.0038911829044426
1.55070302955118	-0.0364386620515977	0.00791516875749794	0.00508311008090089	1.36388758077693	0.00553386805728262	0.00335235375916565
1.56070302955118	-0.023850883707617	0.00796659496818187	0.0051141403911938	1.15365157758453	0.00476373861916317	0.00286473025015829
1.57070302955118	-0.0133658931956252	0.00801071390934412	0.00514057883069536	0.943336532827342	0.00407221407059251	0.00243255996302982
1.58070302955118	-0.00498430851606103	0.00804829849282708	0.00516294404118973	0.732974634260784	0.00345663102326243	0.00204845916189603
1.59070302955118	0.00129351312369362	0.00808006494255235	0.0051817126167608	0.522586450811699	0.00290706862784087	0.00171305062127473
1.60070302955118	0.00546736629826571	0.00810666184960039	0.00519731981487105	0.312182081974116	0.00242131403457306	0.001415658310348
1.61070302955118	0.0075371151734133	0.00812866835547127	0.0052101499312954	0.101765775310728	0.00198801494680216	0.00115636745324073
1.62070302955118	0.00750263999814005	0.00814658467282869	0.00522053807640803	-0.108662935226409	0.00160181484367789	0.000926478552846762
1.63070302955118	0.00536381065169737	0.00816083002978388	0.00522876363584077	-0.31910529657531	0.00125282458596156	0.000722329832503376
1.64070302955118	0.00112048846277279	0.00817173692564201	0.00523504978141646	-0.529561201467863	0.000932615648614224	0.000537624037911098
1.65070302955118	-0.00522744438643548	0.00817954809032159	0.00523956064931783	-0.740026186874895	0.000632261783044182	0.000366091006900571
1.66070302955118	-0.0136800275826472	0.0081844135745352	0.00524239948474698	-0.950488624948234	0.000342155015238578	0.000201839166802338
1.67070302955118	-0.0242371375773203	0.00818638840287287	0.00524360717159273	-1.16092692615299	5.19255581440483e-05	3.95714512398663e-05
1.68070302955118	-0.0368983745669469	0.00818542974861355	0.0052431625133016	-1.37130719386166	-0.000245531168547992	-0.000130537497188118
1.69070302955118	-0.0516629221732315	0.00818139861409442	0.0052409778305333	-1.58157928123328	-0.000564803995137106	-0.000308739511029895
1.70070302955118	-0.068529378745954	0.00817405471628866	0.00523690465645314	-1.79167596546615	-0.000910264772836566	-0.000508603331190074
1.71070302955118	-0.0874955624423062	0.00816306186609996	0.00523072716710123	-2.00150811088588	-0.00129553576119534	-0.000731549935647697
1.72070302955118	-0.108558288491655	0.00814798520900738	0.00522216773879574	-2.21096360139816	-0.00172882108257352	-0.000985766883339037
1.73070302955118	-0.131713120894977	0.00812829497026285	0.00521088578222846	-2.41990403617071	-0.00221950729111156	-0.00127743929669234
1.74070302955118	-0.156954098687892	0.00810336932270491	0.00519647967852224	-2.62816232854916	-0.00277746913252873	-0.00161144462207261
1.75070302955118	-0.184273438183412	0.00807249768756662	0.00517849036095868	-2.83554075465256	-0.00340959115561261	-0.00199564270036441
1.76070302955118	-0.213661213237295	0.00803488778451903	0.0051564024922135	-3.04180817580125	-0.00412563313697664	-0.00243298679056767
1.77070302955118	-0.245105015160966	0.00798967152472947	0.00512964988297232	-3.24669857548109	-0.00493424250091525	-0.00292642310419804
1.78070302955118	-0.278589595124095	0.00793591101569855	0.00509762375497953	-3.44991049422764	-0.00583347188581014	-0.00349091267733037
1.79070302955118	-0.314096493738787	0.00787261735206451	0.00505966758979041	-3.65110221542852	-0.00684367356091875	-0.00411031805923581
1.80070302955118	-0.351603658038552	0.00779874762127095	0.00501510370068112	-3.84989714065958	-0.00795075445097669	-0.00481085948290835
1.81070302955118	-0.391085056556227	0.00771323543726731	0.004963219696111	-4.04587650764238	-0.00917035204646363	-0.00557729620025633
1.82070302955118	-0.432510291146433	0.00761499280001778	0.00490329574830427	-4.2385853169796	-0.0104959762000386	-0.00642002429071625
1.83070302955118	-0.475844217500065	0.00750293651777171	0.00483460333088034	-4.42752943737565	-0.0119341803065272	-0.00732900116894904
1.84070302955118	-0.521046576585771	0.00737599666003036	0.00475643050975641	-4.61218153974173	-0.0134652398756333	-0.008324584567203
1.84125578643605	-0.523598775598299	0.00736852916416769	0.00475181366422292	-4.62225037285508	-0.0135678166494529	-0.00836215669440628
1.85125578643605	-0.573268874869477	-0.000624384626793253	0.0483714686051906	-5.56659953428543	0.961157784849077	5.20785126554207
1.86125578643605	-0.635720881494977	0.0353617853730956	0.0960318392796308	-6.83797437801853	5.70439695949504	4.74709318463105
1.87125578643605	-0.706033149162775	0.0957981498364373	0.145905929977432	-7.10323124440224	6.00023785650009	4.93770589141482
1.88125578643605	-0.776606239838557	0.15164795914687	0.191883635068649	-6.98902082636803	5.09500939751167	4.2098272450086
1.89125578643605	-0.8457071980331	0.197394098373307	0.229738386150635	-6.83374583547138	4.05878122132602	3.37786270471829
1.90125578643605	-0.91341436012179	0.233316659931956	0.259712490118137	-6.71490241210376	3.14929183010696	2.642842242652
1.91125578643605	-0.980155070138929	0.260944018718656	0.283017500983689	-6.64007901336996	2.4027643746814	2.0398381660325
1.92125578643605	-1.04633677262019	0.281869548124693	0.300915715842938	-6.60146522079705	1.80521538014891	1.55868293739079
1.93125578643605	-1.11227451558965	0.29748472722262	0.314511166976155	-6.58965252329743	1.33596107209012	1.1771337051471
1.94125578643605	-1.17819116567353	0.308946842731224	0.324720903441845	-6.59609999594405	0.972404645728967	0.876857328695377
1.95125578643605	-1.24423190183411	0.317199845291728	0.332291294567556	-6.6134777685047	0.69155927804935	0.646206071809396
1.96103247987164	-1.30899693899575	0.32289469925796	0.337721024200239	-6.63592002897505	0.483366899579848	0.471768795787685
1.97103247987164	-1.3726954215325	0.330888671282343	0.301973387168177	-5.87804521430885	-1.01256979714235	-4.60858357806988
1.98103247987164	-1.42552641488576	0.294342333011495	0.258053574654163	-4.81670956477299	-5.45343472526482	-4.75041420844965
1.99103247987164	-1.47235153304045	0.23610270336008	0.208322083105742	-4.65487096756006	-5.84439106879314	-4.93813725965065
2.00103247987164	-1.51991332196166	0.181494084611266	0.162237009413425	-4.89008227045857	-4.98254124340746	-4.211499344586
2.01103247987164	-1.57040992998694	0.137086259323214	0.124569028521606	-5.20894066459652	-3.90579515628536	-3.32928378959186
2.02103247987164	-1.62395568138064	0.10288798501759	0.0952445627585978	-5.48951975466176	-2.96939976686805	-2.55960302839046
2.03103247987164	-1.67997446283739	0.0770383360359067	0.0727845772767865	-5.7025401035904	-2.23524607029194	-1.95682326645223
2.04103247987164	-1.73778854667264	0.0575796852055212	0.0556309939017157	-5.85021636856435	-1.68316096368451	-1.49512274071992
2.05103247987164	-1.7967960212082	0.0429126147034778	0.0425056067169227	-5.94298445958987	-1.27051191567796	-1.14596367608462
2.05703810668931	-1.83259571459405	0.0358875310330909	0.0361396757105003	-5.97645503780548	-1.07538494849294	-0.977782851402883
2.06703810668931	-1.88922844930113	0.0300347029273178	-0.0132336238651925	-5.10170706323778	-2.55458476905727	-5.48505295467893
2.07703810668931	-1.93452060443545	-0.0190715315472896	-0.0652812471913251	-4.14912756033208	-6.25874237791039	-5.43080275314945
2.08703810668931	-1.97577202697959	-0.0816626879135663	-0.119118621575494	-4.1871848461981	-5.99253826126233	-5.13519978891782
2.09703810668931	-2.0190232917487	-0.136530256037512	-0.166171171598443	-4.47213598483259	-4.94782261391305	-4.25213721408316
2.10703810668931	-2.06514521540998	-0.180694093260663	-0.204265974474436	-4.74224744990894	-3.90601684982925	-3.39030182303624
2.11703810668931	-2.11361310900085	-0.215305536469343	-0.234393798739821	-4.93875783585913	-3.04314933520849	-2.66752519601109
2.12703810668931	-2.16366320463222	-0.242207873798795	-0.258055953484084	-5.05965774009912	-2.36338596806509	-2.09080495302119
2.13703810668931	-2.21458839290058	-0.263091063479841	-0.276620928716044	-5.11556503068063	-1.83569368100448	-1.64168704524355
2.14703810668931	-2.26579516687714	-0.279339556437958	-0.291214533915139	-5.11781560812643	-1.43168202153514	-1.29255775004522
2.15703810668931	-2.31680004921718	-0.292049606900588	-0.302731442239225	-5.0767063323144	-1.12441503779089	-1.02255681510095
2.16703810668931	-2.3672136253123	-0.30207521432481	-0.311873979291911	-5.00081890501309	-0.891727962230997	-0.814860599971549
2.17703810668931	-2.41672378560419	-0.310074539052347	-0.319189479102657	-4.89707026774309	-0.716494964451432	-0.655213120352702
2.18703810668931	-2.46508093208219	-0.316550472873165	-0.325101526649393	-4.77105728592496	-0.584948170509773	-0.532658322601263
2.19703810668931	-2.51208565356156	-0.321883930315476	-0.329936150177711	-4.62725458126815	-0.486389722205686	-0.438514384565736
2.20703810668931	-2.55757863679882	-0.326361081889398	-0.333942916872812	-4.46923925792776	-0.412482814001508	-0.366097184773575
2.21703810668931	-2.60143253392897	-0.330195164228793	-0.337311965506667	-4.29986003238281	-0.35685046767358	-0.310216711944564
2.22092045617087	-2.6179938779915	-0.331545699925426	-0.338480305778338	-4.23153792809992	-0.33913239691859	-0.292038306031343
2.23092045617087	-2.66106036285565	-0.343566922803772	-0.300573040551949	-4.6067423251054	0.2170417801148	4.61809464795977
2.24092045617087	-2.71098233752315	-0.318316366032384	-0.258745400976274	-5.36558444736528	4.71644036310565	3.90738388309136
2.25092045617087	-2.7654916408617	-0.264653100010986	-0.215285466941488	-5.41426757347537	5.60484203912792	4.49646503730807
2.26092045617087	-2.81779801290543	-0.211068802961399	-0.17234723735648	-5.00895573641869	4.99063679113541	3.99708572688325
2.27092045617087	-2.86532082748257	-0.165980370722798	-0.136082355677381	-4.49291621319744	4.02134269516495	3.24595231166594
2.28092045617087	-2.90773833772617	-0.130360498655217	-0.10722876078147	-3.99859536665171	3.12845423614591	2.54475496766441
2.29092045617087	-2.94547713130146	-0.102816506599854	-0.0847485056839656	-3.55844182355739	2.40958414880886	1.97445690667505
2.30092045617087	-2.97908116598486	-0.081616306733946	-0.0673204084266753	-3.17021210148377	1.85520433217309	1.53033080056627
2.31092045617087	-3.00901985343951	-0.0652783080726304	-0.0537982972979162	-2.8235945936043	1.4314930632954	1.1889608265412
2.32092045617087	-3.03565899445318	-0.0526529893291388	-0.0432818350764491	-2.50882768138045	1.10800849102535	0.925642155299727
2.33092045617087	-3.05927609113715	-0.0428700796373077	-0.0350834875951919	-2.21806187082437	0.85942613854561	0.722708310594764
2.34092045617087	-3.08008113060828	-0.0352725287618147	-0.0286789029183787	-1.94557505906223	0.668212926375026	0.564999898053548
2.35092045617087	-3.09823392805336	-0.0293611887200782	-0.0236672624671758	-1.68699990361857	0.520273752055652	0.442542822481031
2.36092045617087	-3.11385687147797	-0.0247550500022648	-0.0197399835095586	-1.43916349248459	0.405925234114687	0.346688287438883
2.37092045617087	-3.12704428540834	-0.0211613126488452	-0.0166590377512168	-1.19954317727918	0.316699012735414	0.272372460356336
2.38092045617087	-3.13786913261264	-0.0183546562586191	-0.0142393833496828	-0.966363129038725	0.247504612929098	0.213955950260911
2.39092045617087	-3.14638809648159	-0.016160621088637	-0.0123374643079288	-0.738153573377546	0.193480705226019	0.168359177881839
2.40092045617087	-3.15264526866448	-0.0144441553107012	-0.0108411964678232	-0.513843862146786	0.151494835730171	0.132414352278613
2.41092045617087	-3.15667501104904	-0.0131002466179307	-0.00966324562160753	-0.292546275087249	0.118623457689157	0.104328210164894
2.42092045617087	-3.1585040822845	-0.0120473106728599	-0.00873517928371201	-0.0736127133638462	0.0930134697650227	0.0821767180870068
2.43092045617087	-3.15815332397014	-0.0112216963159893	-0.00800351836005028	0.143498366944804	0.0729095686767017	0.0648795070673299
2.44092045617087	-3.15563893576386	-0.0105738181956526	-0.00742621445642517	0.359174350402825	0.0572749176200925	0.0511713726748977
2.45092045617087	-3.15097351862863	-0.0100648461540377	-0.00697034340151552	0.573746381625096	0.0450253035989778	0.0404290509537646
2.46092045617087	-3.14416688216023	-0.00966441923026545	-0.00660995404753432	0.787450488574684	0.0354828460040648	0.0319510229096529
2.47092045617087	-3.13522672801132	-0.0093486800118234	-0.00632464557140886	1.00047715899177	0.0279888763074584	0.0253607234287175
2.48092045617087	-3.12415920619335	-0.00909890554926345	-0.00609825281855401	1.21294403753985	0.022201658402831	0.0201418097856324
2.49092045617087	-3.11096941387751	-0.00890028327391288	-0.00591802707431466	1.42494020127119	0.017720126303369	0.0160674733415752
2.50092045617087	-3.09566182450986	-0.00874108750979409	-0.00577382632322398	1.63650629186528	0.0142843975318973	0.0128930227575288
2.51092045617087	-3.07824069044919	-0.00861196917511049	-0.00565757060018433	1.84764684825494	0.0116709362235403	0.0104559557400332
2.51814964449584	-3.06433285714352	-0.00853306383557623	-0.00558721027104907	2	0.0102138491975529	0.00905493499329846
2.52814964449584	-3.04328087978453	-0.00843900632261178	-0.00550460716026894	2.21030361253325	0.0086860902376675	0.00753841571458904
2.53814964449584	-3.02012879695568	-0.00835777676689418	-0.0054350709568339	2.42000186326994	0.00763349524780571	0.00642764106888218
2.54814964449584	-2.99488329898768	-0.00828504407157015	-0.00537491119267939	2.62896140582484	0.00697403524090796	0.00565407607833609
2.55814964449584	-2.96755259781264	-0.00821718074343691	-0.00532106522714725	2.83701083602466	0.00665101219066903	0.00515640897294037
2.56814964449584	-2.9381468046868	-0.00815109504609925	-0.00527096181575783	3.0439415667146	0.00661316241647247	0.00489738977608361
2.57814964449584	-2.90667831573526	-0.00808410870636759	-0.00522240608568082	3.24950541662974	0.00682534105640129	0.00484276440772146
2.58814964449584	-2.87316220663399	-0.00801385953171956	-0.00517349622838764	3.45341438113285	0.0072604744432176	0.00496602757965462
2.59814964449584	-2.83761663443617	-0.00793822964425364	-0.00512255809604208	3.65533990327549	0.00789830714461639	0.00524547558480455
2.60814964449584	-2.80006324452293	-0.0078552914690263	-0.00506809783926569	3.85491305786251	0.00871883865435367	0.00566905702411521
2.61814964449584	-2.76052757863534	-0.00776327354365118	-0.0050087619677972	4.05172335783405	0.00971235168835123	0.00621834789978841
2.62814964449584	-2.71903948089275	-0.00766053103917353	-0.00494331820107378	4.2453213284954	0.010859594681738	0.00689190407286017
2.63814964449584	-2.67563349422087	-0.00754553886996283	-0.00487062881884063	4.43521654937128	0.0121591714719595	0.00766766953250532
2.64814964449584	-2.63034924396931	-0.00741687753718492	-0.00478965122828861	4.62088282647279	0.013595732466142	0.00854275094554295
2.65814964449584	-2.58323179864552	-0.00727323779177623	-0.00469942839244776	4.80175907899437	0.0151545024846403	0.0095132431594782
2.66814964449584	-2.53433200164651	-0.007113427875755	-0.00459908729939135	4.97725215378997	0.0168256015583844	0.0105676047960164
2.67814964449584	-2.48370676569348	-0.00693638244362562	-0.00448784404222179	5.14674146485103	0.0185994875904948	0.0116918272905008
2.68814964449584	-2.43141932121574	-0.00674117356154853	-0.00436501262945102	5.30958483917019	0.0204593969979077	0.0128787354153384
2.69814964449584	-2.37753940991744	-0.00652702348845001	-0.00423001571175644	5.46512524257391	0.0223737452791877	0.0141375532521385
2.70814964449584	-2.32214341255964	-0.00629334082866292	-0.00408236706800251	5.61268897731319	0.0243746199446964	0.0153917026103325
2.71814964449584	-2.26531441300006	-0.00603968656850955	-0.0039217454637876	5.75161365100553	0.0263699145110287	0.0167232150192877
2.72814964449584	-2.20714217114419	-0.00576585397311855	-0.00374791874268146	5.88122914884931	0.0283934696396789	0.018047660608802
2.73814964449584	-2.14772302449499	-0.00547182482511484	-0.00356082532545347	6.00088961695366	0.030391605106389	0.0193922036802969
2.74814964449584	-2.08715968943232	-0.00515782429445705	-0.00336052244493382	6.10996379818318	0.0323957732396779	0.0206716242874134
2.75814964449584	-2.02556098147363	-0.00482427129847205	-0.0031472639542553	6.20786749135049	0.0343099332005292	0.0219655485485466
2.76814964449584	-1.96304142957606	-0.00447184640217691	-0.002921417808667	6.29404561913916	0.036160540951254	0.0231941103393882
2.77814964449584	-1.89972081207677	-0.00410143786897793	-0.00268353374501495	6.3680027813035	0.0378985844444392	0.0243762765108474
2.78814964449584	-1.83572359607313	-0.00371416968044705	-0.00243429558732919	6.42929744279497	0.0395308927364776	0.0254599604655319
2.79814964449584	-1.77117830345399	-0.00331135780649256	-0.00217455794837743	6.47756324050595	0.0409952234596025	0.0264853668193143
2.80814964449584	-1.70621679659684	-0.00289454074230453	-0.00190527762091055	6.51249668308476	0.0423348359721267	0.0273587991424653
2.81814964449584	-1.64097351477105	-0.00246540172058231	-0.00162757765882232	6.53388687558026	0.0434757754194036	0.028143098033811
2.82814964449584	-1.57558465105114	-0.00202579696169349	-0.00134266619052306	6.54159838602885	0.0444217675877737	0.028804853744924
2.83814964449584	-1.51018730454424	-0.00157770551986883	-0.00105185093372132	6.53558384081833	0.0451618789757989	0.0293350647319877
2.84814964449584	-1.44491861199266	-0.00112320902881825	-0.000756509852122911	6.51588152804074	0.0457009866842674	0.0297099370572726
2.85814964449584	-1.37991488074071	-0.00066445041787978	-0.000458085625494022	6.48261939842546	0.0460162645282424	0.0299477553461126
2.86814964449584	-1.31531073443875	-0.000203618520174749	-0.000158044418843648	6.43600634367487	0.0461155650263148	0.0300330803025731
2.87814964449584	-1.25123829250031	0.000257087935848631	0.0001421390430889	6.37633042968066	0.0460176624461288	0.029942419721404
2.88814964449584	-1.18782639802517	0.000715515310188647	0.000440970760844148	6.30396383228856	0.0456578813509041	0.029766796485383
2.89814964449584	-1.12519989633925	0.00116952610958611	0.000737033564017781	6.21933225115958	0.0451086223473385	0.0294246468922851
2.90814964449584	-1.06347899744279	0.0016170870895583	0.00102892743625349	6.12293259547753	0.0443469335927102	0.0289636938493103
2.91814964449584	-1.00277870644335	0.00205624378544016	0.00131535293352643	6.01530374635521	0.0434458105065042	0.0283116446052149
2.92814964449584	-0.94320835328351	0.00248520705301537	0.00159504345406469	5.89704435845342	0.0423283041850609	0.0275954010159707
2.93814964449584	-0.884871198061098	0.00290229480871225	0.00186687969476432	5.7687715768185	0.0410616612677008	0.0267578764758625
2.94814964449584	-0.827864143664923	0.00330600404281727	0.00212982808692782	5.63113507064756	0.0396427549849717	0.0258363777929663
2.95814964449584	-0.772277530872573	0.0036949899566187	0.00238299316687224	5.48479411529953	0.0381245131528947	0.0247974867438309
2.96814964449584	-0.718195030639645	0.00406811231181503	0.00262557559813491	5.33042432443686	0.0364733390011891	0.0237217999557203
2.97814964449584	-0.665693611523351	0.004424388224239	0.00285694502188111	5.16868751099596	0.0347702004006578	0.0225417266321513
2.98814964449584	-0.614843598718055	0.00476305882956247	0.00307655819937647	5.00025078821633	0.0329655802389493	0.021359544031699
2.99814964449584	-0.565708790729628	0.00508352484932623	0.00328404141192941	4.82575334899749	0.0311222490413399	0.0201310556601404
3.00814964449584	-0.518346651553634	0.00538539024638355	0.00347912650632021	4.64582009421902	0.0292354536685951	0.0188988945078162
3.01814964449584	-0.472808548743681	0.00566842189390813	0.00366169094492701	4.46104238270916	0.0273632958452836	0.0176224655936633
3.02814964449584	-0.429140045427901	0.00593258138303423	0.00383169942349864	4.27199053730647	0.0254736084944119	0.0163766635484484
3.03814964449584	-0.387381220129088	0.00617797054290789	0.00398925375424264	4.0791922606303	0.0236120946447221	0.0151328355226887
3.04814964449584	-0.347567023307091	0.0064048519404062	0.00413454194933642	3.88314366983075	0.0217785589334882	0.0139194553105917
3.05814964449584	-0.30972764883205	0.0066136194071024	0.00426784969011141	3.68430094404424	0.0199885180977373	0.0127417677649746
3.06814964449584	-0.273888920386562	0.00680478845935227	0.00438954397777826	3.4830813624382	0.0182552313345286	0.011604997025503
3.07814964449584	-0.240072683024992	0.00697898049738871	0.00450006356098029	3.27986270433336	0.0165928121684192	0.0105101981827413
3.08814964449584	-0.20829719469938	0.00713691001399216	0.00459990472493671	3.07498464467572	0.0150063546861868	0.0094670542937935
3.09814964449584	-0.178577511424664	0.0072793666539426	0.00468961359224082	2.86874857539974	0.0135011702970344	0.00848186981107826
3.10814964449584	-0.150925862365249	0.00740720104761994	0.00476977380921882	2.66141938066239	0.0120780456423396	0.00756378925201941
3.11814964449584	-0.125352009820429	0.00752130473491838	0.00484100262731172	2.45322499367037	0.0107522082021647	0.00670022045253013
3.12814964449584	-0.10186359298704	0.00762260413472699	0.0049039297742953	2.24436187299812	0.00952064381394699	0.00589946150477532
3.13814964449584	-0.0804664498538694	0.00771204129411637	0.00495919485841432	2.03499497264068	0.00838219603559954	0.00516470570342892
3.14814964449584	-0.0611649171702035	0.00779056043663167	0.00500743878370068	1.82525999552557	0.00733841141828478	0.00449310620640278
3.15814964449584	-0.0439621065500157	0.00785909764295744	0.00504929279787881	1.6152667462668	0.0063856018830458	0.00388627587393549
3.16814964449584	-0.0288601547824152	0.00791856732633995	0.0050853735110456	1.40510089539678	0.00552247310716668	0.00334054911573722
3.17814964449584	-0.0158604482330866	0.00796985271278951	0.00511627455128636	1.19482710321365	0.00474595352036504	0.00285259181898067
3.18814964449584	-0.00496382017173064	0.00801379537183252	0.00514256129999212	0.984491422165483	0.00405411904049374	0.00241578065317403
3.19814964449584	0.00382927883978204	0.00805118881665922	0.00516476214182435	0.774125046137955	0.00343704066017595	0.00203228431550573
3.20814964449584	0.0105186387224285	0.00808276723727991	0.00518336778487919	0.563745698838551	0.00288949336452284	0.00169670447375267
3.21814964449584	0.0151041748486214	0.00810919953831878	0.00519882533426882	0.353360886601916	0.00240662366996267	0.00140187084736133
3.22814964449584	0.0175858407414921	0.00813108432929727	0.00521153267874756	0.142971224136699	0.00197898153766389	0.00114545254319025
3.23814964449584	0.0179635688832912	0.00814894258425731	0.0052218373547462	-0.0674275109676608	0.00159923893155809	0.000921359353867788
3.24814964449584	0.0162372390566583	0.00816321329016259	0.0052300328660234	-0.277841369889433	0.00126014521926308	0.000722530306673803
3.25814964449584	0.0124066744469962	0.00817424999477158	0.00523635508251009	-0.488275118473726	0.000951514103366473	0.000544973118463176
3.26814964449584	0.0064716657753088	0.00818231584737411	0.00524098177070296	-0.698729999878577	0.00066527587630057	0.000381307235763964
3.27814964449584	-0.00156797705539968	0.00818758201742173	0.00524402884630204	-0.909200337353783	0.000389889501074175	0.000228141040817973
3.28814964449584	-0.0117123450983872	0.00819012318431139	0.0052455515231196	-1.11967158866959	0.000118101337473814	7.60892526652411e-05
3.29814964449584	-0.0239613231157896	0.00818991773095944	0.00524554043433197	-1.33011669133602	-0.000161010362018077	-7.97699482825244e-05
3.30814964449584	-0.038314454162784	0.00818684512356069	0.00524392254160795	-1.54049383068964	-0.000456977128848394	-0.000246357736727211
3.31814964449584	-0.0547707766978009	0.00818068591952533	0.00524055983001548	-1.75074339968572	-0.000780443189376621	-0.00042921390857178
3.32814964449584	-0.0733286340689534	0.00817112112975249	0.00523525016130705	-1.96078554602476	-0.00114052343113171	-0.000635794209402201
3.33814964449584	-0.093985457005854	0.00815773344580245	0.00522772717321264	-2.17051731620526	-0.00154627548186421	-0.000873399690239885
3.34814964449584	-0.116737519598387	0.00814000963495443	0.00521766032130939	-2.3798097494824	-0.00200925405653747	-0.00114567779741611
3.35814964449584	-0.141579669299265	0.0081173415269057	0.00520465863655152	-2.5885060667368	-0.00253689570392063	-0.00146102564714264
3.36814964449584	-0.168505032744815	0.00808903159627007	0.00518827063818857	-2.79641855278733	-0.00313912440702522	-0.00182377236046543
3.37814964449584	-0.19750469823512	0.00805429678786519	0.00516798893316685	-3.00332686581139	-0.00382345544194904	-0.00224029321836619
3.38814964449584	-0.228567377361939	0.00801227512603461	0.00514325386902399	-3.20897599727692	-0.00459537578172555	-0.00271823380813839
3.39814964449584	-0.261679048430033	0.00796203620792629	0.00511345507740509	-3.41307353793191	-0.00546768544296598	-0.00325405377366312
3.40814964449584	-0.296822583676244	0.00790258529005008	0.00507794453681219	-3.61529062970358	-0.00643914051291183	-0.00386047397096713
3.41814964449584	-0.333977366240193	0.00783288091370163	0.0050360354136151	-3.81525843996224	-0.00751802653910619	-0.00453547027196094
3.42814964449584	-0.373118898988022	0.00775184411935168	0.00498701536744584	-4.01256935842195	-0.00870680690979313	-0.00528188302096313
3.43814964449584	-0.414218412097333	0.00765837465535719	0.00493015433663325	-4.20677660920062	-0.010006483110578	-0.00610138934459386
3.44814964449584	-0.457242474798557	0.00755136877052301	0.00486471378322037	-4.39739457873159	-0.0114202197533822	-0.00698944350631386
3.45814964449584	-0.50215261719973	0.00742973128323853	0.00478996671493578	-4.5839029156312	-0.0129288198883644	-0.00796685423509979
3.4627852056377	-0.523598775598299	0.007368088269073	0.00475195697842472	-4.66881104214178	-0.0136680676224593	-0.00843805576789392
3.4727852056377	-0.573733328646789	-0.000634197587714787	0.0483799880856297	-5.61305433042973	0.960760055642127	5.20761652178008
3.4827852056377	-0.636648632729481	0.035344385599166	0.0960358737043854	-6.88427994976326	5.70397341400848	4.74573704710864
3.4927852056377	-0.707422706198424	0.0957691950081077	0.145901098942215	-7.14969840771016	6.00225899453715	4.93198122744994
3.5027852056377	-0.778455392976377	0.151599716619653	0.191864147768868	-7.03503100051636	5.09429555910919	4.20588589949298
3.5127852056377	-0.848013131685014	0.197316867958015	0.229700204191316	-6.87957457915767	4.05821833273663	3.3722084378062
3.5227852056377	-0.916174197382573	0.23320486325591	0.25965051723923	-6.76016662309241	3.14594339910669	2.63987868193644
3.5327852056377	-0.983365312561313	0.260793618893453	0.282930066922461	-6.68489984588902	2.39858540384546	2.03754058325104
3.5427852056377	-1.04999320931208	0.281679235662964	0.300802630555402	-6.64589605931363	1.80170897506537	1.55552366557081
3.5527852056377	-1.11637208372914	0.297255862180474	0.314372914396296	-6.63353940406023	1.33279541186295	1.17392622175705
3.5627852056377	-1.18272379876402	0.308682661197188	0.324558707180049	-6.63919689398707	0.968425122986253	0.875425689226208
3.5727852056377	-1.24919232976721	0.316903802089984	0.332108391934675	-6.65587074000889	0.688712283472504	0.644129370041024
3.58175748767689	-1.30899693899575	0.322179693134771	0.337136902375894	-6.67555096144647	0.495723649099613	0.482995031232814
3.59175748767689	-1.37307636897018	0.330232339508691	0.301507597231006	-5.91470748881808	-1.01172811704052	-4.59848344734431
3.60175748767689	-1.42626517289659	0.293681000895506	0.2576490361465	-4.85295586434764	-5.44885475369472	-4.74961584275966
3.61175748767689	-1.47345713841736	0.23550232380913	0.207950618103747	-4.69205706838433	-5.83534008916335	-4.93544915655875
3.62175748767689	-1.52139004112492	0.180976867879305	0.161915130159727	-4.92719686775374	-4.97348094531339	-4.20698628221928
3.63175748767689	-1.5722549052869	0.136651380457672	0.124298512659254	-5.2455713808614	-3.89711445283229	-3.32548168510118
3.64175748767689	-1.62616242509091	0.102525904077702	0.0950200760064061	-5.52547463422637	-2.96119996352531	-2.55728032632823
3.65175748767689	-1.68253511120463	0.076738428916728	0.0725984855569682	-5.73752789799923	-2.22942542495867	-1.95350668546211
3.6617574876769	-1.74069459052597	0.0573313821664634	0.0554770980882136	-5.88430941398719	-1.67857675641347	-1.4920646871771
3.67175748767689	-1.80003865794921	0.0427068118112514	0.0423784148663054	-5.97622079914702	-1.26643858286617	-1.14384318364884
3.67719046730881	-1.83259571459422	0.0363217039101125	0.0365897937342872	-6.00676032621954	-1.08787631557887	-0.992069013627266
3.68719046730881	-1.889521813385	0.0302758414834045	-0.0128571047894155	-5.12997941346741	-2.58175171737807	-5.48371204144618
3.69719046730881	-1.935107693835	-0.0190210715324723	-0.064968462475752	-4.18127303641158	-6.26398470752192	-5.44208389133436
3.70719046730881	-1.97669535395906	-0.0816265298791288	-0.118859122444674	-4.22169044956814	-5.99241468949544	-5.13510092615794
3.71719046730881	-2.02029815358531	-0.13646041040585	-0.165919032356187	-4.50756370069954	-4.9435303233829	-4.25180862930432
3.72719046730881	-2.06677506617501	-0.180576663086696	-0.204007439977884	-4.77746077324672	-3.90362902919083	-3.38601876322685
3.73719046730881	-2.11559666421653	-0.215140725130947	-0.234122985032345	-4.97374746353866	-3.04079281755641	-2.66327754576625
3.74719046730881	-2.16599712930616	-0.242000056898404	-0.257771628729465	-5.09438223269131	-2.36032399634338	-2.08821147799623
3.75719046730881	-2.21726823053473	-0.262845989298698	-0.276324350478067	-5.1498727955461	-1.83259978587392	-1.64013829713565
3.76719046730881	-2.2688157500069	-0.279063563585703	-0.290907908374575	-5.15158589504526	-1.42918669331265	-1.29131058165281
3.77719046730881	-2.320155750723	-0.291749312010982	-0.302416965655795	-5.10995484903847	-1.12205430173125	-1.02222084598077
3.78719046730881	-2.37089863095818	-0.30175650229204	-0.311554384596185	-5.03345294322556	-0.890182114692271	-0.814455756511464
3.79719046730881	-2.4207321791437	-0.309742971102182	-0.318867029908487	-4.92910750388029	-0.715523455580159	-0.654955662514277
3.80719046730881	-2.46940683954222	-0.316210897799713	-0.324778303218913	-4.80251397061706	-0.584408642050569	-0.532619236228223
3.81719046730881	-2.51672332712249	-0.321540465972086	-0.329613996984909	-4.6581435961188	-0.486239499228584	-0.438629208574008
3.82719046730881	-2.56252251315643	-0.326017184907251	-0.333623374065034	-4.49958301309925	-0.412645430400894	-0.366352971743602
3.83719046730881	-2.60667728374923	-0.329853666602446	-0.336996306696654	-4.32968184384059	-0.357285950913633	-0.310562184180985
3.83981819037688	-2.6179938779915	-0.33077636998722	-0.337795814889525	-4.28348131822449	-0.344844939963372	-0.2984966765662
3.84981819037688	-2.66159906994546	-0.342760968767541	-0.299992664975108	-4.66235415052777	0.228950282000898	4.60560643489073
3.85981819037688	-2.71208952337561	-0.317343102132977	-0.258266976784851	-5.42146081553738	4.72276875410465	3.913974726221
3.86981819037688	-2.76712840418585	-0.263711258585456	-0.214793136494298	-5.46517601003714	5.59662113931012	4.49153650231293
3.87981819037688	-2.81993112320961	-0.210248233193347	-0.171912843481657	-5.05749845544621	4.97398354614846	3.99366798329245
3.88981819037688	-2.86793966515393	-0.165299998575138	-0.135721018641998	-4.54141313695207	4.00788516116268	3.23845320021661
3.89981819037688	-2.91084302076664	-0.129806974974388	-0.106936778468294	-4.04739128707178	3.11734366639591	2.53754927467459
3.90981819037688	-2.94907099637583	-0.102369948169146	-0.0845149002695412	-3.60772663424641	2.40150397265993	1.96707117331179
3.91981819037688	-2.98316804780913	-0.0812566468188969	-0.067135504716982	-3.21959407420396	1.84652265347309	1.52707333474479
3.92981819037688	-3.01360292374745	-0.0649901359483744	-0.0536516291619334	-2.873386847269	1.42533629636474	1.18518578927801
3.93981819037688	-3.0407409828745	-0.0524224339243867	-0.0431663376448584	-2.55880524025189	1.10255211890386	0.923223101677063
3.94981819037688	-3.06485915583686	-0.042686321032502	-0.0349927282133745	-2.2682632249175	0.855215475132647	0.720517652070544
3.95981819037688	-3.08616706821491	-0.0351264724129217	-0.0286079822415112	-1.99593365546077	0.664765409580862	0.563324687085115
3.96981819037688	-3.10482422514918	-0.0292455741640778	-0.0236119882118549	-1.73753513670534	0.517843101232428	0.440773069639945
3.97981819037688	-3.12095284646924	-0.0246636324109181	-0.0196973858625974	-1.48975971004682	0.403480951569724	0.345934077635542
3.98981819037688	-3.13464706876757	-0.0210894212662563	-0.0166261972313318	-1.25027686892748	0.314944054477124	0.271528947575511
3.99981819037688	-3.14597979688498	-0.0182982691280506	-0.0142142681622261	-1.01719869352693	0.246090210770029	0.213319799432608
4.00981819037688	-3.15500764795912	-0.0161166071004728	-0.0123183117222538	-0.789109186874248	0.192540734223267	0.167626874842958
4.01981819037688	-3.16177469942267	-0.0144098616801089	-0.010826797020327	-0.564874989951714	0.150585303096575	0.132056982237691
4.02981819037688	-3.16631527229712	-0.0130737134181364	-0.00965245465701635	-0.343679785548083	0.117964093471071	0.10397258632332
4.03981819037688	-3.16865611146506	-0.0120268995938053	-0.00872722666106963	-0.124830248226727	0.0924251771973731	0.0819840954593875
4.04981819037688	-3.16881801020913	-0.0112061976734495	-0.00799772670140036	0.0921854101341197	0.0725119579426938	0.0646355261698588
4.05981819037688	-3.16681711076552	-0.0105622395038207	-0.00742215727469445	0.307787478845685	0.0569189272191514	0.0510216633667686
4.06981819037688	-3.16266590861706	-0.0100564770568733	-0.00696766525180695	0.522292761801621	0.0447352627032681	0.0403023203142034
4.07981819037688	-3.15637407052156	-0.00965871940160572	-0.00660843872910984	0.735952998371059	0.035188122864022	0.0319064639006352
4.08981819037688	-3.1479490937668	-0.00934531286933175	-0.00632410933446746	0.948947177789408	0.0277813653499227	0.025251801905175
4.09981819037688	-3.13739687064484	-0.00909762294017777	-0.00609864336804952	1.16141865433408	0.022001230033029	0.0200503041419807
4.10981819037688	-3.1247221620317	-0.00890097013030177	-0.00591932421639835	1.373455205552	0.0175298247548912	0.0159706949653795
4.11981819037688	-3.10992902916513	-0.00874371258634031	-0.00577607254872419	1.58510981058459	0.0140719810680246	0.0128171909088254
4.12981819037688	-3.09302122248657	-0.00861659562169757	-0.00566083003115749	1.7963895133506	0.011465758944144	0.0103496462338973
4.13947294926828	-3.07469429506819	-0.00851547435710296	-0.00557009612307469	2	0.00957571591662281	0.00852567421599264
