=========================== Parameters =====================================
l1 [m]	l2 [m]	l3 [m]	c1 [m]	c2 [m]	c3 [m]	m1 [kg]	m2 [kg]	m3 [kg]
0.1	0.1	0.4858	0.5	0.5	0.7	0.1564	0.23764	0.1564
============================== Data ========================================
t [s]	th1 [rad]	th2 [rad]	th3 [rad]	th1d [rad/s]	th2d [rad/s]	th3d [rad/s]
0	0	0	0	0	0	0
0.01	-0.000973424702718062	0.000192342314921258	0.00034082102395837	-0.193761216087057	0.0379460103507398	0.0668107873709031
0.02	-0.00385579908813769	0.000747496634387918	0.00130856005109517	-0.381700205648978	0.0724687031435996	0.125331405509836
0.03	-0.00858647929634533	0.0016286152162864	0.00281906945835658	-0.563359670075234	0.103065143284341	0.175344065144093
0.04	-0.0151010518481645	0.00279443202516775	0.00478692930071804	-0.738442005788954	0.129355528101176	0.216808287722183
0.05	-0.0233328930122399	0.00420051120377658	0.00712710526918995	-0.906801110691346	0.15108564740759	0.249837991890482
0.06	-0.033214629214071	0.00580049356482523	0.00975638454575914	-1.06843099247247	0.168124233103969	0.274680115930843
0.07	-0.0446794706133043	0.00754729535205799	0.0125946050571343	-1.22345191288652	0.180456230539622	0.291694654732346
0.08	-0.0576623967054065	0.00939422340159907	0.0155656916634189	-1.37209475958535	0.188172963359156	0.301335990265997
0.09	-0.0721011794643682	0.0112959801810898	0.0185985116600801	-1.51468428373192	0.191460085534011	0.30413540754942
0.1	-0.0879372356081951	0.0132095406495396	0.0216275610049286	-1.65162177659115	0.190584117569408	0.300684711937648
0.11	-0.1051163049422	0.0150948903199556	0.0245934919776851	-1.78336768558926	0.185878256545145	0.291620891241193
0.12	-0.123588956358535	0.0169156202476436	0.0274434925499981	-1.91042459367493	0.177728038317353	0.277611792736816
0.13	-0.143310926922117	0.0186393798976666	0.0301315275606884	-2.03332090869119	0.166557320304393	0.259342807518944
0.14	-0.164243302564523	0.0202381930021664	0.0326184518037308	-2.15259553500969	0.152814949145553	0.237504571266799
0.15	-0.186352551278797	0.0216886446771217	0.0348720052845655	-2.26878373052996	0.136962382445918	0.212781700951491
0.16	-0.209610421423321	0.0229719503313346	0.036866701123355	-2.38240429033024	0.119462450057034	0.185842591658518
0.17	-0.233993718882356	0.024073918388196	0.03858361682783	-2.49394814509701	0.100769369143369	0.157330297422821
0.18	-0.259483977484933	0.0249848196811163	0.0400100998795012	-2.60386841856978	0.0813200689866597	0.127854515862116
0.19	-0.286067037345195	0.0256991767038007	0.0411393987425829	-2.71257195356154	0.0615268356380081	0.0979846895749511
0.2	-0.313732545745791	0.0262154858164968	0.0419702304931223	-2.82041229003899	0.0417712520831549	0.0682442287613889
0.21	-0.342473394922351	0.0265358851357826	0.0425062962640129	-2.92768406022696	0.0223993850585249	0.0391058501608728
0.22	-0.372285110690709	0.0266657802591191	0.0427557556045164	-3.03461875342227	0.0037181533294017	0.0109880178030169
0.23	-0.403165205344612	0.0266134392693659	0.042730670660489	-3.1413817957178	-0.0140071976621407	-0.0157475383566951
0.24	-0.435112507680774	0.0263895676843443	0.0424464307967412	-3.24807088570561	-0.0305545950568544	-0.0407972588632638
0.25	-0.468126482407048	0.0260068732017137	0.0419211679104501	-3.35471552510976	-0.0457456940154028	-0.0639161877208517
0.26	-0.502206550572444	0.0254796292651757	0.0411751722292947	-3.46127768203871	-0.059445571688295	-0.084917451385277
0.266122794336386	-0.523598775598299	0.0250920498691947	0.0406188168239907	-3.5264408254923	-0.0670561768039615	-0.0966725894454225
0.276122794336386	-0.561091675269427	0.0261297546638574	0.0405660699142044	-3.971442831298	0.274322106422589	0.0858634988594682
0.286122794336386	-0.603011419830658	0.0305706801949792	0.0423304138812636	-4.41157574841544	0.613348327317614	0.266697247441208
0.296122794336386	-0.649302024261769	0.0383836789325022	0.0458933530102779	-4.84535321754536	0.948452558345047	0.445532035958463
0.306122794336386	-0.699891802300259	0.0495205331823973	0.0512333633925883	-5.27112039921757	1.27778763130469	0.622059107727305
0.316122794336386	-0.754691665752708	0.0639131131776685	0.0583257790492008	-5.68705213912608	1.59921762048986	0.795959032352903
0.326122794336386	-0.813593448915741	0.0814704975489435	0.0671426915898104	-6.09116011978736	1.91032240693213	0.966902942837599
0.336122794336386	-0.876468356374718	0.102076233403907	0.0776528609598172	-6.48131064642766	2.20842154695571	1.13455351576404
0.346122794336386	-0.943165647764842	0.125585943194364	0.0898216347916401	-6.85525444540811	2.49062013603824	1.29856572141553
0.356122794336385	-1.01351168423191	0.151825507382967	0.103610874433866	-7.2106692708813	2.75387823831148	1.45858742723846
0.366122794336386	-1.08721929771023	0.180432402768456	0.119043776038341	-7.51084341196224	2.93501839400815	1.63899971492652
0.376122794336386	-1.16331787167062	0.209860746735086	0.136615459704595	-7.69041106956858	2.92117552430267	1.88491823727217
0.386122794336386	-1.24070085951515	0.238344148229181	0.156899943688498	-7.77192248017431	2.75370661810341	2.17821694911463
0.394900121635619	-1.30899693899575	0.261519492733446	0.177240529606706	-7.78185147974498	2.51602769834786	2.45802172443425
0.404900121635619	-1.38526510806942	0.28435892889872	0.201233792326618	-7.46802794153571	2.04923395768593	2.33924033909514
0.414900121635619	-1.4582843252622	0.302456608471518	0.223996824419028	-7.13225858033252	1.56817193692428	2.21190668293625
0.424900121635619	-1.52784135128105	0.315684731647658	0.245442110032455	-6.77581652823517	1.075818639153	2.07563009333395
0.434900121635619	-1.59373655289085	0.323945224844664	0.265478492072229	-6.40014931587334	0.575137057485303	1.93007559939442
0.444900121635619	-1.65578563021988	0.327169459695543	0.284011805541338	-6.00687546740814	0.0690496063406739	1.77497895363584
0.454900121635619	-1.71382130594656	0.32531775291716	0.300945651213077	-5.59778010746972	-0.439579300091302	1.61015943556052
0.464900121635619	-1.76769496251067	0.318378734362488	0.316182280921073	-5.17480890778126	-0.947952278484037	1.43552919577276
0.474900121635619	-1.81727821027454	0.306368665056916	0.329623555345794	-4.74006037956689	-1.45333998986725	1.25109831404926
0.478181707615417	-1.83259571459405	0.301328914679107	0.333626643293536	-4.59520268740787	-1.61808402407381	1.1884555489248
0.488181707615417	-1.87631955768767	0.282655019600061	0.344532826375233	-4.14830209585614	-2.11539026241	0.99119174578703
0.498181707615417	-1.91554057702381	0.259051536548656	0.353419125517856	-3.6950516944204	-2.6035689643826	0.784524886410066
0.508181707615417	-1.95020788615185	0.230622702239918	0.360193028890795	-3.23799349282543	-3.08002880405654	0.568771953216147
0.518181707615417	-1.98029659620132	0.197498683515722	0.364765576286339	-2.7797836274951	-3.5421705284283	0.344324706593954
0.528181707615417	-2.00580891384569	0.159835792278078	0.367052060001672	-2.32318349721888	-3.98736009030698	0.111640494051093
0.538181707615417	-2.02677180848257	0.117811115127904	0.36697506163786	-1.86978399515914	-4.41512063190775	-0.127847956187053
0.548181707615417	-2.04353613566767	0.072145305610071	0.364249285676811	-1.5132992928346	-4.66379202965968	-0.439137568446498
0.558181707615417	-2.05759108828291	0.0255263497271447	0.357800440262689	-1.32205820949179	-4.61641585324035	-0.86749373816366
0.568181707615417	-2.07039872988898	-0.0194299517178507	0.346615405178677	-1.25731405174803	-4.34298291463433	-1.38114436744528
0.578181707615417	-2.08303302074294	-0.0608056459054163	0.329992764538847	-1.28139976972608	-3.91100528592416	-1.95036135647073
0.588181707615417	-2.0962101803392	-0.097322969109579	0.307509580298803	-1.36069748390892	-3.38059128050923	-2.54930302717635
0.598181707615417	-2.11033579837832	-0.128259926175365	0.27897975673835	-1.46683537014343	-2.80258057701843	-3.15647340463031
0.608181707615417	-2.12556023051317	-0.153353319490617	0.24441037050089	-1.5771648932091	-2.21786627199573	-3.75470007883812
0.618181707615417	-2.14183577347651	-0.172699840738419	0.203959853724847	-1.67467084753428	-1.65763093278051	-4.33081571001634
0.628181707615417	-2.15897085210412	-0.18666276287206	0.157900103994	-1.74750665474174	-1.14417126905764	-4.87519712763641
0.638181707615417	-2.17667006653679	-0.195907936155486	0.10678199843876	-1.78555851074027	-0.735041923494406	-5.30908801605708
0.648181707615417	-2.19456973723223	-0.201984358399543	0.0525923793618346	-1.79038690487514	-0.507224201945823	-5.48861599617508
0.658181707615417	-2.21242737575562	-0.206509750442373	-0.00226458039565623	-1.77995709515957	-0.41678694482558	-5.45038116086235
0.668181707615417	-2.23016839433898	-0.210620796207142	-0.0558520514955354	-1.76953084980041	-0.413590248331454	-5.24826695324143
0.678181707615417	-2.24786290668784	-0.214754748138679	-0.107154019381558	-1.77152394847089	-0.409891010602268	-5.01214301662643
0.688181707615417	-2.26563437357838	-0.218762845248205	-0.156094049079489	-1.78418222950189	-0.389418931306922	-4.77580080277526
0.698181707615417	-2.28356812373569	-0.222505676961234	-0.202668627093655	-1.80333125443937	-0.357684731823423	-4.53904105213041
0.708181707615417	-2.30171056769738	-0.22589462181326	-0.246873484927983	-1.82537127067194	-0.319346412899742	-4.30187071117356
0.718181707615417	-2.32007514516623	-0.228883342895666	-0.288705181201902	-1.84731026664004	-0.278201199318921	-4.0644468704734
0.728181707615417	-2.33864841188292	-0.231459220245533	-0.328162542471796	-1.86675997849835	-0.237202061893764	-3.82706287772659
0.738181707615417	-2.35739592818061	-0.233635175377047	-0.365247918923786	-1.88190199572392	-0.198516915683564	-3.59012583761216
0.748181707615417	-2.37626770110648	-0.235442237548506	-0.399968186770845	-1.89143389556895	-0.163615479799924	-3.35412897590869
0.758181707615417	-2.39520302341753	-0.236923064148963	-0.432335460675895	-1.89450372956718	-0.133371396858531	-3.11962170469742
0.768181707615417	-2.41413462755485	-0.238126516785137	-0.462367505033433	-1.89063950187239	-0.108169834901552	-2.88717966426345
0.778181707615417	-2.43299213099856	-0.23910330926224	-0.490087853108687	-1.87967868310839	-0.0880132286451387	-2.65737650622487
0.788181707615417	-2.45170479257529	-0.239902681186865	-0.515525658282506	-1.86170138375599	-0.0726199562540243	-2.43075870930143
0.798181707615417	-2.47020362931667	-0.240570008195627	-0.538715312358402	-1.83696960513935	-0.061512554275786	-2.20782428499057
0.808181707615417	-2.48842296253382	-0.241145233481049	-0.559695872481237	-1.80587399910325	-0.0540935476825654	-1.98900584307611
0.818181707615417	-2.50630147201819	-0.241661992121157	-0.578510341208867	-1.76888878721004	-0.0497081357506209	-1.7746581553822
0.828181707615417	-2.52378284067028	-0.242147296767823	-0.595204844262895	-1.72653489595613	-0.0476938590875901	-1.56505008704532
0.838181707615417	-2.54081607013631	-0.2426216578926	-0.609827748101688	-1.67935093205273	-0.0474180135455097	-1.36036056019823
0.848181707615417	-2.55735554269281	-0.243099521765148	-0.622428755349466	-1.62787132663491	-0.0483040087520192	-1.16067807339604
0.858181707615417	-2.57336089691457	-0.243589922739205	-0.633058010882494	-1.5726107955953	-0.0498481273944119	-0.96600321584695
0.868181707615417	-2.58879677561401	-0.24409726167579	-0.641765245552033	-1.5140541728628	-0.0516282592923099	-0.776253580579592
0.878181707615417	-2.60363249496027	-0.244622138193721	-0.648598978561488	-1.45265065406578	-0.0533061924231261	-0.591270485867827
0.888181707615417	-2.61784167419071	-0.245162179947772	-0.653605793765915	-1.38881152150592	-0.054624969296445	-0.410826950067971
0.888291328551613	-2.61799387799149	-0.245168168634682	-0.653650721901134	-1.38809963659032	-0.0546366955102223	-0.408873050801579
0.898291328551613	-2.63239353156439	-0.244230827330169	-0.657493919210109	-1.49118048058585	0.241671978566364	-0.36022106096933
0.908291328551613	-2.64780507317612	-0.240343179617997	-0.66086345137384	-1.59053822604507	0.5354471317091	-0.314061606539379
0.918291328551613	-2.66419315685037	-0.233529810161841	-0.663781893355853	-1.68655505226238	0.826845770554806	-0.269924753706252
0.928291328551613	-2.68152639528209	-0.223813552136837	-0.666267121838916	-1.7796386902509	1.11605865482621	-0.227340443391616
0.938291328551613	-2.69977756139489	-0.211215225058649	-0.668332303425293	-1.87021169545642	1.40329526854061	-0.185836339393239
0.948291328551613	-2.71892368410331	-0.195753522212966	-0.669985860149516	-1.95870097074892	1.68876886953104	-0.144935453479125
0.958291328551613	-2.73890563445795	-0.17751600972582	-0.671201237347331	-2.02674002258903	1.93968655714338	-0.0901328438894986
0.968291328551612	-2.75917114525245	-0.157461632375566	-0.671577073282055	-2.01334662627396	2.04843079798899	0.0245292165311343
0.978291328551612	-2.77894051900531	-0.136953633501029	-0.670540415762119	-1.9303384672859	2.03530447341932	0.190265957400957
0.988291328551613	-2.79760156749519	-0.117065254971369	-0.667642693995887	-1.79438304346594	1.92918998178409	0.394758564907514
0.998291328551613	-2.81470339933034	-0.0985901564546401	-0.66255373036978	-1.62093547051541	1.75687744207989	0.626754286277107
1.00829132855161	-2.82994120881644	-0.0820688610633755	-0.655048723085054	-1.42370069053813	1.54210137982117	0.876469705032031
1.01829132855161	-2.84313735371928	-0.067821862918191	-0.64499265384006	-1.21437788472758	1.30508201851585	1.13574465555846
1.02829132855161	-2.85422069233024	-0.0559858460929355	-0.632323870003564	-1.00256357118856	1.06235379270297	1.39805975251741
1.03829132855161	-2.86320562345049	-0.0465504049149315	-0.617038014579927	-0.795783689211362	0.826826620798571	1.65845547125628
1.04829132855161	-2.87017195468854	-0.0393932406597295	-0.599173111732512	-0.599621699052898	0.60801929641503	1.91338718747069
1.05829132855161	-2.87524639950872	-0.0343124058657514	-0.578796303420874	-0.417911308604631	0.412407617419511	2.16054391773051
1.06829132855161	-2.87858620973263	-0.0310547017349086	-0.555992492150485	-0.252966758764246	0.243838318864928	2.39865118307215
1.07829132855161	-2.88036520573232	-0.0293397730661909	-0.530854973821449	-0.105828892932705	0.103970007936189	2.62727200363581
1.08829132855161	-2.88076227504905	-0.028879783866618	-0.503478030352291	0.0234895928765313	-0.00728802006481002	2.84661514536708
1.09829132855161	-2.87995226749037	-0.0293948051997977	-0.473951378595961	0.135771773838645	-0.091359907536659	3.05735635745821
1.10829132855161	-2.87809911385909	-0.030624220079699	-0.442356326542883	0.232385240920235	-0.150624377723377	3.26047612750222
1.11829132855161	-2.87535092914454	-0.0323345630550823	-0.408763460217806	0.315097089614874	-0.188081593705347	3.45711604367011
1.12829132855161	-2.87183682292539	-0.0343242769605309	-0.373231668991545	0.385917734575022	-0.207070166011296	3.64845486592741
1.13829132855161	-2.86766512453186	-0.0364258961203485	-0.3358083098735	0.44697408550471	-0.211035374041052	3.83560466477357
1.14829132855161	-2.86292259345704	-0.0385070889548028	-0.296528951166084	0.500476872415136	-0.204020764950476	4.02060479678078
1.15829132855161	-2.85769068265868	-0.0402694639539045	-0.255747354493177	0.544807019890835	-0.1331475903905	4.11016356471737
1.16829132855161	-2.85201826273394	-0.0409371422566277	-0.214776252237608	0.591415198616522	0.00805043553941975	4.06415051167161
1.17829132855161	-2.84580537559128	-0.039995522420084	-0.174814718250786	0.654984065503115	0.18337800925321	3.91290711051261
1.18829132855161	-2.83882684197306	-0.0372508610989849	-0.136781403936774	0.745942447939868	0.364563709192065	3.68255254906207
1.19829132855161	-2.83077323591231	-0.0327556067622223	-0.101352194476277	0.870770130918196	0.530563388182018	3.39551951730561
1.20829132855161	-2.82128832274689	-0.0267389787478346	-0.0689967800728523	1.03243302055504	0.666940883563433	3.07064427235395
1.21829132855161	-2.81000153390116	-0.0195449882178103	-0.0400134919389107	1.23092826314114	0.765020063477342	2.72341330179382
1.22829132855161	-2.79655443485649	-0.0115824843620287	-0.0145565310777551	1.46404897051276	0.818909882894894	2.36957629146878
1.23829132855161	-2.78061907247632	-0.00334195300965595	0.00743987375323724	1.72747520747353	0.821431799640316	2.03246339641099
1.24781740309159	-2.76287916382679	0.00433898236681513	0.0253263791882396	2	0.785879267247938	1.72464026004296
1.25781740309159	-2.74137967298672	0.011886768139562	0.040999355771726	2.30210742469377	0.719591507867604	1.41129914325005
1.26781740309159	-2.71680287353853	0.0186653083646163	0.0535731431655805	2.61448250494103	0.633606662741003	1.10421317120964
1.27781740309159	-2.68907411973538	0.0245223208455933	0.0630940160269514	2.93165332723539	0.536585960535902	0.800297497982445
1.28781740309159	-2.6581690531428	0.0293802632703109	0.0695881140301836	3.24919995196609	0.432873652331865	0.501776270845286
1.29781740309159	-2.6241013620129	0.0331307136596402	0.0732253995226125	3.56328555020921	0.315297334092161	0.230651176227502
1.30781740309159	-2.58693376841405	0.035659271605419	0.0743016451908757	3.86826401648956	0.189621936663732	-0.010340186411182
1.31781740309159	-2.54678372129001	0.0369177155701977	0.0731200976695096	4.1589749847628	0.0622905286119362	-0.220895006398911
1.32781740309159	-2.50381666437375	0.0369186133015626	0.0699848594155174	4.43099383580696	-0.0610112044347858	-0.401126470667392
1.33781740309159	-2.45823832756126	0.0357270013110469	0.0651972143679615	4.68069534505125	-0.17549211930828	-0.551473139125037
1.34781740309159	-2.41028656880541	0.0334510357954836	0.059052680447547	4.90528095311975	-0.277326345717338	-0.672642637750375
1.35781740309159	-2.36022310104124	0.0302322167290085	0.0518384921147678	5.10277537610201	-0.363669822899667	-0.765580459165988
1.36781740309159	-2.30832538520455	0.0262356725694896	0.0438313054386777	5.27199756440995	-0.43263329667976	-0.831455309328417
1.37781740309159	-2.25487892289692	0.0216408932851098	0.0352949988563727	5.41251054241731	-0.483221125495641	-0.871653468404269
1.38781740309159	-2.20017013839923	0.0166332110641384	0.0264785118693709	5.52455439719794	-0.515244266862116	-0.887775917125764
1.39781740309159	-2.14447999776244	0.0113962481285664	0.0176137193637053	5.60896655733535	-0.529215093212226	-0.881633403586634
1.40781740309159	-2.0880784717415	0.00610547764410474	0.00891338018708874	5.66709341068505	-0.526231080957357	-0.855236083432744
1.41781740309159	-2.03121990952533	0.000922976352389998	0.000569225225270669	5.70069715840651	-0.507853788351405	-0.810775760543554
1.42781740309159	-1.97413935249864	-0.00400661297690605	-0.00724973643580377	5.71186152767972	-0.475988786618761	-0.750600001635507
1.43781740309159	-1.91704978302486	-0.00855894339857795	-0.0143986127870045	5.70289954664706	-0.432771298213304	-0.677178435037946
1.44781740309159	-1.86014027382629	-0.0126317264797172	-0.0207576524162882	5.67626604395054	-0.380461252381663	-0.593062337392247
1.45781740309159	-1.80357497993867	-0.0161455039449737	-0.0262328370411453	5.63447692394719	-0.321350363420965	-0.500839157019924
1.46781740309159	-1.74749289781081	-0.019043557020895	-0.0307560020651219	5.58003665235473	-0.257682762968419	-0.403083938108627
1.47781740309159	-1.6920083046449	-0.0212910926206604	-0.0342844645605614	5.51537482606212	-0.191589760502192	-0.302309730570673
1.48781740309159	-1.63721178474443	-0.0228738471944502	-0.0368001588766878	5.4427922377487	-0.125038527935646	-0.200919038131356
1.49781740309159	-1.58317174736084	-0.0237962440011551	-0.0383082999523391	5.36441649952181	-0.059793933800076	-0.101158212497339
1.50781740309159	-1.52993634114588	-0.0240792298216406	-0.0388356124301329	5.28216705547997	0.00260761321303573	-0.0050764786624023
1.51781740309159	-1.4775356728016	-0.0237579046543015	-0.0384281791797436	5.19772926879853	0.0608736409168591	0.0855089984799837
1.52781740309159	-1.42598424112812	-0.0228790442674274	-0.037148975418144	5.11253718306331	0.113961795845741	0.169040904816293
1.53781740309159	-1.37528350198107	-0.0214986017310102	-0.0350751639920266	5.02776449757957	0.161078085346109	0.244241653586357
1.54781740309159	-1.32542448454804	-0.0196792608640019	-0.0322952334004034	4.94432323556339	0.201668458108311	0.310124917805814
1.55781740309159	-1.276390384937	-0.0174881021899589	-0.0289060627175626	4.86286950601802	0.235404913029334	0.365998731576939
1.56781740309159	-1.22815906954428	-0.0149944305167394	-0.0250099967641505	4.7838156600216	0.262167243972604	0.411460407178876
1.57781740309159	-1.1807054282344	-0.0122678025353164	-0.0207120108218897	4.70734802616099	0.282021459313671	0.446383826693208
1.58781740309159	-1.13400352611226	-0.00937628273637006	-0.0161170371842091	4.63344929177548	0.29519585805898	0.470899942906896
1.59781740309159	-1.08802851253486	-0.00638494639092001	-0.0113275163085219	4.56192449409109	0.302055691081039	0.485371550772309
1.60781740309159	-1.04275825675228	-0.00335463934175452	-0.00644122384017012	4.49242951533621	0.303077277134285	0.490363556371751
1.61781740309159	-0.998174690790352	-0.000340996004560553	-0.00154941196350495	4.42450095164368	0.298822370781896	0.486610067568323
1.62781740309159	-0.954264851392681	0.00260629055630297	0.00326470989639625	4.35758625379546	0.289913488744055	0.47497965681083
1.63781740309159	-0.911021623498237	0.00544395914782572	0.00792714334802722	4.29107311841387	0.277010792435075	0.456440104847096
1.64781740309159	-0.868444197347602	0.00813544960709082	0.012373919234914	4.22431723434732	0.260791001567386	0.432023832391614
1.65781740309159	-0.826538259485138	0.0106509727420623	0.0165515780713887	4.1566676492324	0.241928683448173	0.402795077039972
1.66781740309159	-0.78531594438398	0.0129674059920398	0.0204173346972659	4.08748920142955	0.221080132984278	0.369819689271479
1.67781740309159	-0.744795578038914	0.0150680412793619	0.0239389568733778	4.01618164825073	0.198869937134824	0.334138219296752
1.68781740309159	-0.705001247660911	0.0169422119134862	0.027094393223314	3.94219529965311	0.175880210814512	0.296742760041244
1.69781740309159	-0.66596223269421	0.0185848248213366	0.0298711895757249	3.86504312715189	0.152642403111545	0.258557812974632
1.70781740309159	-0.627712331976761	0.0199958230104253	0.0322657345052196	3.78430945375137	0.129631504904718	0.220425262358833
1.71781740309159	-0.590289120242815	0.0211796012274449	0.0342823749180788	3.69965543869612	0.10726244126755	0.183093386377089
1.72781740309159	-0.553733164608099	0.0221443954476076	0.0359324411428234	3.61082165020778	0.0858884026228162	0.147209704239875
1.73781740309159	-0.518087228463242	0.0229016642884668	0.0372332184505585	3.51762807173245	0.0658008547048439	0.113317357966237
1.74781740309159	-0.483395486585113	0.0234654778258864	0.0382068985333431	3.41997191569931	0.0472309658552912	0.0818546553653992
1.75781740309159	-0.449702771478294	0.023851926707281	0.0388795404829811	3.31782362729216	0.0303521979201698	0.0531573546338871
1.76781740309159	-0.417053867159124	0.0240785619867697	0.039280066483544	3.21122145339744	0.0152838212609903	0.0274632478852941
1.77781740309159	-0.385492862930784	0.0241638738015929	0.0394393129713897	3.10026493267896	0.00209513284569136	0.00491859733461058
1.78781740309159	-0.355062576270574	0.0241268149017618	0.0393891536033166	2.98510763518244	-0.00918982274199819	-0.0144140098640329
1.79781740309159	-0.3258040508275	0.0239863731526821	0.0391617061477519	2.86594944699698	-0.0185872075646836	-0.0305467974955322
1.80781740309159	-0.297756132750334	0.0237611954594274	0.0387886314825189	2.74302865973611	-0.026148175922071	-0.0435573025155757
1.81781740309159	-0.270955126152231	0.023469264109628	0.0383005293219224	2.61661408786027	-0.031953625677747	-0.0535785793516564
1.82781740309159	-0.245434526470002	0.023127625292427	0.0377264321545506	2.48699740059233	-0.0361090289973051	-0.0607893984039051
1.83781740309159	-0.221224828783972	0.0227521685129229	0.0370933961769584	2.35448582043579	-0.0387394366502637	-0.0654046857670246
1.84781740309159	-0.198353406808741	0.0223574547718179	0.0364261857633775	2.21939530783086	-0.0399847319081543	-0.0676664063229645
1.85781740309159	-0.176844457220884	0.0219565907039444	0.0357470462081043	2.08204432176307	-0.0399951934786178	-0.0678350491262662
1.86781740309159	-0.156719003227452	0.0215611453512591	0.0350755580931697	1.94274821945483	-0.0389274119216462	-0.0661818334978076
1.87781740309159	-0.137994950768157	0.0211811058696335	0.0344285656379316	1.80181433474867	-0.0369405906251924	-0.0629817172366652
1.88781740309159	-0.120687190452395	0.0208248682181143	0.0338201707415972	1.65953775443072	-0.0341932506587596	-0.0585072553658553
1.89781740309159	-0.104807738228758	0.0204992587384081	0.0332617840926773	1.51619779445175	-0.0308403486244859	-0.0530233291245796
1.90781740309159	-0.0903659078393714	0.0202095824859438	0.0327622246475388	1.37205516361348	-0.0270308079043158	-0.0467827405878147
1.91781740309159	-0.0773685082963957	0.0199596942077154	0.0323278589301273	1.22734979058756	-0.0229054563544441	-0.0400226482514594
1.92781740309159	-0.0658200599075296	0.0197520879630562	0.0319627719346551	1.08229928087707	-0.0185953574041779	-0.0329618029577393
1.93781740309159	-0.0557230227483724	0.0195880015396492	0.031668961883243	0.93709796325643	-0.0142205165490572	-0.0257985313468107
1.94781740309159	-0.0470780319113708	0.0194675320177916	0.0314465516652309	0.79191648007284	-0.0098889412613737	-0.0187094052385427
1.95781740309159	-0.039884134335989	0.0193897590718191	0.0312940104320582	0.64690187230604	-0.00569602925631292	-0.0118485295691381
1.96781740309159	-0.0341390225271346	0.0193528728603655	0.031208379513316	0.502178108224286	-0.00172425774099394	-0.00534737831324504
1.97781740309159	-0.0298392609857013	0.0193543036395511	0.031185497532017	0.357847003622209	0.00195685535754623	0.000684893198150111
1.98781740309159	-0.0269805016951978	0.0193908505288617	0.031220220310544	0.213989481780834	0.00529054822161696	0.00616073039250574
1.99781740309159	-0.0255576855227477	0.0194588071627663	0.0313066318571638	0.0706671222741742	0.00823240056691166	0.0110131246509227
2.00781740309159	-0.0255652268937172	0.0195540822670103	0.0314382433938835	-0.0720760505985332	0.0107497382272801	0.0151942869575673
2.01781740309159	-0.0269971795808991	0.0196723135025419	0.0316081780203282	-0.214211586790149	0.0128208870719374	0.0186741112970937
2.02781740309159	-0.0298473819068626	0.0198089732181883	0.0318093391984358	-0.355724481335153	0.0144343056553251	0.0214384844550888
2.03781740309159	-0.034109580088263	0.0199594650419257	0.0320345617845854	-0.496610938585351	0.0155876248939683	0.023487493888056
2.04781740309159	-0.0397775288511439	0.0201192105167745	0.0322767448267007	-0.636876068319225	0.0162866216664916	0.0248335801641874
2.05781740309159	-0.0468450688150106	0.0202837252482543	0.0325289657828518	-0.776531548996849	0.0165441515849645	0.0254996752745154
2.06781740309159	-0.0553061804800463	0.0204486842737016	0.03278457620514	-0.915593290206807	0.0163790643311637	0.0255173629873856
2.07781740309159	-0.0651550149563186	0.020609976587719	0.0330372792693891	-1.05407912316634	0.0158151229340317	0.0249250924536555
2.08781740309159	-0.0763859018469086	0.0207637489611842	0.0332811898193292	-1.19200654505258	0.0148799462284233	0.0237664715300384
2.09781740309159	-0.0889933349398851	0.0209064393726377	0.0335108778360513	-1.32939054001444	0.0136039915230056	0.022088661819577
2.10781740309159	-0.102971936578706	0.021034800529918	0.0337213964424072	-1.4662414969841	0.0120195922576724	0.0199408932618404
2.11781740309159	-0.118316401769137	0.0211459140964779	0.0339082957108508	-1.60256324190943	0.0101600631856274	0.0173731122585774
2.12781740309159	-0.135021423245529	0.021237196351073	0.0340676236651989	-1.73835119978548	0.00805888340573966	0.0144347737999315
2.13781740309159	-0.153081598863021	0.0213063961019821	0.0341959159551898	-1.87359069989019	0.00574896542524156	0.0111737848595917
2.14781740309159	-0.172491322807508	0.0213515857483442	0.0342901757407331	-2.0082554359269	0.00326201637415605	0.00763560344469226
2.15781740309159	-0.193244662224887	0.0213711464325425	0.0343478453534408	-2.14230609133736	0.00062799553809547	0.0038624951020079
2.16781740309159	-0.215335220967484	0.0213637482599412	0.0343667713092888	-2.27568913885363	-0.00212532946346355	-0.000107053624694638
2.17781740309159	-0.238755992241278	0.0213283265768515	0.0343451642307403	-2.40833582237761	-0.00497272724460808	-0.00423876734502245
2.18781740309159	-0.263499202014191	0.0212640552956159	0.0342815552017551	-2.54016132847268	-0.00789174895320531	-0.00850286396694317
2.19781740309159	-0.289556145115169	0.0211703182383465	0.0341747500269338	-2.67106415407755	-0.0108628787671471	-0.0128741928546753
2.20781740309159	-0.316917016016772	0.0210466794393219	0.034023782798412	-2.80092567645053	-0.0138695924118126	-0.0173322364819397
2.21781740309159	-0.34557073635122	0.0208928533014319	0.0338278700925664	-2.92960993076546	-0.016898328778765	-0.0218609843888283
2.22781740309159	-0.375504781260857	0.020708675445407	0.033586367024354	-3.05696360014067	-0.0199383808807514	-0.0264486894646671
2.23781740309159	-0.406705006728197	0.0204940750228312	0.0332987262811928	-3.1828162221259	-0.0229817134395245	-0.0310875177049191
2.24781740309159	-0.439155480066454	0.0202490491860446	0.0329644611414784	-3.30698061473326	-0.0260227153744589	-0.0357731036455816
2.25781740309159	-0.47283831577659	0.0199736403208774	0.0325831133557701	-3.42925352391645	-0.0290578963411312	-0.0405040246752631
2.26781740309159	-0.507733518988884	0.0196679165526522	0.0321542266319202	-3.54941649292533	-0.0320855372548122	-0.0452812083667696
2.27225431197884	-0.523598775598339	0.0195225808860097	0.0319485851381878	-3.60199575042628	-0.0334263320411959	-0.0474162598413576
2.28225431197884	-0.561853159771049	0.0209053019176196	0.0323925155243237	-4.04816583330101	0.309691751314171	0.135938308853939
2.29225431197884	-0.604545462269018	0.0257084829380843	0.0346615799589165	-4.48934145828409	0.650421227392236	0.317560979403244
2.30225431197884	-0.651618321352676	0.0339004548886659	0.0387369487441614	-4.92401102553303	0.987159661244455	0.49714730681624
2.31225431197884	-0.702998402593329	0.0454321144280254	0.0445966814325073	-5.35049070483048	1.31801963257755	0.674379854094958
2.32225431197884	-0.758594663608202	0.0602340085460906	0.0522156046132306	-5.76692325928263	1.64081814483863	0.848929700472138
2.33225431197884	-0.818296652050737	0.0782133937663633	0.0615652037393024	-6.17128614887129	1.95308267628767	1.02045773568694
2.34225431197884	-0.881972938160064	0.0992514529810291	0.072613526745975	-6.56141060550889	2.25207717508855	1.18861572695187
2.35225431197884	-0.94946979896376	0.123200883718627	0.0853250973799837	-6.93501308173804	2.53485072643222	1.3530472073151
2.36225431197884	-1.02061129372491	0.149885859794521	0.0996601118955176	-7.28995280242057	2.79868247190916	1.51323554572186
2.37225431197884	-1.09504618321801	0.178834209387176	0.11568415302019	-7.57653380880704	2.95771545674086	1.70285601529665
2.38225431197884	-1.17173798918188	0.208387873162359	0.133935545055442	-7.74374533866262	2.92426179608772	1.95665590278757
2.39225431197884	-1.24960196486238	0.236822047650724	0.154968096079176	-7.81515524277444	2.74148185665365	2.25574704911541
2.39984887674512	-1.30899693899575	0.256872676912697	0.173024415349394	-7.82028629900399	2.53084953008752	2.50010080962219
2.40984887674512	-1.38565271834322	0.279868229442374	0.197439340768892	-7.50709314373662	2.065606582959	2.38147150155589
2.41984887674512	-1.45906521910953	0.298136718479233	0.220624905171033	-7.17183110749418	1.58593739119306	2.25416146084235
2.42984887674512	-1.52902006228402	0.311548915528897	0.242492361476766	-6.81579139818168	1.09484917071988	2.11779071536408
2.43984887674512	-1.5953166509677	0.320005617999746	0.262949427995247	-6.4404385099761	0.595334340383253	1.97203487125805
2.44984887674512	-1.65776988183839	0.323437351987872	0.281900919145946	-6.04740591487564	0.0903423423648438	1.81663987500065
2.45984887674512	-1.716211810545	0.321803841397087	0.299249514593739	-5.63849097048718	-0.417239089935395	1.65143469848006
2.46984887674512	-1.77049325885527	0.315093333292745	0.314896639443958	-5.21564830024697	-0.924594055516924	1.47634068401965
2.47984887674512	-1.82048534749214	0.303321863082513	0.328743417376146	-4.78098159118816	-1.42898044845958	1.29137668291556
2.48241218555654	-1.83259571459405	0.299494185433555	0.331990964200162	-4.66792788383242	-1.55746704498218	1.24238744186176
2.49241218555654	-1.87704986733376	0.281428788230346	0.343436911253212	-4.22160193218025	-2.05434060875144	1.04520079029414
2.50241218555654	-1.91700581003451	0.258437135149043	0.352863393467651	-3.76869690194993	-2.54228653998787	0.838540945617749
2.51241218555654	-1.95241027369997	0.230621417486626	0.360177208940851	-3.31173603099261	-3.01872453002429	0.622727241748429
2.52241218555654	-1.98323577467371	0.198109593323239	0.365288733552638	-2.85335173487184	-3.48107705150149	0.398154297317184
2.53241218555654	-2.00948166223128	0.16105549421747	0.368112625770485	-2.39627661850946	-3.92674260637459	0.165282548787613
2.54241218555654	-2.03117329839794	0.119636085613752	0.368569730366406	-1.94281129876398	-4.35398563172106	-0.0749907397298331
2.55241218555654	-2.04860269190137	0.0744718499211312	0.366414135308032	-1.57130396806186	-4.62802433230255	-0.376605867721047
2.56241218555654	-2.06315973991038	0.0280801494636411	0.360638925850791	-1.36494610282175	-4.60585319398174	-0.795719677428349
2.57241218555654	-2.07633259692645	-0.0168745006062471	0.350207394272207	-1.28794407937284	-4.3523406991936	-1.30262554583071
2.58241218555654	-2.08922353126607	-0.0584219697995174	0.334393772105205	-1.30254399116132	-3.9351827354783	-1.86745101837474
2.59241218555654	-2.10257536708123	-0.0952355150300379	0.312752712585664	-1.37488300216865	-3.41492835361752	-2.46411881242748
2.60241218555654	-2.11681729292494	-0.126549459431415	0.285078317020858	-1.47624265769206	-2.84302014891759	-3.07085456942983
2.61241218555654	-2.13211951701803	-0.152063388244729	0.251360701544418	-1.58357996983199	-2.26102795904976	-3.67020050263629
2.62241218555654	-2.14845018726412	-0.171843619750077	0.211744131910714	-1.67947980211245	-1.7008170459587	-4.24871828386377
2.63241218555654	-2.16562945333238	-0.186232194967897	0.166492932146169	-1.75166692031831	-1.18616075816102	-4.79513695688284
2.64241218555654	-2.18337687452459	-0.195780781027089	0.115987562169724	-1.79075977944797	-0.751988908047686	-5.27047561760652
2.65241218555654	-2.20132076924854	-0.201920872120694	0.0619806238784115	-1.79351385763602	-0.504439268742837	-5.48935380528178
2.66241218555654	-2.21918787539325	-0.206353277658878	0.00695240051755973	-1.77835527764703	-0.402178700210514	-5.48262649753693
2.67241218555654	-2.23688080697447	-0.210292237783047	-0.0470760101410769	-1.7610952560222	-0.397319479906707	-5.29878573293474
2.68241218555654	-2.25445270316044	-0.214319326179392	-0.0988675765579613	-1.75568946867744	-0.4041266559825	-5.06016722265859
2.69241218555654	-2.27203505854116	-0.218311307041687	-0.148280969547274	-1.76242874082352	-0.391609043022403	-4.82254525790355
2.70241218555654	-2.28972737713514	-0.222107278832297	-0.195318937247934	-1.7770151667896	-0.365798410103924	-4.58506396941416
2.71241218555654	-2.30758903691726	-0.22559922667668	-0.23998255507963	-1.79572340490481	-0.331546121198131	-4.34767887694201
2.72241218555654	-2.32564503055555	-0.228723613744764	-0.282273113596069	-1.81540694311878	-0.292890160351954	-4.1104776277044
2.73241218555654	-2.34389184188141	-0.231453159252132	-0.322193422238473	-1.83350930313473	-0.253046874958414	-3.87367446172184
2.74241218555654	-2.36230325974865	-0.233788787334704	-0.359749003565591	-1.84804210598021	-0.214450666007102	-3.63759449172239
2.75241218555654	-2.38083584961857	-0.235752147607823	-0.394949094455804	-1.85754012549826	-0.178826267643204	-3.40265135655519
2.76241218555654	-2.39943389737484	-0.237378966459305	-0.427807403212958	-1.86100199058336	-0.147280668162915	-3.1693211927868
2.77241218555654	-2.41803371842403	-0.238713371317644	-0.458342598225594	-1.85782357869318	-0.120404255221201	-2.93811533341306
2.78241218555654	-2.436567287565	-0.23980323819741	-0.486578525444798	-1.84772956081393	-0.0983731813561458	-2.7095536539184
2.79241218555654	-2.45496519237604	-0.240696543846443	-0.512544168838742	-1.83070712067708	-0.0810471101344921	-2.4841400288192
2.80241218555654	-2.47315894671755	-0.241438654975187	-0.536273380451913	-1.80694462997153	-0.0680583606141708	-2.26234093503495
2.81241218555654	-2.4910827234387	-0.242070455182321	-0.557804415078575	-1.77677703091486	-0.0588900067357389	-2.04456784908797
2.82241218555654	-2.50867457859343	-0.242627192172837	-0.57717930927632	-1.74063885095932	-0.0529417226605119	-1.83116374308175
2.83241218555654	-2.52587724537064	-0.243137920776369	-0.594443146014202	-1.69902513395394	-0.0495831216368365	-1.62239369801275
2.84241218555654	-2.54263857627708	-0.243625418494015	-0.60964324525398	-1.652460095528	-0.048195046729247	-1.41843942689244
2.85241218555654	-2.55891170840096	-0.244106457540755	-0.622828317811096	-1.60147297433698	-0.0481997702715335	-1.21939733472697
2.86241218555654	-2.57465502011878	-0.244592328652462	-0.634047615525571	-1.54658033211076	-0.0490813784481595	-1.02527963408194
2.87241218555654	-2.58983193945129	-0.245089525662655	-0.643350105633108	-1.4882739324422	-0.0503977898806408	-0.836017977319324
2.88241218555654	-2.60441065528173	-0.245600514705395	-0.650783691730123	-1.42701328094258	-0.0517859124444154	-0.651469051463299
2.89214102143468	-2.61799387799149	-0.246110169260873	-0.656266011505676	-1.3649816580274	-0.0529343155546184	-0.476246694475024
2.90214102143468	-2.63216251860544	-0.245155850159213	-0.660784182538295	-1.46809026498513	0.243362394583019	-0.427849095698997
2.91214102143468	-2.64734315451227	-0.241251423856127	-0.664831446312711	-1.56744146925997	0.537109985114125	-0.381987388955884
2.92214102143468	-2.66350008994401	-0.234421622428794	-0.668430826445799	-1.66341611317932	0.828467092725672	-0.338194483081319
2.93214102143468	-2.68060157483852	-0.224689412651466	-0.671600671476735	-1.75642067282442	1.11762561474023	-0.29600211855127
2.94214102143468	-2.69862000730397	-0.212075738554611	-0.674354632665778	-1.84687655442047	1.40479572597884	-0.254938719684566
2.95214102143468	-2.71753203072915	-0.196599412906492	-0.676701619089677	-1.93520968221538	1.69019101863988	-0.214527012344803
2.96214102143468	-2.73728819381488	-0.178330431847655	-0.678623062628458	-2.00510517083703	1.94462207088792	-0.161783587038846
2.97214102143468	-2.75734402752314	-0.15821350189414	-0.679723862795304	-1.99293153450357	2.05581322523396	-0.0487319126225461
2.98214102143468	-2.77691295420308	-0.137623438612439	-0.67942621405876	-1.91057898089048	2.04419370354682	0.115782623718121
2.99214102143468	-2.79537769180871	-0.117641930541154	-0.677278119625693	-1.77480885886816	1.93880906531649	0.31936215817586
3.00214102143468	-2.81228306145621	-0.0990696905899134	-0.672946656196823	-1.60115977537143	1.76659312537096	0.550685125071003
3.01214102143468	-2.82732080869049	-0.0824528585136819	-0.666204947219734	-1.40342019480301	1.55142271860118	0.799903461808197
3.02214102143468	-2.84031066129928	-0.0681161587750115	-0.65691650972726	-1.1933689781152	1.31365201628752	1.05880009851515
3.03214102143468	-2.85117961326005	-0.0561992297796776	-0.645018747408642	-0.980675735022197	1.06993604382803	1.32080860092437
3.04214102143468	-2.85994088982439	-0.0466934944392215	-0.630506776486039	-0.772931281743718	0.833288925981805	1.58093319123162
3.05214102143468	-2.86667372966106	-0.0394775286222039	-0.613418402152297	-0.575775084351151	0.613315949039697	1.83560390461081
3.06214102143468	-2.87150479317522	-0.0343494835771673	-0.59382074771134	-0.393088090661369	0.416561683583228	2.08249494289567
3.07214102143468	-2.87459171025201	-0.0310556564744605	-0.571798795165207	-0.227223670944314	0.246924857921467	2.32032689160252
3.08214102143468	-2.87610903420595	-0.0293147457165728	-0.547445922969899	-0.0792547066787619	0.106100857130799	2.54866696698999
3.09214102143468	-2.87623667551789	-0.0288376692611781	-0.520856411163228	0.0507799290021764	-0.00597752937072388	2.76773650031988
3.10214102143468	-2.87515074488776	-0.0293430748641933	-0.492119810324557	0.163641676116455	-0.0907221298513295	2.97823143230733
3.11214102143468	-2.87301663313405	-0.0305688460998023	-0.461317025136035	0.260679723240902	-0.150508404774661	3.18115934690933
3.12214102143468	-2.86998408825671	-0.032280022136165	-0.428517935803032	0.343644777352936	-0.188340263399199	3.37769511827165
3.13214102143468	-2.86618401116638	-0.0342736150403432	-0.39378036511087	0.414531816534462	-0.207565198018608	3.5690562483118
3.14214102143468	-2.86172667577322	-0.036380835902522	-0.357150192012189	0.475452416012831	-0.211640860049037	3.75639822388521
3.15214102143468	-2.85670108167394	-0.03846723856427	-0.318662412469787	0.528535617143758	-0.203951570748858	3.94072961839213
3.16214102143468	-2.85117757886867	-0.0404081953850759	-0.278379469899062	0.574473602756333	-0.1729308049736	4.09911330520106
3.17214102143468	-2.84523099285714	-0.0416356163993196	-0.237168542230543	0.61531264637731	-0.0609596101320355	4.12047957760345
3.18214102143468	-2.8388360365149	-0.0414577371054185	-0.196371147363255	0.666595922876358	0.102165546811477	4.0213359955414
3.19214102143468	-2.83182188010847	-0.039529487467748	-0.157050221688016	0.740899392438167	0.284384390455514	3.8295515046527
3.20214102143468	-2.82391267709474	-0.0357895692752156	-0.120007334137259	0.846687710706101	0.46098101010006	3.56947988654251
3.21214102143468	-2.81476718143566	-0.0303884266888066	-0.0858188590548949	0.98864934604473	0.614218921161659	3.26182114388489
3.22214102143468	-2.80401410221351	-0.0236219961448741	-0.0548717860348597	1.16819656774068	0.732593863403007	2.92379319659793
3.23214102143468	-2.79128203057054	-0.0158738408306154	-0.0273971702140332	1.3840410303172	0.809929766138738	2.56940764458333
3.24214102143468	-2.77622112376193	-0.00760043726369717	-0.00344424379033672	1.63324604281402	0.835866951248073	2.22440149839766
3.25214102143468	-2.75852769255519	0.000687294495512026	0.0171462916033351	1.90929257801904	0.814894584218495	1.89607200607871
3.25526946031467	-2.75241317032395	0.00321516934545754	0.02292124434167	2.00000000000083	0.800629723002109	1.79601743674038
3.26526946031467	-2.73092310933332	0.0109204743162201	0.0393067746742223	2.30035916803161	0.73611119517386	1.48250667035578
3.27526946031467	-2.7063693782466	0.0178676872895364	0.0525934522230009	2.61172620184464	0.650634791229303	1.17563914895102
3.28526946031467	-2.67867080392943	0.0238935125445482	0.0628305768926803	2.92845525844254	0.553210857993139	0.872100447220778
3.29526946031467	-2.64779855385694	0.0289175325021502	0.0700372379903047	3.24575044107062	0.451181710448862	0.569509708880035
3.30526946031467	-2.61376439866906	0.0328773662895479	0.0742923553002234	3.56026409687668	0.338439886176452	0.286648194833776
3.31526946031467	-2.57661947648305	0.0356518681326156	0.0758733761315385	3.86694411978013	0.215307002427671	0.0347671751848035
3.32526946031467	-2.53646971979231	0.0371713655698064	0.0750922580678719	4.16038689083794	0.0885086450371871	-0.185761666712647
3.33526946031467	-2.49347157383108	0.0374300075988923	0.072262355768284	4.4359056250995	-0.0359286892268175	-0.375038566728866
3.34526946031467	-2.44782440897034	0.0364779426604892	0.0676941749111561	4.68961175131438	-0.152852963498575	-0.533518609965722
3.35526946031467	-2.39976231109619	0.034412048015557	0.0616921985870033	4.91845434328092	-0.258080773395313	-0.661942368423854
3.36526946031467	-2.34954565001929	0.031366027585923	0.0545522548194988	5.12022602073551	-0.348431507008955	-0.761295460109076
3.37526946031467	-2.29745273416884	0.0275004201937153	0.046559182189772	5.29354062729343	-0.421712881556264	-0.832787920459096
3.38526946031467	-2.24377180943979	0.0229929532359076	0.0379846371031138	5.43778749395379	-0.476667897587916	-0.877845244112583
3.39526946031467	-2.18879361354114	0.0180295818353924	0.02908496150069	5.55306681597204	-0.512892221213288	-0.898104226341782
3.40526946031467	-2.13280465265271	0.0127964673907916	0.0200990913686245	5.64011054061696	-0.530730243010224	-0.895408185153001
3.41526946031467	-2.0760813236253	0.00747307013314623	0.0112465330099243	5.70019308185433	-0.531157437908212	-0.871797662103476
3.42526946031467	-2.01888496238935	0.00222645716603022	0.00272546561077923	5.73503604385406	-0.515656015137444	-0.829494175329928
3.43526946031467	-1.96145785859504	-0.0027931387620868	-0.00528895395129201	5.74671087487118	-0.486090087601024	-0.77087593889684
3.44526946031467	-1.90402023924218	-0.00745553227377861	-0.0126460031182245	5.73754295695428	-0.444585655653542	-0.69844559719954
3.45526946031467	-1.84676819168293	-0.0116526402901615	-0.0192204466769	5.71002008135803	-0.393419609456509	-0.614790909385058
3.46526946031467	-1.78987247005341	-0.0152994851865878	-0.0249131676887983	5.66670761596882	-0.334920777980048	-0.522539944711609
3.47526946031467	-1.73347810945504	-0.0183342769022025	-0.0296513309178556	5.61017200819215	-0.271384888863663	-0.42431273031269
3.48526946031467	-1.67770475891263	-0.0207177179676388	-0.0333880537681419	5.54291365134733	-0.205004247700121	-0.322671461531923
3.49526946031467	-1.62264763654201	-0.0224316789551262	-0.0361015809646734	5.4673096244869	-0.137812070660171	-0.22007138448884
3.50526946031467	-1.56837900734537	-0.0234773877287832	-0.0377939797622512	5.38556641971399	-0.0716407490487966	-0.118814333857577
3.51526946031467	-1.51495008437664	-0.0238732663151304	-0.0384893912803938	5.29968249724053	-0.0080928912590787	-0.0210066934133222
3.52526946031467	-1.46239325654967	-0.023652536337829	-0.0382318899023435	5.21142033634561	0.051476249070437	0.0714767282063851
3.53526946031467	-1.4107245502352	-0.0228606995234821	-0.0370830160563334	5.12228754820809	0.105966433553214	0.15702172804024
3.54526946031467	-1.35994623648213	-0.0215529850693519	-0.0351190578063411	5.03352654987264	0.154531643403834	0.234295805366536
3.55526946031467	-1.31004950100489	-0.0197918414652058	-0.0324281633325832	4.94611223795394	0.196572206038568	0.302260835278606
3.56526946031467	-1.26101710004606	-0.0176445370604318	-0.029107369500319	4.86075702672801	0.231721124599773	0.360177184156622
3.57526946031467	-1.21282593203281	-0.0151809213460822	-0.0252596313286384	4.7779225207545	0.259825795642168	0.407599477026133
3.58526946031467	-1.1654494627891	-0.0124713874948072	-0.0209909334306875	4.69783698127617	0.280926217454566	0.444364550049992
3.59526946031467	-1.11885995105001	-0.00958506603594692	-0.016407557692184	4.62051763107962	0.2952307213768	0.470572408631213
3.60526946031467	-1.07303043110124	-0.00658826954126001	-0.0116135720167873	4.54579674149435	0.303090194356651	0.486561248905279
3.61526946031467	-1.02793642031327	-0.00354319884452618	-0.00670859345587788	4.47335037510893	0.304971693651123	0.492877775949392
3.62526946031467	-0.983557330772026	-0.000506912691176047	-0.00178586611780743	4.40272863232844	0.301432275722659	0.490244157843754
3.63526946031467	-0.939877575638142	0.00246944504439297	0.00306931936574976	4.33338627667627	0.29309376604636	0.479522987884442
3.64526946031467	-0.896887371762371	0.00534117315451375	0.00778085163345171	4.26471269320409	0.280619084111534	0.461681590443014
3.65526946031467	-0.854583249946305	0.00807031400932186	0.0122826693728254	4.19606026029788	0.264690611876534	0.437756907085571
3.66526946031467	-0.812968292652772	0.0106257499052628	0.0165192884658943	4.12677037626631	0.245990960813651	0.408822050623435
3.67526946031467	-0.772052125657125	0.0129831200588199	0.0204460068618744	4.05619656422795	0.225186360358438	0.375955430353763
3.68526946031467	-0.731850694952521	0.0151245850523753	0.0240288165575725	3.98372426727582	0.202912766775963	0.340213147287559
3.69526946031467	-0.69238586318437	0.0170384659699052	0.0272440580037502	3.90878712739336	0.17976468248058	0.302605148335363
3.70526946031467	-0.653684861116361	0.01871878489372	0.0300778561222447	3.83087970556839	0.156286585860371	0.264075425926841
3.71526946031467	-0.61577962933698	0.0201647320706225	0.0325253790395777	3.74956673984608	0.132966802493877	0.225486364326415
3.72526946031467	-0.578706083869086	0.0213800831051386	0.0345899608279879	3.66448914895601	0.110233600037885	0.187607172863717
3.73526946031467	-0.542503336836087	0.0223725871961983	0.0362821282579541	3.57536707093051	0.0884532591507768	0.151106213354857
3.74526946031467	-0.507212900150767	0.0231533448750808	0.0376185690970431	3.48200028041195	0.0679298587491883	0.116546925493465
3.75526946031467	-0.472877896587581	0.0237361910689114	0.0386210761306968	3.38426635828476	0.0489065124171613	0.0843869792335901
3.76526946031467	-0.439542298799656	0.0241370967151117	0.039315497108877	3.28211699685191	0.0315678006817722	0.054980234991694
3.77526946031467	-0.407250213030604	0.0243735996670014	0.0397307164889619	3.1755728172361	0.0160431582710115	0.0285810677549287
3.78526946031467	-0.376045220588996	0.0244642733120264	0.0398976903668195	3.06471705707305	0.00241099401639318	0.00535060631722726
3.79526946031467	-0.345969786702385	0.0244282392037449	0.0398485515447738	2.94968845949266	-0.00929665806780795	-0.0146355498294627
3.80526946031467	-0.317064743216786	0.0242847281029579	0.0396157974208724	2.83067366190559	-0.0190891361317755	-0.0313785495250653
3.81526946031467	-0.289368848797849	0.0240526921372726	0.0392315694075612	2.70789934769505	-0.0270119539262381	-0.0449468252859562
3.82526946031467	-0.262918427840993	0.0237504693194197	0.0387270289774015	2.58162438747725	-0.0331415465865864	-0.0554662858328468
3.83526946031467	-0.237747087212042	0.0233955004052978	0.0381318322391614	2.45213216058095	-0.0375800745563306	-0.0631104633524984
3.84526946031467	-0.213885508207656	0.0230040970122587	0.0374737021963371	2.31972321285489	-0.0404503821646299	-0.0680908680838488
3.85526946031467	-0.191361309727549	0.0225912590437841	0.0367780955391614	2.1847083745687	-0.0418911894519909	-0.0706477579863485
3.86526946031467	-0.170198977563575	0.022170538764313	0.0360679589618324	2.04740243250586	-0.0420525793783431	-0.0710414879542143
3.87526946031467	-0.150419853905808	0.0217539483226092	0.0353635685579734	1.90811842363413	-0.041091827609765	-0.0695445623685442
3.88526946031467	-0.132042180612721	0.0213519071183415	0.0346824447988226	1.76716259410704	-0.0391696086892096	-0.0664344775167466
3.89526946031467	-0.115081189460206	0.0209732251290269	0.0340393349034415	1.62483004680468	-0.0364466005442255	-0.0619874070785943
3.90526946031467	-0.0995492324423635	0.0206251181479506	0.0334462540273506	1.48140108308008	-0.0330804989312552	-0.0564727547729253
3.91526946031467	-0.0854559452159848	0.0203132508134478	0.0329125765825775	1.33713822968462	-0.0292234444939287	-0.0501485734747432
3.92526946031467	-0.0728084369333251	0.0200418033221412	0.0324451691151338	1.19228392980333	-0.0250198575313863	-0.0432578295834714
3.93526946031467	-0.0616114999684427	0.0198135578004847	0.0320485564637415	1.0470588675049	-0.0206046692253144	-0.0360254749555652
3.94526946031467	-0.051867833388351	0.0196300004485039	0.0317251133669789	0.901660887456214	-0.0161019328458474	-0.0286562760193679
3.95526946031467	-0.0435782744308782	0.0194914357563418	0.0314752742389143	0.756264466214131	-0.0116237942298383	-0.0213333404123169
3.96526946031467	-0.0367420327086427	0.0193971093186649	0.0312977544635107	0.611020687544313	-0.00726979748819005	-0.0142172752273632
3.97526946031467	-0.031356922347252	0.0193453360257837	0.031189777237413	0.466057671793966	-0.00312649934884987	-0.00744590731808107
3.98526946031467	-0.0274195877724991	0.0193336306860929	0.0311473006950463	0.321481408149645	0.000732636312585647	-0.00113449468514419
3.99526946031467	-0.0249257193746184	0.0193588384255955	0.031165240759109	0.177376938445077	0.00424709344092464	0.00462364163725364
4.00526946031467	-0.0238702557882188	0.0194172625110089	0.0312376858571452	0.0338098418741268	0.00736893864341247	0.00975613391767862
4.01526946031467	-0.0242475700265319	0.0195047875480873	0.0313581003179487	-0.109172028647325	0.0100622664785518	0.0142102980130108
4.02526946031467	-0.0260516371918435	0.0196169963116453	0.0315195139001831	-0.251536605777245	0.0123024855205865	0.0179516394840821
4.03526946031467	-0.0292761819454337	0.0197492787641718	0.0317146955025903	-0.393265507622014	0.014075474888748	0.0209621929756735
4.04526946031467	-0.033914804356219	0.0198969321121278	0.0319363096555627	-0.534351820397876	0.0153766399375337	0.0232387474589757
4.05526946031467	-0.039961083154833	0.0200552510297053	0.0321770548947022	-0.674797803148604	0.0162098945008732	0.0247910048845062
4.06526946031467	-0.047408655797273	0.0202196074461048	0.0324297835668713	-0.81461255071188	0.0165865955116164	0.0256397146727958
4.07526946031467	-0.0562512750885007	0.0203855195417907	0.032687603018053	-0.953809647992692	0.0165244540221468	0.0258148213934498
4.08526946031467	-0.0664828424313466	0.0205487098296971	0.0329439584609859	-1.09240484548362	0.0160464446764854	0.0253536580398795
4.09526946031467	-0.0780974180501682	0.0207051524074021	0.0331926981207078	-1.23041378293137	0.0151797335737199	0.0242992125647463
4.10526946031467	-0.0910892087930366	0.0208511096547346	0.0334281215101116	-1.36784978514208	0.0139546422608608	0.0226984908491744
4.11526946031467	-0.105452534342367	0.0209831588174316	0.0336450118980566	-1.50472175119067	0.0124036633422911	0.0206009950706457
4.12526946031467	-0.121181772863772	0.0210982090610181	0.0338386542024505	-1.64103215578683	0.0105605409318899	0.018057332530636
4.13526946031467	-0.138271287298921	0.0211935097001329	0.0340048396731148	-1.77677517927916	0.00845942693747217	0.0151179664129142
4.14526946031467	-0.156715333662668	0.0212666504074493	0.0341398588273148	-1.91193498076399	0.00613412198552107	0.0118321166672478
4.15526946031467	-0.176507952840433	0.0213155542838356	0.0342404841676834	-2.04648412701028	0.0036174076916099	0.00824681624362889
4.16526946031467	-0.197642847501169	0.0213384647283411	0.0343039442508998	-2.18038218841068	0.000940474977208311	0.00440612522532714
4.17526946031467	-0.220113245846888	0.0213339270840356	0.0343278906887309	-2.31357451190241	-0.00186754876044357	0.000350503006210862
4.18526946031467	-0.243911754013633	0.0213007660548152	0.0343103596535432	-2.44599117974236	-0.00477997259460036	-0.00388366349398344
4.19526946031467	-0.269030199023146	0.0212380598902224	0.0342497294305189	-2.57754616213014	-0.00777281575578881	-0.00826437950924487
4.20526946031467	-0.295459464260377	0.0211451123213025	0.0341446755106844	-2.70813667090244	-0.010824984219375	-0.0127642156633442
4.21526946031467	-0.323189319520761	0.0210214232017226	0.0339941246543195	-2.83764272081882	-0.0139183537751463	-0.0173603419833234
4.22526946031467	-0.352208247732851	0.0208666587659151	0.033797209274909	-2.96592690426029	-0.0170377644721673	-0.0220344313288809
4.23526946031467	-0.382503270516472	0.0206806223609458	0.0335532234008208	-3.09283438440415	-0.0201709325415797	-0.0267724421773189
4.24526946031467	-0.414059774782802	0.020463226442142	0.0332615813663946	-3.2181931110545	-0.0233082870120685	-0.0315642919106237
4.25526946031467	-0.446861342619505	0.0202144665452007	0.032921780266951	-3.34181426223428	-0.0264427392500766	-0.0364034328808698
4.26526946031467	-0.480889586728638	0.019934397860489	0.0325333670841022	-3.46349291332088	-0.0295693945784722	-0.0412863445927517
4.27526946031467	-0.516123993695041	0.0196231149395214	0.0320959112493135	-3.58300893388186	-0.0326852159472931	-0.0462119563399212
4.27734850573369	-0.523598775598375	0.0195544889918778	0.0319987646795429	-3.60756390669075	-0.0333314828962097	-0.0472414183443671
4.28734850573369	-0.561908748305968	0.0209380531595467	0.0324443868022114	-4.05371420781454	0.309764946379085	0.136101321520873
4.29734850573369	-0.60465640292597	0.0257418401220941	0.0347150091641531	-4.49486199527385	0.650468311800688	0.31770898592689
4.30734850573369	-0.651784286811438	0.0339341260501684	0.0387917680825054	-4.9294935767206	0.987174097912881	0.497276686031375
4.31734850573369	-0.703218953135257	0.0454657309952401	0.0446526846559013	-5.35592292751648	1.31799261342428	0.674486536251744
4.32734850573369	-0.758869224961863	0.060267102105281	0.0522725425416746	-5.7722905876282	1.64073850534023	0.849009169990692
4.33734850573369	-0.818624493371668	0.0782453725981057	0.0616227798456043	-6.17657185158688	1.95293693908162	1.02050504087259
4.34734850573369	-0.882353151069758	0.0992815797719191	0.0726713928695114	-6.56659594176034	2.25184974482578	1.18862549594758
4.35734850573369	-0.949901278676026	0.123228256050876	0.0853828496276447	-6.94007756374549	2.5345242526208	1.35301366943811
4.36734850573369	-1.02109270302227	0.149909359571901	0.0997173013955791	-7.294861661317	2.79821581748833	1.51316183289243
4.37734850573369	-1.09557623284363	0.178853004657429	0.11574007264016	-7.58135909615171	2.95725533084412	1.70266754856633
4.38734850573369	-1.17231584633001	0.208402140934834	0.133988928801554	-7.74847953508462	2.9238165757875	1.9563346903578
4.39734850573369	-1.25022665744634	0.236831942274671	0.15501754115491	-7.81978608514842	2.74105270782969	2.25527799938784
4.40485878315615	-1.30899693899575	0.256665984260851	0.172859257877605	-7.82495954553838	2.53297344809429	2.49684953541368
4.41485878315615	-1.38569923307169	0.279682655439567	0.197241632738596	-7.51171890680212	2.06770191940156	2.37821321564609
4.42485878315615	-1.45915765790872	0.297971848965171	0.220394592118601	-7.17638646489552	1.58797908190113	2.25089920941186
4.43485878315615	-1.52915761332893	0.311404104402823	0.242229417128272	-6.82025511437168	1.09681594140663	2.11452711749259
4.44485878315615	-1.5954983002813	0.319880026312828	0.262653850863008	-6.44479145376495	0.59720891682394	1.96877229694949
4.45485878315615	-1.6579944361328	0.323329988333362	0.281572731026304	-6.05163140789114	0.0921115050071638	1.81338064593684
4.46485878315615	-1.71647792322461	0.32171360220025	0.298888761148392	-5.64257507199028	-0.415584575415085	1.6481813024308
4.47485878315615	-1.77079945856968	0.315019041913119	0.314503392954795	-5.21958003292602	-0.923059601471828	1.47309599358248
4.48485878315615	-1.82083006866689	0.30326230692973	0.328317781671008	-4.78475311144893	-1.42756787506926	1.2881441694942
4.48734627136244	-1.83259571459405	0.299556049680771	0.331463038290096	-4.67501142332415	-1.55228989367525	1.24061682476342
4.49734627136244	-1.87712018864761	0.281541550769826	0.342891728962095	-4.22857926302594	-2.04934076120517	1.04352066424736
4.50734627136244	-1.91714529284717	0.258598948337106	0.352301876385572	-3.77554888508156	-2.53747841594469	0.836954722477703
4.51734627136244	-1.95261757908939	0.230830303676422	0.359600315405446	-3.31844599070521	-3.01411979624661	0.621238893527587
4.52734627136244	-1.98350940934838	0.198363469781925	0.36469746523285	-2.85990546998944	-3.47668514726631	0.396768547059555
4.53734627136244	-2.00982000309198	0.161352192738982	0.367508035960264	-2.40266235645474	-3.92257127468693	0.164005018599411
4.54734627136244	-2.03157483724251	0.119973753724153	0.367952773243842	-1.94910712553793	-4.34988819112818	-0.0762168403571777
4.55734627136244	-2.04905752138923	0.0748340141623481	0.365791852363866	-1.57546221959231	-4.62757811070623	-0.376299441373391
4.56734627136244	-2.06364609432587	0.0284296514956158	0.360026859781972	-1.36718428592512	-4.60867174440508	-0.794049866802465
4.57734627136244	-2.07683396636172	-0.0165656128312699	0.3496172259413	-1.28879413102881	-4.35749717408611	-1.29997625080879
4.58734627136244	-2.08972849671564	-0.0581728148339325	0.333833568222781	-1.30248827664195	-3.94184338847953	-1.8641590600341
4.59734627136244	-2.10307700461153	-0.0950574648021447	0.312227446066404	-1.3743359389733	-3.42238095670912	-2.46046534545315
4.60734627136244	-2.11731244321962	-0.126447428683286	0.284590436339762	-1.47554206086785	-2.8506863199286	-3.06706354750031
4.61734627136244	-2.13260801114091	-0.15203717764466	0.250910689236458	-1.58298657212753	-2.26846222787617	-3.66644199464404
4.62734627136244	-2.14893409807955	-0.171889201188711	0.211331014965638	-1.6791824271429	-1.70769695929987	-4.24511445062606
4.63734627136244	-2.1661124225543	-0.186342822750891	0.16611465398496	-1.75179546847766	-1.19222057444467	-4.79185223239009
4.64734627136244	-2.18386345542573	-0.195948841196627	0.115642744895481	-1.79137699734422	-0.757290543198108	-5.26723964283582
4.65734627136244	-2.20181623470037	-0.202136245478367	0.061665079524249	-1.79466963773716	-0.508607039601845	-5.48673238483007
4.66734627136244	-2.21969744123244	-0.20660492946328	0.00666012234017921	-1.7800107891179	-0.405282734592161	-5.48058685084813
4.67734627136244	-2.23740917112913	-0.210570169239059	-0.0473504083719135	-1.7631821127674	-0.399541246906019	-5.2971637980801
4.68734627136244	-2.25500380026938	-0.214616012008808	-0.099126823982441	-1.75814195747047	-0.405661458294166	-5.05876637289948
4.69734627136244	-2.27261225790632	-0.218620282253787	-0.148527242412416	-1.76518597660953	-0.392549087454542	-4.82134653645646
4.70734627136244	-2.29033339951953	-0.22242311293917	-0.195554114809524	-1.78001146726112	-0.366247666181154	-4.58403883230382
4.71734627136244	-2.3082259428726	-0.225917534164335	-0.240208230917878	-1.79889305690031	-0.331608550139335	-4.34679910334148
4.72734627136244	-2.32631423770243	-0.229041025096878	-0.28249060890472	-1.81868754210444	-0.292664233445288	-4.10971722836302
4.73734627136244	-2.34459417042403	-0.231767245739173	-0.322403815218603	-1.83684408061417	-0.25262177358039	-3.8730110031831
4.74734627136244	-2.36303899675099	-0.234097955273999	-0.359953169448293	-1.85138137846307	-0.213903935116918	-3.63700991091825
4.75734627136244	-2.38160482399754	-0.23605551538597	-0.395147751455473	-1.86084201426895	-0.178222672526085	-3.40213234592151
4.76734627136244	-2.40023555907351	-0.237676235092609	-0.428001160524621	-1.86423256245383	-0.146672004569486	-3.16885923748532
4.77734627136244	-2.41886721669197	-0.239004696894164	-0.458532002988138	-1.86095654917155	-0.11982987825645	-2.9377064802087
4.78734627136244	-2.43743154461822	-0.240089112312838	-0.486764106364703	-1.85074568661055	-0.0978610425708225	-2.70919808628217
4.79734627136244	-2.45585896989262	-0.240977686181554	-0.51272647487968	-1.83359339105934	-0.0806151209467995	-2.48384151549684
4.80734627136244	-2.47408090362853	-0.241715920494831	-0.536453013624103	-1.80969334811997	-0.0677159304534828	-2.26210621032146
4.81734627136244	-2.49203146429442	-0.242344757070064	-0.557982056894862	-1.77938485840502	-0.0586396341474968	-2.04440597309651
4.82734627136244	-2.50964869243128	-0.242899440540167	-0.577355740873785	-1.74310587160636	-0.0527805457216963	-1.83108548007953
4.83734627136244	-2.52687533549478	-0.243408976378898	-0.594619262270845	-1.70135397800705	-0.0495043595562898	-1.62241094101328
4.84734627136244	-2.54365928170204	-0.243896060120733	-0.609820063465707	-1.6546551518699	-0.048189286933393	-1.41856468760322
4.85734627136244	-2.55995371792963	-0.24437736138355	-0.623006981644287	-1.6035397070584	-0.048256074342245	-1.21964330997513
4.86734627136244	-2.57571708014114	-0.244864057777859	-0.634229395037207	-1.5485247086039	-0.0491881959219578	-1.02565885315085
4.87734627136244	-2.59091285658371	-0.245362527662083	-0.643536394166897	-1.49010196291512	-0.050543681231959	-0.836542529286114
4.88734627136244	-2.60550929493747	-0.245875125661989	-0.650976000466743	-1.42873066385589	-0.0519600917792457	-0.652150387587704
4.89626089981616	-2.61799387799149	-0.246343348123422	-0.656071383827527	-1.37187906968837	-0.0530422468982656	-0.491583606527181
4.90626089981616	-2.63223230878767	-0.245389486959746	-0.660742499590813	-1.47514455253318	0.243374601216269	-0.443105831435192
4.91626089981616	-2.64748411301316	-0.241484441778268	-0.664942049066084	-1.57461447309981	0.537217387790273	-0.397192657002899
4.92626089981616	-2.66371321299452	-0.234653194185275	-0.668693347509502	-1.67066968471437	0.828644803483657	-0.353377872992268
4.93626089981616	-2.68088747900067	-0.224918957695416	-0.672015043059441	-1.7637170943549	1.11784924720262	-0.311193934839438
4.94626089981616	-2.69897893577226	-0.212302915850218	-0.674921092983536	-1.85417893496904	1.40504183877199	-0.27016983651522
4.95626089981616	-2.71796386353755	-0.196824109215913	-0.677420717400362	-1.94248234549653	1.69043757145143	-0.229828743095465
4.96626089981616	-2.73779411067754	-0.178549849833778	-0.679496893094872	-2.01275113941386	1.94561641314595	-0.177512779809182
4.97626089981616	-2.75792824847194	-0.158419121356708	-0.680757302258947	-2.00091680798914	2.05753260832105	-0.0649101105314495
4.98626089981616	-2.7775780283817	-0.13780931559707	-0.680623353645567	-1.9187380557409	2.04638228862183	0.0992326596509681
4.99626089981616	-2.79612460841325	-0.117804520894354	-0.678642352276127	-1.78299601009503	1.94124413311508	0.302502243835698
5.00626089981616	-2.81311147410903	-0.0992074704080556	-0.674480850258389	-1.60925362108985	1.76909339297139	0.533558441258897
5.01626089981616	-2.82822927707831	-0.0825659122536358	-0.667911628224573	-1.41132314510869	1.55384747223913	0.782535676851059
5.02626089981616	-2.84129688206755	-0.0682057862300576	-0.658798025451692	-1.20100569292233	1.31589830605296	1.04120151546909
5.03626089981616	-2.85224063193884	-0.0562675882147243	-0.647077408104076	-0.987990928322293	1.0719345607709	1.30297691201806
5.04626089981616	-2.86107328886541	-0.046743286051818	-0.632744965979413	-0.779887188419733	0.834999151114792	1.56285650128753
5.05626089981616	-2.86787379057597	-0.0395117380635227	-0.615838658403807	-0.582348852030006	0.614721063681245	1.81726378463425
5.06626089981616	-2.87276863306763	-0.0343711659920757	-0.596425813325163	-0.399269294094463	0.417663605497347	2.06386936850213
5.07626089981616	-2.87591539469407	-0.031067773485069	-0.574591639415895	-0.233012084454417	0.2477396483686	2.30139299430255
5.08626089981616	-2.8774886694961	-0.0293200448362292	-0.550429737359824	-0.0846584181093119	0.10665464516929	2.52940357588895
5.09626089981616	-2.87766848397697	-0.0288386011560329	-0.52403458059327	0.0457460203417668	-0.00565203383243996	2.74812648021806
5.10626089981616	-2.87663112711218	-0.0293417424486138	-0.495495861826507	0.158956966329273	-0.0905885164432819	2.9582638367606
5.11626089981616	-2.87454222111086	-0.0305669794720189	-0.464894555912912	0.256318628410686	-0.150528855991351	3.16083140678176
5.12626089981616	-2.87155179301908	-0.0322789736906581	-0.432300522136852	0.339577107575011	-0.188477305710898	3.35701408172731
5.13626089981616	-2.86779106827085	-0.0342743696315019	-0.397771453578228	0.410722846484447	-0.207782972286947	3.54804107963256
5.14626089981616	-2.86337069134442	-0.0363840316047755	-0.361352974428004	0.471862711798305	-0.211905982903275	3.73508115735161
5.15626089981616	-2.85838008111017	-0.0384731943191375	-0.323079686081228	0.525120689776798	-0.20423366353849	3.91915755038207
5.16626089981616	-2.85288937815969	-0.0404233953901965	-0.283003286846359	0.571556279634976	-0.177228135731914	4.08384010898456
5.17626089981616	-2.84697135543734	-0.0417400742652254	-0.241860742948676	0.612196536892783	-0.0737230970701055	4.12141152614216
5.18626089981616	-2.84061565206324	-0.0417146552842363	-0.200987694521697	0.661626169712763	0.0850383644306506	4.03501070200125
5.19626089981616	-2.83366558348477	-0.0399657964737731	-0.161478795667336	0.732891643011216	0.266101598851953	3.85300966932647
5.20626089981616	-2.82585493419458	-0.0364040679359316	-0.124163311404738	0.834894572606487	0.443967041255584	3.60014352978856
5.21626089981616	-2.81684791967564	-0.0311593681013702	-0.0896414802682782	0.972717285566307	0.600170670705849	3.29749362997653
5.22626089981616	-2.80627504983964	-0.0245139569804669	-0.0583204241141253	1.14810866511586	0.722565522672367	2.96264032880319
5.23626089981616	-2.79376367871859	-0.016843474763538	-0.0304481552462452	1.36006045206436	0.804387586769335	2.60999235704647
5.24626089981616	-2.77896071979306	-0.00859434648702926	-0.00609967942451968	1.60577883933843	0.836378570956354	2.26291049677571
5.25626089981616	-2.76155574500177	-0.000276880153677645	0.0148672349363324	1.8792113667097	0.820094667912721	1.93293046955201
5.26044241336338	-2.75344640663982	0.00311631907224511	0.0226688909244474	2.00000000000166	0.801875742840813	1.79890276022565
