=========================== Parameters =====================================
l1 [m]	l2 [m]	l3 [m]	c1 [m]	c2 [m]	c3 [m]	m1 [kg]	m2 [kg]	m3 [kg]
0.1	0.14	0.4458	0.3	0.3	0.1	0.1564	0.23764	0.1564
============================== Data ========================================
t [s]	th1 [rad]	th2 [rad]	th3 [rad]	th1d [rad/s]	th2d [rad/s]	th3d [rad/s]
0	0	0	0	0	0	0
0.01	-0.00161983307894937	0.000452946936185907	0.000372327013253482	-0.317499418341049	0.082213583951457	0.0614064255513824
0.02	-0.00624266424135327	0.00149309822386574	0.0010795846031058	-0.602820740332527	0.119527178907598	0.0758987281805588
0.03	-0.0136109819604069	0.00274481460761609	0.00183792231513372	-0.868433071458353	0.12711864951482	0.0741511286366379
0.04	-0.023576391166012	0.0039814454132001	0.00254197107220087	-1.12345274494509	0.118349750615807	0.0660311954895253
0.05	-0.0360642270237711	0.00508720710464317	0.00315152020592711	-1.37364928981476	0.102082308514557	0.0557263153398077
0.06	-0.051044665301407	0.00601596710491334	0.00365621710001931	-1.62237848458843	0.0835966578531659	0.0452991140738562
0.07	-0.0685128986525137	0.0067615068256768	0.00406051996402513	-1.87140408142492	0.0657698296670312	0.0357564957176603
0.08	-0.0884763341837735	0.00733823306297361	0.00437571949073052	-2.12148493430233	0.0499732681691704	0.0275141009979846
0.09	-0.110946642255714	0.00776938701328229	0.00461543153373891	-2.37276689116091	0.0366840902763981	0.0206543942534357
0.1	-0.135934980357506	0.00808023338290699	0.00479311198555567	-2.62503428407043	0.0258818842026019	0.0150830654354723
0.11	-0.163449219828103	0.00829442749713252	0.00492080440542525	-2.87786531500285	0.0172970645351623	0.0106240131615374
0.12	-0.193492384857711	0.00843233586751766	0.00500862710083471	-3.13072361920344	0.0105600982427221	0.00707517324663646
0.13	-0.226061785710216	0.0085105034151609	0.00506468422657582	-3.38300865618072	0.00528638624652062	0.00423940680875718
0.14	-0.261148517040344	0.00854175069211371	0.00509520183311183	-3.63408044481314	0.00112060857086835	0.00193987017289386
0.15	-0.298737120367107	0.00853558078285409	0.00510476698610847	-3.88326905901074	-0.00224355502871884	2.6088981735626e-05
0.16	-0.338805295028353	0.00849870535418304	0.00509659865628987	-4.12987573910754	-0.00505794559964768	-0.00162523153605843
0.17	-0.381323597518925	0.00843558298642803	0.00507281146145707	-4.37317003709959	-0.00752209258235451	-0.00311211807439351
0.18	-0.426255104560823	0.00834891527152133	0.00503465343816882	-4.61238577784637	-0.00978897901807903	-0.004510417125042
0.19	-0.473555037303441	0.00824007769632626	0.00498271097486133	-4.84671754050047	-0.0119720272337059	-0.00587716652273814
0.2	-0.523170357348627	0.00810948033069877	0.00491708072079165	-5.07531866658699	-0.0141520002214845	-0.00725377474493634
0.200084396270914	-0.523598775598299	0.00810828514908578	0.00491646817212692	-5.07722108914547	-0.014170550608944	-0.00726554187621559
0.210084396270914	-0.579891120679981	0.0128356559499826	0.0183403444334914	-6.17914992605923	0.958296749907449	2.69042072013802
0.220084396270914	-0.64713042981975	0.0272658772335313	0.0585029500198123	-7.27042046214086	1.96105883421528	5.18166697933961
0.230084396270914	-0.72553437174531	0.0541825186948635	0.112435781630108	-8.41609742591302	3.49239246852298	5.27309572413499
0.240084396270914	-0.815045393282092	0.0969108829652894	0.161439297967488	-9.37799753754138	4.87236407336451	4.54208341450544
0.250084396270914	-0.91047027051765	0.147193655152332	0.203875311683142	-9.61108562039906	5.02610708506478	3.94738884078562
0.260084396270914	-1.00594571072581	0.195296749016657	0.240282937099541	-9.44105210937109	4.52629855980488	3.3307596850436
0.270084396270914	-1.09875371673432	0.236886793082789	0.27050296319981	-9.10616373024693	3.77063850621607	2.7181987025011
0.280084396270914	-1.18795195749987	0.270571161281518	0.294807793219594	-8.73396001844212	2.96981849719551	2.15350096362953
0.290084396270914	-1.27352380155381	0.296492101880797	0.313817935899852	-8.38777952976752	2.22964247260434	1.66177630314486
0.294347570114859	-1.30899693899575	0.305384171824099	0.320502732531215	-8.25555528854336	1.94531519519549	1.47674631616829
0.304347570114859	-1.38709994098361	0.318781862864077	0.321825954900154	-7.3571570965696	0.730982335678516	-1.21484500169225
0.314347570114859	-1.45597486336391	0.319944203380784	0.29614267064084	-6.40917348294232	-0.502107324724167	-3.92189833708211
0.324347570114859	-1.51482865072851	0.306966761228939	0.250442618506418	-5.33623591531576	-2.20662495004902	-4.75820590707826
0.334347570114859	-1.56245332455385	0.27477431203944	0.205428840234098	-4.21667403085394	-4.18949619467966	-4.18652084957388
0.344347570114859	-1.6018441652668	0.227854819709696	0.165887139380635	-3.79168405926539	-4.97275192512653	-3.73767711462607
0.354347570114859	-1.64018213414031	0.178482662228572	0.130829587014601	-3.94178564347112	-4.79260970908622	-3.26074554522657
0.364347570114859	-1.68156596647653	0.133484159786163	0.100855518074327	-4.36127597145925	-4.16174148722839	-2.73006143729058
0.374347570114859	-1.72766890383869	0.0957400973911075	0.0762097688758642	-4.86186508827744	-3.37871469890948	-2.2045938987148
0.384347570114859	-1.77870863624972	0.065852952105236	0.0565927278049148	-5.33594298055459	-2.60980606886508	-1.72966921056364
0.39408162345322	-1.83259571459405	0.0437380739943007	0.0417291899418594	-5.72114837398343	-1.95236383168838	-1.3362954183415
0.40408162345322	-1.88509214157853	0.0193544132045993	0.0150690286116109	-4.77851514535649	-2.91942788936312	-3.99389392576406
0.41408162345322	-1.92814503700436	-0.0149294688254682	-0.0363575472203908	-3.81904668745187	-4.04332236758407	-5.80345153662201
0.42408162345322	-1.96178786203915	-0.0623696510540354	-0.0930562690347344	-3.03748630927086	-5.24986486223934	-5.43188804486442
0.43408162345322	-1.99142530553235	-0.115859426651965	-0.144121694320309	-2.97948457797973	-5.30272456095547	-4.75453835453424
0.44408162345322	-2.02259394899822	-0.166410328831302	-0.187872712082149	-3.29140797931444	-4.7435371671719	-3.99248162946883
0.45408162345322	-2.05765684689646	-0.209978622365645	-0.224056328633835	-3.72814741381528	-3.95297356247371	-3.2541301014787
0.46408162345322	-2.09711711805346	-0.24540548116833	-0.253222904825302	-4.15532489075511	-3.13948269097145	-2.59488115521047
0.47408162345322	-2.1405104080369	-0.273039053284801	-0.27628942266852	-4.5080006459101	-2.40513215236923	-2.03560666855714
0.48408162345322	-2.18694503526031	-0.293910606009965	-0.294273958186753	-4.76180115290727	-1.79038606956911	-1.57767022860127
0.49408162345322	-2.23540824522496	-0.309270388994857	-0.308152743873783	-4.91452549186674	-1.30214564157151	-1.21256595041163
0.50408162345322	-2.28492780001804	-0.320342631301151	-0.318792523522485	-4.97508888428854	-0.930383579978168	-0.927602385629756
0.51408162345322	-2.33464803633994	-0.328208674557303	-0.326926173986449	-4.95709619383	-0.657732995178758	-0.70907850826547
0.52408162345322	-2.38385686700585	-0.333763202834395	-0.333151950934017	-4.87522030582837	-0.464882331445165	-0.543964691930863
0.53408162345322	-2.4319857146805	-0.33771088455663	-0.337944794601887	-4.74326821333628	-0.333475847563624	-0.420712205843055
0.54408162345322	-2.47859562304599	-0.340583895489352	-0.341672975441095	-4.57326462620712	-0.247515502633029	-0.329557602870938
0.55408162345322	-2.52335750676107	-0.342768580192995	-0.344616199764438	-4.37514262039486	-0.193864657244624	-0.262537802137576
0.56408162345322	-2.5660312173779	-0.34453429817743	-0.346982989735351	-4.15678191773401	-0.162231269046502	-0.213346911118158
0.57408162345322	-2.60644600671739	-0.34606055777591	-0.348926196916147	-3.92422810040786	-0.144874632781176	-0.177116899537436
0.577051182212454	-2.61799387799149	-0.346485724278464	-0.349438850776886	-3.85313549117188	-0.141596226759192	-0.168285059720674
0.587051182212454	-2.65914094557541	-0.343630595142281	-0.338657773941278	-4.37330610074322	0.710574906964372	2.32282800974644
0.597051182212454	-2.70542732113291	-0.332267951577409	-0.303127266005418	-4.8882273870699	1.59114042333282	4.66123323531842
0.607051182212454	-2.75724134384063	-0.309767803122352	-0.253878554727656	-5.48659595589693	2.98741168756266	4.85925952609769
0.617051182212454	-2.81507921713165	-0.272157435634745	-0.208611343905016	-6.00789272423413	4.41484384594531	4.19504798812076
0.627051182212454	-2.87498673807207	-0.225581053126257	-0.169251608030908	-5.87850021951405	4.7415517087151	3.68365043280082
0.637051182212454	-2.9313084282492	-0.179539408558013	-0.135048612339605	-5.34100400404215	4.3926713508359	3.15160994786006
0.647051182212454	-2.98123666434088	-0.138680653132097	-0.106261012180431	-4.62920693094825	3.75236773095135	2.60819710584699
0.657051182212454	-3.02376999856386	-0.104727638013008	-0.0827720248982542	-3.87842941011696	3.0377936894703	2.09825608387048
0.667051182212454	-3.05891841591158	-0.0777825655990582	-0.0640865850449121	-3.16022885564344	2.36369964426604	1.65053962539504
0.677051182212454	-3.08719143590657	-0.057142403694972	-0.0495175275172376	-2.50629500379609	1.78172453189176	1.27553694586063
0.687051182212454	-3.10928841637168	-0.0417887708197043	-0.0383371100770834	-1.92517594171295	1.3068814606883	0.971941629705559
0.697051182212454	-3.12592624750012	-0.0306610820407211	-0.0298651385749889	-1.41325718107903	0.93484566348416	0.73232707134895
0.707051182212454	-3.13775413888292	-0.0227925896521451	-0.023509947268448	-0.961453910511691	0.652493401249012	0.546887457428998
0.717051182212454	-3.14531984974551	-0.0173653682361573	-0.0187803359162533	-0.559017685804846	0.443905258320608	0.405590843023164
0.727051182212454	-3.14906419928808	-0.0137206567029849	-0.0152816830852582	-0.195534880023977	0.293525839412667	0.299271576547588
0.737051182212454	-3.14932969748822	-0.0113468296474	-0.0127046311246495	0.138150557100664	0.187630904351656	0.220081094826855
0.747051182212454	-3.14637505523178	-0.00985796888732619	-0.010811246905708	0.4496236404927	0.114835069776226	0.161578879232643
0.757051182212454	-3.1403910290907	-0.00897019616432969	-0.0094213067862033	0.744908541409414	0.0660889550720592	0.118638970805916
0.767051182212454	-3.13151528827446	-0.00847942142871074	-0.00839998415263089	1.02863276603294	0.0344321851857419	0.0872758057143343
0.777051182212454	-3.11984529664355	-0.00824211206189357	-0.00764742507297166	1.30424813815195	0.014654756348178	0.0644477588092461
0.787051182212454	-3.10544893362286	-0.00815954130956049	-0.00709026417304025	1.57425590437331	0.00294946264446106	0.0478690238974885
0.797051182212454	-3.08837295925293	-0.00816537492238109	-0.00667491634951155	1.84041004254874	-0.00340381185980343	0.0358439755700293
0.803098197163981	-3.07676101326249	-0.00819276993382987	-0.00647565178802781	2	-0.00547685316869628	0.0302424662795308
0.813098197163981	-3.05544825240471	-0.00825659494456292	-0.00621100361919802	2.26224237202362	-0.00695170161017075	0.0230722957578091
0.823098197163981	-3.0315216586773	-0.0083265378531363	-0.0060076033474719	2.52282817772173	-0.00683592529011506	0.0178890749241527
0.833098197163981	-3.00499636667724	-0.00839025142482173	-0.00584838881654122	2.78200337180962	-0.00579315403444519	0.0141606552897323
0.843098197163981	-2.97588617237382	-0.00844072261232073	-0.00572081537892623	3.03979856093513	-0.0042411101692405	0.0115079274052178
0.853098197163981	-2.94420543733715	-0.00847422391478374	-0.00561554688516842	3.29607664059413	-0.00243023507743373	0.00966223130243855
0.863098197163981	-2.90997058869494	-0.00848893833886593	-0.00552551628848744	3.5505662004313	-0.000500042760108979	0.00843394931529069
0.873098197163981	-2.87320133994141	-0.00848406047645003	-0.00544525608803889	3.80288451164224	0.00148118710680175	0.00768954814380785
0.883098197163981	-2.83392172102453	-0.00845923000946328	-0.00537042518722019	4.05255313504817	0.00348896850027599	0.00733494002563789
0.893098197163981	-2.79216097897781	-0.00841419299261423	-0.00529747764418103	4.2990085576821	0.00552399827127588	0.0073035014668465
0.903098197163981	-2.74795438904669	-0.00834861617892791	-0.00522343337150731	4.54160972994839	0.00759978837755926	0.00754748231881486
0.913098197163981	-2.70134399980426	-0.00826200200740081	-0.00514572185823079	4.77964393821567	0.00973463130573773	0.00803185708066241
0.923098197163981	-2.65237932321266	-0.00815366820350342	-0.00506207816102895	5.01233209924167	0.0119465194055551	0.00872992125822566
0.933098197163981	-2.60111797115275	-0.00802276761677308	-0.00497047637423585	5.23883428762207	0.014250043667985	0.00962012864831211
0.943098197163981	-2.54762623296598	-0.00786833207845445	-0.0048690900654876	5.45825608883814	0.016654599387297	0.0106838112221458
0.953098197163981	-2.49197958354242	-0.00768932962584866	-0.00475627217776368	5.66965619303456	0.0191634465946764	0.0119035316503876
0.963098197163981	-2.43426310810291	-0.00748472812801885	-0.00463054898058182	5.87205549541711	0.0217733306556241	0.0132618977919834
0.973098197163981	-2.37457182783092	-0.00725356071052528	-0.00449062405886829	6.06444783809483	0.024474478165391	0.0147407254387007
0.983098197163981	-2.31301090976868	-0.00699498983001177	-0.00433538925293306	6.24581240832975	0.0272508572692282	0.0163204755855615
0.993098197163981	-2.24969574481047	-0.00670836770172582	-0.00416394005562025	6.41512769546635	0.0300806390681926	0.0179799195631168
1.00309819716398	-2.18475187914274	-0.00639329126190038	-0.00397559334602759	6.57138680195809	0.032936824949766	0.0196960026136147
1.01309819716398	-2.11831478703317	-0.00604965011754749	-0.0037699055790898	6.71361380389096	0.0357880189397151	0.0214438862760996
1.02309819716398	-2.05052947637806	-0.00567766611590881	-0.0035466897218813	6.84088076611703	0.0385993287198886	0.0231971541055231
1.03309819716398	-1.98154992276151	-0.00527792333435567	-0.00330602937920817	6.95232494077448	0.041333377136027	0.0249281652905973
1.04309819716398	-1.91153833279725	-0.00485138749861262	-0.0030482887175209	7.04716562048944	0.04395140054205	0.0266085379496909
1.05309819716398	-1.84066424300173	-0.00439941410785625	-0.00277411699970701	7.12472008380222	0.0464144034213839	0.0282097394422275
1.06309819716398	-1.76910346612536	-0.00392374488441598	-0.0024844467950258	7.18441806444643	0.0486843322002112	0.0297037560098069
1.07309819716398	-1.69703690245608	-0.00342649256235233	-0.00218048522917098	7.22581420070037	0.0507252264153932	0.031063809430447
1.08309819716398	-1.62464923879369	-0.00291011446023131	-0.00186369798095141	7.24859797678957	0.052504303375424	0.032265084966688
1.09309819716398	-1.55212756227085	-0.00237737571882028	-0.00153578609866922	7.25260075355777	0.0539929336479907	0.0332854333598332
1.10309819716398	-1.47965991969026	-0.00183130349148137	-0.0011986560799636	7.23779959620297	0.0551674691536086	0.034106010374262
1.11309819716398	-1.40743385533449	-0.00127513372283851	-0.000854384009978622	7.20431773641241	0.0560098929539985	0.0347118205594726
1.12309819716398	-1.33563496113523	-0.000712252414581111	-0.000505174860607221	7.15242164657828	0.0565082692768685	0.0350921373246013
1.13309819716398	-1.26444547259925	-0.000146133439126689	-0.000153318297452342	7.08251484574336	0.0566569829862447	0.0352407787075614
1.14309819716398	-1.19404294201081	0.000419724984851202	0.000198857494698163	6.99512869113398	0.0564567685903792	0.0351562267683418
1.15309819716398	-1.12459901728572	0.000981863093701617	0.00054903238173332	6.89091052692025	0.055914539044627	0.0348415876259959
1.16309819716398	-1.05627835064265	0.00153691974305264	0.000894939674403935	6.77060965605082	0.0550430332978668	0.0343043980475605
1.17309819716398	-0.989237656245415	0.00208168824602289	0.00123440887592843	6.63506166663486	0.0538603082375669	0.0335562925015354
1.18309819716398	-0.923624930456571	0.00261316647720453	0.00156540448547247	6.4851716788798	0.052389105169461	0.0326125511578547
1.19309819716398	-0.859578842639397	0.00312860014870423	0.00188605979018507	6.32189708209949	0.0506561232322751	0.0314915540789701
1.20309819716398	-0.797228298853842	0.00362551849136991	0.00219470484648245	6.14623030619597	0.0486912324046116	0.0302141696294593
1.21309819716398	-0.73669217557678	0.0041017618950834	0.00248988813719947	5.95918212261201	0.0465266573501979	0.0288031059517
1.22309819716398	-0.678079215954326	0.00455550136197523	0.00277039167623029	5.76176590168889	0.0441961606715477	0.0272822533916127
1.23309819716398	-0.621488077219123	0.00498524989500337	0.00303523959993289	5.55498317294824	0.0417342506054663	0.0256760433094974
1.24309819716398	-0.56700751486997	0.00538986617479798	0.00328370052183441	5.33981074838086	0.0391754341611462	0.0240088451462712
1.25309819716398	-0.514716687045577	0.00576855106660574	0.00351528412486082	5.11718958220334	0.0365535324731052	0.022304419329808
1.26309819716398	-0.464685561204671	0.00612083764581491	0.00372973261814769	4.88801545866331	0.0339010709455246	0.0205854389804171
1.27309819716398	-0.416975404684035	0.0064465755360953	0.00392700779180076	4.65313152612625	0.0312487527639672	0.0188730887459821
1.28309819716398	-0.371639340844982	0.00674591042117573	0.00410727446416846	4.41332263341603	0.0286250206527078	0.0171867447410022
1.29309819716398	-0.328722953218735	0.00701925962309862	0.00427088113606696	4.16931137457797	0.0260557084284235	0.0155437356839524
1.30309819716398	-0.288264921195183	0.00726728464035796	0.00441833865044891	3.92175571120126	0.023563780983583	0.0139591820573084
1.31309819716398	-0.250297672241891	0.00749086151286603	0.00455029761071734	3.67124801664567	0.0211691588477233	0.012445907522326
1.32309819716398	-0.214848037273931	0.00769104983159009	0.00466752524313883	3.41831537280357	0.0188886214322269	0.0110144149191275
1.33309819716398	-0.181937897517067	0.00786906114339165	0.00477088230538877	3.16342094583344	0.0167357814658095	0.00967291794114081
1.34309819716398	-0.151584812930272	0.00802622742050668	0.00486130055047728	2.90696627085928	0.0147211219671088	0.00842741892934646
1.35309819716398	-0.123802623910367	0.00816397017353043	0.00493976115873612	2.64929428514784	0.0128520863625728	0.00728182310403917
1.36309819716398	-0.0986020195404069	0.0082837706908326	0.00500727445489789	2.39069296303746	0.0111332120182599	0.00623807984757806
1.37309819716398	-0.0759910670300775	0.00838714178985431	0.00506486113632862	2.13139942236699	0.00956629748042699	0.00529634227654023
1.38309819716398	-0.0559756982101769	0.00847560137018911	0.00511353515502083	1.87160439001924	0.00815059407092414	0.00445513720550684
1.39309819716398	-0.0385601499761059	0.00855064796774311	0.00515428832198452	1.61145693237757	0.00688301311229878	0.00371153862548732
1.40309819716398	-0.0237473564282661	0.0086137384261265	0.00518807663939647	1.35106937414816	0.00575834091277426	0.00306133892694494
1.41309819716398	-0.0115392911391088	0.00866626772775232	0.0052158083138413	1.09052234549628	0.00476945467025251	0.00249921323214452
1.42309819716398	-0.00193725850115336	0.00870955096438339	0.00523833336324158	0.82986991233394	0.00390753360560883	0.00201887331842494
1.43309819716398	0.00505786650467585	0.00874480737605406	0.00525643470027198	0.56914475758044	0.00316226086072777	0.00161320867942475
1.44309819716398	0.00944545051554201	0.00877314634892012	0.00527082055554833	0.308363392115656	0.00252201295307232	0.001274413262611
1.45309819716398	0.0112249661957685	0.00879555523678006	0.00528211809386194	0.047531382857404	0.00197403482943211	0.000994097325412903
1.46309819716398	0.0103959089848315	0.00881288885755501	0.00529086807528499	-0.213351408124042	0.00150459977682068	0.000763384663138712
1.47309819716398	0.00695776628280977	0.00882586051443186	0.00529752041917001	-0.474285575301442	0.00109915460443154	0.00057299617969285
1.48309819716398	0.000910039165226518	0.00883503440097448	0.00530243054199151	-0.735266912041571	0.000742451588416345	0.000413321400661859
1.49309819716398	-0.00774768327852181	0.00884081926943216	0.00530585635876501	-0.996281143685614	0.000418669655930903	0.000274480073301839
1.50309819716398	-0.0190155969001048	0.00884346327072426	0.00530795586162285	-1.25729865388475	0.000111528163014779	0.000146376465115169
1.51309819716398	-0.0328935027042778	0.0088430499120197	0.00530878521727074	-1.51826921138587	-0.000195602621587481	1.8749366273015e-05
1.52309819716398	-0.0493805743861891	0.00883949512217541	0.00530829735676838	-1.77911671133698	-0.000519589594224535	-0.000118778877786681
1.53309819716398	-0.0684750734463419	0.008832545465073	0.00530634106563247	-2.03973395423385	-0.00087741826166732	-0.000276650732061757
1.54309819716398	-0.0901740124208878	0.00882177759437787	0.0053026606188536	-2.29997749679411	-0.0012860620848555	-0.000465315504087652
1.55309819716398	-0.114472767172023	0.00880659909840356	0.00529689604312989	-2.55966262220539	-0.00176233419874436	-0.000695161250344141
1.56309819716398	-0.141364639731053	0.00878625093817067	0.00528858412634293	-2.81855849214447	-0.00232271619729534	-0.000976432826842449
1.57309819716398	-0.1708403738918	0.00875981173251924	0.00527716033067805	-3.07638355939331	-0.00298315919705346	-0.00131913256633899
1.58309819716398	-0.202887626626827	0.0087262041878799	0.00526196179914858	-3.33280133732292	-0.00375885328177196	-0.00173290046141653
1.59309819716398	-0.237490399450894	0.00868420400313397	0.00524223167359988	-3.58741664034741	-0.00466396273343423	-0.00222687135041746
1.60309819716398	-0.274628435084683	0.00863245159754772	0.00521712496314808	-3.83977242683157	-0.00571132621162884	-0.00280950747827681
1.61309819716398	-0.314276586167915	0.0085694670073888	0.00518571621271622	-4.08934739182006	-0.0069121232745355	-0.00348840596788693
1.62309819716398	-0.356404164313045	0.00849366826979178	0.00514700921886898	-4.33555447007199	-0.00827551133157359	-0.00427008220950874
1.63309819716398	-0.400974279444256	0.00840339355629817	0.00509994902141073	-4.57774041876656	-0.00980824022850435	-0.00515973195687514
1.64309819716398	-0.447943181080706	0.00829692722959312	0.00504343636121173	-4.81518665226785	-0.0115142550847239	-0.00616097698278487
1.65309819716398	-0.497259614931341	0.00817252987300556	0.00497634473491062	-5.04711149680282	-0.0133943015601061	-0.0072756014326709
1.65825680918304	-0.523598775598372	0.00810077845844419	0.00493723059509144	-5.16432026343955	-0.0144312123428807	-0.00789554684681871
1.66825680918304	-0.580761435671558	0.0128248034489549	0.0183544274470679	-6.26607803201881	0.957866113741575	2.68968495195753
1.67825680918304	-0.648863095833637	0.0272153610896134	0.0586504198552207	-7.35438561714244	1.94318678359476	5.25269426385207
1.68825680918304	-0.728115586523037	0.0540364196931924	0.112921913762698	-8.50144745067884	3.48882078007475	5.27933678865862
1.69825680918304	-0.81851521339642	0.0968095613302937	0.161877635482473	-9.46566081062862	4.87546278925306	4.53555977067166
1.70825680918304	-0.914806911552641	0.147114620452222	0.204225498797028	-9.69635586526381	5.02610186296633	3.94013583899491
1.71825680918304	-1.01112505766587	0.195206858411996	0.240554847798712	-9.52440375384973	4.52426589233785	3.3226800182561
1.72825680918304	-1.10475719254663	0.236767191418084	0.270696598687249	-9.18765973843336	3.76682592146891	2.71069720318514
1.73825680918304	-1.19476160587159	0.270407198799192	0.294929992462134	-8.81371125778481	2.96486292580398	2.14672714435267
1.74825680918304	-1.2811224391099	0.296275381726062	0.313876050027407	-8.46582773912457	2.22413842857198	1.65573460758833
1.75156999932627	-1.30899693899575	0.303271732295752	0.319119357446538	-8.36160301428787	2.00130089894549	1.51088957545632
1.76156999932627	-1.38814879403015	0.317210863791056	0.32077232333247	-7.46078882833575	0.78319110170056	-1.18302737349352
1.77156999932627	-1.45804603157068	0.318875404300239	0.295393051481446	-6.51008445315102	-0.453036063206398	-3.89649804672958
1.78156999932627	-1.51789527400182	0.306381252468656	0.24988019641165	-5.43427755277604	-2.15948921230622	-4.74428151041552
1.79156999932627	-1.56647801474576	0.274633179410793	0.204987315667881	-4.30705928838899	-4.15334281907153	-4.17378167391165
1.80156999932627	-1.60669377712629	0.227954586133854	0.16557548915374	-3.86749152314569	-4.95839526018075	-3.72580386200035
1.81156999932627	-1.64574200427872	0.178663428666671	0.130614518984246	-4.00875597505961	-4.78952756382	-3.25323920779243
1.82156999932627	-1.68776648865694	0.133664650858187	0.100697996556024	-4.42288076338299	-4.16415583576809	-2.72581134847179
1.83156999932627	-1.73446778921784	0.0958837998264788	0.0760841183936771	-4.92018848013955	-3.38324230993707	-2.20228145526651
1.84156999932627	-1.78607931077696	0.0659489641848529	0.0564845202282001	-5.39210209998908	-2.61460493504825	-1.72837616671783
1.84992889073081	-1.83259571459405	0.0465394066929056	0.0435024622514808	-5.72696238697116	-2.04272467388493	-1.38660355862954
1.85992889073081	-1.88513724443865	0.0212308271942725	0.0163338246154859	-4.78187003271711	-3.01377749834717	-4.0452269662172
1.86992889073081	-1.92821053260355	-0.0140548496654337	-0.0354020652175301	-3.82142136646867	-4.14595447737615	-5.81763806955606
1.87992889073081	-1.96198156280744	-0.0623505563840723	-0.0922344601065499	-3.0693242864658	-5.30344904455041	-5.44846064254356
1.88992889073081	-1.99207341061393	-0.116157717323504	-0.143433263471575	-3.03640404378728	-5.31626683686259	-4.76384171147515
1.89992889073081	-2.02388541096328	-0.166728664646189	-0.18723686122998	-3.36165395720288	-4.73637167198485	-3.9941733424544
1.90992889073081	-2.05968637495752	-0.210169615426246	-0.223412281222574	-3.80458935885347	-3.93606145484057	-3.25130080636306
1.91992889073081	-2.09992319634957	-0.245406653443573	-0.252538431435298	-4.23364413905002	-3.11922898288214	-2.58996502557936
1.92992889073081	-2.14409806656495	-0.272836826624798	-0.275552019710895	-4.58568963827844	-2.38513814355169	-2.03013755510843
1.93992889073081	-2.19130042871566	-0.293518053948657	-0.293482895259706	-4.83750272578559	-1.77252315239625	-1.57251329139903
1.94992889073081	-2.24050784575544	-0.308713573090477	-0.307313591775943	-4.98760231046741	-1.28722939857867	-1.20815099214596
1.95992889073081	-2.29074409989402	-0.319652336013825	-0.317913690022817	-5.04534499740853	-0.918599227830867	-0.924090785365705
1.96992889073081	-2.34115299122251	-0.327415563315014	-0.326016811957198	-5.02459607720498	-0.648906863304695	-0.706473641204184
1.97992889073081	-2.39102386698941	-0.33289516740095	-0.332220764237905	-4.9401707132174	-0.45865662239071	-0.542183581748883
1.98992889073081	-2.43979059640991	-0.336791804716568	-0.336999423705464	-4.80594172091631	-0.329420366544201	-0.419631576871118
1.99992889073081	-2.48701706886301	-0.339633289120127	-0.340719751888138	-4.63395171563277	-0.245196700147876	-0.329042801835581
2.00992889073081	-2.53237706962013	-0.341801787441972	-0.343660127226976	-4.43412353935946	-0.192885195017632	-0.262460029442795
2.01992889073081	-2.57563313637157	-0.343562953996432	-0.34602785439853	-4.21431206287457	-0.162249411899999	-0.213592450829415
2.02992889073081	-2.61661692411398	-0.345093187114314	-0.34797474128114	-3.98053228281736	-0.145610350430704	-0.177590996732787
2.03027517309847	-2.61799387799149	-0.345143539686181	-0.348036053553281	-3.9722449950424	-0.145212107812176	-0.17652732595916
2.04027517309847	-2.66034987735961	-0.342298062494742	-0.337323840157766	-4.49586002915468	0.712175661328055	2.31720825810996
2.05027517309847	-2.7078753524381	-0.3308986838664	-0.301826349751971	-5.01337032690914	1.59685172403747	4.6598220897286
2.06027517309847	-2.76095616485149	-0.308288563398	-0.252720533217556	-5.61439379345787	3.00188427477303	4.8389349824407
2.07027517309847	-2.82007287615807	-0.270524634575827	-0.207661915780766	-6.1314104026751	4.42268576100194	4.17959402104228
2.08027517309847	-2.88114434903424	-0.223986928896564	-0.168427642605675	-5.98939434556495	4.72904837573574	3.67150206029109
2.09027517309847	-2.93854134822659	-0.178121462480004	-0.134346315700503	-5.44602382672605	4.3713174691396	3.13936853037364
2.10027517309847	-2.98950823005732	-0.137492113595491	-0.105680794065559	-4.732422851573	3.72861886077792	2.59616979419727
2.11027517309847	-3.03307482249203	-0.103773238016332	-0.0823073532685661	-3.9821379828775	3.01511994648361	2.08728250627123
2.12027517309847	-3.0692679513575	-0.0770419812257978	-0.0637242603633616	-3.26558532601111	2.34378354392374	1.64108855838001
2.13027517309847	-3.09860484093829	-0.0565843971416387	-0.0492414496121061	-2.61374577731921	1.76516211097216	1.26773862902608
2.14027517309847	-3.12178707684592	-0.0413795372520408	-0.0381310235993837	-2.03476092937585	1.29365311315736	0.965716857966553
2.15027517309847	-3.13953077142936	-0.0303687724349035	-0.0297141777081678	-1.52480639698773	0.92461910743947	0.727491058343219
2.16027517309847	-3.1524829074656	-0.0225894358069271	-0.0234013293265949	-1.07470692190929	0.644807905137698	0.543216760075356
2.17027517309847	-3.16118848610715	-0.0172283871083957	-0.01870353601871	-0.67369142108146	0.438277308213618	0.402861919121369
2.18027517309847	-3.16608553837376	-0.0136315659188513	-0.015228323549235	-0.31135863473947	0.289505179420638	0.297280701167515
2.19027517309847	-3.16751399708138	-0.0112915670178287	-0.0126682336087679	0.0214202050815249	0.184826265628685	0.218652867436191
2.20027517309847	-3.16573029141799	-0.00982605212014986	-0.0107869357275399	0.332199771660052	0.112922042599678	0.160568107536335
2.21027517309847	-3.16092318578825	-0.00895405878912391	-0.009405513334802	0.626977455947327	0.0648079081747765	0.117928958371881
2.22027517309847	-3.15322859231516	-0.0084737977586944	-0.00839017825672317	0.91036088832849	0.0335811792922363	0.0867749112194494
2.23027517309847	-3.1427423758443	-0.00824350485043273	-0.00764188450925656	1.18579025936198	0.0140804754386457	0.0640853488994801
2.24027517309847	-3.12953089091216	-0.00816578224035808	-0.00708788484336726	1.45576358355966	0.0025379327682961	0.0475914640590285
2.25027517309847	-3.11363936486156	-0.00817527473016914	-0.00667506084691552	1.72203951688939	-0.00373575772558926	0.0356109993956906
2.26027517309847	-3.0950984109974	-0.00822925837002378	-0.00636477007668055	1.98580773372561	-0.00661755998965364	0.0269103421361654
2.26081531529551	-3.09402195889629	-0.0082328569782287	-0.00635034208927608	2.00000000000074	-0.00670382709307984	0.0265150018483245
2.27081531529551	-3.07271105292452	-0.00830462120875857	-0.0061178892690737	2.26193789469516	-0.00738650686054426	0.0203065776190239
2.28081531529551	-3.04878752573298	-0.00837652840075054	-0.00593853065060022	2.5225706310597	-0.00684224259113903	0.0158075685667565
2.29081531529551	-3.02226340306312	-0.00843917575189001	-0.00579756442060633	2.78206817471093	-0.00560388930120109	0.0125647787238837
2.30081531529551	-2.99314999125133	-0.00848740177996692	-0.00568413032443232	3.04041199326624	-0.00399946025813646	0.0102562758048673
2.31081531529551	-2.9614595522562	-0.0085185895236934	-0.0055900894622578	3.2974349988798	-0.00221923517491018	0.00865447877398953
2.32081531529551	-2.92720664278476	-0.00853154137181502	-0.00550922312245714	3.55284907836664	-0.000363410983669774	0.00759910119206561
2.33081531529551	-2.89040922548279	-0.00852575467451103	-0.005436663541849	3.80626365786419	0.00152465388745777	0.0069774656845545
2.34081531529551	-2.85108962770141	-0.00850097452675693	-0.00536849277945579	4.05719802480364	0.00343567665641917	0.00671028853923636
2.35081531529551	-2.80927539913759	-0.0084569346358024	-0.00530146266333468	4.30508954367697	0.00537916374074876	0.00674146838918274
2.36081531529551	-2.76500010079238	-0.00839322329637572	-0.00523280157415715	4.54929941675561	0.00737335662927756	0.00703077153298957
2.37081531529551	-2.71830404319829	-0.00830923078714312	-0.00516008341734556	4.7891172521896	0.00943877151639913	0.0075485922561455
2.38081531529551	-2.66923498083373	-0.00820414844253727	-0.00508114119251368	5.02376539624503	0.0115941620356701	0.00827218868549053
2.39081531529551	-2.61784876132007	-0.0080769995100349	-0.00499401267749541	5.252403747045	0.0138540873402716	0.00918296403258602
2.40081531529551	-2.56420992180648	-0.00792668870949509	-0.00489690937970557	5.4741355774141	0.0162275283765766	0.0102644900298143
2.41081531529551	-2.50839222047044	-0.00775206198745243	-0.00478820244640165	5.68801473948244	0.0187171837650439	0.0115010631498347
2.42081531529551	-2.45047908801075	-0.00755197093778955	-0.00466642095967316	5.89305449143919	0.0213192102288097	0.0128766524651442
2.43081531529551	-2.3905639822084	-0.00732533822061608	-0.00453025919526055	6.08823806803662	0.0240232646125541	0.0143741468251495
2.44081531529551	-2.32875062797637	-0.00707122141243254	-0.00437859016657074	6.27253100489545	0.0268127657994392	0.0159748430868483
2.45081531529551	-2.26515312576028	-0.00678887332891383	-0.00421048323561012	6.4448951189394	0.0296653333324289	0.0176581399669315
2.46081531529551	-2.19989591265455	-0.00647779717263738	-0.00402522384940573	6.60430394257704	0.0325533813816568	0.0194014163321822
2.47081531529551	-2.13311356312891	-0.00613779501419546	-0.00382233362923331	6.74975930901206	0.0354448565156907	0.0211800804076463
2.48081531529551	-2.0649504197566	-0.00576900821780174	-0.00360158915839804	6.88030869362725	0.0383041091406093	0.0229677790163969
2.49081531529551	-1.99556004869853	-0.00537194854086069	-0.00336303792609392	6.995062836416	0.0410928843642596	0.0247367548594091
2.50081531529551	-1.92510451977586	-0.00494751881376766	-0.00310701002160534	7.09321310831348	0.0437714108286753	0.0264583361396501
2.51081531529551	-1.8537535165508	-0.0044970223620841	-0.00283412435542815	7.17404804539689	0.0462995577640915	0.028103537596202
2.52081531529551	-1.78168328767539	-0.00402216067015624	-0.00254528842199299	7.23696846393953	0.0486380228535206	0.0296437462577916
2.53081531529551	-1.70907545656443	-0.00352501918991197	-0.00224169091292621	7.28150058942594	0.0507495078068969	0.0310514599018201
2.54081531529551	-1.63611571188248	-0.00300804164612004	-0.00192478683152659	7.30730668503505	0.0525998357807101	0.0323010421565436
2.55081531529551	-1.56299240608721	-0.00247399364762652	-0.00159627513209825	7.31419274849594	0.0541589654531523	0.0333694560815679
2.56081531529551	-1.48989509305026	-0.00192591684798752	-0.00125806929008674	7.30211295675805	0.0554018607274766	0.0342369383454544
2.57081531529551	-1.41701303833921	-0.00136707527517308	-0.000912261575691995	7.2711706693153	0.056309182307832	0.0348875789544505
2.58081531529551	-1.34453373692282	-0.000800895740948455	-0.000561082129647491	7.2216159450519	0.0568677770397457	0.0353097767489234
2.59081531529551	-1.27264147277518	-0.000230904427070395	-0.000206854202650425	7.1538396746777	0.0570709519663263	0.0354965481802312
2.60081531529551	-1.20151595312179	0.000339338181282332	0.000148052897932317	7.06836457139179	0.0569185314671022	0.0354456756017173
2.61081531529551	-1.13133104700324	0.00090630188287116	0.000501271519580619	6.96583338715777	0.0564167066202121	0.0351596907101569
2.62081531529551	-1.06225365363058	0.00146654887602417	0.000850482403134585	6.84699482316999	0.0555776952366855	0.0346456980753342
2.63081531529551	-0.994442720933887	0.00201679163271016	0.00119345890977078	6.71268767517522	0.0544192382884942	0.0339150521655403
2.64081531529551	-0.92804842907206	0.00255394504520617	0.00152810736856802	6.56382379430936	0.0529639634053898	0.0329829083167624
2.65081531529551	-0.863211547800325	0.00307517168124155	0.00185250240888235	6.40137045172694	0.0512386487336261	0.0318676732883297
2.66081531529551	-0.800062970798688	0.00357791932051093	0.00216491641561386	6.22633267276189	0.0492734209345652	0.030590384190556
2.67081531529551	-0.738723424629529	0.00405995027805694	0.00246384254038012	6.03973605794887	0.0471009198017254	0.0291740456558233
2.68081531529551	-0.679303345148055	0.00451936233245586	0.00274801099776392	5.84261053970292	0.0447554593123076	0.0276429543232628
2.69081531529551	-0.621902910103275	0.00495460135752974	0.00301639865572087	5.63597544132358	0.04227221133218	0.0260220373190969
2.70081531529551	-0.566612213443018	0.0053644659980965	0.0032682321789046	5.42082611589007	0.0396864340503262	0.0243362278206247
2.71081531529551	-0.51351156451194	0.00574810492926912	0.00350298519309087	5.1981223527056	0.0370327628511758	0.0226098964038492
2.72081531529551	-0.462671893887937	0.00610500739406506	0.00372037010214226	4.96877865348827	0.0343445769861876	0.0208663520938475
2.73081531529551	-0.414155246973373	0.00643498782672008	0.00392032530396317	4.73365640356959	0.0316534512531434	0.0191274222209592
2.74081531529551	-0.368015346543468	0.00673816544167052	0.00410299861982227	4.49355789774546	0.0289886980475046	0.0174131156286679
2.75081531529551	-0.324298206132375	0.00701493970415212	0.00426872777602134	4.24922212766393	0.0263770016858294	0.0157413697007806
2.76081531529551	-0.283042777277204	0.00726596260178181	0.00441801876373922	4.00132219815603	0.0238421438580193	0.0141278782216484
2.77081531529551	-0.24428161510974	0.00749210861168199	0.00455152285865895	3.75046421322865	0.0214048164656223	0.0125859943302035
2.78081531529551	-0.208041548462849	0.00769444320916969	0.00467001301383493	3.49718745738133	0.0190825159581201	0.0111267007942644
2.79081531529551	-0.174344342434668	0.00787419069632542	0.00477436025425121	3.24196569287829	0.0168895115898587	0.00975863848699195
2.80081531529551	-0.143207343137617	0.00803270204641482	0.00486551060626786	2.98520939677704	0.0148368787809891	0.00848818322992642
2.81081531529551	-0.114644096078225	0.00817142336759511	0.00494446299551336	2.72726877100785	0.0129325879619323	0.00731956099224477
2.82081531529551	-0.0886649312137946	0.00829186549084181	0.00501224844770901	2.46843737282628	0.0111816388889926	0.00625499170796173
2.83081531529551	-0.0652775091757879	0.00839557508654372	0.00506991083238333	2.20895622990808	0.00958623040604804	0.00529485259333891
2.84081531529551	-0.0444873244154714	0.00848410761532652	0.00511848930245605	1.94901832283998	0.0081459559525515	0.00443785272113232
2.85081531529551	-0.0262981621053089	0.00855900232452432	0.00515900250534203	1.6887733366456	0.00685801573336342	0.00368121165045527
2.86081531529551	-0.0107125065204892	0.008621759414961	0.00519243457484041	1.42833260138591	0.00571743731848722	0.00302083604636811
2.87081531529551	0.0022681006628363	0.00867381942543196	0.00521972285824492	1.16777415912637	0.00471729747639513	0.00245148939012179
2.88081531529551	0.0126427531686729	0.00871654481605311	0.00524174728990142	0.907147910198881	0.00384893920965819	0.00196695103094163
2.89081531529551	0.0204109246372237	0.00875120367750722	0.00525932129048902	0.646480805399969	0.00310217920623157	0.00156016192761571
2.90081531529551	0.0255722651976893	0.00877895545173675	0.00527318404995869	0.385782062368011	0.00246550219918168	0.00122335544889069
2.91081531529551	0.0281264502708999	0.00880083852095798	0.00528399404048148	0.125048393778133	0.00192624000390109	0.00094817253159053
2.92081531529551	0.0280730816888802	0.00881775950581201	0.00529232360299448	-0.13573075785886	0.0014707342439309	0.000725761328503352
2.93081531529551	0.0254116411926603	0.00883048410955472	0.00529865445601455	-0.396567979108438	0.00108448296021577	0.000546862214621141
2.94081531529551	0.0201414963816531	0.00883962935274155	0.00530337398737198	-0.65747263589323	0.000752272405584448	0.000401879664770724
2.95081531529551	0.0122619592153392	0.00884565706104242	0.00530677220751042	-0.918445612369887	0.000458296342499098	0.000280943074826424
2.96081531529551	0.00177239718862797	0.008848868496662	0.0053090392661892	-1.17947403741879	0.000186266075947561	0.000173959079899005
2.97081531529551	-0.0113276027060758	0.00884940006025845	0.00531026346206314	-1.44052600176885	-8.04847467463633e-05	7.06583322350862e-05
2.98081531529551	-0.0270380171765806	0.0088472200340461	0.00531042970600262	-1.70154527500288	-0.000358895865228495	-3.93599576661305e-05
2.99081531529551	-0.0453581170676125	0.00884212638656847	0.00530941843346813	-1.96244604011678	-0.000666071434297156	-0.000166582141978969
3.00081531529551	-0.0662861453437257	0.00883374571386409	0.00530700499804424	-2.22310767390835	-0.00101916076502541	-0.000321529148551989
3.01081531529551	-0.0898189432701249	0.00882153344855446	0.00530285961655064	-2.48336961416418	-0.00143522304018902	-0.000514696509695015
3.02081531529551	-0.115951525924465	0.00880477552553752	0.00529654797499835	-2.74302636925058	-0.00193107035638796	-0.000756481532962081
3.03081531529551	-0.144676608809114	0.00878259174779591	0.00528753264283148	-3.00182274204098	-0.00252308382825405	-0.00105709387840688
3.04081531529551	-0.175984088139969	0.00875394114514406	0.00527517547886858	-3.25944935774572	-0.00322699821866699	-0.00142644611402348
3.05081531529551	-0.20986047837514	0.00871762965881166	0.00525874124425724	-3.51553860359844	-0.00405765168748372	-0.00187402133515931
3.06081531529551	-0.246288311718751	0.00867232051133968	0.00523740266331531	-3.76966110675051	-0.00502869882898547	-0.00240871569408842
3.07081531529551	-0.285245505687047	0.00861654762966835	0.00521024718969793	-4.02132289416339	-0.00615228722981434	-0.00303865472968428
3.08081531529551	-0.326704706340671	0.00854873247461065	0.00517628573991724	-4.26996339357212	-0.00743870033418829	-0.00377098374275154
3.09081531529551	-0.370632616439867	0.00846720458730157	0.00513446364564988	-4.51495444630013	-0.00889597242325397	-0.00461163414310847
3.10081531529551	-0.416989319524802	0.00837022608838865	0.00508367404727875	-4.75560050922489	-0.0105294849215866	-0.00556506968894334
3.11081531529551	-0.465727612700696	0.00825602025547425	0.00502277390077994	-4.9911402227857	-0.0123415568944485	-0.00663401880353756
3.12081531529551	-0.516792362638733	0.0081228041571896	0.00495060269606762	-5.22074951282257	-0.0143310462826987	-0.00781920160442876
3.12211537942769	-0.5235987755983	0.0081039969435129	0.00494033000950673	-5.250119176187	-0.0146025839271937	-0.00798153529625141
3.13211537942769	-0.581618733048138	0.0128255242037112	0.0183563426820599	-6.35170303346518	0.95751554059507	2.68950394104323
3.14211537942769	-0.650574480108084	0.0272095887460735	0.0586540662391476	-7.43978366186219	1.94398490150306	5.24550401042254
3.15211537942769	-0.730676121250917	0.0540291922539519	0.112873198226992	-8.58561869273593	3.48643053645755	5.28106702690082
3.16211537942769	-0.821906877180852	0.096764995848649	0.161838834111943	-9.54957533184443	4.8737249032084	4.53449958524489
3.17211537942769	-0.919030857334711	0.147042368400129	0.204190293479142	-9.77970634265806	5.02460083487429	3.93672186372818
3.18211537942769	-1.01617560353017	0.195111197710167	0.240495504793674	-9.60628651405267	4.52104816893568	3.3209621965985
3.19211537942769	-1.11061949024792	0.236634198370441	0.270620256402136	-9.26810966308973	3.76263365538914	2.70893195568444
3.20211537942769	-1.20142077253389	0.270228672487463	0.294834994299578	-8.89261698649411	2.96000177181	2.14475562610569
3.21211537942769	-1.28856252630052	0.296046289242292	0.313760524900966	-8.54309003534445	2.21894427415365	1.65361570133786
3.21451813317499	-1.30899693899575	0.301181125751567	0.317605607882723	-8.46646864820694	2.05605088008244	1.54765113755384
3.22451813317499	-1.38918590811104	0.315649464481146	0.319614897473067	-7.56325600444034	0.834187721855786	-1.14851424181007
3.23451813317499	-1.46009392781703	0.317804126919981	0.294567147619358	-6.60985924350819	-0.405141386732716	-3.86840651208278
3.24451813317499	-1.52092788468365	0.305784245587195	0.249257820773772	-5.53127383807929	-2.11318258729218	-4.72894992623943
3.25451813317499	-1.57045839980618	0.274472696723967	0.20449800308506	-4.39637061493651	-4.11807451443225	-4.15977363311397
3.26451813317499	-1.61149066716603	0.228030105228457	0.165227136045143	-3.94271195427023	-4.94402399216036	-3.71338897013452
3.27451813317499	-1.65124447224126	0.178821867904805	0.130368348677106	-4.07531941906237	-4.78618780002085	-3.24506683927422
3.28451813317499	-1.69390607061531	0.133826191105952	0.100515572907168	-4.4841686408378	-4.16617863390703	-2.72098942098766
3.29451813317499	-1.74120270019913	0.0960126102319235	0.0759388585380304	-4.97821362264359	-3.38736345752731	-2.19948236770868
3.30451813317499	-1.79338297117994	0.0660339723045386	0.0563611383033777	-5.44794815477487	-2.61903863874737	-1.72668181202231
3.31152832314761	-1.83259571459421	0.0494074685163271	0.0452940042535943	-5.73200772055104	-2.13358241059778	-1.43689254034888
3.32152832314761	-1.88517405454304	0.02316811584507	0.017616952487333	-4.78433852136381	-3.10879638934526	-4.09656625356247
3.33152832314761	-1.92825717280705	-0.0131154043531785	-0.034503377577858	-3.8194722078481	-4.25489259205462	-5.83212898647308
3.34152832314761	-1.9621288371888	-0.0623042191787852	-0.0914703361210363	-3.09860598932907	-5.36061652598702	-5.46430873755796
3.35152832314761	-1.992658370628	-0.116450263445958	-0.142794611963312	-3.09182541116404	-5.33167717899428	-4.77235772739818
3.36152832314761	-2.02510255054106	-0.167053783243952	-0.186643185175078	-3.43110395185633	-4.7299489847732	-3.99504445740076
3.37152832314761	-2.06163571014074	-0.210371440742257	-0.222802516598799	-3.88062447589979	-3.91926947081285	-3.2476654383998
3.38152832314761	-2.10264607348491	-0.245418123351361	-0.251880636626758	-4.3117515825365	-3.09878004825887	-2.58430688038799
3.39152832314761	-2.14760086113813	-0.272642182198168	-0.274834403955986	-4.66324699746733	-2.36481687525579	-2.02401655986314
3.40152832314761	-2.1955697590549	-0.293129607491498	-0.292705634675074	-4.91308979645173	-1.75430432195235	-1.56680313554696
3.41152832314761	-2.24552018452404	-0.308157400263112	-0.306483203602516	-5.060551238422	-1.271982000637	-1.20327867741425
3.42152832314761	-2.29647173779321	-0.318959608722594	-0.317039477344173	-5.11544887360812	-0.906531692387792	-0.920208420681028
3.43152832314761	-2.34756763355774	-0.326617467694669	-0.325108723596469	-5.0919195385122	-0.639851278987332	-0.703572454466071
3.44152832314761	-2.3980986879747	-0.332020121263408	-0.331288181336242	-5.00492641993369	-0.452251621355176	-0.540167933464154
3.45152832314761	-2.44750129079569	-0.335864151938731	-0.336050544454011	-4.86841058880589	-0.325227933373847	-0.418366356855553
3.46152832314761	-2.49534226452769	-0.338672924693675	-0.339761355627516	-4.69443306644254	-0.242774255958895	-0.328382984001456
3.47152832314761	-2.54129835150072	-0.340824339549345	-0.342697570076826	-4.49290593835677	-0.191826842975711	-0.262268098435545
3.48152832314761	-2.58513485400952	-0.34258026615604	-0.345065195610518	-4.27165825695148	-0.162206123909081	-0.213747585635471
3.48938864678603	-2.61799387799149	-0.343798239683562	-0.346626915259923	-4.08786461203334	-0.148850478213745	-0.184767662936616
3.49938864678603	-2.66152384886928	-0.340962772730539	-0.33598358937356	-4.6149155564109	0.713730155682407	2.3115842809008
3.50938864678603	-2.71025338339243	-0.329527777263324	-0.300516633658685	-5.134913517126	1.60184355827313	4.66115905574384
3.51938864678603	-2.764565700732	-0.306811290158655	-0.251541228558677	-5.73870169290249	3.01621479940402	4.81884362619347
3.52938864678603	-2.82488266749801	-0.268972856424146	-0.206659996063418	-6.24435223450868	4.41849149233147	4.16486472806311
3.53938864678603	-2.88703815416209	-0.222547655918202	-0.167568595308711	-6.0942294000711	4.71236920692155	3.65735130726843
3.54938864678603	-2.94546315925129	-0.176878621266331	-0.133627847293497	-5.54745804282441	4.34979035193512	3.12533312526585
3.55938864678603	-2.99743971102226	-0.136470075717997	-0.105097602164008	-4.83327934754735	3.70652269169929	2.58326448008883
3.56938864678603	-3.04201909709683	-0.102964385248884	-0.0818453672649786	-4.08402534999398	2.99484721540147	2.07600804725675
3.57938864678603	-3.0792396726986	-0.076421883280529	-0.0633659362205639	-3.36926125279191	2.32640270638811	1.63164277912849
3.58938864678603	-3.10962340963445	-0.0561222656377158	-0.0489685596369632	-2.71944887642169	1.75094953494192	1.26007838490642
3.59938864678603	-3.13387268023333	-0.0410442387568596	-0.0379265176764573	-2.14244084448596	1.28244900459764	0.9596654373075
3.60938864678603	-3.15270229271463	-0.030131962063991	-0.0295631076093274	-1.6342715680128	0.916054558207962	0.722815154450839
3.61938864678603	-3.16675699451795	-0.0224269079782016	-0.0232911586988961	-1.18571263059166	0.638440648562065	0.539673300261855
3.62938864678603	-3.17657928851786	-0.0171203900607541	-0.0186240962472711	-0.785988354006424	0.433667770132059	0.400223493572468
3.63938864678603	-3.18260479633367	-0.0135625569909612	-0.015171588692681	-0.424716683283796	0.286255303283535	0.295347451680106
3.64938864678603	-3.185171286907	-0.011249701595318	-0.0126280204414061	-0.09279687345885	0.182595887145567	0.217256337155154
3.65938864678603	-3.18453331158526	-0.0098025801377804	-0.0107585901987944	0.217297626986883	0.111432223655209	0.159570586525261
3.66938864678603	-3.18087801754193	-0.00894272730134039	-0.0093856165960982	0.511540759874574	0.0638371535848457	0.117220517556912
3.67938864678603	-3.1743399004052	-0.0084703108437563	-0.00837628812683633	0.794523693457619	0.0329582251027801	0.0862694558564348
3.68938864678603	-3.16501353435223	-0.00824506295954429	-0.00763231788377058	1.06967796318337	0.0136758929460487	0.0637164769646399
3.69938864678603	-3.15296403073331	-0.00817070569743669	-0.00708154056955167	1.33950068442406	0.00225585137092288	0.0473085684079202
3.70938864678603	-3.13823534596973	-0.00818270633065245	-0.00667127938248224	1.60575684785824	-0.00396511626006102	0.0353758329698374
3.71938864678603	-3.12085672597851	-0.00823893519103529	-0.00636322479869003	1.8696489530945	-0.00684423108303714	0.0266941288945611
3.72435187455121	-3.11125360582381	-0.00827457079632378	-0.00623936154262794	2.00000000000074	-0.00744131461674025	0.0233072100697134
