=========================== Parameters =====================================
l1 [m]	l2 [m]	l3 [m]	c1 [m]	c2 [m]	c3 [m]	m1 [kg]	m2 [kg]	m3 [kg]
0.1	0.18	0.4058	0.5	0.1	0.7	0.1564	0.23764	0.1564
============================== Data ========================================
t [s]	th1 [rad]	th2 [rad]	th3 [rad]	th1d [rad/s]	th2d [rad/s]	th3d [rad/s]
0	0	0	0	0	0	0
0.01	-0.00113332219531402	-0.000365225140978453	0.00131392341122366	-0.229585684354897	-0.00928153224166345	0.185188212994729
0.02	-0.00456605240050226	9.67908110581785e-06	0.00340228633149397	-0.454755971594009	0.0826390974370273	0.230533426795542
0.03	-0.0101826598208127	0.00124095493021641	0.00590084874644425	-0.666246647551289	0.161160777957552	0.268100096775478
0.04	-0.0178445773488576	0.00318472719264202	0.00874143711062518	-0.863824735956776	0.225242222282721	0.298816626786419
0.05	-0.0274132984124622	0.0056993307855893	0.0118531584050105	-1.04766812700678	0.275563946035587	0.322131939054447
0.06	-0.0387534267251282	0.00865095595989979	0.0151607243592387	-1.21818640672609	0.312653404016454	0.338127211208304
0.07	-0.0517348822723968	0.0119131056353786	0.0185892946582142	-1.37604046063362	0.337609371750875	0.346611489941762
0.08	-0.0662349497131386	0.0153685687612075	0.0220657769889718	-1.52207397940686	0.351682696978093	0.347543165165956
0.09	-0.0821400108919713	0.0189120345848266	0.0255187311463073	-1.65721818972916	0.35550166321888	0.341864412996106
0.1	-0.0993465684651654	0.0224480765170328	0.0288830105535061	-1.78254329131956	0.350191147380904	0.33014121945561
0.11	-0.11776213769948	0.0258917948252438	0.0321007158916154	-1.89921711850766	0.337261560592443	0.31263307442531
0.12	-0.137305940514127	0.0291710115902918	0.0351197761290426	-2.00840789309563	0.31774336655267	0.290241107145548
0.13	-0.157909095969065	0.0322257650512543	0.037895124902958	-2.11127162691222	0.292389775308922	0.26422184924252
0.14	-0.179514352770784	0.0350053275356981	0.0403922620494124	-2.20901747893584	0.262855976246792	0.234773561872835
0.15	-0.202076075663109	0.0374716318114674	0.0425829473847491	-2.30275956904721	0.230065319373691	0.202889700017549
0.16	-0.225559611599105	0.0395973671936463	0.0444466908312599	-2.39354214217988	0.194789905309016	0.169649946849472
0.17	-0.2499404493619	0.0413637248472988	0.0459723204695982	-2.48237503479862	0.158325155762012	0.135407854020349
0.18	-0.275203539747995	0.0427621911995727	0.0471545798560024	-2.57013545026722	0.121390600767249	0.101040499847524
0.19	-0.301342184481577	0.0437923082347432	0.047995180940803	-2.65760252567235	0.0847183364529741	0.0672465675590894
0.2	-0.328356914859933	0.0444605169642747	0.0485024306915923	-2.74545702149566	0.0491533677728209	0.034415422378353
0.21	-0.356254408770754	0.0447803985118598	0.0486891121335326	-2.83423629141748	0.0151407006070419	0.00321192731818725
0.22	-0.385046177213773	0.0447704483350607	0.0485731541635692	-2.9243722182602	-0.0167419799038375	-0.0260465591264117
0.23	-0.414747389253796	0.0444539391452878	0.0481758415515846	-3.01616261245538	-0.046144000113466	-0.0529744479573054
0.24	-0.445375598033536	0.0438574392088955	0.0475215956684898	-3.1097894961815	-0.0727197200393442	-0.0773728191809431
0.25	-0.476949539319266	0.0430100395670464	0.0466369688974401	-3.20531689077005	-0.0961972137490901	-0.0991439091770593
0.26	-0.509488012221881	0.0419431045631868	0.0455491107038027	-3.30267467005777	-0.116650424745528	-0.117966605498321
0.264245654513217	-0.52359877559831	0.0414312714836469	0.0450329211646768	-3.34453354049943	-0.124319842924046	-0.12515963869128
0.274245654513217	-0.559101480235814	0.036869576712684	0.0507901857070598	-3.75542795316096	-0.784689399418109	1.27170566143211
0.284245654513217	-0.598696624088936	0.0258622316080373	0.070294328563715	-4.16312193769842	-1.40740795994846	2.61645131858184
0.294245654513217	-0.642355932057255	0.00897988950790225	0.102773927416796	-4.56833924330014	-1.95426281990735	3.85961197871855
0.304245654513217	-0.690228077618444	-0.00937817741233615	0.142791069284167	-5.01767356440255	-1.45664509756849	3.82655963644138
0.314245654513217	-0.74275664778899	-0.0186617414709385	0.177470244632095	-5.48665750966396	-0.398765490206871	3.10612993947773
0.324245654513217	-0.799914864275196	-0.0176392821063374	0.205223567223292	-5.94225855985545	0.584094900436005	2.46565833755681
0.334245654513217	-0.861544016637293	-0.00736072909799098	0.227197042046607	-6.38055801197301	1.45348679546854	1.94829721133528
0.344245654513217	-0.927463530296409	0.0110916532133046	0.244539392163249	-6.80010791807896	2.22122525514153	1.53590853725501
0.354245654513217	-0.997478969722067	0.0367676536927096	0.258199859254573	-7.19949544790846	2.90010859866756	1.20893322734033
0.364245654513217	-1.07138107970095	0.0688312374950733	0.268948226386092	-7.57717479930704	3.50018036629886	0.951053095846618
0.374245654513217	-1.14894392175068	0.106527317796852	0.277413962566721	-7.92964586607935	4.01452893331876	0.764338635489241
0.384245654513217	-1.22952789201272	0.146823614970854	0.286415660091011	-8.16421541768223	3.98210248342857	1.07589547434897
0.393900300773976	-1.30899693899575	0.184491683639178	0.298265933859008	-8.28231968487266	3.81406569119607	1.35977417467767
0.403900300773976	-1.39076794852801	0.224949043574924	0.306179308966604	-8.06836181675824	4.27808174428498	0.218406387429312
0.413900300773976	-1.47029230305819	0.27006041002862	0.302552295152761	-7.83283400558907	4.74417341918894	-0.947461991615438
0.423900300773976	-1.54734915022922	0.31982103249558	0.287169183686878	-7.57464769740201	5.20662622277412	-2.13139099080995
0.433900300773976	-1.62170450471446	0.374139751614714	0.259909395739283	-7.29175857338436	5.64427953692868	-3.30924194521886
0.443900300773976	-1.69287621425257	0.428368553167644	0.226118825785836	-6.92902164971885	5.00840863170752	-3.21997529956463
0.453900300773976	-1.76015998558307	0.473087084697314	0.196922203023266	-6.52457125052228	3.93075875292403	-2.61651378744223
0.463900300773976	-1.82331960051903	0.507173763353847	0.17350918584125	-6.10519542998047	2.90020354358135	-2.08490743209284
0.465427830429814	-1.83259571459405	0.511488898972351	0.170379255707948	-6.04001918278479	2.75025348975169	-2.01394129398474
0.475427830429814	-1.89112939726347	0.54034030528069	0.144955456062333	-5.66345082659285	3.01595995991141	-3.06813527375114
0.485427830429814	-1.94579653641662	0.571658924250384	0.109150818802371	-5.26642313591702	3.23647878648895	-4.08150626580471
0.495427830429814	-1.99638419096964	0.604755722669506	0.0636579195171753	-4.84728654299782	3.36171163347262	-4.99378585542853
0.505427830429814	-2.04253178703362	0.635025655065227	0.0139641926897497	-4.37104304848237	2.4586517462685	-4.65988993164358
0.515427830429814	-2.08373132490359	0.652699570780369	-0.0280398019290435	-3.86797506196656	1.08227200655457	-3.74855169462421
0.525427830429814	-2.11988359812085	0.65706896434077	-0.0614965984277483	-3.36220627495478	-0.18543491748707	-2.97100230004732
0.535427830429814	-2.15096992416892	0.649423853530726	-0.0879893242898433	-2.85479852809271	-1.32360804104403	-2.3518196007671
0.545427830429814	-2.17697512944434	0.630951602800715	-0.10895974779451	-2.3461077018707	-2.35460851036745	-1.86154435596379
0.555427830429814	-2.19789154447633	0.60262173297712	-0.125558562145122	-1.83729347988795	-3.29800294624042	-1.47348576415674
0.565427830429814	-2.21372653994873	0.565232839989119	-0.138697532050072	-1.33017026553382	-4.16852439420587	-1.16642937944046
0.575427830429814	-2.22450817375707	0.519457358629623	-0.149100343429735	-0.827036596054744	-4.97683522407283	-0.92378031512264
0.585427830429814	-2.23028938145478	0.465877682376603	-0.157343298488439	-0.330552838808744	-5.73040197111705	-0.732509672414198
0.595427830429814	-2.23115114065655	0.405014818973653	-0.163886943894037	0.15634592012198	-6.43412754073605	-0.582383174765394
0.605427830429814	-2.22720483921216	0.337351448800395	-0.169100928329125	0.630525378505796	-7.09085129732769	-0.46536721303028
0.615427830429814	-2.21859386902463	0.263350334909116	-0.173283535181997	1.08873397284574	-7.70178753515519	-0.375150604699563
0.625427830429814	-2.205526743085	0.183718488398446	-0.1769419456255	1.50317590909036	-8.08613453239209	-0.496516540299699
0.635427830429814	-2.18927433718785	0.104778381922502	-0.185942396204412	1.71747223236685	-7.67003396618224	-1.29057060916122
0.645427830429814	-2.17171251233466	0.0305001729313668	-0.202014474445577	1.76992483524556	-7.18090844624422	-1.88438111737034
0.655427830429814	-2.15434253606802	-0.0387499465827141	-0.222894037349051	1.68231586799441	-6.66226946544847	-2.26062374818052
0.665427830429814	-2.1384184992012	-0.102962794976925	-0.24629907950037	1.4967669724401	-6.25310280464686	-2.3152626006202
0.675427830429814	-2.12440126903404	-0.164989418886544	-0.267674489930893	1.30547020725007	-6.16155145662968	-1.94497957916615
0.685427830429814	-2.11234512738287	-0.226065030236155	-0.285288410036492	1.10390267189974	-6.04184794432528	-1.58902175878147
0.695427830429814	-2.10235606858176	-0.285590098176838	-0.299689209551123	0.892522789840261	-5.85217411671562	-1.30224798075057
0.705427830429814	-2.0945171106442	-0.342911347520923	-0.31153575214732	0.674414074614641	-5.60352374913588	-1.07597055242306
0.715427830429815	-2.08887997458332	-0.397511898079531	-0.321366701430786	0.452637671311825	-5.31021318419771	-0.897170541292984
0.725427830429815	-2.08546758879045	-0.449006892117189	-0.329601574769359	0.229876659366386	-4.98417842676686	-0.755206121713454
0.735427830429815	-2.08427807976487	-0.497118417491484	-0.336565738861866	0.00840874737827096	-4.63491815127167	-0.641831017970248
0.745427830429815	-2.08528874766655	-0.541653103728162	-0.342511980293268	-0.20987393190994	-4.26990840153739	-0.550699327128239
0.755427830429814	-2.08845976291983	-0.582483894385062	-0.347637259864149	-0.423431428078709	-3.89499547732202	-0.47692767786713
0.765427830429814	-2.09373749647332	-0.619535451277348	-0.352095536747047	-0.631037175610557	-3.51472596303458	-0.416749102186294
0.775427830429814	-2.10105745475006	-0.652772544918305	-0.356007545371724	-0.831738329620978	-3.13261470909493	-0.367247424788451
0.785427830429814	-2.11034682550055	-0.682190848980204	-0.35946824919399	-1.02481795447637	-2.75135910647282	-0.326155688085725
0.795427830429814	-2.12152666146306	-0.70780964751687	-0.362552536302163	-1.20976056993354	-2.37300881687861	-0.291703917308203
0.805427830429814	-2.13451373932422	-0.729666052469005	-0.365319588465672	-1.38622172519474	-1.99909939307205	-0.262504312067532
0.815427830429814	-2.14922213525309	-0.747810407759025	-0.36781624938749	-1.55400172915446	-1.63075707377769	-0.237464557876672
0.825427830429814	-2.16556455778375	-0.762302623023559	-0.370079636186968	-1.71302333902111	-1.2687808194299	-0.215722146069897
0.835427830429814	-2.18345347585828	-0.773209234918295	-0.372139176163511	-1.86331303282156	-0.913706519425235	-0.196594350027357
0.845427830429814	-2.20280207563683	-0.780601038166354	-0.37401820449825	-2.004985411756	-0.565857313508312	-0.179539871954168
0.855427830429814	-2.22352507500238	-0.784551163700424	-0.375735224120208	-2.13823025836092	-0.225383147090205	-0.16412921154463
0.865427830429814	-2.24553941999828	-0.785133508999435	-0.37730490353692	-2.26330179059509	0.107707984903993	-0.150021582025528
0.875427830429814	-2.26876488298745	-0.782421447528131	-0.378738869684754	-2.38050968399512	0.433525177962202	-0.136946770272478
0.885427830429814	-2.29312457823937	-0.776486761321907	-0.380046339020694	-2.4902114738997	0.752274625526011	-0.124690756065487
0.895427830429814	-2.31854540697944	-0.767398754260763	-0.381234619834236	-2.5928059914223	1.06424329635713	-0.113084210970479
0.905427830429814	-2.34495844067497	-0.755223514276916	-0.382309511135904	-2.68872752689973	1.36978532864207	-0.101993220434853
0.915427830429814	-2.37229924845482	-0.740023301293648	-0.383275617774741	-2.77844045103811	1.66931037494667	-0.0913117364116765
0.925427830429814	-2.40050817202606	-0.7218560446061	-0.384136597146042	-2.86243405592428	1.96327327480907	-0.0809553890499539
0.935427830429814	-2.42953054921165	-0.700774939079841	-0.384895349611919	-2.94121740506286	2.25216454016678	-0.0708563769538016
0.945427830429814	-2.45931688523915	-0.676828134260901	-0.385554162314949	-3.01531400365056	2.53650122106357	-0.0609592250391448
0.955427830429814	-2.48982296911344	-0.650058514489041	-0.386114814238258	-3.0852561177961	2.81681778175872	-0.0512172534408854
0.965427830429815	-2.52100993106571	-0.620503566428763	-0.386578655127124	-3.15157852796143	3.09365569133928	-0.0415884840587732
0.975427830429815	-2.55284423422152	-0.588195356300724	-0.386946642709105	-3.21481176710651	3.36755482273656	-0.0320349297098159
0.985427830429815	-2.58528353840306	-0.55325938495479	-0.387116814416056	-3.26456310758928	3.56491140871433	0.0537751291440905
0.995427830429815	-2.61781968901629	-0.518321448528089	-0.384595946344573	-3.2307283574578	3.40537594104974	0.451113056583932
0.995481749862135	-2.61799387799149	-0.518137863076159	-0.384571564738323	-3.23036425977079	3.40435048572595	0.453138776423018
1.00548174986214	-2.65056816627081	-0.482998133234534	-0.379707954298749	-3.28411036093502	3.62084178004165	0.522571531492145
1.01548174986214	-2.68366878682254	-0.445781273031144	-0.374053427112315	-3.33566556398156	3.81925608335322	0.612017840866997
1.02548174986214	-2.71727480457701	-0.406683828608185	-0.367386913252551	-3.38521734238151	3.99642243274979	0.725670004116252
1.03548174986214	-2.75136693330074	-0.365934489594372	-0.359445315132165	-3.43290738721305	4.14908782736834	0.867734402274293
1.04548174986214	-2.78592706273945	-0.323794713439381	-0.349923631338972	-3.4788289047365	4.27396224006579	1.04237217558761
1.05548174986214	-2.82080866049136	-0.281569848706286	-0.33740086536651	-3.47943098411356	4.02579970540517	1.61727495763911
1.06548174986214	-2.85534192029817	-0.244754415552935	-0.315988654837155	-3.42603091291999	3.3206769404731	2.68417613710833
1.07548174986214	-2.88936352291839	-0.215048838569296	-0.283800314416413	-3.38153499047254	2.63869495837615	3.7354937064426
1.08548174986214	-2.92307993474795	-0.188880355525901	-0.245112055369788	-3.35397655674681	2.68836225516947	3.86647878618354
1.09548174986214	-2.95614765090422	-0.161165134626654	-0.207166866409453	-3.24361927560024	2.83927868554804	3.7131833163822
1.10548174986214	-2.98764643890256	-0.132419309898595	-0.170990150775898	-3.04149265570043	2.89207623901032	3.51834289729101
1.11548174986214	-3.01670898492976	-0.103584220434116	-0.13695540474244	-2.7579780930188	2.85571185183931	3.28963587985745
1.12548174986214	-3.04257882082735	-0.0754955202182374	-0.105367193903828	-2.40523338143981	2.74822760609643	3.02621536483704
1.13548174986214	-3.06462279600248	-0.0488298054905475	-0.076507612228128	-1.99507895636659	2.57566239413205	2.74221125868325
1.14548174986214	-3.08233106652608	-0.0241524785356894	-0.0505744464251564	-1.5401095097538	2.35193650360642	2.44286166413796
1.15548174986214	-3.09531917863277	-0.00189193796346582	-0.0277117239515032	-1.05451553077926	2.10585906179502	2.11687546624461
1.16548174986214	-3.1034180208269	0.0181958855131572	-0.00854175475509074	-0.564908496037697	1.90844703576347	1.72082142526302
1.17548174986214	-3.10660587862249	0.0361053587517482	0.00690851156202236	-0.0720492064092656	1.66355831199567	1.38102888380049
1.18548174986214	-3.10484776359808	0.0512838131634014	0.0192973085030761	0.42418563943529	1.36367284176426	1.10680783455305
1.19548174986214	-3.09811292780739	0.0632255663634395	0.0292268753093012	0.923191128909751	1.01783772841354	0.887216573439117
1.20548174986214	-3.08637665945124	0.0715173222112975	0.0371873605568987	1.42438213589996	0.634992193435775	0.711386598862908
1.21548174986214	-3.0696545246467	0.0760677568571042	0.0433208653140888	1.91435443338723	0.304139218674459	0.487852948217742
1.21729942306839	-3.0660968764636	0.0765762514409988	0.0441626312228926	2.00000000000039	0.255489594125385	0.438458609637819
1.22729942306839	-3.04380292329362	0.0778463538209128	0.0472305548587658	2.45374227548029	0.00226401165008784	0.179353191637571
1.23729942306839	-3.01712922232378	0.0766981447392915	0.0478426843154187	2.8753445609089	-0.227790740127341	-0.0521293479428454
1.24729942306839	-2.98641397087296	0.0733776186345145	0.046286271009575	3.26159492062144	-0.431712548342124	-0.254186338864013
1.25729942306839	-2.95202277416638	0.0681587328409566	0.0428602475098901	3.61023269519998	-0.607102001462937	-0.426002048805643
1.26729942306839	-2.91433917285487	0.0613348550829361	0.0378691710024982	3.91991595918252	-0.75239084415356	-0.567352959781307
1.27729942306839	-2.87375568733846	0.0532098174783237	0.0316184625618023	4.19014707795645	-0.8666177240564	-0.678781044058147
1.28729942306839	-2.83066586684191	0.0440942380198633	0.0244044492115549	4.42134258104136	-0.951151563145881	-0.759499665818818
1.29729942306839	-2.78545592595663	0.0342878676972211	0.0165216391228565	4.61441360020004	-1.00513986764424	-0.812561531059968
1.30729942306839	-2.73849886857243	0.0240848702309634	0.00824457561336979	4.77106952374945	-1.03044910641836	-0.839003684809263
1.31729942306839	-2.69014818392435	0.0137630962346647	-0.000170386293439495	4.89356292711865	-1.02942710850316	-0.840298073578299
1.32729942306839	-2.6407327191409	0.00357759196896157	-0.00848670456035445	4.98454128733721	-1.0041151478292	-0.819106584426069
1.33729942306839	-2.59055276545453	-0.00624179166870585	-0.0164923738457849	5.0470015044946	-0.956832298947614	-0.778433874636993
1.34729942306839	-2.53987702459433	-0.0154930473076755	-0.0240026365260716	5.08420556106103	-0.89026039059139	-0.72135332028367
1.35729942306839	-2.488940767019	-0.0240009164530214	-0.0308652671213789	5.09969116949071	-0.80873259654923	-0.649337648532816
1.36729942306839	-2.43794403786245	-0.0316264122288744	-0.0369518184222408	5.0969091157788	-0.714607263376647	-0.566295466426712
1.37729942306839	-2.3870518716193	-0.0382607198511109	-0.0421653476089844	5.0793526539878	-0.61096734521668	-0.475281352171207
1.38729942306839	-2.33639470980529	-0.0438261730911065	-0.0464384080459355	5.05043701523736	-0.500974274530488	-0.37909989038645
1.39729942306839	-2.28606967298741	-0.0482748336917113	-0.04973244557969	5.01344393989775	-0.387965993761406	-0.280062651422182
1.40729942306839	-2.23614232104112	-0.0515884060486585	-0.0520344366775267	4.97141209030567	-0.274749071334984	-0.18069673632974
1.41729942306839	-2.18664905001043	-0.0537764853631628	-0.0533544281315085	4.9270751607256	-0.163406075329993	-0.0838734596751658
1.42729942306839	-2.13760020741884	-0.0548711004587193	-0.0537265100216452	4.88291725193238	-0.0565199641700195	0.00868824223836
1.43729942306839	-2.08898312195071	-0.0549268693295287	-0.0532026046756455	4.84104278162228	0.0441126281376169	0.0949892102363467
1.44729942306839	-2.04076580953371	-0.0540158884171459	-0.05185185174063	4.80322036671526	0.13661740252911	0.173793754029526
1.45729942306839	-1.99290060842772	-0.0522259288140514	-0.049755828647546	4.77082195177527	0.219645013806423	0.243955825714306
1.46729942306839	-1.94532803586581	-0.0496571105393139	-0.0470053661371574	4.74481796676031	0.292358677389684	0.304441323509629
1.47729942306839	-1.89798076869706	-0.046417087264973	-0.0436991044072987	4.72583001758643	0.353788235160942	0.355068526940469
1.48729942306839	-1.85078730286881	-0.0426195371449196	-0.0399383692327881	4.71408556297613	0.403568785661981	0.395627228435022
1.49729942306839	-1.80367558399099	-0.0383809240668373	-0.0358243802807982	4.70944201837983	0.441888484868912	0.425899852759724
1.50729942306839	-1.75657644571307	-0.0338166332785828	-0.0314566473471797	4.71144549728577	0.469088019571872	0.446073043464949
1.51729942306839	-1.7094267512268	-0.0290368731503847	-0.026932227129188	4.7194124539911	0.48505148020708	0.457379621390669
1.52729942306839	-1.66217173707976	-0.024148071381231	-0.022339296777662	4.73234687264371	0.490810564018077	0.460164108675392
1.53729942306839	-1.61476737565796	-0.0192484161388493	-0.0177583004503098	4.74906549084361	0.487499189887674	0.455014355166224
1.54729942306839	-1.5671821395743	-0.0144251778456126	-0.0132618581022395	4.76827997640718	0.475900218382083	0.44320260095958
1.55729942306839	-1.51939807221509	-0.00975483154880607	-0.00891227933538628	4.78860157067854	0.457012259641017	0.425942331641766
1.56729942306839	-1.47141136763071	-0.00530332276838993	-0.00475976285463468	4.80855389340304	0.432499137160717	0.403783018265068
1.57729942306839	-1.42323277720404	-0.00112257039703455	-0.000845780374660554	4.82672021010455	0.403356630851323	0.378076914607705
1.58729942306839	-1.37488722394097	0.00274830957531477	0.00279825190892524	4.84174475842264	0.370429308792862	0.350306572034974
1.59729942306839	-1.32641288222409	0.00627985929761679	0.00615383881101331	4.85227764124907	0.335596237399893	0.320645247514922
1.60729942306839	-1.27786047659576	0.00945628581134714	0.00920938260186968	4.85715879179502	0.299769552449467	0.290223377597025
1.61729942306839	-1.22929177130162	0.0122724570717464	0.0119617960400384	4.85537402142141	0.26377699739518	0.26006096668716
1.62729942306839	-1.18077799488971	0.0147327528031337	0.0144155756918231	4.84607211646673	0.228364686285819	0.231031329312876
1.63729942306839	-1.13239797794886	0.0168479880868344	0.0165838374399761	4.82851683723286	0.194961313099142	0.202952922139228
1.64729942306839	-1.08423671358827	0.0186388137966206	0.0184816763170279	4.80224825982212	0.163638561181822	0.176942997761677
1.65729942306839	-1.03638319133466	0.0201299151274545	0.0201301268021317	4.76693751867307	0.134985766199322	0.153241917753379
1.66729942306839	-0.988928736636576	0.0213502780302667	0.0215531162946547	4.72243520124166	0.10939943740804	0.132043990853025
1.67729942306839	-0.941965270993344	0.0223313336132841	0.0227769862063308	4.66874392968656	0.0873031317781157	0.113256920009915
1.68729942306839	-0.895583868187029	0.0231073374096179	0.023827599344925	4.60605782579844	0.0684527294679377	0.0973278406088526
1.69729942306839	-0.849873155591338	0.0237117668363504	0.0247322901383629	4.53466469634591	0.0529928859708246	0.084043512803765
1.70729942306839	-0.804918218486178	0.0241779589740123	0.0255171704402471	4.45498106254339	0.0407633512880643	0.0733630934654992
1.71729942306839	-0.760799521910977	0.0245375308550033	0.0262073006118773	4.36750835876772	0.0316178251851016	0.0650787687385636
1.72729942306839	-0.717592115347184	0.0248199540577725	0.0268258291792868	4.27282157850387	0.0253179008440094	0.0589697499569482
1.73729942306839	-0.67536502996235	0.0250521117397379	0.027393462434532	4.17155250549465	0.0215028550241957	0.0548678763779009
1.74729942306839	-0.634180830331389	0.0252574320556999	0.0279287255845622	4.06435490061295	0.0199064423457253	0.052435433314606
1.75729942306839	-0.594095431717508	0.0254562162425476	0.0284471185629526	3.95190559945996	0.0201245684765877	0.0514616163479931
1.76729942306839	-0.555158002822289	0.025664990648659	0.0289616631691804	3.83487091754335	0.0218564170229471	0.0516072856556958
1.77729942306839	-0.517411097452932	0.0258970122344604	0.0294823395230392	3.71390909542026	0.0247017939382239	0.0526612099998109
1.78729942306839	-0.480890838955887	0.0261618774264567	0.0300167591040108	3.58964208717081	0.0283838538520956	0.0542997245116468
1.79729942306839	-0.445627288432891	0.0264662176911537	0.030569739460146	3.46266249115961	0.0325418675605411	0.0563415334671622
1.80729942306839	-0.411644825868431	0.0268135265415666	0.0311440142190082	3.33351191946307	0.0369220823996982	0.0585375500215927
1.81729942306839	-0.378962643132267	0.0272046629942144	0.0317402542393247	3.20268203215086	0.0412992426449233	0.0606698350317899
1.82729942306839	-0.347595282204267	0.027638414186785	0.032357084374672	3.07061834688476	0.0453856399365931	0.0626620168526784
1.83729942306839	-0.317553135088321	0.0281112554306748	0.0329920665119476	2.93769878469431	0.0490898305633351	0.0642816085703297
1.84729942306839	-0.288843047337911	0.0286183465244591	0.0336412607834888	2.80425419598563	0.0522483918533044	0.0654509728623092
1.85729942306839	-0.261468854360256	0.0291537271150088	0.0342997040789677	2.67056405564608	0.0546964624019124	0.0661634864919221
1.86729942306839	-0.23543187743065	0.0297102020133573	0.0349622190981971	2.53684353471205	0.0564635715701291	0.0662528103007466
1.87729942306839	-0.210731483029315	0.0302803786722622	0.0356228446383207	2.40327006696645	0.057466825886598	0.0657436499022449
1.88729942306839	-0.187365527595885	0.0308566474946597	0.0362754361943908	2.26997674776615	0.0576431659104457	0.0646924866539536
1.89729942306839	-0.165330756976961	0.0314310665097201	0.0369143148302274	2.13704411425836	0.0571083134475248	0.0629967141774909
1.90729942306839	-0.144623246313238	0.0319963102578342	0.0375336146419698	2.00452837758909	0.0558457214350718	0.0607483088700012
1.91729942306839	-0.125238708208072	0.0325454789726173	0.0381278805858403	1.87245350732659	0.0538669072529412	0.0580408328362288
1.92729942306839	-0.107172761320547	0.033071968194176	0.0386925255506908	1.74080650667637	0.051330437742101	0.0548244412463534
1.93729942306839	-0.0904212243052232	0.0335702383657001	0.0392231746921766	1.60956337073329	0.0482611622251338	0.0512245868344753
1.94729942306839	-0.0749802842320811	0.0340355097578092	0.0397161891095537	1.47868061947971	0.0447143755399385	0.0473452456672813
1.95729942306839	-0.0608466375089045	0.0344636251178732	0.0401689330912352	1.34809313073321	0.040855030573355	0.0431711079370133
1.96729942306839	-0.048017647511587	0.0348516231218452	0.0405791601057949	1.21773601155308	0.0367210293765024	0.0388365900055802
1.97729942306839	-0.036491392589016	0.0351973411463173	0.0409454729772559	1.08753504034328	0.0323906042019344	0.0344269545453982
1.98729942306839	-0.0262667072021363	0.0354993383698088	0.0412673676913015	0.957408032450401	0.0280034420127986	0.0299496273210082
1.99729942306839	-0.0173432278599942	0.035757249728258	0.0415447386762549	0.827280657828142	0.0235896507685185	0.0255289375729099
2.00729942306839	-0.00972135237790001	0.0359713336690884	0.0417782867504581	0.697075887103626	0.0192367836375874	0.0212095537817328
2.01729942306839	-0.00340221673485336	0.0361425269751077	0.0419693129381776	0.566720193929909	0.0150349340937931	0.0170178324628231
2.02729942306839	0.00161234361740835	0.0362725350815799	0.0421194508156395	0.436150914457711	0.0110027024147036	0.0130459282412597
2.03729942306839	0.00531988491358211	0.0363634337379514	0.0422309513692783	0.305307434136035	0.00721938213498394	0.00929735685383399
2.04729942306839	0.00771741494833272	0.0364178399249872	0.0423062980904842	0.174140969149782	0.00371214326230289	0.00581711394019188
2.05729942306839	0.00880149287739135	0.0364386880667973	0.0423482755173156	0.0426111599597116	0.000511335736003839	0.00262732567898737
2.06729942306839	0.00856832443989942	0.0364291628112844	0.0423598558667217	-0.0893124145832477	-0.00236089794194737	-0.000259379071970873
2.07729942306839	0.00701386412627216	0.0363926120133389	0.0423441121055177	-0.221649637647725	-0.00489255468754245	-0.00283711093872568
2.08729942306839	0.00413392102649142	0.0363324600056289	0.0423041373786522	-0.354409529307886	-0.0070821862574312	-0.00510542299047773
2.09729942306839	-7.57319789478709e-05	0.0362521061517853	0.0422429910250202	-0.487590704744377	-0.008930829384309	-0.0070776052814001
2.10729942306839	-0.00561925326131588	0.0361548938171109	0.0421635744130052	-0.621179817725498	-0.0104614756883346	-0.0087568465173567
2.11729942306839	-0.0125006170463711	0.0360439437199251	0.0420686777696397	-0.755154776072142	-0.0116775786557363	-0.0101829270058169
2.12729942306839	-0.02072351691487	0.0359222284741551	0.0419607617802287	-0.889480320407744	-0.01262154450801	-0.0113628652573767
2.13729942306839	-0.030291249571795	0.0357923750906079	0.0418420706958236	-1.02411285225857	-0.0133135598077452	-0.0123402369229783
2.14729942306839	-0.0412066174625037	0.0356566970381708	0.0417144954016641	-1.15899799317975	-0.0137851450938411	-0.0131546142699655
2.15729942306839	-0.0534718301832289	0.0355171906087695	0.0415794946014397	-1.2940695931364	-0.0140939924780482	-0.0138226908788136
2.16729942306839	-0.0670883929029688	0.0353753431026702	0.0414382509161197	-1.42925518880987	-0.0142549606017938	-0.0144166333775545
2.17729942306839	-0.0820570263611063	0.0352323334228899	0.0412913883649394	-1.56446880042286	-0.0143354273814673	-0.0149518864022818
2.18729942306839	-0.098377555960527	0.035088813613931	0.0411391919185255	-1.69961774479815	-0.0143683232842475	-0.0154864288104966
2.19729942306839	-0.116048825592037	0.0349449984366433	0.0409814853776006	-1.83459953571064	-0.0143936979210552	-0.0160710519699653
2.20729942306839	-0.135068609196802	0.0348007128817626	0.040817572959524	-1.96930037527987	-0.0144793639502687	-0.0167239685048364
2.21729942306839	-0.155433504670836	0.0346552019899535	0.0406464705886134	-2.10360165739564	-0.0146372261170943	-0.0175264557566413
2.22729942306839	-0.177138865952432	0.0345074284485883	0.0404665850580289	-2.2373706189733	-0.0149454024508809	-0.0184799556486082
2.23729942306839	-0.200178690252697	0.0343557819307371	0.0402760876953696	-2.37047051357856	-0.0154166412047426	-0.0196574415149876
2.24729942306839	-0.224545549391624	0.0341983551139318	0.0400726427482352	-2.50275232732224	-0.0161065844955381	-0.021076754674102
2.25729942306839	-0.250230490940033	0.0340328200373044	0.0398536099318167	-2.6340598054906	-0.0170492716206777	-0.0227743524499083
2.26729942306839	-0.277222953214526	0.0338564756749318	0.0396160584517036	-2.76422901948956	-0.0182639070558744	-0.0247965037892563
2.27729942306839	-0.305510690394862	0.0336664120027903	0.0393566551314704	-2.8930842717394	-0.0198096800089622	-0.0271348508343939
2.28729942306839	-0.335079668257307	0.0334592746584336	0.0390720238557948	-3.02044729939449	-0.0216684681479023	-0.0298616338981371
2.29729942306839	-0.365914013750398	0.0332317006810615	0.0387583344974262	-3.14612458749197	-0.023912753641838	-0.0329342749476481
2.30729942306839	-0.39799590191165	0.0329799060465484	0.0384118818083962	-3.26992273195594	-0.026510092386514	-0.0364214945306141
2.31729942306839	-0.431305514134059	0.032700152959729	0.0380286501025768	-3.39163505702213	-0.0295021937249997	-0.0402951216867763
2.32729942306839	-0.465820949279128	0.032388546491416	0.0376046603000725	-3.51105044074089	-0.0328967129590325	-0.0445551366205583
2.33729942306839	-0.501518157300493	0.0320410527039694	0.0371360640827935	-3.62795502701074	-0.0366528680117871	-0.0492460136662501
2.34332805716564	-0.523598775598398	0.0318126615093639	0.0368302781118698	-3.69712359280632	-0.0391267847581884	-0.052236185615836
2.35332805716564	-0.562629809809065	0.0280905022967869	0.0433427084373324	-4.10844717206648	-0.70152124355464	1.34920886736888
2.36332805716564	-0.605756002306396	0.0179196680653913	0.063625105168007	-4.51626821567827	-1.32244715783988	2.69352190696128
2.37332805716564	-0.652946527198709	0.00192316029948921	0.0968380019991702	-4.92162332592777	-1.85628032706177	3.92209743404462
2.38332805716564	-0.704358128234809	-0.0152071104067809	0.13718184917205	-5.37136182270039	-1.32456639119474	3.84794500526085
2.39332805716564	-0.760415237992688	-0.023129726514605	0.172021543303058	-5.83845545685314	-0.259884150397281	3.11811854611424
2.40332805716564	-0.821076946543785	-0.0207024802402606	0.199864036315144	-6.29096136167237	0.725694476781827	2.47184688290889
2.41332805716564	-0.886172459770332	-0.0090080834597182	0.221880917020004	-6.72491918396158	1.59468381143767	1.95097910810918
2.42332805716564	-0.955508429140658	0.0108431696237534	0.23923913601891	-7.13881593516011	2.35945139717291	1.53653450715997
2.43332805716564	-1.02887693307977	0.037876400688916	0.252900354081797	-7.53116641728152	3.03298229005366	1.20855983700441
2.44332805716564	-1.10605458361131	0.0712324567938134	0.263643363359162	-7.90036990898064	3.62545700824682	0.950436122812576
2.45332805716564	-1.18679077873159	0.110059298778414	0.272182916260508	-8.23391099855737	4.06557470829385	0.831215532112891
2.46332805716564	-1.27023257878236	0.150350190037068	0.282213873844354	-8.43431998736318	3.96264795568242	1.17770488787088
2.46790827139867	-1.30899693899575	0.168320653280824	0.287926536084119	-8.48895404877981	3.88293343074876	1.31222181688742
2.47790827139867	-1.39283892486176	0.20967766843333	0.295117165624165	-8.27576281608826	4.38894896672295	0.121444243034464
2.48790827139867	-1.47443685487819	0.256098432292332	0.290279437038684	-8.03995988016029	4.89453346626628	-1.09207893718341
2.49790827139867	-1.55355853789456	0.307538185326985	0.273232480498945	-7.78026496905707	5.39083728092743	-2.31828113728874
2.50790827139867	-1.62994436903621	0.363601437499092	0.244206713664687	-7.48564271573613	5.68759883784164	-3.32989483385864
2.51790827139867	-1.70294653350756	0.41657172043778	0.212230739079301	-7.10649697279751	4.8113573181006	-2.95412446040828
2.52790827139867	-1.77198633945625	0.459348634603903	0.185642126533165	-6.698673052489	3.74955605000914	-2.37308847613784
2.53722851753584	-1.83259571459405	0.48991101747998	0.165716669738563	-6.30528363936277	2.82015639304908	-1.9186212428758
2.54722851753584	-1.89377767329416	0.519535657840498	0.141149072925143	-5.92773879298959	3.10025774179913	-2.99173915737892
2.55722851753584	-1.95108021115841	0.551755592082662	0.106028843019945	-5.52910952217963	3.33175394103395	-4.02023402711473
2.56722851753584	-2.00428406185263	0.585840264706617	0.0610958927904601	-5.10776139303619	3.4637786636673	-4.94283047757202
2.57722851753584	-2.05303030537526	0.617365320893321	0.0116111269822763	-4.62963895395688	2.59660838275088	-4.65584653551481
2.58722851753584	-2.09679581400305	0.636423249125163	-0.0303763844521584	-4.12245266020791	1.220035694558	-3.74801532161934
2.59722851753584	-2.13546992792447	0.642149705213843	-0.0638217148330365	-3.61204194376404	-0.0519612735644875	-2.96901908327721
2.60722851753584	-2.16903052519222	0.635823096211595	-0.0902932412961462	-3.0997774522628	-1.19353560759293	-2.34933706794941
2.61722851753584	-2.19746064050132	0.618638932912037	-0.111240664353893	-2.58608131048059	-2.22722224677235	-1.85918157382271
2.62722851753584	-2.22075137314573	0.591573106173611	-0.127819571192295	-2.07216133444109	-3.17273497772011	-1.47162187055089
2.63722851753584	-2.23890925629348	0.555429146665281	-0.140944506813492	-1.55986257767278	-4.04494581464549	-1.16526097113667
2.64722851753584	-2.25196172456102	0.510883058573919	-0.151340366944496	-1.05149538800321	-4.85465832458523	-0.923363364266533
2.65722851753584	-2.25996110925046	0.458519396278755	-0.159583480982704	-0.549711867774874	-5.60948397842618	-0.732798581702949
2.66722851753584	-2.26298759704258	0.398859835291222	-0.166133566690261	-0.0574180129932268	-6.31448079708872	-0.583260580527931
2.67722851753584	-2.26115139135759	0.332386106174512	-0.171358844550149	0.422301223569702	-6.97265657537501	-0.466666879452876
2.68722851753584	-2.25459411413536	0.25955827331879	-0.175555774227122	0.886261412287578	-7.58540507185002	-0.376677049701492
2.69722851753584	-2.24351181242273	0.181004523546113	-0.1791513001762	1.31206150811363	-8.00880547201938	-0.46015305916141
2.70722851753584	-2.22909122974548	0.102702939313416	-0.187718059163701	1.54184861344108	-7.61324644145505	-1.24786296321876
2.71722851753584	-2.21320982498928	0.0289436058525544	-0.203398942399367	1.60955698375458	-7.13424076925391	-1.84864246251883
2.72722851753584	-2.19736684196609	-0.0398813664620224	-0.223969393248216	1.537426139554	-6.62627112874355	-2.23177038521992
2.73722851753584	-2.18283516970922	-0.10364983417938	-0.247261863129914	1.36114359445834	-6.19120899889341	-2.32962251805621
2.74722851753584	-2.17013895627411	-0.165017154354431	-0.268862117663119	1.177195088714	-6.09631689504041	-1.97002934440226
2.75722851753584	-2.1593242157034	-0.22548457562534	-0.286709897233911	0.983971884649621	-5.98581660791097	-1.61040966747954
2.76722851753584	-2.15049113769016	-0.284500415730953	-0.301302934787733	0.781306579986901	-5.80632093726472	-1.31946039351887
2.77722851753584	-2.14371955642699	-0.341413353115868	-0.313304135913553	0.572201198254445	-5.56768526554727	-1.08982659155782
2.78722851753584	-2.13905840989068	-0.395704921305341	-0.323260168831659	0.359696350269767	-5.28424705121702	-0.90843878646639
2.79722851753584	-2.13652801736862	-0.44698955727347	-0.331597264429441	0.146460126800543	-4.96808238464139	-0.764465253627121
2.80722851753584	-2.13612406062854	-0.494989873348978	-0.338645815897278	-0.0652476973922894	-4.62879487905721	-0.64951313553905
2.81722851753584	-2.13782158794789	-0.5395139199948	-0.34466235555571	-0.273555592707713	-4.27393551887398	-0.557126112668422
2.82722851753584	-2.14157873574625	-0.580436686518236	-0.349846632980119	-0.476946531242215	-3.90940134086265	-0.482338873974042
2.83722851753584	-2.14734008018376	-0.617685288604091	-0.354354690740495	-0.674218810130284	-3.53977043493998	-0.421324502328617
2.84722851753584	-2.15503958949782	-0.651227187221111	-0.358308834496452	-0.864445976915548	-3.16857397473463	-0.371123685280832
2.85722851753584	-2.16460318297771	-0.681060848097138	-0.361805233847747	-1.0469385765943	-2.79851377228989	-0.32943906593263
2.86722851753584	-2.17595092320106	-0.707208343620946	-0.364919728852253	-1.22120923224737	-2.43163467914769	-0.294479821862958
2.87722851753584	-2.18899887884237	-0.729709489259935	-0.367712281758969	-1.38694174143143	-2.06946039565506	-0.26484437637374
2.88722851753584	-2.20366069927226	-0.748617186483022	-0.370230406019627	-1.54396433006203	-1.71310006949298	-0.239431788588897
2.89722851753584	-2.2198489418036	-0.763993711756648	-0.372511821589538	-1.69222687956769	-1.36333182173076	-0.217374593182416
2.90722851753584	-2.2374761896125	-0.775907746690798	-0.374586522498561	-1.83178176600782	-1.02066818421747	-0.197987643807389
2.91722851753584	-2.25645599428529	-0.784431989103114	-0.376478395440861	-1.96276786988862	-0.685407429213516	-0.180728900013347
2.92722851753584	-2.27670367239137	-0.789641220270533	-0.378206493037293	-2.08539729520177	-0.357673937496219	-0.165169150247888
2.93722851753584	-2.29813698091672	-0.791610731603926	-0.379786039475356	-2.19994435041073	-0.0374500763981638	-0.150968450415073
2.94722851753584	-2.32067669207135	-0.790415035917733	-0.381229227078813	-2.30673637635794	0.275398475478385	-0.13785763884671
2.95722851753584	-2.34424708403077	-0.786126805658461	-0.382545848208497	-2.40614604620639	0.58110243806283	-0.125623714952264
2.96722851753584	-2.36877636063254	-0.778815993957234	-0.383743796406673	-2.4985848044741	0.879972478919751	-0.114098180430778
2.97722851753584	-2.39419700992299	-0.768549105024999	-0.384829462883092	-2.58449715243384	1.17238565533505	-0.103147669636798
2.98722851753584	-2.42044610870818	-0.755388588877538	-0.385808048583729	-2.66435552366275	1.45877399352252	-0.0926663626419783
2.99722851753584	-2.4474655778641	-0.739392342177904	-0.386683807665238	-2.73865552529766	1.7396145941075	-0.0825697977699552
3.00722851753584	-2.47520239105374	-0.720613302517782	-0.387460234847296	-2.80791134711923	2.01542076282252	-0.0727897922974265
3.01722851753584	-2.50360873763084	-0.699099128037579	-0.388140206565331	-2.87265116186234	2.28673374782969	-0.063270249552276
3.02722851753584	-2.5326421388291	-0.674891958148264	-0.388726083907649	-2.93341235633841	2.55411472654021	-0.0539636842457452
3.03722851753584	-2.56226551479283	-0.648028254450086	-0.389219783859043	-2.99073644454539	2.81813673034906	-0.0448283402186154
3.04722851753584	-2.59244719921214	-0.61853871276599	-0.389622837526102	-3.04516339773784	3.07937412037104	-0.0358232978860647
3.05555794020821	-2.61799387799156	-0.59198930541597	-0.38989020486119	-3.08867050916243	3.29525461117127	-0.0283937177957602
3.06555794020821	-2.64913034145529	-0.55781667604358	-0.390047520820876	-3.13826946394228	3.53781101065174	-0.001638273324404
3.07555794020821	-2.68075270405151	-0.521266763017877	-0.389887990062278	-3.1858981646997	3.77025905752631	0.0356151381959391
3.08555794020821	-2.71284262991927	-0.482454486013024	-0.389287240083441	-3.23182288202495	3.98980373966628	0.0872665547268692
3.09555794020821	-2.74538422208189	-0.441523594847284	-0.388081222389775	-3.27626397552741	4.19346971781027	0.157353941450823
3.10555794020821	-2.77836353137435	-0.398648583132131	-0.386064768508892	-3.31938976477616	4.37808133783331	0.250064046077449
3.11555794020821	-2.81176801266263	-0.354036731436764	-0.382990107491661	-3.36131217223021	4.54025750105146	0.369728475735057
3.12555794020821	-2.84554636769763	-0.308232526283897	-0.378245931401802	-3.38020682790259	4.50922009714505	0.697479549771178
3.13555794020821	-2.87906305974092	-0.266299739464572	-0.366439736874998	-3.31741311002034	3.8277843546918	1.71707590601578
3.14555794020821	-2.91188795482954	-0.231875455273846	-0.343668003891881	-3.25015862573754	3.06836937757945	2.82698323234388
3.15555794020821	-2.94413658854745	-0.20457481549263	-0.310241135549269	-3.20347748654928	2.41259265077244	3.83828666491192
3.16555794020821	-2.97607161438145	-0.181800319987637	-0.269063618419604	-3.18522846519007	2.31877410682978	4.17106715981716
3.17555794020821	-3.00760377560835	-0.157421895113459	-0.228267519400821	-3.10527277579282	2.54319396346167	3.97662717265053
3.18555794020821	-3.03786583938851	-0.131283645638888	-0.189652828902786	-2.93232589127952	2.66729620700186	3.74136131945358
3.19555794020821	-3.06597016735999	-0.104417390645692	-0.153511383180563	-2.67572222919664	2.69327065672512	3.47987856932399
3.20555794020821	-3.09113622055267	-0.077739675971174	-0.120085032941669	-2.34677377918719	2.63355988788707	3.1970893089439
3.21555794020821	-3.11270180859487	-0.0520240072138676	-0.0895812724758779	-1.95743172266488	2.50001828703152	2.89981102186758
3.22555794020821	-3.13012600145814	-0.0279229005692533	-0.0621396936552498	-1.52049961209357	2.31230299020479	2.58621145043211
3.23555794020821	-3.14299234044118	-0.00593176561480622	-0.0378738694216772	-1.04782467427805	2.07994815848029	2.26577635707212
3.24555794020821	-3.15102000269234	0.0136950704745337	-0.0169610550617312	-0.557750088473203	1.85885962579146	1.89951558635162
3.25555794020821	-3.1541426762071	0.0312250389957292	0.000136881707791532	-0.0662667295068103	1.63925403347066	1.52947760393319
3.26555794020821	-3.1523334591162	0.0462854536651085	0.0138616529038989	0.428662655054849	1.36371705134859	1.22637720370109
3.27555794020821	-3.14555934618024	0.0583334853283905	0.0248624829614502	0.926618808379556	1.03834947641285	0.982767190233322
3.28555794020821	-3.13379277404003	0.0669161423890887	0.0336787787010186	1.42706255512111	0.672136376508633	0.787642229085481
3.29555794020821	-3.11706874905487	0.072039318728495	0.0403648887764577	1.91284022841713	0.370741918579724	0.534772929974986
3.29741339240478	-3.11343856164441	0.0726814657184343	0.0413103794960793	2.00000000000072	0.321644210718512	0.484378587625142
3.30741339240478	-3.09114692383754	0.0746161719188749	0.0448457178177557	2.45362010627586	0.0687470088940204	0.226709755631014
3.31741339240478	-3.06446669171933	0.0741264845690018	0.0459348671399917	2.87708100409471	-0.16272961665078	-0.00438742098308011
3.32741339240478	-3.03371725827769	0.0714443885596743	0.044851874395234	3.26697921198101	-0.369287493159702	-0.207454602221486
3.33741339240478	-2.99924719869509	0.0668320432551031	0.0418828486911587	3.62087510679612	-0.548413263397532	-0.3814966910659
3.34741339240478	-2.96142492596585	0.0605725072714266	0.0373210645827635	3.93723340765366	-0.698455804037117	-0.526044807046941
3.35741339240478	-2.92062991074468	0.0529610902279616	0.0314621334960874	4.2153566345498	-0.818460417777515	-0.641266991699213
3.36741339240478	-2.87724466497913	0.0442993459521107	0.0245969593162153	4.4553781573573	-0.908843454411411	-0.727096692632497
3.37741339240478	-2.83164697125884	0.0348841701792737	0.0170113289849257	4.65806614438438	-0.969688781255509	-0.785106321340127
3.38741339240478	-2.78420336691233	0.0250043608068246	0.00897793866137526	4.82484380700788	-1.00194117066179	-0.817006407744162
3.39741339240478	-2.73526317557084	0.0149346087372545	0.000752648320954574	4.95769474234279	-1.00719020818024	-0.824762173999341
3.40741339240478	-2.68515367257067	0.00493369335791232	-0.00743271569142728	5.0591753795093	-0.988912566345507	-0.809003869698058
3.41741339240478	-2.63417519643233	-0.00476907662772132	-0.0153623720878221	5.1320104336248	-0.948324436359909	-0.77367705508188
3.42741339240478	-2.58259864111083	-0.013967618949937	-0.0228499361084009	5.17930977383459	-0.888337485835344	-0.721287175238668
3.43741339240478	-2.5306628783775	-0.0224850402373175	-0.0297359229120286	5.20435657193365	-0.811913606451929	-0.654639110828745
3.44741339240478	-2.47857357777426	-0.0301723246721761	-0.0358920155076083	5.21060980124316	-0.723162042850983	-0.575400030840697
3.45741339240478	-2.42650210792473	-0.0369162931633763	-0.0412129710543745	5.20138095700779	-0.624132338602707	-0.487662268736053
3.46741339240478	-2.37458637901245	-0.0426318693294581	-0.0456252209138178	5.18000815237004	-0.517993441576896	-0.394111584581992
3.47741339240478	-2.32293161990643	-0.0472638970828173	-0.0490830142678595	5.14970198488977	-0.407851145108661	-0.297268259371656
3.48741339240478	-2.27161193836584	-0.0507865061790998	-0.0515661810283663	5.11346078681971	-0.296372167058497	-0.199808411310714
3.49741339240478	-2.2206726411238	-0.0531993848364856	-0.0530804151504732	5.07407918976257	-0.186521911733318	-0.103610468902772
3.50741339240478	-2.17013263674325	-0.0545287354750083	-0.0536512335616965	5.0339978431921	-0.0801424828826317	-0.0113227391745681
3.51741339240478	-2.11998775810086	-0.0548210895911743	-0.0533254858050877	4.99538487843387	0.0205619192739228	0.0754232351709447
3.52741339240478	-2.07021397495415	-0.0541423373469823	-0.0521662569373873	4.96004633444703	0.113860018548817	0.155092016099734
3.53741339240478	-2.02077102058914	-0.0525740905518746	-0.0502504771310113	4.92942680598273	0.198262630249112	0.226542697506802
3.54741339240478	-1.97160610929949	-0.0502106212277197	-0.0476656297264422	4.90459606446023	0.272581344645821	0.288975091027889
3.55741339240478	-1.92265766633895	-0.0471562081497117	-0.0445059299759912	4.88622980726169	0.336174879933714	0.341641843782834
3.56741339240478	-1.87385908198157	-0.0435216256786346	-0.0408696035173919	4.87462825761057	0.388816597510745	0.383983852373377
3.57741339240478	-1.82514246706748	-0.0394189583809512	-0.0368583666271066	4.86980135834314	0.429806423706475	0.416626841709264
3.58741339240478	-1.77644177307089	-0.0349620238394682	-0.032570797178725	4.87138327007473	0.459404579547868	0.43967142132402
3.59741339240478	-1.72769597270921	-0.0302622316788522	-0.0281015435382202	4.87871137271888	0.478223565053385	0.453338463753388
3.60741339240478	-1.6788517586778	-0.0254261347763644	-0.0235392174506757	4.89086520454236	0.487219980848892	0.457908702597071
3.61741339240478	-1.62986604174917	-0.0205502657607232	-0.0189681774799728	4.90681021089632	0.486384092269381	0.45516503613458
3.62741339240478	-1.58070730560277	-0.0157250604311538	-0.0144605713488073	4.92525879032889	0.477147956817726	0.445517023993185
3.63741339240478	-1.53135719630373	-0.0110295765261486	-0.0100798971273545	4.94484790182842	0.460694164451727	0.429877822354777
3.64741339240478	-1.48181127642743	-0.00653091050956152	-0.0058799571643973	4.96417578631305	0.438092620230936	0.409421760728364
3.65741339240478	-1.43207927014129	-0.00228419636528466	-0.00190396015175932	4.98183110142092	0.410510772110849	0.385260218822875
3.66741339240478	-1.38218483738739	0.00166695114342172	0.00181611679876179	4.99641693170149	0.379445563651148	0.358098219810849
3.67741339240478	-1.33216512710535	0.0052922622003698	0.00525682954427878	5.00665647645971	0.34583147166975	0.329202397951031
3.68741339240478	-1.28206974452415	0.0085735107333054	0.00840357338558026	5.01140122546541	0.310345852162924	0.29998956661667
3.69741339240478	-1.23195918762289	0.0115000093997517	0.0112540848680789	5.00953659121457	0.274966153887707	0.270174173509915
3.70741339240478	-1.18190383547375	0.0140741445718956	0.0138098894914534	5.00021772372745	0.240146303724304	0.24100700137841
3.71741339240478	-1.13198192767757	0.0163058171339392	0.016080310553613	4.98273993167995	0.206662248910621	0.213110079248428
3.72741339240478	-1.08227789906786	0.0182126961013169	0.0180795408771468	4.95659701419781	0.174930154137261	0.187253192317489
3.73741339240478	-1.03288035409791	0.0198161525575632	0.0198286348128005	4.92139343778469	0.146148871444169	0.163024983924818
3.74741339240478	-0.983880667921319	0.0211449771776208	0.021348482110886	4.87700674919403	0.120119791134239	0.141365834553444
3.75741339240478	-0.935370910848755	0.0222293639070019	0.0226641510846654	4.82342447052925	0.0972418363590748	0.12226713811874
3.76741339240478	-0.887442402294511	0.0231015326854908	0.0238016978185546	4.76079248759578	0.0777081031449013	0.105721918186227
3.77741339240478	-0.840184282556288	0.0237946836298598	0.0247871228271056	4.68940218802552	0.0614627179574577	0.0917989213949205
3.78741339240478	-0.793682228869481	0.0243415441190096	0.0256460655421541	4.60965773053688	0.0483909392914122	0.0804498277490401
3.79741339240478	-0.748017380002193	0.0247732292745422	0.0264034187489575	4.52204762331635	0.0384386832654658	0.0714005070092345
3.80741339240478	-0.703265555674568	0.0251194201737948	0.0270817170813943	4.42715404779356	0.0312363738224156	0.0646179568671161
3.81741339240478	-0.659496529760466	0.0254066301108267	0.0277020602232425	4.3255943287561	0.0266097284064372	0.0597485129176081
3.82741339240478	-0.61677366343765	0.0256587836532739	0.0282826425056935	4.21803430948544	0.0241662664190771	0.0566266484661098
3.83741339240478	-0.575153599947447	0.0258962347928696	0.0288393830108267	4.10514691313348	0.0236122853895126	0.0549347249150057
3.84741339240478	-0.534686219338978	0.0261360691032198	0.0293853248201092	3.9876102149404	0.0245776920142058	0.054430789981362
3.85741339240478	-0.495414693305025	0.0263918246473447	0.0299309406240419	3.86608446131305	0.0267395436903883	0.0548269643086072
3.86741339240478	-0.457375705054501	0.0266737373748952	0.0304840301935637	3.7412050524431	0.0297646278723451	0.0558743597951505
3.87741339240478	-0.420599766323904	0.026988901713991	0.0310498824021527	3.61357211304578	0.0333237570461962	0.0573614373494326
3.88741339240478	-0.385111606993545	0.027341294973349	0.0316317277740439	3.48373550077516	0.037192294288657	0.0590090164881361
3.89741339240478	-0.350930686336452	0.0277325704837144	0.0322303990518839	3.35220547983195	0.0410427951393665	0.0607190432055738
3.90741339240478	-0.318071661238866	0.0281617286239953	0.0328453607449949	3.21942729550374	0.0447308889179198	0.0622484643875989
3.91741339240478	-0.286544973944608	0.028626001652812	0.0334743714729313	3.08579673254483	0.0480700963504717	0.0634729539487793
3.92741339240478	-0.256357405401548	0.0291211636322355	0.0341138266824945	2.95165810059423	0.0508542129141243	0.0643612175608992
3.93741339240478	-0.227512589598447	0.0296413791844947	0.0347596281341154	2.81728852220798	0.0530740457482854	0.0647219383537562
3.94741339240478	-0.200011606969931	0.0301802715765159	0.0354066139924552	2.68292387492177	0.0546064673384611	0.0645608622631354
3.95741339240478	-0.173853466662629	0.0307308704407324	0.0360492460192386	2.54874949390335	0.0553723046600754	0.0638929878991903
3.96741339240478	-0.149035562174892	0.0312856253465724	0.0366821679470989	2.4148946113148	0.0554539488826424	0.0626004762443483
3.97741339240478	-0.125554162787204	0.0318373676930817	0.0372996037042029	2.28145951385304	0.0547938341070664	0.0607758167523587
3.98741339240478	-0.10340476795028	0.0323790301237239	0.0378961292316292	2.14850327611855	0.0534089106231453	0.0584663471044039
3.99741339240478	-0.0825824470110886	0.0329037345145533	0.0384669480636847	2.01604494103462	0.051432289780469	0.0556189879660438
4.00741339240478	-0.0630821862759605	0.033405547873364	0.0390073228065505	1.88408788188433	0.0488540614018261	0.0523737900537923
4.01741339240478	-0.0448991009128481	0.0338790528856826	0.0395133121616557	1.75260623595264	0.0457537219118169	0.0487877333941043
4.02741339240478	-0.0280286481954873	0.034319485673942	0.0399817849257207	1.62155092193447	0.0422760341823677	0.044856338654836
4.03741339240478	-0.012466828662564	0.0347232438642963	0.0404099429681633	1.49086863159829	0.0384353753128979	0.0407345805240839
4.04741339240478	0.00178972916935803	0.0350873740852728	0.0407959709356651	1.36048788257901	0.0343442478028842	0.0364665768461859
4.05741339240478	0.0147436639245067	0.0354097742714535	0.0411388063476311	1.23032910285819	0.0301255818785231	0.0320824688994592
4.06741339240478	0.0263968057880823	0.0356894285001679	0.0414378269230299	1.10031617684241	0.0258017321157107	0.0277229399098273
4.07741339240478	0.0367501861439067	0.0359258999674603	0.0416933597101333	0.97036384339116	0.0214926464091092	0.0234059180661229
4.08741339240478	0.0458040122801392	0.0361196022171038	0.0419062553277577	0.84039087428279	0.0172748013266966	0.0191871998554178
4.09741339240478	0.0535576895244169	0.0362717339758052	0.0420778260351961	0.710322254990518	0.0131786678404344	0.0151610704553809
4.10741339240478	0.060009882741643	0.0363839373577344	0.0422100845736141	0.580082246338938	0.00930052447878757	0.0113289252421775
4.11741339240478	0.0651585489624974	0.0364585325924596	0.0423052993309913	0.449606347181831	0.00566498173726615	0.00775744968864228
4.12741339240478	0.0690010244126876	0.0364982038984741	0.042366176775043	0.318835047702995	0.00232049570156405	0.00446716692308234
4.13741339240478	0.0715340966350974	0.036506008745291	0.042395663757957	0.187718042261853	-0.000704104491871097	0.0014825694044868
4.14741339240478	0.0727540941111986	0.0364852573786958	0.0423968996706005	0.0562139452791324	-0.00338747082710965	-0.00118183877345657
4.15741339240478	0.0726569786064484	0.0364394293542233	0.0423731286503268	-0.0757090288227674	-0.0057185140804248	-0.00351785375819783
4.16741339240478	0.0712384422652258	0.0363720780647908	0.0423276319510591	-0.208073056273482	-0.00769250360915091	-0.00552733425899474
4.17741339240478	0.0684940053099788	0.0362867597015587	0.0422636407314017	-0.340890176162507	-0.00931557721867197	-0.00721596913849635
4.18741339240478	0.0644191175310056	0.0361869286579157	0.0421842989343769	-0.474163161769988	-0.0105923937863314	-0.00860639496772208
4.19741339240478	0.0590092521012663	0.0360759388673183	0.0420925159388553	-0.607883197267962	-0.011556301614577	-0.00970186488258475
4.20741339240478	0.0522600138680807	0.0359568515050523	0.0419910581106715	-0.742034217317342	-0.0122136411326861	-0.0105493675897456
4.21741339240478	0.0441672250255462	0.0358325297269175	0.0418823222203087	-0.876588078963769	-0.0126076039606713	-0.0111640467335012
4.22741339240478	0.0347270292365335	0.0357054790268473	0.0417684196769391	-1.01150837447979	-0.0127700366614278	-0.0115835074717143
4.23741339240478	0.0239359844040175	0.0355778227135238	0.0416511198152577	-1.14675005189034	-0.0127277199163838	-0.0118589468040196
4.24741339240478	0.0117911475330498	0.0354513669348043	0.0415317051985307	-1.28225633011942	-0.0125436562991906	-0.0120057023372956
4.25741339240478	-0.00170981982455948	0.0353273871812004	0.0414111655646674	-1.41796500069757	-0.012236124885629	-0.012095565949134
4.26741339240478	-0.016568578124909	0.0352068236144273	0.0412899328662135	-1.55380148979516	-0.0118693933664614	-0.0121501053902853
4.27741339240478	-0.0327860073634202	0.0350900948845094	0.0411680733852925	-1.68968466366813	-0.0114784512670485	-0.0122265045177657
4.28741339240478	-0.0503621257084219	0.0349771874786851	0.0410451743290779	-1.82552375147291	-0.0111087195596113	-0.0123701553636963
4.29741339240478	-0.0692960010886918	0.0348676573748292	0.0409203453903586	-1.96121832130518	-0.010815684486145	-0.0126137960020607
4.30741339240478	-0.089585655424792	0.0347605458141461	0.0407923323094202	-2.09666123870398	-0.0106254241123721	-0.0130220739733025
4.31741339240478	-0.111227988179133	0.0346545566867814	0.0406593388559625	-2.23173317328705	-0.0106046624081694	-0.0136091883350891
4.32741339240478	-0.134218669694111	0.0345478568109694	0.0405192968201419	-2.36630965150131	-0.0107676607103611	-0.0144458046141549
4.33741339240478	-0.158552069397802	0.0344383429524949	0.0403696050719271	-2.50025290519025	-0.011180597561516	-0.0155370489194966
4.34741339240478	-0.18422114421053	0.0343234079094508	0.0402074586432706	-2.63342033377099	-0.0118502358880601	-0.0169507043483709
4.35741339240478	-0.211217367317831	0.0342002423012639	0.0400295654894478	-2.76565549759193	-0.0128398198488502	-0.0186819909978447
4.36741339240478	-0.239530613276391	0.0340655793318566	0.0398325169250211	-2.89679757324672	-0.0141456067676839	-0.0207959685269813
4.37741339240478	-0.269149089205319	0.0339160400781809	0.039612469277613	-3.02667121977197	-0.0158285480171207	-0.0232741391748635
4.38741339240478	-0.300059216984847	0.0337478390880152	0.0393655738369725	-3.15509763404679	-0.0178715618262092	-0.0261793057806945
4.39741339240478	-0.332245569969427	0.0335571830395063	0.039087609501124	-3.28188299049411	-0.0203316665847102	-0.0294785760698436
4.40741339240478	-0.365690756102459	0.033339948348167	0.0387744568977491	-3.4068307545013	-0.0231831972298479	-0.0332246427745396
4.41741339240478	-0.400375358620436	0.0330920677434741	0.0384217554869011	-3.52973087256978	-0.0264628480668022	-0.0373871325355574
4.42741339240478	-0.436277835699695	0.0328093296895728	0.0380252456424828	-3.65036843988762	-0.0301632124083282	-0.0419756687774717
4.43741339240478	-0.473374449782843	0.0324874940326857	0.0375807476454069	-3.76852216018236	-0.0342606488224275	-0.0470072455662789
4.44741339240478	-0.511639215280449	0.032122558263041	0.0370839686411199	-3.88395803311481	-0.0388069121496128	-0.0523997491676508
4.45047885794799	-0.523598775598521	0.0320013433408742	0.0369206988802097	-3.91876707160224	-0.0402509238010468	-0.0541659967056818
4.46047885794799	-0.564844899729777	0.0282936421514562	0.0433782128191968	-4.32978613465232	-0.69727138110364	1.33982148500922
4.47047885794799	-0.610182166457464	0.0182017229826325	0.0635164955730427	-4.73711778417652	-1.31031890982127	2.67330157046097
4.480478857948	-0.659577928333823	0.00237929712164931	0.0964550353009003	-5.14151601116243	-1.83853507897883	3.89335251541882
4.49047885794799	-0.713174445989182	-0.0146990362030739	0.136652369057823	-5.58848552346819	-1.32967910973376	3.84455391329939
4.50047885794799	-0.771391471662562	-0.0226942602632899	0.171469952452026	-6.05328755788868	-0.26804543626637	3.11547862292252
4.51047885794799	-0.834188162016234	-0.0203539909022069	0.199275263050352	-6.50301481947166	0.716309239405073	2.46712122464589
4.520478857948	-0.901387374947487	-0.00876415132040572	0.221237037450019	-6.93348380492469	1.58303668115937	1.94470121695557
4.53047885794799	-0.972788220060449	0.0109529482349693	0.238529043326989	-7.34309225381061	2.34410804522763	1.5296190622473
4.54047885794799	-1.04817454451122	0.0378090451204232	0.252120505149516	-7.73031169576445	3.01272698690879	1.2015764397655
4.55047885794799	-1.12731435635669	0.0709332933293858	0.262795060617207	-8.09350970699762	3.59917842279479	0.943775714682509
4.560478857948	-1.20994917404187	0.109470673618673	0.27126247904615	-8.42155778877295	4.04276414583218	0.814071158611382
4.57047885794799	-1.29525455849971	0.149594066756545	0.281042713359544	-8.61892809657026	3.94688434897284	1.15052828289906
4.57207133250637	-1.30899693899575	0.155858219881085	0.282914823355211	-8.63976956429979	3.91998979077899	1.2002744038493
4.58207133250637	-1.39435170890252	0.197809897606286	0.28871950774729	-8.42736976586273	4.47075251894276	-0.0438355129281398
4.59207133250637	-1.47746596984631	0.245266141472048	0.281966350122754	-8.19144905378474	5.01927188445544	-1.30938707336218
4.60207133250637	-1.5580972596377	0.29814760783381	0.262505921817519	-7.93048024683325	5.55318045821031	-2.58236967500602
4.61207133250637	-1.63592391746201	0.355053871578699	0.23176401272736	-7.61658578899305	5.56114097881991	-3.24948150541215
4.62207133250637	-1.7101759085723	0.40595295160053	0.201551318689362	-7.22815853450882	4.57442548952236	-2.74312911574327
4.63207133250637	-1.7804166802344	0.446439547159444	0.176962500865813	-6.81732661080482	3.53307270861082	-2.18986048141588
4.63991583034685	-1.83259571459407	0.471123913486484	0.161237855925177	-6.4845217208777	2.76808712012218	-1.83016661631417
4.64991583034685	-1.89556397798708	0.500327447274007	0.13742661256508	-6.10569891731759	3.06775476416261	-2.92850469864385
4.65991583034685	-1.95463804892266	0.532307268921036	0.10282815697335	-5.70538264762195	3.31546666567996	-3.9781854082068
4.66991583034685	-2.00959428213837	0.566286850603436	0.0582379895622097	-5.28188459395742	3.45788076586514	-4.91490500576608
4.67991583034685	-2.06006989146843	0.597828518305436	0.00893052523843809	-4.80121614744473	2.60540041617636	-4.6479943527332
4.68991583034685	-2.10553256016892	0.616963187171797	-0.0329779410984915	-4.2902471356815	1.22617139434972	-3.73955759540673
4.69991583034685	-2.14586505502072	0.622738155807378	-0.0663357951827772	-3.7759308727049	-0.0479977880025282	-2.96041768031816
4.70991583034685	-2.18104513704649	0.616442082211635	-0.092721058872463	-3.25980794747573	-1.19120130700767	-2.34083122911795
4.71991583034685	-2.21105701251568	0.599277695072659	-0.113587014130001	-2.74244294441525	-2.22543892775051	-1.85147734817544
4.72991583034685	-2.23589417011733	0.572230567419107	-0.130094216863182	-2.22514015127504	-3.17062866702148	-1.46503333547809
4.73991583034685	-2.25556644205351	0.536112751451375	-0.143159546977625	-1.70982962933435	-4.04168046246608	-1.15995417232178
4.74991583034685	-2.2701053198208	0.491608388827305	-0.153508932306419	-1.19888771681887	-4.84944201038448	-0.919385375480201
4.75991583034685	-2.2795677477459	0.439309735015917	-0.161718738620836	-0.695011189896762	-5.60157040591045	-0.73011374682901
4.76991583034685	-2.28403885105399	0.379745643806406	-0.168248017036256	-0.201125871928472	-6.30318424793821	-0.581774179887126
4.77991583034685	-2.28363383049638	0.313404297192846	-0.173463814485474	0.27969195168427	-6.95737776224999	-0.466240826073105
4.78991583034685	-2.27849906246413	0.240751183389086	-0.177661043422246	0.744298278087634	-7.56566668807726	-0.377139191715962
4.79991583034685	-2.26887278455567	0.162693494224233	-0.181552164105211	1.15354636307802	-7.87456845974848	-0.572983290816111
4.80991583034685	-2.25614812629957	0.0859212606888478	-0.191260034005581	1.36298489445526	-7.4574691546343	-1.34599754618288
4.81991583034685	-2.24213120319143	0.0136911890122234	-0.207719587360237	1.41614851025291	-6.98381513450743	-1.90784694311038
4.82991583034685	-2.22827800346961	-0.0536607050449686	-0.228713095026411	1.3334034528065	-6.48016695837084	-2.26062983331974
4.83991583034685	-2.21580750533127	-0.116096701402407	-0.252062481915406	1.1570173352793	-6.09162741320078	-2.29259498684893
4.84991583034685	-2.20513291411572	-0.176529742854704	-0.27322100026715	0.976900053637526	-6.00446735483911	-1.92445872413507
4.85991583034685	-2.19630200325415	-0.236052269629673	-0.290654503216461	0.787634319583351	-5.88872381177893	-1.57331919745706
4.86991583034685	-2.18940897200461	-0.294076791676417	-0.304917927670474	0.589782756455437	-5.70556258811345	-1.290363927137
4.87991583034685	-2.18452492795338	-0.349974156971675	-0.31666138152836	0.386356989397766	-5.46571740917355	-1.06712631415737
4.88991583034685	-2.1816904459873	-0.403249337681119	-0.326416504508175	0.180335662254825	-5.18327936869265	-0.890750211068726
4.89991583034685	-2.18091817308942	-0.453537236411289	-0.334597169742377	-0.0256873350980355	-4.8700004804373	-0.750697485445272
4.90991583034685	-2.18219687141864	-0.500577907337658	-0.341524065669517	-0.229527795153213	-4.53520690954228	-0.638809676777008
4.91991583034685	-2.18549541958629	-0.544194292036369	-0.34744610532929	-0.429388188184834	-4.18621707412235	-0.548813763532491
4.92991583034685	-2.19076650934739	-0.584274142320729	-0.35255704397803	-0.623822260744412	-3.82873430220942	-0.475887165244013
4.93991583034685	-2.19794996031889	-0.620755564130616	-0.357008195960997	-0.811695058821624	-3.46717523186011	-0.416314416165364
4.94991583034685	-2.2069756304228	-0.653615528405481	-0.36091813017767	-0.992142602454736	-3.10493572228672	-0.367223850159928
4.95991583034685	-2.21776593221042	-0.68286076518404	-0.364380062564365	-1.1645336973677	-2.74460312338324	-0.326387729610218
4.96991583034685	-2.23023798396462	-0.708520551752507	-0.367467504820542	-1.32843523061107	-2.38812431245067	-0.292071181273521
4.97991583034685	-2.24430543381923	-0.730640996026162	-0.370238596161394	-1.48358152629038	-2.03693801712342	-0.262918136984183
4.98991583034685	-2.25987999821835	-0.749280495465715	-0.3727394402171	-1.62984784184748	-1.69207870070744	-0.237865091243141
4.99991583034685	-2.27687275523045	-0.764506118221283	-0.375006688589933	-1.76722779077994	-1.35425802122249	-0.216075667595231
5.00991583034685	-2.29519523021579	-0.776390707419412	-0.377069551532308	-1.89581432119512	-1.02392872125467	-0.196890722413034
5.01991583034685	-2.31476030724612	-0.785010552979956	-0.378951370511879	-2.01578381248412	-0.701334814227906	-0.179790058456831
5.02991583034685	-2.33548299520097	-0.790443509770302	-0.380670853485087	-2.12738283983841	-0.386551113513482	-0.164362838689716
5.03991583034685	-2.35728107303674	-0.792767467948662	-0.382243048592178	-2.23091717486176	-0.0795144916534451	-0.150284550587782
5.04991583034685	-2.38007563457043	-0.792059102512156	-0.383680113437058	-2.32674262505731	0.219951263817506	-0.137298932207863
5.05991583034685	-2.40379154935158	-0.78839284561307	-0.384991923392216	-2.41525735614506	0.512115537849789	-0.125203682819688
5.06991583034685	-2.4283578528466	-0.781840038167682	-0.386186552180061	-2.49689538338843	0.797324772971931	-0.113839081864957
5.07991583034685	-2.45370807622504	-0.772468227476633	-0.387270650377179	-2.57212095813989	1.075989248122	-0.10307886010895
5.08991583034685	-2.47978052348295	-0.760340585647695	-0.388249741775233	-2.64142361185416	1.34857203239727	-0.0928228283184135
5.09991583034685	-2.5065185014212	-0.745515430063209	-0.389128453211094	-2.70531365093093	1.615579535804	-0.0829908879591902
5.10991583034685	-2.53387050606345	-0.728045832355685	-0.389910690188668	-2.7643179215286	1.87755318563821	-0.073518137118005
5.11991583034685	-2.56179036739635	-0.707979306650235	-0.390599768096443	-2.81897568386054	2.13506183690424	-0.0643508516776519
5.12991583034685	-2.59023735893324	-0.685357464908849	-0.391198633912376	-2.86983754255417	2.38874833999037	-0.0555072895355151
5.13951029855922	-2.61799387799165	-0.661277860189568	-0.391698246761978	-2.91567163927807	2.63069525129605	-0.0491752680934083
5.14951029855922	-2.64737861344237	-0.633714227497674	-0.392166042992856	-2.96086939132687	2.88165337565753	-0.0444338924711219
5.15951029855922	-2.67720378659186	-0.603655846661885	-0.392582492051156	-3.00382281316054	3.12929389858722	-0.0383617639140634
5.16951029855923	-2.70744883053812	-0.571146517019641	-0.392917894670332	-3.0449036245397	3.37148122106656	-0.0276722408648312
5.17951029855922	-2.73809677394071	-0.536251798763088	-0.393109370591451	-3.08445774234974	3.60599113875996	-0.00900925673538614
5.18951029855922	-2.76913393926368	-0.499060124142808	-0.393059973597421	-3.12279660164569	3.83046628162308	0.0210902779496659
5.19951029855922	-2.80054955686846	-0.4596843356691	-0.392637451405753	-3.16018906899726	4.04237573573115	0.066229451661209
5.20951029855923	-2.83233530282798	-0.41826359515066	-0.39167271062184	-3.19685433846432	4.23898176853238	0.130176870700459
5.21951029855922	-2.86448477219966	-0.374965576427065	-0.3899580766849	-3.23295618677126	4.4173169517965	0.216881584057401
5.22951029855922	-2.89699290299764	-0.329988819209356	-0.387245472551469	-3.26859890181715	4.57417551464605	0.330473729629053
5.23951029855922	-2.92960473198667	-0.285472995112908	-0.381231423743934	-3.23596134581324	4.18908907994285	1.02075675197969
5.24951029855923	-2.96158111754491	-0.247323693488254	-0.365631867061706	-3.15920571568794	3.43234035492304	2.10941404885036
5.25951029855923	-2.99283502669986	-0.216649932532348	-0.339195189852492	-3.09523422473033	2.72078788422405	3.16046178053093
5.26951029855922	-3.02356403765501	-0.192508391501655	-0.302802684110935	-3.05468388663281	2.12957984494158	4.09676799063596
5.27951029855922	-3.05404251175728	-0.171088810197587	-0.260909172714644	-3.03404506805103	2.2487270162519	4.14646255546713
5.28951029855923	-3.08395976729202	-0.147437235102273	-0.220524312803022	-2.93386547328548	2.46446983788657	3.9241480727605
5.29951029855923	-3.11242184349191	-0.122153788731627	-0.18251367072552	-2.74447964266895	2.57559927587072	3.67373055370625
5.30951029855922	-3.13858392376931	-0.0962578583483822	-0.147104529350634	-2.47589258461277	2.59193815360799	3.40116094195004
5.31951029855922	-3.16170968928524	-0.0706301797046165	-0.114501810473241	-2.13921591277417	2.52503661270795	3.11215315637868
5.32951029855923	-3.18117859883169	-0.0460155114559348	-0.0848715819960442	-1.74628675150641	2.38871573687108	2.81075369246875
5.33951029855923	-3.19648866592642	-0.0230306055712008	-0.0583261879197142	-1.3093958473826	2.20091088390658	2.49641607417147
5.34951029855922	-3.20725762684194	-0.00214298709046776	-0.0349505582225029	-0.840031810545921	1.97205874009495	2.17677983419026
5.35951029855922	-3.21321918673718	0.016317575609076	-0.0147951879702213	-0.350731609599727	1.72434355412764	1.84602819947435
5.36951029855923	-3.21427083004593	0.0324327476548581	0.00185484501383662	0.140791383757096	1.49310371755899	1.49067069877234
5.37951029855923	-3.21039236919312	0.0459987899741446	0.0152356648933435	0.6354271011881	1.21145625733253	1.19587274508019
5.38951029855922	-3.20155247602543	0.0565025855192285	0.025962942524333	1.13300700147501	0.882016206158973	0.958274108847269
5.39951029855922	-3.18776345144042	0.0637668550618426	0.0342929116663885	1.6211715121682	0.58389258275525	0.697410080154149
5.40758576367492	-3.17313244824819	0.0676078843379932	0.0390431451651603	2.00000000000017	0.369122613196151	0.48118291726569
