=========================== Parameters =====================================
l1 [m]	l2 [m]	l3 [m]	c1 [m]	c2 [m]	c3 [m]	m1 [kg]	m2 [kg]	m3 [kg]
0.14	0.1	0.4458	0.7	0.3	0.1	0.1564	0.23764	0.1564
============================== Data ========================================
t [s]	th1 [rad]	th2 [rad]	th3 [rad]	th1d [rad/s]	th2d [rad/s]	th3d [rad/s]
0	0	0	0	0	0	0
0.01	-0.000750297194268129	-0.000559261915545149	0.000233680145444656	-0.151952486630052	-0.103077046154232	0.0314465991162159
0.02	-0.00307174795468078	-0.00193208509137753	0.000490145113566182	-0.31378261864077	-0.166437367972188	0.0175132703702606
0.03	-0.00705202999130972	-0.00380242169447745	0.000573450872116514	-0.48345119966381	-0.203924073466263	-0.000423669036071744
0.04	-0.012762002942289	-0.00594497844242451	0.000496642017785083	-0.65949306574019	-0.221686212567515	-0.0140662166318193
0.05	-0.0202587373480444	-0.00818489280650737	0.000309265179495571	-0.840591637717147	-0.224055073757058	-0.022608103841706
0.06	-0.0295865990253639	-0.0103872442494724	5.88828171659177e-05	-1.02552275208375	-0.214759765021965	-0.0268352297556505
0.07	-0.0407782302841844	-0.0124523003908366	-0.000216460563479955	-1.21316943359496	-0.197113731334455	-0.0277671946241606
0.08	-0.0538557215874689	-0.0143113539332885	-0.000488638454770151	-1.40254082148892	-0.174003065697902	-0.0263478580532776
0.09	-0.0688319318521088	-0.015922307189467	-0.000738261612566965	-1.59278231841205	-0.147860706958053	-0.0233767518326877
0.1	-0.0857118613400045	-0.0172650913050589	-0.000953179452674868	-1.7831761649624	-0.120660509142291	-0.0195027704278175
0.11	-0.104493989334141	-0.0183371411790649	-0.00112701377996885	-1.97313417580214	-0.0939337525412732	-0.015233641349036
0.12	-0.12517150902554	-0.0191491270571933	-0.00125781808302865	-2.16218479647525	-0.0688030055922764	-0.0109506418749967
0.13	-0.147733412963531	-0.0197210872693728	-0.0013468954322515	-2.34995646668085	-0.0460275738912431	-0.0069252591640622
0.14	-0.172165400842761	-0.0200790517672652	-0.00139778630814277	-2.53615897933166	-0.026055439010203	-0.00333633377600452
0.15	-0.198450596708595	-0.0202521997931046	-0.001415426486011	-2.72056420794413	-0.009077534644542	-0.000286807247325836
0.16	-0.22657007485372	-0.0202705582566826	-0.00140546782137971	-2.90298727180024	0.00491884744366079	0.00218052839970722
0.17	-0.256503202970578	-0.0201632197172717	-0.00137374976475945	-3.083268933163	0.0160998670300613	0.0040686887283292
0.18	-0.288227817834039	-0.0199570392690169	-0.00132590614293688	-3.26125978031262	0.0247397543701118	0.00541381633234857
0.19	-0.321720253278821	-0.0196757569531553	-0.00126708987022153	-3.43680654692291	0.0311811996598442	0.00627428690490345
0.2	-0.356955242880716	-0.0193394853784121	-0.00120179753898443	-3.60974075226404	0.0358019594619741	0.00672162353977424
0.21	-0.393905720913583	-0.0189644998726461	-0.00113377604283917	-3.77986971596023	0.0389877230980179	0.0068331605991242
0.22	-0.432542545172648	-0.0185632696493414	-0.0010659942838671	-3.94696990231382	0.0411109798110806	0.00668633956982857
0.23	-0.472834164429601	-0.018144672198606	-0.00100066440581453	-4.11078247847406	0.0425154144691385	0.00635447930491184
0.24	-0.514746251873984	-0.017714338577231	-0.00093929870294047	-4.27101092350095	0.043505222631587	0.00590383915716115
0.242064811013786	-0.523598775598299	-0.017624325158773	-0.000927211184980637	-4.30361866626849	0.043682580564617	0.00580106803222294
0.252064811013786	-0.568128695179564	-0.0172651093354672	0.012554562842118	-4.60179690899664	0.0287944090965559	2.68921999045909
0.262064811013786	-0.615623176360448	-0.0170084910460064	0.0526797832209898	-4.89723641804418	0.0479769577754387	5.20751102796939
0.272064811013786	-0.666119058402801	-0.0144526975059896	0.107315969272612	-5.20326315653252	0.529283422910505	5.38368122348768
0.282064811013786	-0.719689220966534	-0.00582762317385941	0.157291358915353	-5.51003527076182	1.20473248379078	4.56227335098972
0.292064811013786	-0.776297688761165	0.00965474498851025	0.198400325729396	-5.81030017480082	1.88764695401334	3.67406019566706
0.302064811013786	-0.835864844891276	0.0318076094166199	0.231214040147885	-6.10148112399393	2.53622460525383	2.91324727869647
0.312064811013786	-0.898291943590033	0.0602381347188545	0.257156778225254	-6.38206108134391	3.14278375574925	2.29822063160506
0.322064811013786	-0.963468012093896	0.0945279942168063	0.27759040522353	-6.6510412728769	3.70761060059416	1.80993680944328
0.332064811013786	-1.03106038621545	0.133497323524096	0.294158609998752	-6.84740988478296	4.01828533594026	1.54110920200618
0.342064811013786	-1.10007687885858	0.173804582613262	0.308749928972779	-6.94130985074931	3.99868545666508	1.38165663428186
0.352064811013786	-1.16963577569569	0.21273091629457	0.321800001405357	-6.95982688422899	3.75623685122425	1.22697407210051
0.362064811013786	-1.23909466900133	0.248439051266975	0.333255298618791	-6.92459439445701	3.3662268500549	1.06264581890316
0.372064811013786	-1.30800848208551	0.279767233847556	0.343033457130291	-6.85348659927333	2.88934166522634	0.892639414865165
0.372209050603287	-1.30899693899576	0.280183468717355	0.343162033862781	-6.85227289997048	2.88208097711367	0.890180628667424
0.382209050603287	-1.37670539055799	0.307436009663943	0.338465396219561	-6.68686314055319	2.56735527316037	-1.83035610222405
0.392209050603287	-1.44267774614907	0.331498540790959	0.306619029133401	-6.50399465344487	2.23075319248404	-4.47048167925223
0.402209050603287	-1.50665552047272	0.350458142654554	0.256984449696754	-6.28534018608174	1.47880279878376	-5.04525769246777
0.412209050603287	-1.5683052075457	0.360302230654646	0.209584745942078	-6.0418408294489	0.47569587325445	-4.36109872382732
0.422209050603287	-1.62744808884271	0.359911046788392	0.170143466840315	-5.78480752093287	-0.551223922189563	-3.5349520147572
0.432209050603287	-1.6839660064586	0.349382328872058	0.13851949713137	-5.51713688206231	-1.54801720865244	-2.81234068223998
0.442209050603287	-1.73776074295919	0.329091757256496	0.113437635992377	-5.24045410057117	-2.50279823329534	-2.22582891612162
0.452209050603287	-1.78875215778299	0.29947844767215	0.0935947953026783	-4.95690190605925	-3.41230088854931	-1.75999334105284
0.461283794954142	-1.83259571459405	0.265083991693315	0.079088340214	-4.71770051812586	-4.11694617086546	-1.47824593375295
0.471283794954142	-1.87842703361452	0.222705933080908	0.051042004279876	-4.44834974696446	-4.35249357445614	-4.13186571288764
0.481283794954142	-1.92155485000447	0.177864077338343	-0.00205488652790585	-4.17495790975514	-4.69381859647646	-6.05964178568881
0.491283794954142	-1.96189148745384	0.127263365607948	-0.0615004435545721	-3.89255484687394	-5.45863002741098	-5.62685661126833
0.501283794954142	-1.99943299772043	0.0685334712310034	-0.11291961874169	-3.61933253185966	-6.2757107712347	-4.64519793096103
0.511283794954142	-2.03468121917921	0.00325074192262739	-0.155374443301245	-3.46037216391163	-6.67289185589731	-3.90241548809794
0.521283794954142	-2.06914867960705	-0.0631606690381755	-0.191555782044844	-3.45434011128067	-6.53678659603366	-3.34988313767942
0.531283794954142	-2.10411403994423	-0.12629885403301	-0.222554988097246	-3.55233287148211	-6.04318574317556	-2.8569985677236
0.541283794954142	-2.14037565731861	-0.183367060609103	-0.248753987799125	-3.7024717469899	-5.35914004029121	-2.37918757106066
0.551283794954142	-2.1781667449957	-0.233371877466566	-0.270202211856181	-3.85552723166654	-4.635871192853	-1.92125025311427
0.561283794954142	-2.21747571413995	-0.275972244843995	-0.287437813828101	-4.00545332906671	-3.87925596394716	-1.53911298346885
0.571283794954142	-2.25825477856194	-0.310872608926248	-0.301238669217468	-4.14909726219386	-3.09738200946782	-1.23267249823235
0.581283794954142	-2.30042912751834	-0.337865300490351	-0.312301541671408	-4.28421053003655	-2.2990900834462	-0.989273929393865
0.591283794954142	-2.34390400971275	-0.356831408114528	-0.321185912751902	-4.40805050586337	-1.49685880545665	-0.792141291867467
0.601283794954142	-2.38844935975819	-0.368173189898171	-0.328058908651804	-4.49202776548285	-0.796459928929851	-0.579797469501151
0.611283794954142	-2.43357071151085	-0.373229156987831	-0.332841237960796	-4.523798802286	-0.237362738990145	-0.381867550250004
0.621283794954142	-2.47876272121104	-0.373356435672554	-0.33582201749245	-4.50682142212486	0.190911601772551	-0.22072837008083
0.631283794954142	-2.52355966672163	-0.369811053449486	-0.337383274560714	-4.44563150176156	0.499224920081525	-0.0975971699445006
0.641283794954142	-2.56754607281917	-0.363726669456717	-0.337888408577822	-4.3456744816826	0.701181983053676	-0.00873475770581526
0.651283794954142	-2.61036369826381	-0.356090005470685	-0.337655619998667	-4.21288410686204	0.812390378883481	0.0508501282653542
0.653100778429315	-2.61799387799151	-0.354602868934518	-0.337555757953543	-4.18570495055839	0.824138722450168	0.0589402810171545
0.663100778429315	-2.66008014836424	-0.34493285716648	-0.324283423955284	-4.23065474518679	1.10914893425001	2.59422942567826
0.673100778429315	-2.70259873496883	-0.332351568734759	-0.286106422709462	-4.27510607960645	1.45994086388274	4.77165754913679
0.683100778429315	-2.74564968606614	-0.314004351857029	-0.237641559087979	-4.33636848041476	2.25415930510848	4.69054665332498
0.693100778429316	-2.78932916824455	-0.286885332216472	-0.194350868527214	-4.39911388576006	3.17419577832116	3.93844615825328
0.703100778429316	-2.83355127223335	-0.250799854823016	-0.158694159407256	-4.42814276369829	3.97875588008099	3.2449829567372
0.713100778429316	-2.87746162925934	-0.208847140331574	-0.128587336059153	-4.3346148146187	4.34584380089949	2.79731466340343
0.723100778429316	-2.91990483184892	-0.165019035214623	-0.102500229744212	-4.13937580030291	4.37127643864911	2.42717969212308
0.733100778429315	-2.95999925748099	-0.122243743181128	-0.079951928877722	-3.86906685708554	4.14943613987817	2.08629974833125
0.743100778429315	-2.99711678796304	-0.0825877856781018	-0.0607097542074923	-3.54911918257007	3.76462707393338	1.7619210715135
0.753100778429315	-3.03095539571572	-0.0470272493464389	-0.0447671690968699	-3.21831011895114	3.3458333044018	1.43034514776409
0.763100778429315	-3.06147728980864	-0.0157159864069775	-0.0319564050888437	-2.88583309319646	2.91407916786782	1.14063693259851
0.773100778429315	-3.08866813699879	0.0112093080285488	-0.0217723538866268	-2.55218025587853	2.46895888300152	0.904753520555728
0.783100778429315	-3.11251844891824	0.0336273384447616	-0.013702282480199	-2.2177903158228	2.01309561207109	0.716448313865431
0.793100778429315	-3.13302259411113	0.0514443873262221	-0.00731380690352165	-1.88299202182643	1.54916708836544	0.567033144382537
0.803100778429315	-3.15017766591839	0.0645909814858218	-0.00225815665413258	-1.54800361651836	1.07931027348804	0.448700588784511
0.813100778429315	-3.16398224844925	0.0730152875982186	0.00174301539397151	-1.21288798250396	0.60486751873375	0.35514079023264
0.823100778429316	-3.17447066298502	0.0768054495752991	0.00482575301547665	-0.889810667151024	0.170442094514873	0.254925831627153
0.833100778429315	-3.18188687059993	0.0767788087244418	0.00680669351060098	-0.598633985019419	-0.159385418803308	0.143172877174272
0.843100778429315	-3.18654183661347	0.0739220813808726	0.00775770422342643	-0.336997251075515	-0.397772524591552	0.0510370898748417
0.853100778429315	-3.18871341997741	0.0690870591174368	0.00790862909121464	-0.101331747733622	-0.557042745527598	-0.0169558365195265
0.863100778429315	-3.18864212843579	0.0630046912992495	0.00749148469082898	0.112240491225885	-0.649273156295219	-0.0631445987088534
0.873100778429315	-3.18652894110382	0.0562844872003372	0.00670595891305798	0.307710387365644	-0.686624525250117	-0.0912726128231831
0.883100778429315	-3.18253525474249	0.0494156468695945	0.00571363671302554	0.488971380238465	-0.680915461217208	-0.105109660463207
0.893100778429315	-3.17678474201515	0.0427728863540629	0.00463986733216561	0.659651180737825	-0.643155821172139	-0.108102106286426
0.903100778429315	-3.16936663384662	0.0366263536306282	0.00357763552587232	0.822995165232891	-0.583204187622917	-0.103266976621619
0.913100778429315	-3.16033992481831	0.0311542738792648	0.00259204065624573	0.98179729672484	-0.509563160310727	-0.093162807545971
0.923100778429315	-3.14973806292678	0.0264570230956588	0.00172487948452877	1.13837094020589	-0.429294545790146	-0.0798942364952138
0.933100778429315	-3.13757376734098	0.0225715536696182	0.000999076612015417	1.29455101678025	-0.348029525796218	-0.0651363434800127
0.943100778429316	-3.12384370292312	0.0194853479694559	0.000422802928353057	1.45171916585421	-0.270048902626599	-0.0501717607254433
0.953100778429316	-3.10853281971793	0.0171493139378677	-6.81990179464214e-06	1.61084443342153	-0.198410979522518	-0.0359356273538469
0.963100778429316	-3.09161823479372	0.0154892446042693	-0.000300487078867376	1.77253316367208	-0.135108024253007	-0.0230644765266396
0.973100778429316	-3.07307259080734	0.0144156358086225	-0.000473973556506365	1.93708301968669	-0.0812358914090635	-0.0119459413377041
0.976878146562486	-3.06563681561358	0.0141428387519243	-0.000512020927187104	2.00000000000005	-0.0634364587981277	-0.0082461329734357
0.986878146562486	-3.04479653871795	0.0137185096147715	-0.000550675149110343	2.16851920547565	-0.0230431075627849	0.000185251961780961
0.996878146562486	-3.02225760979718	0.0136505311237253	-0.000514828663928905	2.33968026358164	0.00792862033870178	0.00666659632780877
1.00687814656249	-2.9979953244808	0.013848067745527	-0.0004234577344839	2.5131206413074	0.030203918214968	0.0113166302038718
1.01687814656249	-2.97198913290333	0.0142288097693548	-0.000293984181242906	2.68837797518501	0.0447435900446978	0.0143225147419624
1.02687814656249	-2.9442234681872	0.0147207871418364	-0.000141734548092303	2.86492298127804	0.0526389162638272	0.0159119713754266
1.03687814656249	-2.91468827751665	0.0152632315463356	2.0348915093031e-05	3.04218605021402	0.0550263739298307	0.0163308204928088
1.04687814656249	-2.88337931758681	0.0158066817125789	0.00018179785093735	3.21957784930531	0.0530213587520339	0.0158254979984583
1.05687814656249	-2.85029827180717	0.0163125146700325	0.000334555575986768	3.39650447355463	0.0476693494847148	0.0146300896975328
1.06687814656249	-2.81545274045379	0.0167520676977314	0.00047280552858266	3.57237782644205	0.0399125271037185	0.0129573337948112
1.07687814656249	-2.77885614772831	0.0171054945586899	0.000592727124894136	3.746621987382	0.0305696334094118	0.0109930001286451
1.08687814656249	-2.74052760195119	0.0173604769975146	0.000692209803878285	3.91867634745824	0.0203267859071426	0.00889305073076932
1.09687814656249	-2.70049173734867	0.0175108898328605	0.000770550187096973	4.0879962796018	0.00973702009684569	0.00678301007046815
1.10687814656249	-2.6587785584381	0.0175554963393028	0.0008281517665211	4.2540520637866	-0.000773527267819932	0.00475901672200688
1.11687814656249	-2.61542330113077	0.017496730717317	0.000866241523060043	4.41632672086021	-0.010894679046544	0.00289008423471863
1.12687814656249	-2.57046631853044	0.017339606758884	0.000886613467381831	4.57431332777124	-0.0204181718405466	0.00122116192724221
1.13687814656249	-2.52395299411746	0.0170907765747463	0.000891405327767035	4.72751229834132	-0.0292219013963556	-0.000223348415496224
1.14687814656249	-2.47593368059055	0.0167577501581943	0.000882912967482564	4.87542901806004	-0.0372535540150749	-0.00143611707427913
1.15687814656249	-2.42646365934577	0.0163482786161842	0.000863435179016013	5.01757215704473	-0.0445148084727127	-0.0024225018246625
1.16687814656249	-2.37560311267064	0.0158698904357426	0.000835163638516635	5.15345283312172	-0.0510462388850584	-0.00319776920797065
1.17687814656249	-2.32341709898534	0.0153295697939079	0.000800103311925727	5.28258478598036	-0.0569137931685632	-0.00378431248749693
1.18687814656249	-2.26997552140786	0.0147335630478888	0.000760014126874988	5.40448564588889	-0.0621973968243888	-0.00420806642021258
1.19687814656249	-2.21535307815042	0.014087288900013	0.000716386424317655	5.51867923452502	-0.0669812235724128	-0.00449665840316351
1.20687814656249	-2.15962918487441	0.0133953355247888	0.000670433821743903	5.62469886811544	-0.071346106801451	-0.00467753382831162
1.21687814656249	-2.10288785952077	0.012661523697056	0.000623102458223623	5.72209153624783	-0.0753639131461118	-0.00477654347556496
1.22687814656249	-2.04521756161256	0.0118890168770511	0.00057509227215389	5.81042279954907	-0.0790937506269656	-0.00481694180588721
1.23687814656249	-1.98671097976169	0.0110804608007653	0.000526886434000551	5.88928221759729	-0.0825798246140761	-0.00481874957267441
1.24687814656249	-1.9274647631168	0.0102381371970373	0.000478785539561122	5.95828909631874	-0.0858507168035366	-0.00479843035875737
1.25687814656249	-1.8675791946673	0.00936411862099237	0.000430943690443948	6.01709833161255	-0.0889198409031592	-0.00476882752814351
1.26687814656249	-1.80715780657399	0.00846041390510938	0.000383404129301732	6.06540612295016	-0.0917868211225016	-0.0047393073475684
1.27687814656249	-1.74630693993542	0.00752909625662393	0.000336132633473507	6.10295533695004	-0.0944395436674152	-0.00471605566425254
1.28687814656249	-1.68513525353125	0.00657240846627578	0.000289047380271637	6.12954031592406	-0.0968566452276604	-0.0047024791267403
1.29687814656249	-1.62375318802539	0.00559284195158055	0.000242044462803111	6.14501094932073	-0.0990102239621309	-0.00469966704370283
1.30687814656249	-1.56227239378884	0.00459318837019731	0.000195018644152665	6.14927585573199	-0.100868585807509	-0.00470687613608768
1.31687814656249	-1.50080513185378	0.00357656425701847	0.000147879281632302	6.14230455826115	-0.102398870170406	-0.00472200722002372
1.32687814656249	-1.4394636584905	0.00254641053245861	0.000100561627429442	6.12412857489569	-0.103569432369142	-0.00474204986192913
1.33687814656249	-1.37835960447948	0.00150646978718189	5.30339169831213e-05	6.09484138624427	-0.104351893822483	-0.00476347791281548
1.34687814656249	-1.31760336032319	0.000460744975053231	5.30079477530563e-06	6.05459728366666	-0.104722803345496	-0.00478258524361359
1.35687814656249	-1.25730347841599	-0.000586556438804474	-4.25962952275045e-05	6.00360913958276	-0.104664882632299	-0.00479575671348248
1.36687814656249	-1.19756610259271	-0.00163108869215759	-9.05811024677707e-05	5.94214517688951	-0.104167854986856	-0.00479967422157561
1.37687814656249	-1.13849443455272	-0.00266844022128597	-0.000138546312450865	5.87052484451217	-0.103228877836769	-0.00479146150551297
1.38687814656249	-1.08018824546009	-0.00369420864962552	-0.000186358456925769	5.78911393008929	-0.101852616110674	-0.00476877411679039
1.39687814656249	-1.02274343961927	-0.00470407491359603	-0.000233863483236665	5.69831905796594	-0.100051005101409	-0.00472984275447514
1.40687814656249	-0.966251675586934	-0.0056938736936765	-0.000280892561153686	5.59858173079402	-0.0978427582111363	-0.00467347896437877
1.41687814656249	-0.910800048476478	-0.00665965788855353	-0.000327267796343575	5.49037207626657	-0.0952526774755255	-0.00459905224906027
1.42687814656249	-0.856470835606712	-0.00759775544635894	-0.000372807607628152	5.37418245735551	-0.0923108236725347	-0.00450644705260539
1.43687814656249	-0.803341306102284	-0.00850481741758539	-0.000417331605006524	5.25052109568241	-0.0890515989261282	-0.00439600706435273
1.44687814656249	-0.751483593620204	-0.00937785659529412	-0.000460664873601118	5.11990584433685	-0.0855127888361716	-0.00426847300545223
1.45687814656249	-0.700964630095148	-0.0102142765438391	-0.000502641623445096	4.98285822969175	-0.0817346040863036	-0.00412491868193933
1.46687814656249	-0.651846137294573	-0.011011891179087	-0.000543108206052718	4.83989786270792	-0.0777587538964007	-0.00396668874113729
1.47687814656249	-0.604184672070387	-0.0117689353489251	-0.000581925526866965	4.69153729998489	-0.0736275761662575	-0.00379534035456541
1.48687814656249	-0.55803172049362	-0.0124840670756374	-0.000618970899646401	4.53827741441269	-0.0693832421326448	-0.00361259003509102
1.49687814656249	-0.513433835559378	-0.0131563622680174	-0.000654139396803135	4.38060331557534	-0.0650670471220723	-0.00342026601066715
1.50687814656249	-0.470432812840869	-0.0137853027996049	-0.000687344750974828	4.21898084174236	-0.0607187936860951	-0.00322026602509136
1.51687814656249	-0.42906589833671	-0.0143707588899807	-0.000718519859963799	4.05385362887219	-0.0563762691058447	-0.00301452009927093
1.52687814656249	-0.389366022774325	-0.0149129667284584	-0.000747616941596706	3.88564074787526	-0.0520748159150144	-0.00280495763094578
1.53687814656249	-0.351362056780667	-0.0154125022530015	-0.000774607378659558	3.71473488961723	-0.0478469916254243	-0.00259347819513726
1.54687814656249	-0.315079081585292	-0.0158702519498872	-0.000799481288024401	3.54150106781888	-0.0437223121226727	-0.00238192548804542
1.55687814656249	-0.280538670256014	-0.0162873814783324	-0.000822246843158284	3.36627580304881	-0.0397270720940125	-0.00217206399268321
1.56687814656249	-0.247759174860906	-0.0166653028544306	-0.000842929375761455	3.18936674624277	-0.0358842352215638	-0.00196555810004546
1.57687814656249	-0.216756015381593	-0.0170056408544591	-0.000861570280375833	3.01105269739534	-0.0322133865992872	-0.00176395356771205
1.58687814656249	-0.187541966653025	-0.0173101992219089	-0.000878225745260544	2.83158397399499	-0.0287307398089643	-0.0015686613195019
1.59687814656249	-0.160127440058416	-0.0175809271875639	-0.000892965333323956	2.65118308413576	-0.0254491912374422	-0.00138094367419219
1.60687814656249	-0.134520757152019	-0.0178198867389946	-0.000905870438032983	2.47004566076494	-0.0223784144744712	-0.00120190313451116
1.61687814656249	-0.11072841280624	-0.018029221005805	-0.000917032640582743	2.2883416159502	-0.0195249879562647	-0.00103247387124345
1.62687814656249	-0.0887553258758869	-0.0182111240604407	-0.000926551995833	2.10621647713534	-0.0168925493886058	-0.000873416007057249
1.63687814656249	-0.0686050757352137	-0.0183678123716695	-0.00093453527530263	1.92379287088162	-0.014481970880711	-0.000725312748658325
1.64687814656249	-0.0502801233697251	-0.01850149808924	-0.00094109419564742	1.74117212338127	-0.0122915491410442	-0.000588570343321675
1.65687814656249	-0.0337820159923582	-0.0186143642839231	-0.000946343660410736	1.55843595092066	-0.0103172055274687	-0.000463420755894456
1.66687814656249	-0.0191115744025232	-0.0187085422173639	-0.000950400041399057	1.37564821733875	-0.00855269120751326	-0.000349926883298887
1.67687814656249	-0.00626906251713892	-0.0187860906711427	-0.000953379523840083	1.19285673926699	-0.00698979317132202	-0.000247990052276885
1.68687814656249	0.00474566132289674	-0.0188489773244013	-0.000955396536634966	1.01009512347316	-0.00561853735045041	-0.000157359487783665
1.69687814656249	0.0139330115272261	-0.0188990621345732	-0.000956562285666305	0.827384623902429	-0.00442738562883074	-7.76433974515877e-05
1.70687814656249	0.0212935610589479	-0.0189380826463654	-0.000956983404443177	0.644736008972912	-0.00340342408499799	-8.3212936162705e-06
1.71687814656249	0.0268279459323586	-0.0189676411303624	-0.00095676073253649	0.462151432308218	-0.00253254037234043	5.12428312630966e-05
1.72687814656249	0.0305367884154017	-0.0189891934345634	-0.000955988228460746	0.279626302357967	-0.00179958872073387	0.000101786848381342
1.73687814656249	0.0324206389110206	-0.0190040394198981	-0.000954752020055308	0.0971511482543857	-0.0011885416214332	0.000144136701256998
1.74687814656249	0.0324799364730084	-0.0190133148442519	-0.000953129592150137	-0.0852865192273812	-0.000682627830081566	0.000179192785386052
1.75687814656249	0.0307149879066244	-0.0190179845586967	-0.000951189108480243	-0.267700351601013	-0.000264456882512487	0.000207916755576933
1.76687814656249	0.0271259654083702	-0.0190188368842847	-0.000948988862522413	-0.45010331073738	8.38691428273926e-05	0.000231318961563103
1.77687814656249	0.0217129227090121	-0.0190164790476841	-0.000946576850219073	-0.632505819950837	0.000380655370749624	0.000250446652689763
1.78687814656249	0.0144758296953139	-0.0190113335687995	-0.000943990456449966	-0.814913917011711	0.000644523662005274	0.000266373031786575
1.79687814656249	0.0054146254950914	-0.0190036355129467	-0.000941256246608829	-0.997327408413459	0.00089432977655356	0.000280187179302162
1.80687814656249	-0.0054707099868353	-0.0189934305436883	-0.000938389854711528	-1.17973802503931	0.00114908562503058	0.000292984813574768
1.81687814656249	-0.0181800661014099	-0.0189805737395589	-0.000935395960056381	-1.3621275805886	0.00142788373575059	0.000305859803604315
1.82687814656249	-0.0327130930977926	-0.018964729168029	-0.000932268345511802	-1.54446613573893	0.00174982079827694	0.000319896308383649
1.83687814656249	-0.0490690754559588	-0.018945370242471	-0.000928990031942678	-1.72671017303468	0.00213391695155365	0.00033616138296983
1.84687814656249	-0.0672467870515466	-0.0189217809218355	-0.000925533485015502	-1.90880078990043	0.00259902737551029	0.000355697867010911
1.85687814656249	-0.087244328382631	-0.0188930578473037	-0.000921860892545258	-2.09066191996416	0.00316374273237787	0.000379517357149194
1.86687814656249	-0.109058946205429	-0.0188581135443304	-0.000917924512559288	-2.27219859601831	0.00384627510177873	0.000408593061239257
1.87687814656249	-0.132686836076231	-0.0188156808510423	-0.000913667094244359	-2.45329527140856	0.004664326277619	0.000443852340100458
1.88687814656249	-0.158122928483255	-0.0187643187635694	-0.000909022375798317	-2.63381422036823	0.00563493566146307	0.000486168761943477
1.89687814656249	-0.185360659476711	-0.0187024199140505	-0.000903915664809414	-2.81359404173586	0.00677430551299565	0.000536353525863276
1.90687814656249	-0.214391726969851	-0.0186282199160961	-0.000898264508016334	-2.99244829450755	0.00809760201865397	0.000595146153864117
1.91687814656249	-0.245205834188219	-0.0185398088236057	-0.00089197945804271	-3.17016429765826	0.00961873152661554	0.000663204405514128
1.92687814656249	-0.27779042208756	-0.0184351449583102	-0.000884964913110659	-3.34650213055266	0.0113500934924492	0.000741088734584057
1.93687814656249	-0.312130392947255	-0.0183120712398505	-0.000877120443819096	-3.5211938724568	0.0133022975419021	0.000829301537307308
1.94687814656249	-0.348207827731357	-0.018168334556206	-0.000868341309649884	-3.69394312732581	0.015483893565569	0.00092818894640177
1.95687814656249	-0.386001700290667	-0.0180016079245263	-0.000858519884615172	-3.86442487349035	0.0179010593511536	0.00103795851038522
1.96687814656249	-0.425487591891731	-0.0178095157585558	-0.000847547165662385	-4.03228568603271	0.0205572812679047	0.00115869141764569
1.97687814656249	-0.466637410008075	-0.0175896624633067	-0.000835313696332856	-4.19714437862766	0.0234530596208482	0.00129025111606901
1.98687814656249	-0.509419115818641	-0.0173396637411859	-0.000821712072801581	-4.35859310158506	0.0265855720477908	0.00143241119070962
1.99011231133161	-0.523598775598299	-0.0172519696004065	-0.000817001186001863	-4.41000743854765	0.0276484444851829	0.00148034194460645
2.00011231133161	-0.569192552370723	-0.0170528201453778	0.0126211956716349	-4.70816711519423	0.0128402544755072	2.68479155639267
2.01011231133161	-0.617750533692245	-0.0169477952767452	0.0526653980014464	-5.00355317466729	0.0336962114614485	5.19537164527935
2.02011231133161	-0.669308198123876	-0.0145475674862	0.107249761122705	-5.30930407578366	0.513066272156963	5.38236843211789
2.03011231133161	-0.723937126278932	-0.00608618409610723	0.157225212763508	-5.61572585739354	1.18830518602054	4.5631191336229
2.04011231133161	-0.781600148971151	0.00923293041199818	0.19834243498805	-5.91549060643153	1.87141656044303	3.6748560208793
2.05011231133161	-0.8422159270745	0.0312245595726952	0.231161866601165	-6.20598065779759	2.52018990494597	2.91359638554752
2.06011231133161	-0.905683666101184	0.0594951210065214	0.257106170319055	-6.48565138219644	3.12679484503533	2.29820499561359
2.07011231133161	-0.971890755870801	0.0936252965729387	0.277545612951685	-6.75416557544184	3.69420419579889	1.80647750716999
2.08011231133161	-1.0405189640718	0.132497193963377	0.294067587646547	-6.95153834938575	4.01236323662588	1.53654310502427
2.09011231133161	-1.11058025419413	0.172779465460394	0.308611766256924	-7.04597784719107	3.99897927069756	1.3779795234316
2.10011231133161	-1.18118516164482	0.211731298575286	0.321630553213993	-7.06423410240142	3.76073291965659	1.22442878880838
2.11011231133161	-1.25168379779941	0.247498281473375	0.333066510030389	-7.0280250871347	3.37326376241765	1.06128159897176
2.1182987940741	-1.30899693899575	0.273567079289058	0.341189777575986	-6.97052523985338	2.98811484975017	0.922945185944207
2.12829879407409	-1.37788691038883	0.301884740318338	0.336803755744159	-6.80487879109698	2.67421457020278	-1.80093963022794
2.1382987940741	-1.44503747661368	0.327018829471599	0.305227039271214	-6.62162068575468	2.33873883913798	-4.44910187756879
2.14829879407409	-1.5101883985355	0.34704858056844	0.255833304258573	-6.402342977431	1.58536795306334	-5.02142390537542
2.1582987940741	-1.5730044115968	0.35795561210703	0.208654135326805	-6.15806232262266	0.581653380312683	-4.34077467860583
2.16829879407409	-1.633304582235	0.358619993105487	0.169397184630872	-5.90000178466688	-0.446120587660897	-3.51835209078057
2.1782987940741	-1.69096824655186	0.349136777133854	0.137922465232342	-5.63104808550607	-1.44409317265253	-2.79886843301413
2.18829879407409	-1.74589459413624	0.329878537284199	0.11296148717154	-5.35282027138858	-2.40029832011369	-2.2150264087147
2.1982987940741	-1.79800101089307	0.301282792676767	0.0932155687971716	-5.06758349022985	-3.31093524370344	-1.7518085393626
2.20526312288366	-1.83259571459405	0.276109939095768	0.0819492866296265	-4.87015690443169	-3.90227617151833	-1.5007940222255
2.21526312288366	-1.87993977890328	0.235813292700543	0.0537631611254306	-4.59825159919255	-4.15179518035953	-4.13368770346968
2.22526312288366	-1.92455412754913	0.193049389022989	1.07453802771044e-05	-4.32174225716713	-4.49232675357686	-6.12216925705386
2.23526312288366	-1.9663350496938	0.144349228783637	-0.0597905421338268	-4.03451349810115	-5.27875005372081	-5.6428512970704
2.24526312288366	-2.00526578951848	0.0873258774109136	-0.111293338604418	-3.75298431627888	-6.12169968726321	-4.64269615258108
2.25526312288366	-2.04164469959938	0.0228920217554695	-0.15338883697351	-3.55080658413954	-6.66195168724828	-3.84167955367901
2.26526312288366	-2.07682756456945	-0.0439778067797315	-0.189003091264295	-3.50899847443697	-6.63211399316062	-3.30278618937158
2.27526312288366	-2.11220830218166	-0.10844352036199	-0.219656842669599	-3.58270747965756	-6.20731214140136	-2.83561527899589
2.28526312288366	-2.14870903246352	-0.167321303436154	-0.245782386942449	-3.7233932902855	-5.54534053533621	-2.390106167122
2.29526312288366	-2.18669937576216	-0.219200380740717	-0.267414614877287	-3.87460111790469	-4.82505685346952	-1.94261046123915
2.30526312288366	-2.22619347656069	-0.263709609929598	-0.284862894053015	-4.02353973513114	-4.07169479905713	-1.55945925768689
2.31526312288366	-2.26715144969545	-0.3005457062656	-0.298851639304459	-4.16688867321162	-3.29187403488067	-1.24981533533912
2.32526312288366	-2.30950426515827	-0.329488408998965	-0.310070279399994	-4.30217145483194	-2.494422424649	-1.00336207437756
2.33526312288366	-2.35316333519513	-0.350398794522473	-0.319088000318551	-4.42797634547899	-1.68636922261645	-0.808119353618142
2.34526312288366	-2.39795036084076	-0.363491717991913	-0.32617253072481	-4.52069290189029	-0.956507997837461	-0.604468006377695
2.35526312288366	-2.44340334723306	-0.370001440765143	-0.331198688928368	-4.56141442947238	-0.368237177561311	-0.405104289968277
2.36526312288366	-2.48901453231587	-0.371296301284647	-0.334392634001285	-4.55293587248915	0.0880061390635323	-0.239947806640473
2.37526312288366	-2.53431202190537	-0.368648220530855	-0.336123125679307	-4.4994774090979	0.422268484076492	-0.112212413632351
2.38526312288366	-2.57887153226092	-0.363214813468437	-0.33675180638755	-4.40627437480018	0.647440925089102	-0.0188870920986392
2.3942527996373	-2.61799387799162	-0.356794701378719	-0.336642538763673	-4.29335821755488	0.769206010446586	0.0394988549422337
2.4042527996373	-2.66116139410199	-0.347659407512056	-0.323554481179637	-4.33919386730523	1.05711322181979	2.57670700816472
2.4142527996373	-2.70476922850545	-0.335566911898592	-0.28563501091341	-4.3843417982902	1.41365901788334	4.74019579550438
2.4242527996373	-2.74891307900907	-0.317695144894295	-0.237354490128366	-4.44572346892028	2.20639220651447	4.67956261699901
2.4342527996373	-2.79368638598306	-0.291048459942503	-0.194144622296706	-4.50849283458091	3.1275429391799	3.93265464476723
2.4442527996373	-2.83902426141474	-0.255340560147352	-0.158588146060579	-4.54432027017151	3.95847825470828	3.22610332692973
2.4542527996373	-2.88414295034419	-0.213427944603385	-0.128679630849371	-4.45960419752442	4.35602136660554	2.779041346637
2.4642527996373	-2.92786917439535	-0.169387593414991	-0.102740565203257	-4.27060568845836	4.40221529820479	2.41608265861873
2.4742527996373	-2.96929805275562	-0.126229343559855	-0.0802686316545183	-4.0043975052209	4.19401434619271	2.08188705438827
2.4842527996373	-3.00778041255608	-0.086088963765987	-0.0610408770784304	-3.68593289408203	3.81404135585718	1.7645947758273
2.4942527996373	-3.04298624073812	-0.0500348677143172	-0.045054335252696	-3.35496507392875	3.39529442770461	1.4357335485366
2.5042527996373	-3.07487402869373	-0.0182268250560209	-0.0321905021376933	-3.02236174487889	2.96398466332733	1.14567027783091
2.5142527996373	-3.1034296643389	0.00919966414698009	-0.0219602121355072	-2.68861575823622	2.51928264218249	0.90894798189683
2.5242527996373	-3.12864404526043	0.032122783225406	-0.0138523204992439	-2.354176870768	2.06378338850326	0.719835401660097
2.5342527996373	-3.15051203142253	0.0504484420549158	-0.00743347540676007	-2.01938317352451	1.60020222729806	0.569742243883006
2.5442527996373	-3.16903128247342	0.0641072074627335	-0.00235357752784591	-1.68445837873549	1.13071600213195	0.450860881035122
2.5542527996373	-3.18420117936364	0.073048374369622	0.00166626399968387	-1.34946677004124	0.656676259554016	0.356965666734975
2.5642527996373	-3.19604122772606	0.0773049792285742	0.00479828795006393	-1.02280323790605	0.209432296766277	0.2632319555138
2.5742527996373	-3.20476641317818	0.0775991863880972	0.00686578348112011	-0.727556666443803	-0.133707290762654	0.151447581508119
2.5842527996373	-3.21069316840165	0.0749436513145936	0.00788819939280502	-0.462544539116551	-0.382850745706689	0.0569584743305141
2.5942527996373	-3.21410611387949	0.0702127229460529	0.00808598022025002	-0.224164962069691	-0.550820731404799	-0.0134514155372385
2.6042527996373	-3.21525222051265	0.064156960887496	0.00769343324581482	-0.0085069921827175	-0.649873526641092	-0.0616524517875321
2.6142527996373	-3.2143385115469	0.0574038739774938	0.00691471951569974	0.188471097897666	-0.692328882230882	-0.0913270253854371
2.6242527996373	-3.21153183620821	0.0504589388325187	0.00591592608896517	0.370729555571667	-0.690191655199228	-0.10628300793007
2.6342527996373	-3.20696059434433	0.0437111595037112	0.00482638842024905	0.541973373471199	-0.654681075181217	-0.110026379443817
2.6442527996373	-3.2007179421336	0.0374428210227746	0.00374245515759815	0.705530193115346	-0.595874244288181	-0.105637380096249
2.6542527996373	-3.19286597101835	0.0318421086144104	0.00273196622438451	0.864276739880956	-0.522488786522231	-0.0957353679478475
2.6642527996373	-3.18344041009483	0.0270172667149517	0.00183887417761864	1.02060630872872	-0.441788484734773	-0.0824808085717497
2.6742527996373	-3.17245548423136	0.0230111895884078	0.00108773185878094	1.17642868185191	-0.359587030193227	-0.0675983158105036
2.6842527996373	-3.1599086464736	0.0198155901427715	0.000487877177269957	1.3331939927616	-0.280324563619209	-0.0524131801459121
2.6942527996373	-3.14578498449325	0.0173841364533234	3.72071609139064e-05	1.49193286519619	-0.207194029921458	-0.0378962301733132
2.7042527996373	-3.1300611719388	0.015644158795809	-0.000274521020768922	1.65330631342725	-0.142297764038559	-0.0247129725122466
2.7142527996373	-3.1127088943601	0.0145067074386515	-0.000462888073332719	1.81766015780715	-0.0868184082992595	-0.0132737869286745
2.7242527996373	-3.09369772564616	0.0138748824188234	-0.00054650721587534	1.98507993174976	-0.0411918229917187	-0.00378270175636558
2.72513534608192	-3.09193921838477	0.0138401032554938	-0.00054951696573346	2.00000000000033	-0.0376370516663314	-0.00304110483232887
2.73513534608192	-3.07108849585819	0.0136470186137016	-0.000541658154188068	2.17061167913839	-0.00255253788214335	0.0042850548404955
2.74513534608192	-3.04851820488536	0.0137587991718337	-0.000470166314948263	2.34385378817751	0.0234647724084069	0.00970766790718973
2.75513534608192	-3.02420400318352	0.0140890287427866	-0.000353300285146421	2.51931828657436	0.0413024693808957	0.0133925747105475
2.76513534608192	-2.99812604751355	0.0145610965184759	-0.000207384662960688	2.69651856636056	0.0520174284075477	0.0155565043271841
2.77513534608192	-2.97026962990875	0.0151094092098102	-4.64278914809202e-05	2.87491848474896	0.0567423789149365	0.0164423053745519
2.78513534608192	-2.94062555411791	0.0156797647947821	0.000118037717837007	3.05395514016315	0.0566121183894453	0.0162995291899387
2.79513534608192	-2.90919031353497	0.0162290809707488	0.000276945858816132	3.23305589483142	0.052707960909956	0.0153697468413876
2.80513534608192	-2.87596612503239	0.0167246515762048	0.000423560787062423	3.41165028901138	0.0460185382811575	0.0138760744885905
2.81513534608192	-2.84096086612274	0.0171430837891779	0.000553255740157418	3.58917759002198	0.037414776684478	0.0120163205123263
2.82513534608192	-2.80418795518829	0.0174690464116027	0.000663238421928949	3.76509076155908	0.0276367522984901	0.00995915113093687
2.83513534608192	-2.76566620664041	0.0176939365701692	0.00075225077182049	3.93885763691773	0.0172901462782181	0.00784268640446407
2.84513534608192	-2.72541968518794	0.0178145498852579	0.000820264533286031	4.1099600443228	0.00685013691181433	0.00577497641879161
2.85513534608192	-2.68347757619303	0.0178318184245997	0.00086818888841668	4.27789157292173	-0.00332924670017414	0.00383586047268327
2.86513534608192	-2.63987408257622	0.0177496621218322	0.000897601758560629	4.44215459212737	-0.0130020559059402	0.00207977397038493
2.87513534608192	-2.5946483530275	0.0175739831175427	0.000910512344666969	4.60225705154093	-0.0220151347524347	0.000539133379567996
2.88513534608192	-2.54784444156664	0.0173118194323013	0.000909157393518469	4.75770950498724	-0.0302919199381984	-0.000771744331359339
2.89513534608192	-2.49951129383387	0.016970659027693	0.000895842197539472	4.90802267260741	-0.0378159595685714	-0.00185387321324805
2.90513534608192	-2.44970275443178	0.01655791779911	0.000872805069593593	5.05270587291781	-0.0446156973658342	-0.00271904057838638
2.91513534608192	-2.39847758491891	0.0160805635729129	0.000842122632370514	5.19126643720183	-0.0507503446928643	-0.00338655026877105
2.92513534608192	-2.34589948167978	0.0155448708085314	0.00080565132047277	5.32321020544983	-0.0562972404321115	-0.0038811820667263
2.93513534608192	-2.29203708371233	0.0149562939348592	0.000764985593856452	5.44804319618689	-0.0613415226681686	-0.00423004757192577
2.94513534608192	-2.23696395790314	0.014319433497203	0.000721444556033541	5.56527436192291	-0.0659675849387265	-0.00446080151457711
2.95513534608192	-2.18075855157378	0.0136380776803729	0.000676074879190369	5.67441937275305	-0.0702525854999589	-0.00460004686410248
2.96513534608192	-2.12350410260271	0.0129152991872195	0.000629667486668021	5.7750052926737	-0.0742618452885621	-0.00467216949055277
2.97513534608192	-2.06528849900397	0.012153589338382	0.000582783940267368	5.86657598131396	-0.07804597472629	-0.00469855465309659
2.98513534608192	-2.00620408167094	0.0113550131000469	0.000535788954291325	5.94869802442626	-0.0816395243829803	-0.00469713674625409
2.99513534608192	-1.94634738607017	0.0105213709471875	0.000488885961002248	6.02096697596575	-0.0850609269565098	-0.00468223041196696
3.00513534608192	-1.88581882090704	0.00965435587267364	0.000442153180909666	6.08301368300921	-0.0883134846895934	-0.00466458953299606
3.01513534608192	-1.82472228409328	0.00875569632769976	0.000395578184467541	6.13451046218176	-0.0913871549054867	-0.00465164132855517
3.02513534608192	-1.76316471863513	0.00782727831719655	0.000349089447345145	6.17517690257721	-0.0942608948380038	-0.00464784552089657
3.03513534608192	-1.70125561324385	0.0068712421851079	0.000302583881063522	6.20478508502907	-0.0969053435440203	-0.00465513291305164
3.04513534608192	-1.63910645446377	0.00589005173614006	0.000255949750385619	6.22316403036849	-0.0992856416891419	-0.00467338328251787
3.05513534608192	-1.57683013884376	0.00488653519737435	0.000209084758552616	6.23020321900629	-0.101364217703194	-0.00470090884321085
3.06513534608192	-1.51454035508202	0.00386389908626458	0.000161909385382086	6.22585505948623	-0.103103399554747	-0.00473491627534044
3.07513534608192	-1.45235094710351	0.00282571729866505	0.000114375799176352	6.21013622297068	-0.104467743576927	-0.00477192711759073
3.08513534608192	-1.39037526965347	0.00177589865514562	6.64728324717851e-05	6.18312780212089	-0.105426003849637	-0.00480814284209331
3.09513534608192	-1.32872554819639	0.000718636754232069	1.82276179753316e-05	6.14497429459475	-0.105952696193833	-0.00483974691880349
3.10513534608192	-1.26751225470475	-0.000341653701108739	-3.02954688802013e-05	6.09588145148988	-0.106029238639496	-0.00486314140449618
3.11513534608192	-1.20684351033188	-0.00140040987991026	-7.89979120695867e-05	6.03611306772915	-0.105644674317871	-0.00487511990738751
3.12513534608192	-1.14682452503	-0.00245299904058408	-0.000127751589044207	5.96598682309034	-0.104796002423832	-0.0048729820938477
3.13513534608192	-1.08755708295416	-0.00349479826245696	-0.000176404187971113	5.88586930813908	-0.10348815784067	-0.00485459720029151
3.14513534608192	-1.0291390810512	-0.00452127242534121	-0.000224785041404913	5.79617038795697	-0.101733690181632	-0.00481842533764313
3.15513534608192	-0.971664126640739	-0.00552804771032705	-0.000272711000472529	5.69733706792518	-0.0995521986367282	-0.00476350583025102
3.16513534608192	-0.915221198126251	-0.00651097846998522	-0.000319992065254337	5.58984703001144	-0.0969695806168466	-0.0046894215608433
3.17513534608192	-0.859894371296582	-0.00746620588979749	-0.000366436573030421	5.47420200548394	-0.0940171504306973	-0.0045962474695811
3.18513534608192	-0.805762612057246	-0.00839020740507299	-0.000411855821798629	5.3509211415237	-0.0907306798824829	-0.00448449015951289
3.19513534608192	-0.752899634918951	-0.00927983632693795	-0.000456068069124329	5.22053450584307	-0.0871494065330275	-0.00435502416729055
3.20513534608192	-0.701373825212935	-0.0101323515530408	-0.000498901894767548	5.08357685629793	-0.0833150481777841	-0.00420902902163717
3.21513534608192	-0.651248221829383	-0.0109454375863707	-0.000540198949877444	4.94058178280779	-0.0792708545245081	-0.00404792985821664
3.22513534608192	-0.602580556306772	-0.0117172153580299	-0.000579816137155806	4.79207630784581	-0.075060719640836	-0.00387334317913731
3.23513534608192	-0.55542334334424	-0.0124462445506398	-0.000617627277310787	4.63857601040121	-0.0707283718880805	-0.00368702839360797
3.24513534608192	-0.509824017264604	-0.0131315182552984	-0.00065352431977276	4.48058071757938	-0.0663166520244425	-0.00349084507546692
3.25513534608192	-0.465825108612269	-0.0137724508756348	-0.000687418152527836	4.31857078863952	-0.06186688508516	-0.00328671541779602
3.26513534608192	-0.423464454911203	-0.0143688602273383	-0.000719239059375198	4.15300399883773	-0.0574183475610609	-0.00307659112794989
3.27513534608192	-0.382775439612122	-0.014920944780284	-0.000748936864925208	3.98431301532079	-0.0530078282536136	-0.00286242394781027
3.28513534608192	-0.343787253400751	-0.0154292569620071	-0.000776480799778358	3.81290344470435	-0.048669278883793	-0.00264613905702782
3.29513534608192	-0.306525172295098	-0.0158946733935735	-0.000801859111636469	3.63915242192231	-0.0444335489443271	-0.0024296107740569
3.30513534608192	-0.271010847303548	-0.0163183628682994	-0.000825078443216738	3.46340770238176	-0.040328198270984	-0.00221464016763155
3.31513534608192	-0.237262600823236	-0.0167017528153486	-0.00084616299498735	3.28598721423612	-0.0363773802345594	-0.0020029343939674
3.32513534608192	-0.205295725407234	-0.0170464949177613	-0.000865153489824759	3.10717902446753	-0.032601788202508	-0.00179608775526117
3.33513534608192	-0.175122781000119	-0.0173544304806622	-0.000882105957387372	2.92724167117887	-0.0290186578897383	-0.00159556461518965
3.34513534608192	-0.146753887217293	-0.017627556072086	-0.000897090357853878	2.74640481474486	-0.0256418183364986	-0.00140268439786725
3.35513534608192	-0.12019700771047	-0.0178679898872339	-0.000910189067178699	2.56487016197249	-0.0224817844635068	-0.00121860893635707
3.36513534608192	-0.0954582241084624	-0.0180779392177975	-0.000921495248676583	2.38281261989342	-0.0195458844251851	-0.00104433242926815
3.37513534608192	-0.0725419974408256	-0.0182596693417067	-0.000931111138128163	2.20038163900075	-0.0168384152906595	-0.000880674217155662
3.38513534608192	-0.0514514153356463	-0.0184154740856246	-0.000939146271355696	2.01770270942025	-0.0143608209195588	-0.000728274514568155
3.39513534608192	-0.032188423628246	-0.0185476482529757	-0.000945715684117632	1.83487897747482	-0.0121118862632563	-0.000587593139709452
3.40513534608192	-0.0147540413225095	-0.0186584620545327	-0.000950938114086209	1.65199295419303	-0.0100879427134768	-0.000458911182470957
3.41513534608192	0.000851441889371798	-0.0187501376268908	-0.000954934233579273	1.46910829139418	-0.00828307954195903	-0.000342335452547108
3.42513534608192	0.0146282861192659	-0.0188248276768367	-0.00095782493967797	1.28627160494156	-0.0066893569293476	-0.000237805460195289
3.43513534608192	0.0265771401729491	-0.0188845962470156	-0.000959729725505146	1.10351432851252	-0.00529701656936061	-0.000145102608684293
3.44513534608192	0.0366988990740291	-0.0189314015607328	-0.000960765152941611	0.920854584722281	-0.00409468635397284	-6.38612232671914e-05
3.45513534608192	0.0449945803430276	-0.0189670808714992	-0.000961043443122332	0.738299063616833	-0.00306957619315997	6.41899161514357e-06
3.46513534608192	0.051465219067366	-0.0189933372163047	-0.000960671196894607	0.555844901384751	-0.00220766259292427	6.6359487155301e-05
3.47513534608192	0.05611178173914	-0.0190117279507536	-0.000959748253241722	0.373481554611225	-0.00149386020069427	0.000116688809330308
3.48513534608192	0.0589350988016307	-0.0190236549292512	-0.000958366689666973	0.191192667496321	-0.000912179119586796	0.000158228329097374
3.49513534608192	0.0599358158286257	-0.0190303561844004	-0.000956609964856283	0.00895793117821828	-0.000445867383882194	0.000191878110071871
3.50513534608192	0.0591143632590253	-0.0190328989566101	-0.000954552200723502	-0.173245064362241	-7.7538568887091e-05	0.000218603208477406
3.51513534608192	0.0564709446190541	-0.0190321739274794	-0.000952257598287232	-0.35543898438829	0.000210714928975492	0.000239420640589714
3.52513534608192	0.0520055431818201	-0.0190288905185878	-0.000949779979794158	-0.537644907492196	0.000437221869009954	0.000255387188724573
3.53513534608192	0.045717947035111	-0.0190235731306052	-0.000947162448121611	-0.719880485506385	0.000620643822749465	0.000267588151171935
3.54513534608192	0.0376077925493125	-0.019016558215768	-0.000944437153762109	-0.902158103278811	0.000779896467320383	0.000277127077081458
3.55513534608192	0.0276746262542721	-0.0190079920993391	-0.000941625159590375	-1.08448303695363	0.000934078052382016	0.000285116466528198
3.56513534608192	0.0159179851428469	-0.018997829492195	-0.000938736394092396	-1.2668516103984	0.0011024022080774	0.000292669360784312
3.57513534608192	0.00233749541578789	-0.0189858326666156	-0.000935769684732661	-1.44924935082084	0.00130413195007189	0.000300891699767186
3.58513534608192	-0.0130670103364958	-0.0189715713000788	-0.000932712864571857	-1.63164914642418	0.00155851149203105	0.000310875283952292
3.59513534608192	-0.0302953575589883	-0.0189544230266808	-0.000929542947034245	-1.81400941116244	0.00188469230492314	0.000323691147703338
3.60513534608192	-0.0493468758709389	-0.0189335747719107	-0.000926226365764456	-1.9962722642686	0.00230164977726769	0.000340383130708161
3.61513534608192	-0.0702202271170183	-0.0189080249829881	-0.000922719278703739	-2.17836173522972	0.00282808684387111	0.000361961424609948
3.62513534608192	-0.0929132156524527	-0.0188765869027636	-0.000918967937746648	-2.36018200824863	0.00348232107773174	0.000389395873457804
3.63513534608192	-0.117422581342498	-0.0188378930690621	-0.00091490912749752	-2.5416157239261	0.00428215199751247	0.000423608819655583
3.64513534608192	-0.143743775953528	-0.0187904012519252	-0.000910470678615028	-2.72252235986385	0.00524470574929827	0.000465467311962737
3.65513534608192	-0.171870723850767	-0.0187324020669017	-0.000905572062893353	-2.90273671605093	0.00638625489447474	0.000515774528984823
3.66513534608192	-0.201795568197495	-0.0186620285215931	-0.000900125078459839	-3.08206753514934	0.00772201179229444	0.000575260320478598
3.67513534608192	-0.233508404172946	-0.0185772677631756	-0.000894034634152428	-3.26029629200809	0.00926589501946211	0.000644570829422033
3.68513534608192	-0.266997001082353	-0.0184759753421268	-0.000887199470736636	-3.43717619121428	0.0110302754639494	0.00072423167049437
3.69513534608192	-0.302246515671074	-0.0183558920565279	-0.000879513518921903	-3.61243141272637	0.0130256797438609	0.00081468787506245
3.70513534608192	-0.339239199315847	-0.0182146638847186	-0.000870866874259684	-3.78575665327417	0.0152604904632532	0.000916267862690243
3.71513534608192	-0.377954102301049	-0.0180498650094954	-0.000861147076591937	-3.95681700867219	0.0177406246471379	0.00102917332051757
3.72513534608192	-0.418366778831803	-0.0178590240766178	-0.000850240586374625	-4.12524824518028	0.0204692011306637	0.00115347970511079
3.73513534608192	-0.460448996892991	-0.0176396538252196	-0.000838034140225267	-4.29065750805307	0.0234462169115254	0.00128910066809834
3.74513534608192	-0.504168457554449	-0.0173892839438706	-0.000824416317707402	-4.45262451133541	0.0266682312558125	0.00143576768714329
3.74946554559898	-0.523598775598299	-0.0172706386121623	-0.000818058059317792	-4.52158007754111	0.0281376443673904	0.00150315177641099
3.75946554559898	-0.570308377209812	-0.0170656271894643	0.0126200056022035	-4.81974424415086	0.0135398198948283	2.68470742218898
3.76946554559898	-0.619981742079247	-0.0169521564778233	0.052661643836983	-5.1150413592275	0.0349024225328963	5.19385310980208
3.77946554559898	-0.672653260360453	-0.0145399155396524	0.107236437954336	-5.42056604282407	0.514320972934193	5.38164110250742
3.78946554559898	-0.728393075732149	-0.00606523159896531	0.157204641632061	-5.72661402677114	1.18973097290094	4.56221310019172
3.79946554559898	-0.787162339837781	0.00926843979386512	0.198312216937719	-6.02581732745346	1.87289189027188	3.67375243275609
3.80946554559898	-0.848877676713887	0.0312742209494416	0.231120059071685	-6.31552693481496	2.52150638212945	2.91238860719112
3.81946554559898	-0.913435964468142	0.0595560535210623	0.257052037287218	-6.59417201892742	3.12768181617414	2.29695936401187
3.82946554559898	-0.980722022359939	0.0936916613231537	0.277478550492289	-6.86150294340589	3.69472730567256	1.80498242453613
3.83946554559898	-1.05041922106702	0.132574597134545	0.293981616136471	-7.05757598281893	4.01256403116786	1.53548147459329
3.84946554559898	-1.1215312113628	0.172849417735547	0.308517215326322	-7.15006164048013	3.99736257828355	1.37713155078672
3.85946554559898	-1.19316667028687	0.211777315729386	0.32152657708042	-7.16623903865328	3.7576090634062	1.22337341367534
3.86946554559898	-1.26467442494444	0.247506800165386	0.332950555214725	-7.12782222912258	3.36894192669009	1.05994463247265
3.87570191532296	-1.30899693899575	0.26762619618701	0.339232846695496	-7.08433421049171	3.07875116132629	0.954576138847647
3.88570191532296	-1.37902373292412	0.296853837665231	0.335146605838375	-6.91839709320623	2.76545406141557	-1.77256828040568
3.89570191532296	-1.44730723457634	0.322902444421342	0.303829167583579	-6.73469055232371	2.43101583431209	-4.42911474175632
3.90570191532296	-1.51358536139952	0.343843585293856	0.254667654609637	-6.51471184268331	1.67586482172312	-4.99776460980857
3.91570191532296	-1.57752101677648	0.355652005373179	0.207709541590927	-6.26958325926397	0.671399822788228	-4.32029529861571
3.92570191532296	-1.63893118852967	0.357209596674043	0.168638704817634	-6.01044117404497	-0.357268959418558	-3.50154936816446
3.93570191532296	-1.69769285129698	0.348609461684689	0.137315131272419	-5.74016835406553	-1.35638741712942	-2.78523991453335
3.94570191532296	-1.75370282968736	0.33022180491628	0.112476430369034	-5.46038684019173	-2.31391703278725	-2.20410204041109
3.95570191532296	-1.80687614749263	0.30248248829664	0.0928289725747485	-5.17340056179313	-3.22585369322342	-1.74329336135973
3.96074530547623	-1.83259571459405	0.285084487026027	0.0845407163513342	-5.02615749049603	-3.67000792176437	-1.54817498537933
3.97074530547623	-1.8814911077232	0.247071450893629	0.0558673993892461	-4.75235746529971	-3.92731609087733	-4.18496773144912
3.98074530547623	-1.92763069911391	0.206447633481787	0.00188748130213312	-4.4726227766685	-4.28549888266845	-6.13416366029275
3.99074530547623	-1.97090117186941	0.159758531165879	-0.0580212798980264	-4.1813749263338	-5.08360323706539	-5.65219205042849
4.00074530547623	-2.01127844329399	0.104631659508736	-0.109612850990819	-3.89597270643046	-5.93516400028783	-4.65287378115074
4.01074530547623	-2.048921416174	0.0415006245188293	-0.151486924389011	-3.65431034068005	-6.6079403083409	-3.78688710637085
4.02074530547623	-2.08493835162266	-0.0254427825998633	-0.186544222259152	-3.57429651369337	-6.6931093148602	-3.25416016471791
4.03074530547623	-2.12082853503316	-0.0909297680846386	-0.216830451362235	-3.62089604456923	-6.34581758331275	-2.81029890535936
4.04074530547623	-2.15762669963152	-0.151419129275516	-0.242849275923853	-3.74843617121329	-5.71728443558614	-2.39499956567637
4.05074530547623	-2.19585787416993	-0.205018158721521	-0.264642831383523	-3.89767325491441	-4.99817826338104	-1.96604062141523
4.06074530547623	-2.23557533086252	-0.251277212839784	-0.282326722117988	-4.04527540286796	-4.24844069920017	-1.58205615398886
4.07074530547623	-2.27674707703973	-0.289894335254212	-0.296524428744324	-4.18800966035256	-3.47111952042607	-1.26888670660156
4.08074530547623	-2.31931021956565	-0.320636748673849	-0.307916126604416	-4.32318209175238	-2.67493426937623	-1.01898276805669
4.09074530547623	-2.36317961421535	-0.343356506432563	-0.31707411388443	-4.44902339862103	-1.86775451577262	-0.820567524667225
4.10074530547623	-2.40820596363999	-0.358162395371051	-0.324333950123614	-4.54824129481614	-1.11537695757835	-0.626351900364758
4.11074530547623	-2.45397207888106	-0.366136097646239	-0.329584615817548	-4.59651780562463	-0.502137621668996	-0.427156482394725
4.12074530547623	-2.49997205152945	-0.368644960983547	-0.332985988452628	-4.59554804704134	-0.0209756558460553	-0.259131111077422
4.13074530547623	-2.5457315933979	-0.366965832292626	-0.334889680543857	-4.54918073565857	0.337217045153638	-0.127600451977738
4.14074530547623	-2.59082082962759	-0.362270687134508	-0.335652520755263	-4.4623855467094	0.584471763444105	-0.0303433175399555
4.14688195954882	-2.6179938779915	-0.358350320805546	-0.335696543641174	-4.39152784208139	0.687464407595994	0.0142171365027497
4.15688195954882	-2.66214864697904	-0.350014059638994	-0.322869229838451	-4.43841853486348	0.979175391427067	2.54897740137274
4.16688195954882	-2.70675150211692	-0.338706110569522	-0.28512369339466	-4.48398997792795	1.33287517216188	4.74199622362933
4.17688195954882	-2.75189453184339	-0.321617265336737	-0.236881357293939	-4.54584776932592	2.13013600875821	4.67202991333104
4.18688195954882	-2.79766994113302	-0.295721502926471	-0.193748083143191	-4.60875746241885	3.05378495188388	3.92362264970918
4.19688195954882	-2.84402652493073	-0.260682335746093	-0.158321126882374	-4.6514776897101	3.91157787415578	3.20252643260823
4.20688195954882	-2.89028196885002	-0.219009634025444	-0.128694228089473	-4.57914924973613	4.35164002724672	2.75307093631251
4.21688195954882	-2.93525193969115	-0.174854056318371	-0.102977666446766	-4.39931623404664	4.42789618503886	2.39813413375101
4.22688195954882	-2.97800204944484	-0.131328853223009	-0.0806389445189239	-4.139477460517	4.24021779545279	2.07308470964067
4.23688195954882	-3.01785765330836	-0.0906537279638756	-0.0614636983873206	-3.82481761843871	3.872390842425	1.76369972418914
4.24688195954882	-3.05445161461061	-0.0540219053724483	-0.045436647015219	-3.49369399706901	3.45296302888512	1.44153014931851
4.25688195954882	-3.08772623104451	-0.021635950790752	-0.0325085553967604	-3.16100407705802	3.02195845311177	1.15223730687516
4.26688195954882	-3.1176680007659	0.00637257827843606	-0.022216479026623	-2.82720649034332	2.57771454163327	0.91464290977107
4.27688195954882	-3.14426820450716	0.029882088061268	-0.014056898730003	-2.49275881576775	2.12261951638698	0.724485963912098
4.28688195954882	-3.16752218616408	0.048797919769992	-0.00759627928062351	-2.15801006208322	1.65939632485548	0.573473676550945
4.29688195954882	-3.18742818521804	0.0630503763367964	-0.00248296964623029	-1.82319178102576	1.19026244082863	0.453838670190339
4.30688195954882	-3.20398632640047	0.0725893317096045	0.00156288334497444	-1.48845909136464	0.716918646289914	0.359141757653124
4.31688195954882	-3.21720745346146	0.0774140118232542	0.00473927215119403	-1.1588472043533	0.25868479274765	0.271697747926625
4.32688195954882	-3.2272711077787	0.0781260795437902	0.00690024616771798	-0.859316835335396	-0.0988747980158468	0.160671141162426
4.33688195954882	-3.23449673010566	0.0757574064336657	0.00800459242346089	-0.5906634214887	-0.359960140266709	0.0639516517303173
4.34688195954882	-3.23917531209415	0.0712040128758468	0.00825964116997397	-0.349279710851144	-0.537885993780342	-0.00895944240519043
4.35688195954882	-3.24156018407602	0.0652356409410874	0.00790079508435067	-0.131248849844326	-0.645026028315355	-0.0593344506247779
4.36688195954882	-3.24186455692372	0.058498010080304	0.0071362281260681	0.067499840580673	-0.693800907484	-0.0907419322192493
4.37688195954882	-3.24026106596376	0.0515136042481862	0.00613641840901743	0.250977114443957	-0.69635667728059	-0.107003593681351
4.38688195954882	-3.23688330811621	0.0446868220287623	0.00503475654608383	0.422954201597051	-0.664091794850469	-0.111671659409165
4.39688195954882	-3.23182892173117	0.0383134245276155	0.00393112744395168	0.586834515212604	-0.607285176197591	-0.10788178186399
4.40688195954882	-3.22516369763903	0.0325930056834616	0.0028963424117845	0.745574774122229	-0.534863828682368	-0.0983100377769348
4.41688195954882	-3.21692626111721	0.0276431385489323	0.00197676751584144	0.901648325750622	-0.454296443924593	-0.0851713079910197
4.42688195954882	-3.20713294540218	0.023514057079411	0.00119884537099789	1.05704205118624	-0.37158839314206	-0.0702402801122637
4.43688195954882	-3.19578256432285	0.0202029883677191	0.000573329828362274	1.21327824953801	-0.291352501801185	-0.0548867956613021
4.44688195954882	-3.18286087431419	0.0176674973099222	9.91186070070896e-05	1.3714536584264	-0.216932139387804	-0.0401201261022836
4.45688195954882	-3.16834458899034	0.0158374241013225	-0.000233383573090203	1.53228891030416	-0.150556520615761	-0.0266379705545244
4.46688195954882	-3.15220487010742	0.0146251775014276	-0.000439401190514447	1.69618300078906	-0.0935118282697898	-0.0148768336265004
4.47688195954882	-3.13441026668598	0.013934292395639	-0.000537423778150194	1.86326858994831	-0.0463153899390208	-0.00506121012224284
4.48492949215838	-3.11886669707576	0.0136899644347711	-0.000551363883845779	2.00000000000087	-0.0154446967546973	0.00138084684803928
