=========================== Parameters =====================================
l1 [m]	l2 [m]	l3 [m]	c1 [m]	c2 [m]	c3 [m]	m1 [kg]	m2 [kg]	m3 [kg]
0.14	0.1	0.4458	0.3	0.9	0.3	0.1564	0.23764	0.1564
============================== Data ========================================
t [s]	th1 [rad]	th2 [rad]	th3 [rad]	th1d [rad/s]	th2d [rad/s]	th3d [rad/s]
0	0	0	0	0	0	0
0.01	-0.0014955913439087	0.00116545241119309	-0.000332747686466849	-0.284319258764494	0.214549986919326	-0.0640457545881447
0.02	-0.00543265430138061	0.00397208797108536	-0.00122841888824868	-0.492371006470541	0.333250047020458	-0.112404206217936
0.03	-0.0111632180886734	0.0076027461602273	-0.00252763630922634	-0.646335465915582	0.383458833597503	-0.144851467177088
0.04	-0.0182385808690949	0.011486843639517	-0.00407623489768579	-0.763928564106783	0.387176094575829	-0.162564804951129
0.05	-0.0263664163470109	0.0152486675096218	-0.00573663508732134	-0.858791315739424	0.361468762670036	-0.167604533815051
0.06	-0.035372676565177	0.0186610835646189	-0.00739444159873939	-0.941036451072209	0.319099890784119	-0.162483359988988
0.07	-0.0451692990445419	0.0216060007578056	-0.00896121309349507	-1.017848913024	0.269234094480097	-0.149831533450446
0.08	-0.0557278984777288	0.0240419154039744	-0.0103743543466039	-1.09407363176926	0.218137301933358	-0.13215504694029
0.09	-0.0670590972956228	0.0259782044723277	-0.0115950170412813	-1.17275072124031	0.169820683150175	-0.111677138749941
0.1	-0.0791968546775048	0.0274554613004139	-0.0126047767118312	-1.25557790909682	0.126602395493964	-0.0902495962755768
0.11	-0.0921870243940818	0.028530992033861	-0.0134017099845667	-1.34329363744244	0.0895774189956494	-0.0693190309463497
0.12	-0.106079353496438	0.0292685521866259	-0.0139963487300837	-1.43598300863071	0.0589965734438521	-0.0499336743349788
0.13	-0.120922183448488	0.0297314487292121	-0.0144078498284575	-1.5333137998995	0.0345622024785548	-0.032777695560253
0.14	-0.136759201527634	0.029978226319879	-0.0146605990390407	-1.63471221389761	0.0156512497693746	-0.0182220578591913
0.15	-0.153627691684642	0.0300602705620173	-0.0147813686864503	-1.73948874370459	0.00147757576174635	-0.00638314973681098
0.16	-0.171557836696444	0.0300207794524662	-0.0147970721886232	-1.84692416719255	-0.00879484662729526	0.00281740536510578
0.17	-0.190572719092217	0.0298946661159147	-0.0147331025322862	-1.956324714548	-0.0159772016823587	0.00959639152837462
0.18	-0.210688752617551	0.0297090558295631	-0.0146122041492391	-2.06705419444451	-0.0208102796095843	0.0142590463128204
0.19	-0.231916347177018	0.0294841257326938	-0.0144538052077134	-2.17854952839792	-0.0239403186001754	0.0171571002331637
0.2	-0.254260668191237	0.029234106045691	-0.0142737269202275	-2.29032485917709	-0.0259099255176593	0.0186553531094884
0.21	-0.277722397050375	0.0289683179046131	-0.0140841850506586	-2.40196824141885	-0.0271591079218024	0.019106572886315
0.22	-0.302298434302172	0.0286921665553015	-0.0138940036745408	-2.51313392571479	-0.0280326265179261	0.0188339952208921
0.23	-0.327982513050529	0.0284080414583828	-0.013708970120888	-2.62353242063353	-0.0287908660619357	0.0181204013514528
0.24	-0.354765708437152	0.0281160987030097	-0.0135322710591443	-2.73291985355954	-0.029622227752342	0.017202613119595
0.25	-0.382636841591006	0.0278149177832092	-0.0133649614800728	-2.84108763482989	-0.0306556824053545	0.016270226148763
0.26	-0.411582784430474	0.0275020358409193	-0.0132064298337528	-2.94785304003895	-0.0319726123989214	0.0154674686221975
0.27	-0.441588676351148	0.0271743692843282	-0.0130548331461845	-3.05305104102848	-0.0336174347110624	0.0148971932806984
0.28	-0.472638066076331	0.0268285363773846	-0.0129074851284947	-3.15652751635094	-0.0356067601676798	0.0146261596614602
0.29	-0.504712992538742	0.0264610958752654	-0.0127611879254682	-3.25813383828274	-0.0379370261753212	0.0146909234783522
0.295745722670074	-0.523598775598299	0.0262388995907823	-0.012676273649982	-3.315610910426	-0.0394237702357641	0.0148856417890759
0.305745722670074	-0.562700284774182	0.0321661808653525	-0.00886662906422543	-4.50281656522239	1.22291693571127	0.746855233728983
0.315745722670074	-0.613597324633948	0.0506331950177406	0.00224743888563057	-5.67257341555945	2.4658855634355	1.47469801825556
0.325745722670074	-0.676053621567361	0.0813691505688839	0.0205873256622375	-6.81318028193196	3.67476341932449	2.19043671058899
0.335745722670074	-0.748670003933746	0.122674645235982	0.0458671764349362	-7.60268637441718	4.45510951185372	2.85038995558255
0.345745722670074	-0.826221739085517	0.168169933246431	0.0773131797838729	-7.83170831707427	4.55146083474857	3.42625688974351
0.355745722670074	-0.9040889212972	0.21224241724463	0.114052936484937	-7.68895956737573	4.2043609775533	3.86457690311039
0.365745722670074	-0.979185651324624	0.251400380685333	0.153312746738125	-7.30286067524794	3.59978849165517	3.93338892489711
0.375745722670074	-1.04980427785554	0.283928328226468	0.191841920957463	-6.81238683662854	2.90009432056993	3.7375364993128
0.385745722670074	-1.1153905035835	0.309429772453646	0.227517558444491	-6.30773236178997	2.20709823676982	3.37704213458459
0.395745722670074	-1.17608558859386	0.328282381405065	0.25908396642523	-5.84021350033703	1.57672299924268	2.92623300333379
0.405745722670074	-1.23240559558939	0.341261482119922	0.285923280639511	-5.43541101848995	1.03491847464904	2.43922652482627
0.415745722670074	-1.28503620075314	0.349303252531106	0.307877913265721	-5.10301574145408	0.58952252493519	1.95464666319865
0.420504124687228	-1.30899693899575	0.351675361365513	0.31664856220226	-4.97061285485619	0.410977814285545	1.73302459615249
0.430504124687228	-1.35358271626308	0.349617987828083	0.329269927462812	-3.9414040637008	-0.826756832361302	0.793217397235324
0.440504124687228	-1.3877126761204	0.335041674624171	0.332543127344987	-2.87857636752559	-2.09397727419006	-0.137568211122737
0.450504124687228	-1.41102983599477	0.307621982126068	0.32652794653979	-1.77778799699436	-3.39693848260317	-1.06557543844392
0.460504124687228	-1.42348916182976	0.267403241651345	0.311234259578714	-0.789869387065143	-4.55277106838643	-1.99051916257872
0.470504124687228	-1.42881407782934	0.219019169418953	0.286812583041474	-0.364269930793365	-5.01406686897026	-2.88800198632623
0.480504124687228	-1.43229978381622	0.168994424400885	0.253686277166537	-0.400400355444015	-4.91111281986518	-3.69711239612191
0.490504124687228	-1.43804688956341	0.122153493925468	0.214448768089546	-0.798634981683564	-4.40339152983732	-4.07437177563714
0.500504124687228	-1.44898381320611	0.0816759442173916	0.173495417943302	-1.40996650255272	-3.67123757267013	-4.06236049205982
0.510504124687228	-1.46657679365945	0.0490509032733486	0.134091231552105	-2.11565243617819	-2.84835225858576	-3.78340648880374
0.520504124687228	-1.49124025361712	0.0245935169000236	0.0983598577324007	-2.80762435831109	-2.05614098735324	-3.34368784005572
0.530504124687228	-1.52245202310452	0.0075730864114309	0.0674767025107874	-3.417540865352	-1.36912737901819	-2.8254391926371
0.540504124687228	-1.55920915789318	-0.00324873960971852	0.0419128787160956	-3.91370065382615	-0.819095356863403	-2.28801288494655
0.550504124687228	-1.60031948275382	-0.00928212581092201	0.0216438327443375	-4.28841159316962	-0.410480335169227	-1.77187117960169
0.560504124687228	-1.64459675273493	-0.0118891545799194	0.00631786420091796	-4.54921042630189	-0.130812121727498	-1.30262713698209
0.570504124687228	-1.69097606022491	-0.0122580638131428	-0.00461373680450151	-4.71183063852774	0.0410487148325481	-0.894609109944283
0.580504124687228	-1.7385692429594	-0.0113472967947271	-0.0117989742387458	-4.7952157559507	0.12915203270797	-0.553785188844095
0.590504124687228	-1.78667954956625	-0.00987625329293734	-0.0159138097234928	-4.8182908395094	0.156793018355156	-0.280133680241821
0.600046654686484	-1.83259571459405	-0.00841071055854403	-0.0175784762667219	-4.79973233143196	0.145616677175577	-0.0779063748086905
0.610046654686484	-1.87562343207086	-0.0124763006814487	-0.0221778806854578	-3.80455720496426	-0.959377916081768	-0.840973187622628
0.620046654686484	-1.90869245273895	-0.0275755862159636	-0.0343663840138515	-2.81114054818479	-2.05748586089763	-1.59457771940247
0.630046654686484	-1.93191950018422	-0.0535255902307871	-0.054014605357118	-1.83982302627028	-3.12532780969829	-2.33170444742229
0.640046654686484	-1.94563345894204	-0.0899006677455766	-0.0809205176769717	-0.916388335986804	-4.133207703282	-3.04435203140211
0.650046654686484	-1.95180081832473	-0.134292069382119	-0.114654905708078	-0.423135896521908	-4.61647429793003	-3.6791582063159
0.660046654686484	-1.95588228264922	-0.180154836921511	-0.15327046537512	-0.464482017533011	-4.47571471328235	-3.97093442866798
0.670046654686484	-1.96213676726596	-0.222637368966661	-0.192888667905209	-0.822102907407834	-3.98149641704398	-3.90520284315087
0.680046654686484	-1.97277631129736	-0.259298171337616	-0.230620288644245	-1.3174965004719	-3.3387155589003	-3.61208325120456
0.690046654686484	-1.98855882019145	-0.289353865377025	-0.264693145136499	-1.83618484575298	-2.67664989298158	-3.18691521088537
0.700046654686484	-2.00935507665279	-0.313011629991896	-0.29415003686299	-2.3125142194183	-2.06743253360076	-2.69851637507598
0.710046654686484	-2.03455772386256	-0.330993918881206	-0.318617255415507	-2.7141281169681	-1.54484960899852	-2.19575895790474
0.720046654686484	-2.0633489834842	-0.34423310816774	-0.338131957615187	-3.029553045226	-1.11916803454096	-1.71264576685554
0.730046654686484	-2.0948632153281	-0.353690855561449	-0.353012091355353	-3.25952724311742	-0.78733090566412	-1.27181019830473
0.740046654686484	-2.12827875717321	-0.36025989023834	-0.363755567367089	-3.4113740573853	-0.539445171011973	-0.886959004244572
0.750046654686484	-2.16286487329835	-0.364717009678727	-0.370960667178515	-3.49550799197503	-0.36271303597426	-0.564741420942375
0.760046654686484	-2.19800123930057	-0.367706562741555	-0.375263543179598	-3.52333173158749	-0.243725662924603	-0.306330014014209
0.770046654686484	-2.23318111476291	-0.369741409718605	-0.377290630601189	-3.50600753968014	-0.169748284966299	-0.108831963085185
0.780046654686484	-2.26800514965591	-0.371213431168643	-0.377624443486639	-3.45376919541368	-0.129396292352498	0.0334462107431865
0.790046654686484	-2.3021701144644	-0.372408810036008	-0.376781223278961	-3.37556853856579	-0.112944355165475	0.127896737798593
0.800046654686484	-2.33545522949561	-0.373525193284714	-0.375198697948014	-3.27893310918411	-0.112411064369604	0.182693495334572
0.810046654686484	-2.36770780292845	-0.374688943662916	-0.373232032396081	-3.16996068301252	-0.121503028668457	0.206071643711837
0.820046654686484	-2.39882929599664	-0.375971354974445	-0.371156004227242	-3.05340381761876	-0.135470451598948	0.20580124817003
0.830046654686484	-2.42876254383103	-0.377403133312552	-0.369171535801742	-2.93281175353802	-0.150909818985559	0.188838801759383
0.840046654686484	-2.45748057535955	-0.378986755699959	-0.367414924746731	-2.81070459671839	-0.165540676022396	0.161131247976573
0.850046654686484	-2.48497725075971	-0.380706557956856	-0.365968396427238	-2.68875965502301	-0.17797783935363	0.127542380334674
0.860046654686484	-2.51125975537279	-0.382536592336322	-0.364870909523925	-2.56799411799233	-0.18751546646801	0.0918708019845732
0.870046654686484	-2.53634285246338	-0.384446435135446	-0.364128444727127	-2.44893259255173	-0.193934491577456	0.0569308814474371
0.880046654686484	-2.56024470372806	-0.386405215450917	-0.363723273051408	-2.33175224534884	-0.197340166101999	0.0246721755247593
0.890046654686484	-2.58298401353586	-0.388384181853128	-0.363621921794262	-2.21640211770675	-0.198032209234206	-0.00368239605437814
0.900046654686484	-2.60457823470082	-0.390358131194466	-0.363781728851284	-2.10269627310248	-0.196406716011214	-0.0274944867299172
0.906539825015077	-2.61799387799149	-0.391627030041912	-0.364003295865742	-2.02962755374461	-0.194310712861561	-0.0404194921003318
0.916539825015077	-2.64104088988889	-0.389922451671031	-0.360319349906289	-2.57720148646225	0.532623390166373	0.777419478798162
0.926539825015077	-2.66950395237452	-0.381006401346617	-0.348443011394265	-3.11459786983289	1.25001311203766	1.59881944218174
0.936539825015077	-2.70333434767207	-0.364913287210719	-0.328316256251123	-3.652438598235	1.97006473196425	2.42822050375799
0.946539825015077	-2.74258902178052	-0.341556438541584	-0.299838177322207	-4.20113757358908	2.70467931115489	3.26972832390717
0.956539825015078	-2.78740717256872	-0.310742122636279	-0.263012607573155	-4.76069614001755	3.46075348973441	4.05240600224395
0.966539825015077	-2.83756197337055	-0.272475009962235	-0.220288953243317	-5.22188270749929	4.140961660326	4.42092479502752
0.976539825015077	-2.89020305141786	-0.229803131131434	-0.175897187176827	-5.23366397427386	4.3097855865741	4.40108133207478
0.986539825015077	-2.94103311976648	-0.187665211836214	-0.133213149650527	-4.88499367066935	4.06312986798023	4.09748096791347
0.996539825015077	-2.98719061940923	-0.149363479944044	-0.0945411473507364	-4.32173254343528	3.56857543769484	3.61532573243403
1.00653982501508	-3.02715629982508	-0.116654028795634	-0.0611962683283798	-3.66385184283576	2.96456191922659	3.04554743816346
1.01653982501508	-3.06044178115956	-0.0901029685772809	-0.0336877286370625	-2.99707817540644	2.35001516062515	2.45774968844608
1.02653982501508	-3.08724719722215	-0.0694831815570407	-0.0119412256002384	-2.37421666340281	1.78559847438629	1.89932311770224
1.03653982501508	-3.10816370609679	-0.0541202956954253	0.00449306170111588	-1.82202572388429	1.30168994969786	1.39871222453339
1.04653982501508	-3.12395400506186	-0.0431474683687638	0.0162740120513059	-1.34935168774034	0.90793000130361	0.970063728285991
1.05653982501508	-3.13540933367573	-0.0356703162500482	0.0241488836988669	-0.954054350784946	0.601356810762282	0.617559431440277
1.06653982501508	-3.14326631650587	-0.0308616505434858	0.0288716383831826	-0.628034810250859	0.372291064577224	0.338851427581378
1.07653982501508	-3.14816526421667	-0.0280078384792303	0.0311510136342251	-0.360565602802671	0.208205097576405	0.127599778973607
1.08653982501508	-3.15063510598682	-0.0265243762836275	0.0316202151346784	-0.140360324258023	0.0960995061507337	-0.0247085327202226
1.09653982501508	-3.15109441040218	-0.0259531277965047	0.0308219744652331	0.0432208265613056	0.0238622494538919	-0.127478701928948
1.10653982501508	-3.14986139864517	-0.0259495545377941	0.029204318368175	0.199537976539498	-0.0190407432925577	-0.190127349601843
1.11653982501508	-3.14716829203475	-0.0262653485437675	0.0271235702236311	0.336410438824636	-0.0413041989209743	-0.221502838531676
1.12653982501508	-3.14317700229277	-0.0267298960280996	0.0248519561520947	0.460090500241064	-0.0497888146612123	-0.229533385238395
1.13653982501508	-3.13799431807097	-0.0272326461781764	0.022587834083034	0.575377279694912	-0.0496816342499227	-0.22104585324744
1.14653982501508	-3.13168553726577	-0.0277075271683207	0.0204670775498679	0.685804635417064	-0.0447346200472996	-0.201709087229549
1.15653982501508	-3.12428604535906	-0.0281199142715264	0.0185745631079022	0.793857964742334	-0.0375295756404262	-0.176064243202683
1.16653982501508	-3.1158107096198	-0.0284562341340396	0.0169550478268922	0.901190403434306	-0.0297362044500722	-0.147611998220308
1.17653982501508	-3.1062611921874	-0.0287160299712927	0.0156229908338397	1.00882069957937	-0.0223439487785867	-0.11893311682891
1.18653982501508	-3.09563141696248	-0.0289061717659265	0.0145710785760108	1.11730362330926	-0.0158582453863438	-0.0918246152501279
1.19653982501508	-3.0839114848726	-0.0290368383914043	0.0137773658843367	1.22686972810936	-0.010458657569031	-0.0674386527185382
1.20653982501508	-3.07109034314634	-0.0291188965731573	0.0132110528376352	1.33753512658115	-0.00612065617420449	-0.046415294124619
1.21653982501508	-3.05715749524783	-0.0291623327609764	0.0128369893551451	1.44918418639187	-0.00270524258622784	-0.0290034849401452
1.22653982501508	-3.04210400282556	-0.0291754422183722	0.0126190431241616	1.56162914193032	-2.16840010544552e-05	-0.0151670489375409
1.23653982501508	-3.02592298900061	-0.0291645338488473	0.0125224886554327	1.67465092912391	0.00213118295729485	-0.00467436613084305
1.24653982501508	-3.00860980981036	-0.0291339623854883	0.0125155816497511	1.78802537678675	0.00393998182230923	0.00282828252636429
1.25653982501508	-2.99016202136471	-0.0290863474740987	0.0125704781376424	1.90153844175705	0.00556370854811822	0.00775880838197754
1.26521741322303	-2.9732339740839	-0.0290321700282608	0.0126498577199697	2.00000000000016	0.00692154717805754	0.0102924871830925
1.27521741322303	-2.9526674229431	-0.0289550492904913	0.0127605366580075	2.1132608702917	0.00851336224002385	0.0115840604583568
1.28521741322303	-2.93097000303177	-0.0288615859667363	0.0128769996654405	2.22614835728101	0.0101994060466302	0.0115123723649839
1.29521741322303	-2.90814618574935	-0.0287505956667934	0.0129874260932373	2.33851724343388	0.0120244683979179	0.0104315553904988
1.30521741322303	-2.88420183279051	-0.0286205460010763	0.013083279805704	2.45023398610982	0.0140142488229184	0.00864364595727958
1.31521741322303	-2.85914410039475	-0.0284697215719834	0.0131587739392112	2.56117253088929	0.0161804534261889	0.0063964627076996
1.32521741322303	-2.83298138450678	-0.0282963410285981	0.0132103343395577	2.67121037239041	0.0185252398119847	0.00388524852516816
1.33521741322303	-2.8057233028841	-0.0280986338332267	0.01323609308887	2.78022513556157	0.0210448119238482	0.00125686370307947
1.34521741322303	-2.77738070821565	-0.0278748855489927	0.0132354325139814	2.8880918037802	0.0237321239936984	-0.0013844578358098
1.35521741322303	-2.74796572557879	-0.027623460326691	0.0132085912367421	2.99468062158785	0.0265787523618084	-0.0039705701992586
1.36521741322303	-2.71749180762055	-0.0273428083681342	0.0131563369746819	3.09985563776805	0.0295760504656737	-0.00646268819985764
1.37521741322303	-2.68597380138591	-0.0270314648423249	0.0130797057110518	3.20347381956735	0.0327157275397559	-0.00884489991929379
1.38521741322303	-2.65342802149831	-0.0266880452924374	0.0129798032806948	3.30538465341775	0.0359899952688218	-0.0111182090556697
1.39521741322303	-2.61987232526413	-0.0263112411707993	0.0128576631087124	3.40543014522981	0.0393914165635397	-0.0132952831805526
1.40521741322303	-2.58532618611787	-0.0258998178824269	0.0127141525461663	3.50344513925649	0.0429125727170158	-0.0153959941406719
1.41521741322303	-2.54981076258482	-0.0254526166606333	0.0125499197427302	3.59925788496161	0.0465456437947524	-0.0174437686359421
1.42521741322303	-2.51334896058315	-0.0249685607597366	0.012365373076509	3.69269079359485	0.0502819752120215	-0.019462717811609
1.43521741322303	-2.47596548740839	-0.0244466658244117	0.0121606856504729	3.78356133845609	0.0541116829948319	-0.0214754816215284
1.44521741322303	-2.43768689614626	-0.0238860538622211	0.01193581811657	3.87168306398052	0.0580233323128856	-0.023501703846807
1.45521741322303	-2.39854161956019	-0.0232859699768744	0.0116905539844953	3.95686667815458	0.0620037090187781	-0.0255570442249427
1.46521741322303	-2.35855999271608	-0.0226458008835853	0.0114245425207081	4.0389212101162	0.0660376922086654	-0.0276526326361802
1.47521741322303	-2.31777426376043	-0.0219650941939429	0.0111373452767815	4.11765522009275	0.0701082270439014	-0.0297948744843341
1.48521741322303	-2.27621859237764	-0.0212435774982227	0.0108284831572776	4.19287805224448	0.0741963908903349	-0.0319855244068238
1.49521741322303	-2.23392903553655	-0.0204811763641873	0.0104974817160772	4.26440112276626	0.0782815418191048	-0.0342219556948734
1.50521741322303	-2.19094352020958	-0.0196780304936485	0.0101439130404029	4.33203923606007	0.0823415362337591	-0.0364975640618374
1.51521741322303	-2.14730180282155	-0.0188345074161346	0.00976743313850773	4.39561192123999	0.0863530014337562	-0.0388022557224287
1.52521741322303	-2.10304541526862	-0.0179512132415286	0.0093678141930815	4.45494477997743	0.0902916489332521	-0.0411229804574709
1.53521741322303	-2.05821759744577	-0.0170290001324402	0.00894497138643568	4.50987083501544	0.0941326150256273	-0.0434442799825703
1.54521741322303	-2.01286321633719	-0.0160689702869642	0.00849898425761794	4.56023186682789	0.0978508161790106	-0.0457488302480067
1.55521741322303	-1.96702867185842	-0.0150724763400852	0.00803011272981738	4.60587972408229	0.101421308184026	-0.0480179631561606
1.56521741322303	-1.92076178979066	-0.0140411181955965	0.00753880806331873	4.64667759196306	0.104819639420129	-0.0502321585946531
1.57521741322303	-1.87411170231378	-0.0129767363894085	0.00702571905893535	4.68250120116441	0.10802219007021	-0.0523715017376117
1.58521741322303	-1.8271287168208	-0.0118814021596611	0.00649169387216327	4.71323995957812	0.111006490535392	-0.0544161034132965
1.59521741322303	-1.77986417387788	-0.0107574044597357	0.00593777781043287	4.73879798845575	0.113751513647212	-0.0563464831592169
1.60521741322303	-1.73237029537524	-0.00960723419796073	0.00536520748401371	4.75909504516421	0.116237936522605	-0.0581439155881433
1.61521741322303	-1.68470002408863	-0.00843356602355578	0.00477540167253722	4.77406731559256	0.118448369048488	-0.0597907410734302
1.62521741322303	-1.6369068560335	-0.00723923800324161	0.00416994925893925	4.78366806079834	0.120367547013383	-0.0612706417219685
1.63521741322303	-1.58904466713802	-0.00602722954808337	0.00355059457426174	4.78786810456404	0.121982488822701	-0.0625688833097811
1.64521741322303	-1.54116753588205	-0.00480063795663226	0.00291922049197098	4.78665615111107	0.123282615542914	-0.0636725234543965
1.65521741322303	-1.49332956364178	-0.00356265393938911	0.0022778296097171	4.78003892520753	0.124259834719639	-0.0645705859056097
1.66521741322303	-1.4455846945414	-0.00231653648211037	0.00162852385924566	4.76804113020906	0.124908589008254	-0.0652542005371635
1.67521741322303	-1.39798653664019	-0.0010655873925489	0.000973482890236527	4.75070522307844	0.125225871146708	-0.0657167084714692
1.68521741322303	-1.35058818627494	0.000186874142117382	0.000314941579548035	4.7280910090195	0.1252112071936	-0.065953731795385
1.69521741322303	-1.30344205733375	0.00143753668073483	-0.000344832978121444	4.70027506191167	0.124866610257075	-0.0659632075311768
1.70521741322303	-1.2565997171578	0.0026831210534825	-0.00100356464050973	4.66734998012449	0.124196507159573	-0.0657453858975661
1.71521741322303	-1.21011173065646	0.00392040402926131	-0.00165899119414069	4.62942349041326	0.123207640629618	-0.0653027934012343
1.72521741322303	-1.16402751407965	0.00514624089375976	-0.00230888679022841	4.58661741535118	0.121908949695073	-0.0646401618997913
1.73521741322303	-1.11839519972497	0.00635758673373257	-0.00295108350826076	4.53906652205687	0.120311430983592	-0.0637643254286678
1.74521741322303	-1.07326151267029	0.00755151625006548	-0.00358349173661159	4.48691727176874	0.118427983626049	-0.0626840872416956
1.75521741322303	-1.02867166042007	0.00872524194897469	-0.00420411908718057	4.43032649106121	0.11627324041765	-0.0614100601362102
1.76521741322303	-0.984669236141942	0.00987613058693355	-0.00481108759458301	4.36945998617532	0.113863387827902	-0.0599544836818002
1.77521741322303	-0.94129613595439	0.0110017177704474	-0.00540264898893066	4.30449112205678	0.111215977371766	-0.0583310224182511
1.78521741322303	-0.898592490511916	0.0120997206364835	-0.00597719787362734	4.2355993872832	0.108349730765597	-0.0565545494120736
1.79521741322303	-0.856596610926498	0.0131680485631269	-0.00653328268455847	4.16296896516759	0.105284341196241	-0.0546409197502781
1.80521741322303	-0.815344948867439	0.0142048118828217	-0.00706961435321004	4.08678733000481	0.102040272931878	-0.0526067386010827
1.81521741322303	-0.774872070500207	0.0152083285923273	-0.0075850726422409	4.007243885755	0.0986385613991174	-0.0504691283878191
1.82521741322303	-0.735210643761444	0.0161771290742207	-0.00807871016655417	3.92452866250936	0.0951006157418837	-0.0482454994145225
1.83521741322303	-0.696391438324476	0.0171099588643654	-0.00854975415479636	3.83883108394049	0.091448025762226	-0.0459533279645543
1.84521741322303	-0.658443337488827	0.0180057795181544	-0.00899760604445382	3.7503388166811	0.0877023750196696	-0.043609945485588
1.85521741322303	-0.621393361129341	0.0188637676454441	-0.0094218390375072	3.65923671027729	0.0838850617322937	-0.041232341995899
1.86521741322303	-0.585266698765376	0.0196833121998164	-0.00982219377234873	3.56570583409411	0.0800171289780498	-0.0388369863194735
1.87521741322303	-0.550086751757842	0.0204640101220125	-0.0101985722909799	3.46992261537245	0.0761191055380337	-0.0364396652019753
1.88521741322303	-0.515875183610075	0.0212056604499705	-0.0105510304982083	3.37205808059696	0.0722108585543599	-0.0340553427958726
1.89521741322303	-0.482651977336536	0.0219082570187259	-0.0108797693216587	3.27227720047511	0.0683114589947802	-0.0316980414489105
1.90521741322303	-0.450435498868641	0.022571979882413	-0.0111851247880861	3.17073833717486	0.0644390607255125	-0.0293807442011385
1.91521741322303	-0.419242565487994	0.0231971855976334	-0.0114675572330355	3.06759279104262	0.0606107937954068	-0.0271153189047174
1.92521741322303	-0.389088518311114	0.0237843965124733	-0.011727639857783	2.96298444283162	0.0568426723311795	-0.0249124634378326
1.93521741322303	-0.359987297894551	0.0243342892084253	-0.0119660468402129	2.85704948651427	0.053149517238644	-0.0227816710965429
1.94521741322303	-0.331951522082237	0.0248476822434034	-0.0121835411954431	2.74991624702351	0.0495448937020984	-0.0207312149210063
1.95521741322303	-0.304992565276359	0.0253255233429697	-0.0123809625681918	2.64170507675399	0.0460410632773621	-0.018768149447511
1.96521741322303	-0.279120638376331	0.0257688761839026	-0.0125592151227319	2.53252832433739	0.0426489501870303	-0.0168983281752129
1.97521741322303	-0.254344868696252	0.0261789069094438	-0.0127192556784104	2.42249036906618	0.0393781212530638	-0.0151264348946914
1.98521741322303	-0.230673379237468	0.0265568705091096	-0.0128620822197099	2.31168771435389	0.0362367787450123	-0.0134560269410806
1.99521741322303	-0.208113366758388	0.0269040971880361	-0.0129887228902631	2.20020913376443	0.0332317652848767	-0.0118895884030942
2.00521741322303	-0.18667117814719	0.0272219788416357	-0.0131002255605811	2.08813586339418	0.0303685798340063	-0.0104285913352713
2.01521741322303	-0.166352384663602	0.0275119557411204	-0.013197648039991	1.97554183472648	0.0276514036951158	-0.00907356307819462
2.02521741322303	-0.147161853672799	0.0277755035244127	-0.0132820489847562	1.86249394247673	0.0250831353945141	-0.00782415788380525
2.03521741322303	-0.129103817547083	0.028014120575382	-0.0133544795369107	1.74905234238885	0.0226654332662159	-0.00667923116374778
2.04521741322303	-0.112181939459076	0.028229315862443	-0.0134159757122135	1.63527077441245	0.0203987645404317	-0.00563691482148219
2.05521741322303	-0.0963993758334996	0.0284225972955815	-0.0134675515410213	1.52119690717056	0.0182824597432389	-0.00469469228751038
2.06521741322303	-0.0817588352630556	0.0285954606490542	-0.0135101929529081	1.40687270010557	0.0163147712405025	-0.00384947204575569
2.07521741322303	-0.0682626337277603	0.0287493790855551	-0.0135448523846034	1.29233478015788	0.0144929348056273	-0.00309765861267783
2.08521741322303	-0.0559127459862547	0.0288857933067495	-0.013572444081312	1.17761483027691	0.0128132331553739	-0.00243522010448261
2.09521741322303	-0.044710853032518	0.0290061023449035	-0.0135938400536826	1.06273998748274	0.011271060478337	-0.00185775169785669
2.10521741322303	-0.0346583855322662	0.0291116550010467	-0.0136098666465716	0.947733248582241	0.00986098707430102	-0.00136053445274245
2.11521741322303	-0.0257565631704868	0.0292037419267966	-0.0136213016712083	0.832613881993884	0.00857682332702749	-0.000938589119164853
2.12521741322303	-0.0180064298554478	0.0292835883397592	-0.0136288720493101	0.717397844448086	0.00741168234544745	-0.000586724692117261
2.13521741322303	-0.0114088847354253	0.029352347356354	-0.0136332519159912	0.60209820160236	0.00635804072638825	-0.000299581607658619
2.14521741322303	-0.00596470899282575	0.0294110939210511	-0.0136350611278298	0.4867255518446	0.00540779701345949	-7.16695889400052e-05
2.15521741322303	-0.00167458838662161	0.0294608193073652	-0.0136348641230676	0.371288452751281	0.00455232754939784	0.000102599747392782
2.16521741322303	0.00146086848143556	0.0295024261635371	-0.0136331690824679	0.255793849822673	0.00378253954114461	0.000228885325900486
2.17521741322303	0.00344111619821508	0.0295367240746257	-0.0136304273417339	0.140247507233605	0.00308892127633912	0.000312893814659832
2.18521741322303	0.00426566288740974	0.0295644256127003	-0.0136270330094435	0.0246544404182674	0.00246158954533923	0.000360361258984023
2.19521741322303	0.00393406489217289	0.0295861428479204	-0.0136233227480858	-0.0909806496493811	0.00189033443278147	0.000377038758858617
2.20521741322303	0.00244592580850121	0.0296023842954521	-0.0136195756798789	-0.206652940609442	0.00136466174609151	0.000368681760929275
2.21521741322303	-0.000199100115722718	0.0296135522763283	-0.0136160133835075	-0.322357051460288	0.000873833443932226	0.000341042503137507
2.22521741322303	-0.00400130020294406	0.0296199406744355	-0.0136127999526725	-0.43808660410821	0.000406906514487355	0.000299865124803982
2.23521741322303	-0.00896089117890784	0.0296217330766983	-0.0136100420923153	-0.553833784029689	-4.72291692737715e-05	0.000250882935845025
2.24521741322303	-0.0150780026095474	0.0296190012891511	-0.0136077892335183	-0.66958890047649	-0.000499813423650847	0.000199817324690989
2.25521741322303	-0.0223526559400054	0.0296117042278057	-0.0136060336533398	-0.785339946808402	-0.000962178108911567	0.000152377774321328
2.26521741322303	-0.0307847391407367	0.0295996871899338	-0.0136047105911864	-0.901072161722276	-0.00144570857381327	0.000114262448752966
2.27521741322303	-0.0403739769743778	0.0295826815184421	-0.0136036983587263	-1.01676759235923	-0.00196180347085241	9.11588076532756e-05
2.28521741322303	-0.0511198969080663	0.0295603046792921	-0.0136028184457862	-1.13240466051234	-0.00252183221024822	8.87437040343057e-05
2.29521741322303	-0.0630217907094264	0.0295320607792248	-0.013601835630131	-1.24795773342361	-0.0031370893245133	0.000112682419055712
2.30521741322303	-0.0760786717807532	0.029497341558244	-0.0136004581044819	-1.36339670094907	-0.00381874503767944	0.000168626088894349
2.31521741322303	-0.0902892283052639	0.0294554278981715	-0.0135983376395652	-1.47868656118238	-0.00457779137561573	0.000262206981803406
2.32521741322303	-0.105651772301819	0.0294054918949243	-0.0135950698073753	-1.5937870169565	-0.00542498321796728	0.000399031089589647
2.33521741322303	-0.122164184710419	0.0293465995477395	-0.0135901942941481	-1.70865208598599	-0.00637077377994058	0.000584667507727981
2.34521741322303	-0.13982385666015	0.0292777141231497	-0.0135831953377235	-1.82322972776478	-0.00742524412479232	0.000824634093542399
2.35521741322304	-0.158627627104198	0.0291977002548279	-0.0135735023289851	-1.93746149068951	-0.00859802644689332	0.00112437891383753
2.36521741322303	-0.178571717043011	0.0291053288422182	-0.0135604906217986	-2.05128218323079	-0.00989822103122124	0.00148925702393975
2.37521741322303	-0.199651660596621	0.0289992828108638	-0.0135434826002609	-2.16461957331584	-0.0113343069884044	0.001924502161328
2.38521741322303	-0.221862233230404	0.0288781637952761	-0.0135217490559771	-2.27739412040716	-0.0129140470842075	0.00243519299113307
2.39521741322304	-0.245197377484906	0.0287404998007974	-0.0134945109313796	-2.38951874505497	-0.0146443872268955	0.00302621361005818
2.40521741322303	-0.269650126609427	0.0285847538939588	-0.0134609414876179	-2.50089864095369	-0.016531351442252	0.00370220810199917
2.41521741322303	-0.29521252655043	0.0284093339611322	-0.0134201689571024	-2.61143113473562	-0.0185799334497239	0.00446752904494748
2.42521741322303	-0.321875556798915	0.0282126035626709	-0.0133712797411681	-2.72100559887555	-0.020793986248083	0.00532617999647741
2.43521741322303	-0.349629050655068	0.0279928938941582	-0.0133133222123179	-2.82950342314634	-0.0231761114174835	0.00628175213557101
2.44521741322303	-0.378461615522819	0.0277485168478406	-0.0132453111778807	-2.93679805004623	-0.025727550137306	0.00733735541236673
2.45521741322303	-0.408360553900726	0.0274777791459332	-0.0131662330574343	-3.04275507950052	-0.0284480781945937	0.0084955447543544
2.46521741322303	-0.439311785787512	0.0271789974934777	-0.0130750518197837	-3.14723244791354	-0.0313359075037149	0.00975824209613037
2.47521741322303	-0.471299773269756	0.0268505146721709	-0.0129707157164421	-3.25008068629944	-0.0343875968604088	0.0111266552372688
2.48521741322303	-0.504307448104225	0.0264907164685732	-0.0128521648372649	-3.35114326174361	-0.0375979747985139	0.0126011947847317
2.49092556528457	-0.523598775598299	0.0262706985090105	-0.0127777139858757	-3.40796834141019	-0.0394990438975502	0.0134903233145649
2.50092556528457	-0.563621142611154	0.0321939875125654	-0.00898221826568106	-4.59457972980646	1.22214070036434	0.74541807628771
2.51092556528457	-0.615431071454975	0.0506478110506083	0.00211699684680688	-5.76328722143359	2.46391034084759	1.47314024179084
2.52092556528457	-0.678783256237752	0.0813509211096348	0.0204395221370771	-6.89941751265847	3.66745710619662	2.18825264904225
2.53092556528457	-0.7522531763957	0.12257350739767	0.0456948389046014	-7.68840592541932	4.44737037110298	2.84774710243293
2.54092556528457	-0.830660697808703	0.167991167643089	0.0771085193766884	-7.9170848423573	4.54358621009934	3.42260065262629
2.55092556528457	-0.909385558783695	0.211986020419772	0.113855990366913	-7.77438430457418	4.1962093671218	3.86608059613453
2.56092556528457	-0.985330005723965	0.251056406680549	0.153125328581058	-7.38694778291412	3.59040456922468	3.93377683036208
2.57092556528457	-1.05678232272673	0.283484254668257	0.191652758928273	-6.89503254155008	2.88947444062587	3.73681394722795
2.58092556528457	-1.12318788958187	0.308874029112366	0.227316185655243	-6.38896874083039	2.19542681883245	3.37535522759513
2.59092556528457	-1.18468879197575	0.327605941869728	0.258861839436423	-5.92016748423581	1.56431568583689	2.92381146442216
2.60092556528457	-1.24180269279829	0.340458926930714	0.28567436931495	-5.5142704291222	1.02217341354408	2.43633654655095
2.61092556528457	-1.29521732487542	0.34837337604507	0.307598885957942	-5.18099914148983	0.576877406178267	1.95155713938771
2.61360528573937	-1.30899693899575	0.349779716925033	0.312659472523337	-5.10422582897184	0.473848274897263	1.82576848920963
2.62360528573937	-1.35488237830438	0.348306891716547	0.326190097971007	-4.06773107176453	-0.77267068868993	0.882406308530439
2.63360528573937	-1.39023962838354	0.334229028452091	0.330339675665477	-2.99773939357218	-2.04829547116302	-0.0513795656580207
2.64360528573937	-1.41471524717414	0.307228327814801	0.325174088841888	-1.8890333494696	-3.36035569178491	-0.981791006693198
2.65360528573937	-1.42825322140409	0.267337871020903	0.310709136888721	-0.891741261756214	-4.5268629516317	-1.90857007875844
2.66360528573937	-1.43452727850162	0.219132392131591	0.287098275382744	-0.452950092017549	-5.00335002000797	-2.80774767464466
2.67360528573937	-1.43884494132987	0.169156984965421	0.254727834566119	-0.477456245714053	-4.91186086513535	-3.63463743538117
2.68360528573937	-1.44530978592584	0.122264234272918	0.215970777689238	-0.865688463190838	-4.41243286405213	-4.03942875707139
2.69360528573937	-1.45686746487057	0.0816529934658805	0.175253546808516	-1.46708054930584	-3.68900403847442	-4.04908928970318
2.70360528573937	-1.47500479328058	0.0488324620317705	0.135899883286342	-2.16978310063281	-2.86686156901509	-3.7854678589707
2.71360528573937	-1.50021850675662	0.0242135142858282	0.100093926970383	-2.8637285342084	-2.06978838357765	-3.35578904485876
2.72360528573937	-1.53200375109893	0.00708248916048596	0.069056637948808	-3.47614803096568	-1.37763163554398	-2.84357506867526
2.73360528573937	-1.56935881639077	-0.00380062048675439	0.0432945494167626	-3.97459933399189	-0.822982573374003	-2.30908448642881
2.74360528573937	-1.61108699436342	-0.00985373233060138	0.0228099542321383	-4.3509534036811	-0.410719968035386	-1.79358900819033
2.75360528573937	-1.65599444905309	-0.0124495832399739	0.00727050323119426	-4.61256202912758	-0.128523695284835	-1.32338958954895
2.76360528573937	-1.70300780155184	-0.0127874619815792	-0.00385941942420228	-4.7751550706575	0.0448012213346155	-0.91337880869542
2.77360528573937	-1.75123098573929	-0.0118356450747195	-0.0112197757512436	-4.85778212801478	0.133479420360236	-0.569972578219878
2.78360528573937	-1.79996070613959	-0.0103213185642227	-0.0154824274582465	-4.87952586535714	0.16103091857526	-0.293491873344818
2.79029888575712	-1.83259571459405	-0.00925258694881269	-0.0169314159508181	-4.8687210777506	0.155756515498961	-0.14403031978558
2.80029888575712	-1.87631820506471	-0.0132104009919137	-0.0221907282457528	-3.87452269910463	-0.947957192637258	-0.906769639347011
2.81029888575712	-1.91009230779655	-0.0281882951745286	-0.0350339233307625	-2.88224779082963	-2.04455707174846	-1.65964762599043
2.82029888575712	-1.93403813751665	-0.0539990150386887	-0.0553273003308594	-1.91258672268482	-3.11026274406031	-2.39558325173825
2.83029888575712	-1.94850144244315	-0.090196624387916	-0.0828615613748857	-0.99424487090231	-4.11188154990286	-3.1058781000965
2.84029888575712	-1.95547285098616	-0.134342753560402	-0.117206613158532	-0.503729901772007	-4.59231443176593	-3.73367550985993
2.85029888575712	-1.96037662281788	-0.179964293703561	-0.156165420835888	-0.547638919643333	-4.45217888866614	-3.98802187825514
2.86029888575712	-1.96746059001348	-0.222227092153444	-0.195818277852949	-0.904442885913126	-3.96139749081254	-3.89654519385752
2.87029888575712	-1.9789115019243	-0.258709598640452	-0.23336943074162	-1.39721454806795	-3.32326457995783	-3.58589173817618
2.88029888575712	-1.995474337454	-0.288635013905781	-0.267121228388855	-1.91245653226947	-2.66601048677564	-3.14989310543049
2.89029888575712	-2.01701525677571	-0.312208553719497	-0.296176386523103	-2.38518686289678	-2.06111326386905	-2.65596869136643
2.90029888575712	-2.04292749086171	-0.330145983531669	-0.320207916538629	-2.78342838042026	-1.54205528139022	-2.15175261145324
2.91029888575712	-2.07239649048905	-0.343371279408656	-0.339288131046913	-3.09587074208237	-1.1190461897554	-1.67017169685326
2.92029888575712	-2.10456074321619	-0.35283791285564	-0.353760151371292	-3.32328161045814	-0.789113127342798	-1.23293740344503
2.93029888575712	-2.13860262307139	-0.359431626584454	-0.364138584995083	-3.47294592483543	-0.542507776127797	-0.85298208947347
2.94029888575712	-2.17379489960239	-0.363923755056584	-0.37103138265095	-3.55521611980442	-0.366585716677642	-0.536322893505919
2.95029888575712	-2.20952012469233	-0.366954637280652	-0.375078729809254	-3.58143399619103	-0.248072338955771	-0.283635878398857
2.96029888575712	-2.24527387961871	-0.36903432198591	-0.376906768557872	-3.56271267681911	-0.174337629473597	-0.0916575636536836
2.97029888575712	-2.28065871248267	-0.370552777125821	-0.377094589558496	-3.509250171075	-0.134072633505274	0.0455633215144336
2.98029888575712	-2.31537299035012	-0.371794906193396	-0.376152933585125	-3.42997314723114	-0.117604110042519	0.135579403573382
2.99029888575712	-2.34919731472549	-0.37295750838113	-0.374512840901552	-3.33239059219767	-0.11698600404925	0.186644437514537
3.00029888575712	-2.38198020799535	-0.374166393959935	-0.372522320895489	-3.22258497392231	-0.125949486406683	0.207010089150521
3.01029888575712	-2.4136241995684	-0.375492514178473	-0.370449078551067	-3.10529471806003	-0.139762733010305	0.204415964848414
3.02029888575712	-2.44407305356202	-0.376966390264163	-0.368487440218142	-2.98405531244726	-0.1550360864305	0.185756013080173
3.03029888575712	-2.47330059241019	-0.378590437678558	-0.366767839045361	-2.86137358277161	-0.169500016677214	0.156895359263476
3.04029888575712	-2.50130134148159	-0.380349027233996	-0.365367505851872	-2.73891455523356	-0.181777761705702	0.122607171040709
3.05029888575712	-2.52808303597883	-0.382216318408136	-0.364321320471915	-2.6176847232279	-0.191169516577044	0.0865986874568279
3.06029888575712	-2.55366089184199	-0.384162043555345	-0.363632077005994	-2.49820000178268	-0.197459968330658	0.0515979814477909
3.07029888575712	-2.57805344731593	-0.386155514762189	-0.363279680894975	-2.38063102815034	-0.200756049190446	0.0194771860896296
3.08029888575712	-2.60127972852986	-0.388168171442573	-0.363229014264342	-2.26492238152889	-0.201357435761546	-0.00860720124933399
3.08782139724216	-2.61799387799149	-0.389679558732681	-0.363363508018683	-2.17899538475748	-0.200271071817799	-0.0267029375967802
3.09782139724216	-2.64257850553424	-0.387982419251612	-0.359524935362215	-2.73514700946742	0.536882281411669	0.794639243305909
3.10782139724216	-2.67265870606042	-0.378978003418139	-0.347458608187602	-3.27987521237648	1.26321689544326	1.61960763083269
3.11782139724216	-2.70817350326861	-0.362713326280572	-0.327105920580001	-3.82384633612665	1.99096963913384	2.45262319217343
3.12782139724216	-2.74916812791745	-0.339113959605963	-0.298365744076068	-4.37753476079217	2.73207952327842	3.29773677590721
3.13782139724216	-2.79576789113074	-0.307999344650067	-0.26126301487968	-4.93928667342747	3.49273153048015	4.07081200805242
3.14782139724216	-2.84766262861848	-0.269456878631209	-0.218425314632365	-5.37996063726095	4.15017640702326	4.42486953219273
3.15782139724216	-2.90176933058366	-0.22682403188139	-0.174058146209607	-5.36944107529909	4.29356811582524	4.39273153597367
3.16782139724216	-2.95387658167589	-0.184940036024775	-0.131504068552749	-5.00598656168098	4.03010347709926	4.08046113063638
3.17782139724216	-3.00120163386702	-0.147016140600266	-0.0930302453211521	-4.43535087925745	3.52730648249045	3.59327968513148
3.18782139724216	-3.0422912220032	-0.114732189592219	-0.0599177348977253	-3.7758014154615	2.92163625385358	3.02156978139201
3.19782139724216	-3.07670442138653	-0.0885996483927068	-0.032648738839462	-3.11115342692533	2.30978566841774	2.43413041382491
3.20782139724216	-3.10467066709311	-0.0683579750851867	-0.0111301171855999	-2.49254613013658	1.750470799813	1.87755559355501
3.21782139724216	-3.12679586756795	-0.0533163635385492	0.00509948144717651	-1.94550549184629	1.27263320060897	1.37963738790188
3.22782139724216	-3.1438473173402	-0.0426033412018991	0.0167048057069233	-1.47806881066654	0.884976114855478	0.954042004152914
3.23782139724216	-3.1566145088316	-0.0353272104874267	0.0244349525846869	-1.08761907666862	0.583991609535704	0.604620271315732
3.24782139724216	-3.16582879281209	-0.0306674726315823	0.0290430201647698	-0.765813675843935	0.359727619363698	0.328809368712615
3.25782139724216	-3.17212359153898	-0.0279189518728224	0.0312351878926359	-0.501834533615374	0.199562360075552	0.120141033037926
3.26782139724216	-3.17602055661154	-0.026505942840025	0.0316411552794762	-0.284400027597743	0.0905128578814737	-0.0299623815820081
3.27782139724216	-3.17793133154279	-0.0259785931431155	0.0307997447909346	-0.102930595914158	0.0205471508020458	-0.130924631750617
3.28782139724216	-3.17816797441332	-0.0259996665797646	0.0291550594789213	0.0518454519143063	-0.020756939830429	-0.192148768983102
3.29782139724216	-3.17695748930673	-0.0263269717104812	0.0270597478104917	0.187649165006166	-0.0419717362487059	-0.22244863445409
3.30782139724216	-3.17445755034022	-0.026794794601671	0.0247827730653602	0.310636737169991	-0.0498387945484246	-0.229705856687569
3.31782139724216	-3.17077162649019	-0.027296345593667	0.022519727231149	0.425520699406519	-0.0494375687331359	-0.2206954893888
3.32782139724216	-3.16596249686892	-0.0277683150719378	0.0204042404880619	0.535761742287992	-0.0444282691266721	-0.201034366745576
3.33782139724216	-3.1600636858278	-0.0281780091306011	0.0185194522129353	0.643786985522078	-0.0373182300981874	-0.175214876962816
3.34782139724216	-3.15308870812362	-0.0285131256000362	0.0169088443849324	0.751205983237869	-0.0297195016734501	-0.14669430966612
3.35782139724216	-3.14503824057965	-0.0287739798997878	0.0155860030366567	0.859007360085571	-0.0225790435308031	-0.118016530683513
3.36782139724216	-3.13590546311493	-0.0289678559507458	0.0145430764014513	0.967727414540087	-0.0163727167361849	-0.090948483351017
3.37782139724216	-3.12567986756227	-0.0291051050263154	0.0137578483881728	1.07758785196658	-0.0112609382472709	-0.0666188719088924
3.38782139724216	-3.11434984085509	-0.0291966167893597	0.0131994518614611	1.18860354826633	-0.00720804549483463	-0.0456503592662746
3.39782139724216	-3.10190430825914	-0.0292523201279248	0.0128328164441541	1.30066339982731	-0.00406973433033127	-0.028279769954528
3.40782139724216	-3.08833368588205	-0.0292804209178307	0.0126219879192382	1.41358833756027	-0.00165393092362184	-0.0144632233068153
3.41782139724216	-3.0736303491042	-0.0292871386498083	0.0125324775075692	1.52717084512515	0.000239414147971214	-0.00396493798027149
3.42782139724216	-3.05778878092185	-0.0292767570752196	0.0125328049850663	1.64120011307534	0.00179451860533362	0.00357024784343827
3.43782139724216	-3.04080552506974	-0.0292518517188026	0.012595394412638	1.75547649262333	0.00316752970465262	0.00855970850828533
3.44782139724216	-3.02267903501395	-0.0292135974333701	0.0126969688963505	1.86981833079902	0.00448221387023213	0.011439724332641
3.45782139724216	-3.0034094821063	-0.0291620916639191	0.0128185741795665	1.98406366771814	0.00583070934049048	0.0126342408537758
3.45921772280806	-3.00062795657104	-0.0291538142215076	0.0128362571739774	2.00000000000032	0.00602563885212653	0.0126896093587638
3.46921772280806	-2.98005788108321	-0.0290863448262535	0.0129627777847024	2.11396094451128	0.00748953175065181	0.0124368809933605
3.47921772280806	-2.95835002644261	-0.0290035435968356	0.0130819782676951	2.22753560553472	0.00909684883474936	0.011277444028403
3.48921772280806	-2.9355088473616	-0.0289038566931743	0.0131862575788685	2.34060694730416	0.0108691127449632	0.00949548841634328
3.49921772280806	-2.91153993573127	-0.0287855789930387	0.0132705865010655	2.45306388717819	0.0128158205867671	0.00732135932115037
3.50921772280806	-2.88644998070831	-0.0286469529559544	0.0133319793881198	2.56479745811639	0.0149385755241035	0.00493405912792767
3.51921772280806	-2.8602467644381	-0.0284862305639955	0.0133690029071994	2.67569753764453	0.0172343364086197	0.00246596754881451
3.52921772280806	-2.83293918725518	-0.0283017072116188	0.013381339142067	2.78565022951658	0.0196977868892877	8.85817119394464e-06
3.53921772280806	-2.80453731577117	-0.0280917359794111	0.0133694122815308	2.89453589975733	0.0223229081580666	-0.00237950470125476
3.54921772280806	-2.77505244752042	-0.0278547296404495	0.0133340818749187	3.00222781809211	0.0251038829723989	-0.00466872510255858
3.55921772280806	-2.74449718647288	-0.0275891563725672	0.013276401073911	3.10859132928519	0.0280354746411864	-0.00684947085964379
3.56921772280806	-2.71288552453768	-0.0272935337125115	0.0131974351477191	3.21348346935207	0.0311130223350126	-0.00892775563504491
3.57921772280806	-2.68023292503071	-0.0269664239354604	0.0130981336043341	3.31675294317476	0.0343321804790287	-0.0109199522510868
3.58921772280806	-2.64655640487715	-0.0266064328604006	0.0129792482336419	3.41824038826443	0.037688510428903	-0.0128485996663292
3.59921772280806	-2.61187461301624	-0.0262122131078647	0.0128412890883554	3.51777886098126	0.0411770109181798	-0.0147390044454385
3.60921772280806	-2.57620790304967	-0.0257824720793137	0.0126845106416357	3.61519449411216	0.0447916524555007	-0.0166165940594448
3.61921772280806	-2.53957839862474	-0.0253159843744181	0.0125089209402284	3.71030728678312	0.0485249615177273	-0.018504950965958
3.62921772280806	-2.50201005037892	-0.0248116079891669	0.0123143073721675	3.8029319983119	0.0523676838656211	-0.0204244402862853
3.63921772280806	-2.46352868351137	-0.024268303414098	0.012100273579656	3.89287912630975	0.0563085429054416	-0.022391337334846
3.64921772280806	-2.4241620352088	-0.0236851546468868	0.0118662829872682	3.97995595596034	0.0603340986755946	-0.0244173618459312
3.65921772280806	-2.38393978125946	-0.0230613911177322	0.0116117053224058	4.06396767200069	0.0644287054715795	-0.0265095313758932
3.66921772280806	-2.34289355125829	-0.022396409573578	0.0113358633377384	4.14471852769739	0.0685745609349791	-0.0286702552585069
3.67921772280806	-2.30105693185614	-0.0216897950566434	0.0110380776789809	4.22201306632364	0.0727518361795512	-0.0308976012091607
3.68921772280806	-2.25846545755042	-0.0209413402268481	0.0107177084635882	4.29565739059718	0.0769388747744128	-0.0331856780716005
3.69921772280806	-2.21515658856401	-0.0201510624035251	0.0103741926444602	4.36546047454109	0.0811124477567623	-0.0355250894230859
3.70921772280806	-2.17116967542259	-0.0193192178299979	0.0100070766325568	4.43123551056352	0.0852480519692893	-0.037903423191868
3.71921772280806	-2.12654590992291	-0.018446312788853	0.00961604395339484	4.49280128247775	0.089320239640494	-0.040305751698098
3.72921772280806	-2.08132826228813	-0.0175331113121406	0.009200937927795	4.5499835529291	0.0933029680442216	-0.0427151243835844
3.73921772280806	-2.03556140443347	-0.016580639337123	0.00876177951150578	4.60261645145466	0.0971699591404571	-0.0451130418649696
3.74921772280806	-1.98929161941325	-0.015590185253602	0.00829878051625576	4.65054384733969	0.100895060214649	-0.0474799048543215
3.75921772280806	-1.94256669728803	-0.0145632968731361	0.00781235248050532	4.69362068968631	0.10445259763806	-0.0497954350451656
3.76921772280806	-1.89543581783331	-0.0135017749238668	0.00730311147448252	4.73171429578332	0.107817716935831	-0.0520390674188932
3.77921772280806	-1.84794942070521	-0.012407663237709	0.00677187912203175	4.76470556804358	0.110966703360669	-0.0541903147771862
3.78921772280806	-1.80015906387709	-0.011283235849849	0.00621968011041464	4.79249011951662	0.113877278127344	-0.0562291058564503
3.79921772280806	-1.75211727136054	-0.0101309812743641	0.00564773644545114	4.81497928832465	0.1165288663707	-0.058136098336588
3.80921772280806	-1.70387737141569	-0.00895358425480603	0.0050574586982191	4.83210102232304	0.118902833752029	-0.0598929676144366
3.81921772280806	-1.6554933266362	-0.00775390531520845	0.00445043448403143	4.84380061684079	0.120982689457983	-0.0614826715481173
3.82921772280806	-1.60701955745489	-0.00653495845562037	0.00382841441601728	4.85004129048119	0.122754254111751	-0.0628896906435177
3.83921772280806	-1.55851076075401	-0.00529988734739261	0.00319329578442817	4.85080458660067	0.12420579184389	-0.0641002424702351
3.84921772280806	-1.51002172537241	-0.00405194038755216	0.00254710422776977	4.84609059116169	0.125328106443348	-0.065102468553111
3.85921772280806	-1.46160714637833	-0.0027944449692887	0.00189197368127522	4.83591796107752	0.126114602120008	-0.0658865916480704
3.86921772280806	-1.41332144001708	-0.00153078131749439	0.001230124909856	4.82032376082593	0.126561309951122	-0.0664450412097839
3.87921772280806	-1.36521856124645	-0.000264356225187164	0.000563842954083822	4.79936310888429	0.126666881549142	-0.0667725450003981
3.88921772280806	-1.31735182573792	0.00100142299072733	-0.000104546163407162	4.77310863930742	0.126432551874422	-0.0668661851582396
3.89921772280806	-1.26977373815055	0.00226317401672853	-0.000772699109576601	4.74164978740529	0.125862073422585	-0.0667254176108615
3.90921772280806	-1.22253582837755	0.00351756427887277	-0.00143827892149644	4.70509191186303	0.124961624245867	-0.0663520544337764
3.91921772280806	-1.17568849732648	0.00476133463922648	-0.00209897832657092	4.66355526867223	0.123739692426161	-0.0657502095731538
3.92921772280806	-1.12928087362725	0.00599132183056898	-0.00275254234177988	4.61717385481952	0.12220693971275	-0.06492620921347
3.93921772280806	-1.08336068247186	0.00720447943476751	-0.00339678980838061	4.5660941417342	0.120376047079199	-0.063888468926877
3.94921772280806	-1.03797412758176	0.00839789723779595	-0.00402963354394195	4.51047371998327	0.118261544951512	-0.0626473405420251
3.95921772280806	-0.993165787079005	0.00956881882172918	-0.00464909882658195	4.45047987759498	0.11587963082328	-0.0612149323757117
3.96921772280806	-0.948978523811493	0.0107146572809131	-0.00525333996572572	4.38628813469058	0.113247976911674	-0.0596049070495527
3.97921772280806	-0.90545341045672	0.0118330089756609	-0.00584065475820367	4.31808075683139	0.110385530428249	-0.0578322615442214
3.98921772280806	-0.862629669508009	0.0129216652621124	-0.00640949667652179	4.24604526868648	0.107312308945978	-0.0559130944139154
3.99921772280806	-0.820544628037096	0.0139786221612059	-0.00695848468603413	4.17037298835529	0.104049193242568	-0.0538643651911079
4.00921772280806	-0.779233686931651	0.0150020879529765	-0.00748641063792639	4.0912576010118	0.10061771989175	-0.0517036509620772
4.01921772280806	-0.738730304129341	0.0159904887045461	-0.00799224423386872	4.00889378855323	0.0970398757596347	-0.0494489048997358
4.02921772280806	-0.699065991214128	0.0169424717611354	-0.00847513560455474	3.9234759297216	0.0933378964416712	-0.0471182212197034
4.03921772280806	-0.660270322607535	0.0178569072491474	-0.00893441558695243	3.83519688280766	0.089534070546157	-0.0447296105997954
4.04921772280806	-0.622370956478576	0.0187328876587408	-0.00936959382301523	3.7442468606237	0.0856505515910871	-0.0423007895955802
4.05921772280806	-0.585393666411331	0.0195697255902403	-0.00978035483513983	3.65081240502201	0.0817091791310284	-0.0398489870195622
4.06921772280806	-0.54936238280802	0.0203669497640992	-0.0101665522603574	3.55507546590502	0.0777313105686288	-0.0373907696524394
4.07921772280806	-0.514299242967221	0.0211242994078083	-0.0105282014458742	3.45721258747815	0.0737376649310206	-0.0349418890439315
4.08921772280806	-0.480224648759475	0.0218417171450338	-0.0108654706231247	3.35739420248228	0.0697481797050583	-0.03251715055776
4.09921772280806	-0.447157330824419	0.0225193405222226	-0.0111786708861311	3.25578403334261	0.0657818816283069	-0.0301303052377651
4.10921772280806	-0.415114418232187	0.0231574923158641	-0.0114682452030027	3.15253859760722	0.0618567721269333	-0.0277939645341164
4.11921772280806	-0.38411151258494	0.0237566697694516	-0.0117347566873186	3.0478068137334	0.0579897278799349	-0.0255195374413365
4.12921772280806	-0.354162765579269	0.0243175329129117	-0.0119788763494585	2.94172970221438	0.054196416774672	-0.0233171891715868
4.13921772280806	-0.325280959104644	0.0248408921188472	-0.0122013705373081	2.83444017621851	0.0504912293053245	-0.0211958201226642
4.14921772280806	-0.297477587014433	0.0253276950494117	-0.012403088261817	2.72606291532392	0.0468872252574581	-0.0191630636031052
4.15921772280806	-0.270762937772323	0.0257790131450552	-0.0125849485863074	2.61671431555674	0.043396095322546	-0.0172253005470005
4.16921772280806	-0.245146177245851	0.0261960278018773	-0.0127479282398822	2.50650250875852	0.0400281370997487	-0.015387689286887
4.17921772280806	-0.220635430988773	0.0265800163780299	-0.0128930495954059	2.39552744429477	0.0367922447721617	-0.0136542083510319
4.18921772280806	-0.19723786542331	0.0269323381617142	-0.013021369131925	2.28388102624651	0.0336959115941828	-0.0120277102068133
4.19921772280806	-0.174959767400717	0.0272544204240219	-0.0131339664806074	2.17164729947518	0.0307452441981189	-0.010509983879029
4.20921772280806	-0.153806621683125	0.0275477446694055	-0.0132319341327953	2.05890267829384	0.0279449876236403	-0.00910182442437791
4.21921772280806	-0.133783185950222	0.0278138331851863	-0.0133163678690043	1.94571621189163	0.0252985598943471	-0.00780310733424032
4.22921772280806	-0.114893562990557	0.0280542359794551	-0.0133883579490104	1.83214988112179	0.0228080949120918	-0.00661286606025
4.23921772280806	-0.0971412697887701	0.0282705181842719	-0.0134489810858307	1.71825892175917	0.0204744924117312	-0.00552937100408778
4.24921772280806	-0.080529303266382	0.0284642479884568	-0.0134992932106254	1.60409216984224	0.0182974737157819	-0.00455020847781102
4.25921772280806	-0.0650602024750835	0.0286369851517458	-0.0135403230214937	1.48969242522537	0.0162756420488309	-0.0036723583176346
4.26921772280806	-0.0507361070777304	0.0287902701398746	-0.0135730662968708	1.37509682996643	0.0144065462136648	-0.00289226901674627
4.27921772280806	-0.0375588119835304	0.0289256139084662	-0.0135984809438106	1.26033725865342	0.0126867464927495	-0.00220592942642617
4.28921772280806	-0.0255298180306449	0.0290444883526176	-0.0136174827428384	1.14544071822599	0.0111118817175769	-0.00160893625511984
4.29921772280806	-0.0146503786317067	0.0291483174289593	-0.0136309417442265	1.0304297552656	0.00967673654173406	-0.00109655676855768
4.30921772280806	-0.00492154231608488	0.0292384689478389	-0.0136396792654059	0.915322869109937	0.0083753080588632	-0.000663786257622811
4.31921772280806	0.00365580888255058	0.0293162470252572	-0.0136444654356622	0.800134929490062	0.00720087102101473	-0.000305399992285024
4.32921772280806	0.0110809252333738	0.0293828851773408	-0.0136460172321489	0.684877597690465	0.0061460410339373	-1.59995179635037e-05
4.33921772280806	0.0173531593415872	0.029439540034522	-0.0136449969504454	0.569559750493619	0.00520283523089274	0.000209946725698393
4.34921772280806	0.0224719404327329	0.029487285648249	-0.0136420110532432	0.4541879063912	0.00436273005346011	0.000378068374849442
4.35921772280806	0.0264367529089828	0.0295271083599664	-0.0136376093421152	0.338766653724427	0.00361671589447868	0.000494063517322929
4.36921772280806	0.0292471191956092	0.0295599022002836	-0.0136322843995621	0.223299080557872	0.00295534848282519	0.000563674211508278
4.37921772280806	0.0309025868944446	0.0295864647856533	-0.0136264712515037	0.107787206194386	0.00236879701064522	0.000592666818640716
4.38921772280806	0.0314027202605721	0.0296074936804739	-0.0136205472039609	-0.00776758569405836	0.00184688911952513	0.000586816764477225
4.39921772280806	0.0307470960184258	0.0296235831942465	-0.0136148318117403	-0.12336411231373	0.00137915297174811	0.000551897302778935
4.40921772280806	0.0289353035335477	0.0296352215861975	-0.0136095869413861	-0.23900095537164	0.000954856735144415	0.000493671819006143
4.41921772280806	0.0259669493561268	0.0296427886535438	-0.0136050168954161	-0.354676023107345	0.000563045904375282	0.000417889186737379
4.42921772280806	0.0218416661517792	0.0296465536842363	-0.013601268569835	-0.470386110837529	0.000192578966715018	0.000330281670110255
4.43921772280806	0.0165591260335158	0.0296466737604868	-0.0135984316220574	-0.5861264602186	-0.000167838004007816	0.000236564851742268
4.44921772280806	0.0101190583061437	0.0296431924055535	-0.0135965386316308	-0.701890317565808	-0.000529617176796588	0.000142439055856341
4.45921772280806	0.00252127163018037	0.0296360385730221	-0.0135955652414857	-0.817668491731003	-0.000904254514212551	5.35917296756085e-05
4.46921772280806	-0.00623431939361365	0.029625025985054	-0.013595430272836	-0.933448912235428	-0.00130329430162757	-2.42997583538681e-05
4.47921772280806	-0.0161476632260437	0.029609852833651	-0.0135959958122796	-1.04921618857721	-0.00173829188501157	-8.55654479421187e-05
4.48921772280806	-0.0272185359949975	0.0295901018667566	-0.0135970672751074	-1.16495117188428	-0.00222077383516796	-0.000124540790263198
4.49921772280806	-0.0394465017351373	0.0295652408888296	-0.013598393454295	-1.28063052036206	-0.00276219476080862	-0.000135565872460521
4.50921772280806	-0.0528308683082104	0.0295346237132028	-0.0135996665701249	-1.39622627028764	-0.00337389001563593	-0.000112986410474082
4.51921772280806	-0.0673706390695424	0.0294974916108907	-0.0136005223408536	-1.5117054146279	-0.00406702358746685	-5.115705561454e-05
4.52921772280806	-0.0830644603687869	0.0294529753073248	-0.0136005401002711	-1.62702949170326	-0.00485253052232827	5.5552443683994e-05
4.53921772280806	-0.0999105649989656	0.0294000975845432	-0.0135992429933827	-1.74215418667862	-0.00574105332523251	0.000212747690889796
4.54921772280806	-0.117906711737529	0.0293377765513931	-0.0135960982867288	-1.85702894903329	-0.00674287189385134	0.000425996179295842
4.55921772280806	-0.13705012115657	0.0292648296480567	-0.0135905178349869	-1.9715966295374	-0.00786782668297212	0.000700809415609264
4.56921772280806	-0.157337407916407	0.0291799784534084	-0.0135818587504076	-2.08579314063488	-0.00912523496761689	0.00104262015308877
4.57921772280806	-0.178764509797668	0.029081854364059	-0.0135694243262167	-2.19954714449749	-0.0105238002713945	0.00145675429591077
4.58921772280806	-0.201326613771337	0.0289690052121703	-0.0135524652692569	-2.31277977335923	-0.0120715152536692	0.00194839708735389
4.59921772280806	-0.225018079453935	0.0288399028849342	-0.0135301813006976	-2.42540438705798	-0.0137755586030203	0.00252255326090403
4.60921772280806	-0.249832360345764	0.0286929520017684	-0.0135017231864448	-2.53732637298939	-0.0156421867623074	0.00318400091806273
4.61921772280806	-0.275761923303292	0.0285264996955527	-0.0134661952607336	-2.64844299390597	-0.0176766216083091	0.00393723900183697
4.62921772280806	-0.302798166752033	0.0283388465314522	-0.0134226585070815	-2.75864328915999	-0.0198829355200901	0.00478642836276365
4.63921772280806	-0.330931338202763	0.028128258580948	-0.0133701342600671	-2.86780803507917	-0.0222639355873124	0.00573532656646246
4.64921772280806	-0.360150451690913	0.0278929806496117	-0.0133076085890464	-2.97580977016715	-0.0248210490227299	0.0067872167690838
4.65921772280806	-0.390443205815446	0.0276312506350108	-0.0132340374206625	-3.08251289072251	-0.0275542121405935	0.00794483118959813
4.66921772280806	-0.421795903108583	0.0273413149661417	-0.0131483524506	-3.18777382226035	-0.0304617655314167	0.00921026993448898
4.67921772280806	-0.454193371519968	0.0270214450483139	-0.0130494678862574	-3.29144127178586	-0.033540358289033	0.010584916178402
4.68921772280806	-0.48761888884714	0.0266699546079569	-0.0129362880506607	-3.39335656550082	-0.0367848643129242	0.0120693489693562
4.69921772280806	-0.52205411098709	0.0262852178010601	-0.0128077158638835	-3.49335407591259	-0.0401883138020025	0.013663255203049
4.69965961862924	-0.523598775598497	0.0262674246618407	-0.0128016620167813	-3.4977259979345	-0.0403422440515791	0.0137361989487029
4.70965961862924	-0.564516050331925	0.0321791138740905	-0.00900397750346968	-4.68375408578071	1.22061267105076	0.745606338104589
4.71965961862923	-0.617213068494281	0.050612352044347	0.00209653116186656	-5.85143127562468	2.46120981373204	1.47318503227649
4.72965961862924	-0.681438979181616	0.0812797100297655	0.0204179377585828	-6.98622182966588	3.66326511811113	2.18797011914315
4.73965961862924	-0.75577324471298	0.122456811843835	0.045667992492314	-7.77452431416419	4.44253986165117	2.84692525945269
4.74965961862924	-0.835037519447776	0.167821967263911	0.0770693532733593	-8.00220693702975	4.5378048709084	3.42076855280995
4.75965961862924	-0.914606244889119	0.211752063351793	0.113788094760981	-7.85812746943733	4.18907761488927	3.86296437787193
4.76965961862924	-0.991381189630941	0.250744050578347	0.15302547074351	-7.46927559945286	3.58184038684403	3.93048509658301
4.77965961862924	-1.06364925850404	0.283079068446848	0.191518911942876	-6.9758521454166	2.87949286455184	3.73331086599055
4.78965961862924	-1.13085560695524	0.308362731440661	0.227146463955552	-6.46832171409328	2.18423347538627	3.37169903201979
4.79965961862924	-1.19314325521246	0.326978034235464	0.258655259384848	-5.99819337317702	1.55225285178734	2.9201184480671
4.80965961862924	-1.25103161164596	0.339707807812482	0.285431266117208	-5.59117339867475	1.00967025645301	2.43274964673069
4.81965961862924	-1.30521063998288	0.347496975708017	0.307321058522199	-5.25701591177063	0.564403637911686	1.94822305463219
4.82038131927738	-1.30899693899604	0.347894027817653	0.308714782607145	-5.23576898758314	0.536011675558805	1.91414008708053
4.83038131927738	-1.35616142269981	0.346998760933825	0.323111062669835	-4.19199737645505	-0.719284128553688	0.967241720315523
4.84038131927738	-1.39272524343326	0.333412194140414	0.328093472934316	-3.1148138618371	-2.00335135793661	0.0304500699904455
4.85038131927738	-1.41833988808884	0.306824864405711	0.32373385878512	-1.99911930022221	-3.3233788649626	-0.902351403934887
4.86038131927738	-1.43290866031334	0.267222281727258	0.310052631725943	-0.988343434869843	-4.50558744019336	-1.83114851936696
4.87038131927738	-1.44008839567771	0.219160346761777	0.287207747530305	-0.538139735274204	-4.99509473985628	-2.73192588313235
4.88038131927738	-1.44521295755371	0.169219796230166	0.255567145235426	-0.553171635590138	-4.9130030751277	-3.57123350542756
4.89038131927738	-1.45238789683127	0.122277989918746	0.21730220835441	-0.932275510269969	-4.42088423843008	-4.00294545652403
4.90038131927738	-1.4645603156054	0.0815367622316594	0.176840173622651	-1.52385110519112	-3.70613163323382	-4.03357073674352
4.91038131927738	-1.4832345827623	0.0485219217958936	0.137561094999985	-2.22314144441064	-2.88532058242448	-3.78497028336419
4.92038131927738	-1.50899555159402	0.0237475080526411	0.101707203963376	-2.91984636915597	-2.08245651352178	-3.36518177763502
4.93038131927738	-1.54135641652546	0.00651807889688443	0.0705425133224631	-3.53511598532309	-1.38474073390288	-2.85910656938242
4.94038131927738	-1.5793135956113	-0.00441163661566442	0.0446069881842014	-4.03593917248093	-0.82537004055229	-2.32781455845927
4.95038131927738	-1.6216637335741	-0.0104697845248665	0.0239285638564023	-4.41385597754999	-0.409544556309789	-1.81331349816895
4.96038131927738	-1.66720420746043	-0.013041176830147	0.00819367516823219	-4.67611106081499	-0.125004981794086	-1.34253802306714
4.97038131927738	-1.7148526218757	-0.0133368285612097	-0.00312031045889447	-4.83848383502641	0.0495600221036025	-0.930907327800683
4.98038131927738	-1.7637048925529	-0.0123350323897213	-0.0106451170622697	-4.92016387326109	0.1385885993122	-0.585260855191717
4.99038131927738	-1.81305132955628	-0.0107706420029557	-0.0150481213018211	-4.94041109668125	0.165848066097685	-0.30624825633863
4.9943389324051	-1.83259571459405	-0.0101154003870923	-0.0160734967288685	-4.93537752586429	0.164314652389078	-0.213539553809757
5.0043389324051	-1.8769896964144	-0.0139811680935333	-0.0220270015671953	-3.9421701775614	-0.938094125729113	-0.976032217843064
5.0143389324051	-1.91144594133209	-0.0288529418406706	-0.0355598206928144	-2.95109273746762	-2.03311636971233	-1.72823278045247
5.0243389324051	-1.93608859877996	-0.0545384583095974	-0.0565336088584119	-1.98318977715562	-3.09656593684132	-2.46299720307733
5.0343389324051	-1.95127156191556	-0.0905819732343551	-0.0847346676934028	-1.06951366281211	-4.09239799199923	-3.17154250911549
5.0443389324051	-1.95900917623947	-0.134520750992384	-0.119688477809038	-0.582460772252628	-4.56996995617645	-3.78441512388038
5.0543389324051	-1.96472592801365	-0.179905968467803	-0.158969831240009	-0.630725966850251	-4.42801838506938	-4.00354080730685
5.0643389324051	-1.9726455938291	-0.221934136113706	-0.198643183208023	-0.987967416047302	-3.93910024441362	-3.88663281721966
5.0743389324051	-1.98492314018256	-0.258211976145859	-0.236003060672862	-1.47871765839358	-3.3048405084547	-3.55878986292403
5.0843389324051	-2.00228528393334	-0.287975809425719	-0.26942633381965	-1.99068709637473	-2.65214852695948	-3.11227920203946
5.0943389324051	-2.02459016091038	-0.311433098154757	-0.298075228755477	-2.45972813885369	-2.05165098377486	-2.61309652063799
5.1043389324051	-2.05122953868183	-0.329295496539026	-0.321668924830308	-2.85435395453933	-1.53639214650646	-2.10763195062266
5.1143389324051	-2.08139096374728	-0.342480044652154	-0.340314334964594	-3.16349240171278	-1.11643320883024	-1.62774024159209
5.1243389324051	-2.11421654125843	-0.351932732777534	-0.354379258548593	-3.38799164959644	-0.788822946502999	-1.19421841622139
5.1343389324051	-2.14889259610665	-0.358532501448263	-0.364394583054488	-3.53513293908792	-0.543915034389692	-0.819232405185341
5.1443389324051	-2.1846956030457	-0.36304505323646	-0.37097758757983	-3.61522947497945	-0.369189958220421	-0.508174414151429
5.1543389324051	-2.22101137147781	-0.366106320494708	-0.374772216009541	-3.63957591429782	-0.251489837247272	-0.26123010253687
5.1643389324051	-2.25733828599919	-0.368223013401602	-0.376404098806964	-3.6192428380867	-0.178280564098091	-0.0747705181848166
5.1743389324051	-2.29328131170841	-0.369782606855763	-0.376448733126996	-3.56439357997361	-0.138326703853013	0.0574088769738635
5.1843389324051	-2.32854092086644	-0.37106814913251	-0.375411231693635	-3.48392672784204	-0.122009895182339	0.143017059495866
5.1943389324051	-2.3628995615209	-0.372275061454385	-0.373715858134153	-3.38532718858419	-0.121425498961439	0.190384014935416
5.2043389324051	-2.39620737239767	-0.373528142216001	-0.371703411869641	-3.27465519306646	-0.13033712150328	0.207774674576937
5.2143389324051	-2.42836828111885	-0.374897623417321	-0.369634500966373	-3.15662769151282	-0.144039402344918	0.202895407110856
5.2243389324051	-2.45932723845682	-0.376413548916284	-0.367696856706666	-3.03475939019167	-0.159164763342509	0.182575356298681
5.2343389324051	-2.48905905136574	-0.378078058455743	-0.366015068566314	-2.91153759273497	-0.173461971185367	0.152596119978383
5.2443389324051	-2.51755904404612	-0.379875411748711	-0.364661407977092	-2.78860983654248	-0.185568892805986	0.11763907474265
5.2543389324051	-2.5448355886587	-0.381779785167291	-0.363666720184388	-2.66696781753981	-0.194796702384391	0.081319430875124
5.2643389324051	-2.57090440525236	-0.383761020027333	-0.363030661391897	-2.54711571121833	-0.200937562153771	0.0462787293901813
5.2743389324051	-2.59578443433892	-0.385788595986387	-0.362730820745145	-2.42921550491725	-0.204102726250121	0.0143117833218637
5.28369102760436	-2.61799387799149	-0.387701578455932	-0.362722278454519	-2.32066829596348	-0.204635331963189	-0.0118286352627123
5.29369102760436	-2.64403906834199	-0.385996024165753	-0.358717381295037	-2.88539324406759	0.542733549881167	0.813043453975063
5.30369102760436	-2.67565979061838	-0.376886905844292	-0.34644902252833	-3.43754397982883	1.2781123096833	1.64162235751362
5.31369102760436	-2.71278373499316	-0.360432846757208	-0.32585786915544	-3.98782603880928	2.01376205747084	2.47830802504317
5.32369102760436	-2.75544518912023	-0.336570772953688	-0.296843174075482	-4.54687895518809	2.76169012312898	3.32803997882917
5.33369102760436	-2.80375170952722	-0.305134915195384	-0.259482347732077	-5.11206523832387	3.52850448550736	4.09050012706996
5.34369102760436	-2.85729665401225	-0.266317410506689	-0.216526208278103	-5.53275088541943	4.16386337095539	4.42911422412675
5.35369102760436	-2.91279949473278	-0.223699348368955	-0.172183568354235	-5.49741770296968	4.27870540036085	4.38420074521744
5.36369102760436	-2.96609978110141	-0.182063521129974	-0.129762807871555	-5.11805684746532	3.99700156105058	4.0629906255075
5.37369102760436	-3.01449934573141	-0.144523190597553	-0.0914924492672589	-4.53936368157607	3.48506466558353	3.57065773863147
5.38369102760436	-3.05661475734516	-0.112677253700707	-0.0586182425030008	-3.8777919610821	2.87724502719198	2.99699904035673
5.39369102760436	-3.0920553152983	-0.086979115196403	-0.0315945172766255	-3.21514756235011	2.26788447304416	2.40996697955351
5.40369102760436	-3.12108164605833	-0.0671324627170869	-0.0103088280913362	-2.60082656948043	1.71365683993349	1.85532423788501
5.41369102760436	-3.14431564119734	-0.0524285255398717	0.00571188769741077	-2.05906578882622	1.24199619718918	1.3601866762011
5.42369102760436	-3.16252995209684	-0.0419902673445381	0.0171382465529745	-1.59705338760636	0.860617704203605	0.937726038481453
5.43369102760436	-3.17651275122928	-0.0349281676752188	0.024721082641958	-1.21166794966292	0.565431744675024	0.591455460420137
5.44369102760436	-3.18699031569633	-0.0304282042319146	0.0292124873252812	-0.89430475473954	0.346189357329178	0.318595185274719
5.45369102760436	-3.19458923075842	-0.0277936421784469	0.0313159335198095	-0.634043465302626	0.190158908434197	0.112549315378883
5.46369102760436	-3.19982383085301	-0.0264576838393852	0.0316574804259593	-0.419600493610718	0.0843642545779282	-0.0353224070450549
5.47369102760436	-3.20309874572682	-0.0259789429114442	0.0307719300496882	-0.240453282202037	0.0168483043293744	-0.134459850428474
5.48369102760436	-3.20471976223864	-0.0260277037109907	0.0290993747570989	-0.0874177937718368	-0.0227013730608324	-0.194250129122918
5.49369102760436	-3.20490856006613	-0.0263681200298873	0.0269887231897018	0.0471278903655824	-0.0427347782597961	-0.22347053701246
5.50369102760436	-3.20381848289194	-0.026839600233887	0.0247056289782844	0.169241950570137	-0.0498730930714106	-0.229954523688043
5.51369102760436	-3.20154960979801	-0.0273393216851343	0.0224428850942176	0.283547787140963	-0.0490861734677868	-0.220424170188085
5.52369102760436	-3.19816215811557	-0.0278069205478872	0.0203318550093717	0.393430062283145	-0.0439400775525525	-0.20044350661837
5.53369102760436	-3.19368777735892	-0.0282117924905627	0.0184539239854531	0.501254648186192	-0.0368651427401313	-0.174455649074846
5.54369102760436	-3.18813864570556	-0.0285430401362239	0.0168512859132669	0.608584577217154	-0.029413287355471	-0.145874202878062
5.55369102760436	-3.18151449945685	-0.0288018606801486	0.0155366429739732	0.716375529724751	-0.0224866737588469	-0.117205972559443
5.56369102760436	-3.17380784671458	-0.0289960395302839	0.0145015956373541	0.825142686174977	-0.0165295059137702	-0.0901877409235597
5.57369102760436	-3.16500766783164	-0.0291361684312664	0.013723648032907	0.935096463869953	-0.011681244645955	-0.0659247002052092
5.58369102760436	-3.15510191035679	-0.0292332113891679	0.0131718575017305	1.04624828457367	-0.00789357199777315	-0.0450220548355942
5.59369102760436	-3.1440790633043	-0.0292970773619724	0.012811225702979	1.15848958390625	-0.00501564462935854	-0.0277044343988098
5.60369102760436	-3.13192905794847	-0.029335909532675	0.0126059697146753	1.27164822606611	-0.00285309160245361	-0.0139201537564781
5.61369102760436	-3.11864369916321	-0.0293558564251447	0.0125218318069092	1.38552669911378	-0.00120628023577595	-0.00342914250587899
5.62369102760436	-3.10421678850959	-0.0293611434775809	0.0125275915750674	1.49992622274946	0.00010706390776715	0.00412535650832965
5.63369102760436	-3.08864406126921	-0.0293543111957126	0.0125959384837272	1.61466041019493	0.00124049489898255	0.00916035282827867
5.64369102760436	-3.07192302613548	-0.0293365259547402	0.0127038502529035	1.72956153128874	0.00231514606552748	0.0121104286897644
5.65369102760436	-3.0540527688542	-0.0293079015389793	0.0128326057800526	1.84448181745588	0.00342087530462869	0.0133970119065628
5.66369102760436	-3.03503375956592	-0.0292677940556897	0.0129675426099418	1.95929168577924	0.00462014723417944	0.0134076936651141
5.66724097711302	-3.02800610755921	-0.0292505880251734	0.0130147512306703	2.00000000000065	0.00507653737094445	0.0131706192507269
