=========================== Parameters =====================================
l1 [m]	l2 [m]	l3 [m]	c1 [m]	c2 [m]	c3 [m]	m1 [kg]	m2 [kg]	m3 [kg]
0.14	0.14	0.4058	0.1	0.9	0.9	0.1564	0.23764	0.1564
============================== Data ========================================
t [s]	th1 [rad]	th2 [rad]	th3 [rad]	th1d [rad/s]	th2d [rad/s]	th3d [rad/s]
0	0	0	0	0	0	0
0.01	-0.00193244764975682	0.00166973352271337	6.19036823660722e-05	-0.280142347943861	0.210266095433807	0.0159792009099861
0.02	-0.00510105024411508	0.00362371949733665	0.000331651271275581	-0.351096210607126	0.177775283584638	0.0377304220308966
0.03	-0.00895724973834573	0.00523135986541315	0.000809541932775595	-0.420920379820857	0.144799999277264	0.0574649403604104
0.04	-0.0135344095046569	0.00654006139968488	0.00147313345844149	-0.495202755941598	0.117895056406074	0.0748566857741379
0.05	-0.0188732962946292	0.00760627504975888	0.00229868844865188	-0.573104927587774	0.0961199279338748	0.0898526241644814
0.06	-0.0250055542675494	0.00847611899187795	0.00326214705784974	-0.653747678502899	0.0784731977831555	0.102437050339421
0.07	-0.0319549606474511	0.00918671172267766	0.00433942959023381	-0.736411540934424	0.0641270718246856	0.11262230295182
0.08	-0.0397388948512048	0.00976776451112219	0.00550671091805465	-0.820548828184003	0.0524425550095301	0.120446085019857
0.09	-0.0483697096883472	0.010243072220284	0.00674067447287725	-0.90573283845286	0.0429115896245578	0.125970841573541
0.1	-0.0578559189004215	0.0106318034256984	0.00801874717985961	-0.991592103929258	0.0350818625263236	0.129283492128222
0.11	-0.068202878701052	0.0109492152483806	0.00931932547748747	-1.07785299381794	0.0286078084417866	0.130491042680441
0.12	-0.0794135383360155	0.0112074628051232	0.0106219700512996	-1.16430681740724	0.0232137580928728	0.129718867808845
0.13	-0.0914890224604087	0.0114162274689647	0.0119075770584514	-1.25079097726241	0.0186734596375551	0.127108424378597
0.14	-0.10442905563015	0.0115831759338092	0.0131585253362016	-1.3371882573987	0.0148107126686103	0.12281428420192
0.15	-0.118232312603549	0.0117143474712291	0.0143587964715288	-1.42342171577342	0.0114948694852421	0.117001350237353
0.16	-0.132896762292293	0.0118145481503075	0.0154940656000242	-1.50942701817136	0.00861004409420595	0.109842958158804
0.17	-0.14841988049596	0.0118876062443356	0.016551768327723	-1.5951485538806	0.00605196326896919	0.101518191286952
0.18	-0.164798722901833	0.0119364784148113	0.0175211450918168	-1.68056544753707	0.00375956776847461	0.0922082068242433
0.19	-0.182030125075956	0.0119635166182782	0.0183932542606657	-1.76565962885062	0.00167909153248964	0.0820948319310355
0.2	-0.200110777652657	0.0119706018754249	0.0191609648626725	-1.85041363640458	-0.000237318656323544	0.0713582231400621
0.21	-0.219037236705247	0.011959213910067	0.0198189283354918	-1.93481966289019	-0.00201998017424655	0.0601742861139863
0.22	-0.238805973409774	0.011930557021311	0.0203635272943214	-2.01886612317778	-0.00369631079631472	0.0487131120319274
0.23	-0.259413337374267	0.0118855949777747	0.0207928078656901	-2.10254569712898	-0.00528056168743956	0.0371368233239196
0.24	-0.280855582159633	0.0118251668084277	0.0211063922584611	-2.18583574489041	-0.0067958175172972	0.0255986451541047
0.25	-0.303128732671449	0.0117499260356093	0.0213053815806118	-2.26872669004867	-0.0082402601649619	0.0142404258924766
0.26	-0.326228642074423	0.0116605068168869	0.0213922386502178	-2.35118172704551	-0.00963349637619269	0.0031929032864549
0.27	-0.35015082099718	0.0115574303461691	0.0213706678672484	-2.43316979685938	-0.0109777015503109	-0.00742650619929899
0.28	-0.374890380915135	0.0114411481663146	0.0212454821497086	-2.51465702954493	-0.0122672338029745	-0.0175141710367581
0.29	-0.400442032239955	0.0113121520555186	0.0210224612357824	-2.59557750079181	-0.0135224498410924	-0.0269797321262971
0.3	-0.42679986865765	0.0111708368567441	0.0207082130087373	-2.67587467539921	-0.0147413483536885	-0.035747978578424
0.31	-0.453957301969439	0.0110175388916319	0.0203100270162991	-2.75549112244344	-0.0159115565265329	-0.0437586159553683
0.32	-0.481907068762273	0.0108526572688723	0.0198357249229313	-2.83433369794618	-0.0170509983492525	-0.0509649362286374
0.33	-0.510641033890626	0.010676536770666	0.0192935196740313	-2.91230761042418	-0.0181684909000307	-0.0573348318906868
0.334423315644038	-0.523598775598299	0.0105950941290294	0.0190342176059143	-2.94650490112462	-0.0186455799804632	-0.059880801054909
0.344423315644038	-0.585240592900598	0.0470638119413316	0.0180997466199238	-8.61642171034769	6.42125629661578	-0.100203941821937
0.354423315644038	-0.671112096313539	0.110129747956701	0.0179131061152825	-8.23158133330331	5.81203142466344	0.0742842078347099
0.364423315644038	-0.748921764363288	0.162202336228666	0.0196120292395868	-7.35688450568688	4.63380146857472	0.264111658848023
0.374423315644038	-0.818862470253609	0.20353021862961	0.0231638037350242	-6.66172184889409	3.66789336391096	0.444632801379705
0.384423315644038	-0.8826687945512	0.236171172984801	0.0284754075741401	-6.12393933608088	2.88944952024459	0.616232940314437
0.394423315644038	-0.94174944577868	0.261809964828067	0.0354617780579838	-5.71153759038241	2.26162622077187	0.779712845647737
0.404423315644038	-0.99722763933997	0.281801821511186	0.0440447910649115	-5.39950918803835	1.75549991169381	0.935652040935261
0.414423315644038	-1.05000440568466	0.297244738523182	0.0541511975570418	-5.1681445498418	1.34823711953046	1.08445355568461
0.424423315644038	-1.1008036405425	0.3090315149082	0.0657110876836952	-5.0015065585775	1.02138288174208	1.22638868027566
0.434423315644038	-1.15020503427785	0.317888107759724	0.0786567119504111	-4.88654492347157	0.759855869486925	1.36162280946441
0.444423315644038	-1.19866979008838	0.324403751098965	0.0929215207003158	-4.81251651126004	0.55128149214929	1.49023385222056
0.454423315644038	-1.24656149615078	0.32905546502164	0.108439368184922	-4.77057345412641	0.385511943397993	1.61222740739778
0.464423315644038	-1.29416341502162	0.332228369051827	0.125143860235584	-4.75344615378657	0.254253176189543	1.72755065350714
0.467544381488752	-1.30899693899575	0.332966712532599	0.130589841737721	-4.7521847651097	0.219220297781348	1.762164844606
0.477544381488752	-1.32957356594812	0.303961200340181	0.148625342489729	0.309338549791782	-5.63759801999154	1.82819345274079
0.487544381488752	-1.32238522069385	0.242972560485268	0.16617769743677	0.588406268760464	-5.93213285415572	1.65604645319127
0.497544381488752	-1.32143887923443	0.189552194552553	0.181579626777355	-0.414628289995127	-4.73350304500855	1.42404743831323
0.507544381488752	-1.33015757964138	0.147705450229957	0.194688425835985	-1.29089278156387	-3.67988335685966	1.19958592457513
0.517544381488752	-1.34652819386431	0.11511639327806	0.205604178319621	-1.95283205817774	-2.87276223520313	0.984814943957874
0.527544381488752	-1.36864498881076	0.0895995445800032	0.214406331634592	-2.44797820093278	-2.25620717953167	0.776373533580232
0.537544381488752	-1.39506618531026	0.0695152308003027	0.221144739956137	-2.81912684049522	-1.77987847105566	0.571766944867211
0.547544381488752	-1.4247056076048	0.0536421981493201	0.225849741464067	-3.09553713428933	-1.40934605195116	0.369512625430704
0.557544381488752	-1.4567269794072	0.041053075727184	0.228540119243552	-3.29839734366016	-1.11971560790381	0.168742057192559
0.567544381488752	-1.4904778116878	0.0310361303573018	0.22922809912412	-3.44360639901165	-0.892365845594305	-0.0310140535334937
0.577544381488752	-1.52544476652408	0.0230422686817598	0.227922669186804	-3.54329602251509	-0.713153241067597	-0.22995029452146
0.587544381488752	-1.56122147368102	0.0166467469274318	0.224631887690654	-3.60685489809941	-0.571201009415332	-0.428068562918331
0.597544381488752	-1.59748472805466	0.0115208009280997	0.219364519604611	-3.64161451206683	-0.458086553633379	-0.625232815372587
0.607544381488752	-1.63397647483468	0.00741013640123971	0.212131213715678	-3.65333622157108	-0.367263887947532	-0.821207487010386
0.617544381488752	-1.67048997912252	0.00411838284024519	0.202945350836986	-3.64656922655248	-0.29363883835244	-1.0156855898226
0.627544381488752	-1.70685910756548	0.00149424225516429	0.191823646831993	-3.62491966076038	-0.233249322410258	-1.20831009292696
0.637544381488752	-1.74294992147703	-0.00057862987803936	0.178786612003109	-3.59134636030084	-0.182888475225581	-1.39876140330989
0.647544381488752	-1.77864649815099	-0.00220457619303678	0.163874434264573	-3.54556589563765	-0.146108019030034	-1.57925878425708
0.657544381488752	-1.81385483654478	-0.0035426044171759	0.14732267152642	-3.49721495374049	-0.12201784529951	-1.72487728824926
0.662920994896214	-1.83259571459405	-0.00416570423927254	0.137874698583966	-3.47445332031411	-0.109811155380524	-1.7878123149737
0.672920994896214	-1.83815438658492	-0.0387411793856053	0.120180057194282	1.09302308504485	-5.32675806357062	-1.79799688452872
0.682920994896214	-1.82948747184129	-0.0888742548649195	0.101248125721607	0.485705465228019	-4.52016919875125	-1.99236431553446
0.692920994896214	-1.82860160338188	-0.128961723183912	0.0803563898175043	-0.27894934598551	-3.5319068805225	-2.18362133219596
0.700602789944679	-1.83259571459405	-0.153649705934023	0.0630487086525902	-0.744350333546635	-2.9150743474048	-2.3212881060636
0.710602789944679	-1.83802939077684	-0.184645446198561	0.0391410805655437	-0.646206231950831	-2.93099197493802	-2.46974111390373
0.720602789944679	-1.84677497087549	-0.210811720756812	0.0136312606060833	-1.09485941224762	-2.31162899541424	-2.63091396697062
0.730602789944679	-1.85960768746718	-0.23124816824545	-0.0134459459262292	-1.45477685733654	-1.79526209980693	-2.78294749326389
0.740602789944679	-1.87555742422892	-0.2470796182845	-0.0419971562429214	-1.7213431187085	-1.38703115354276	-2.92583999753129
0.750602789944679	-1.89378446207392	-0.259278101435955	-0.0719346636321621	-1.91305933157	-1.06539203884883	-3.06031510324191
0.760602789944679	-1.91361605590387	-0.268626092470062	-0.103166371650636	-2.04254949121008	-0.818287581333852	-3.1805040848608
0.770602789944679	-1.93447814089259	-0.275889828185039	-0.135361390997021	-2.1238489801253	-0.644857795163772	-3.24879879951213
0.780602789944679	-1.95602752326912	-0.28166473788912	-0.167957552387086	-2.18290636866247	-0.51687521096421	-3.26154649943041
0.790602789944679	-1.97808644595619	-0.286344551604376	-0.20042273930061	-2.22668942766132	-0.424431142333593	-3.2234214090639
0.800602789944679	-2.00052771426325	-0.290244882090653	-0.232273464774388	-2.25999967300762	-0.359895531716603	-3.13953298889944
0.810602789944679	-2.02326365474148	-0.29361402739291	-0.263078933592103	-2.28610800777009	-0.317252776953048	-3.01529138320385
0.820602789944679	-2.04623550564497	-0.296644024326538	-0.29246351954106	-2.30754726287246	-0.291252479909843	-2.85629881081484
0.830602789944679	-2.06941115253693	-0.299470238014293	-0.320114428358625	-2.32831597222132	-0.273637640178928	-2.67153702079528
0.840602789944679	-2.09281207002658	-0.30209787222484	-0.3458895664069	-2.35114594242593	-0.252234798873265	-2.48354687285875
0.850602789944679	-2.11640522563392	-0.304538310148847	-0.369786497352783	-2.36611789334473	-0.236919890412085	-2.29594748303504
0.860602789944679	-2.14010748241123	-0.306856904577911	-0.391811553351443	-2.37311675031313	-0.227667923014819	-2.10926526543485
0.870602789944679	-2.16384522789689	-0.309106542611129	-0.411976716480763	-2.37343125288599	-0.222861394621352	-1.92405654858513
0.880602789944679	-2.18755797124345	-0.311323860552732	-0.430299243016849	-2.3682993024074	-0.220980989764717	-1.74081318007325
0.890602789944679	-2.21119638719836	-0.313531899339657	-0.446800919082184	-2.35870880541912	-0.220835040199881	-1.55994883394353
0.900602789944679	-2.23471986636473	-0.315743309323789	-0.461507286583894	-2.34542159986831	-0.22152897292249	-1.38180172950338
0.910602789944679	-2.25809448201618	-0.317963041856419	-0.474446914749789	-2.32901973075367	-0.222408502080772	-1.20664007319026
0.920602789944679	-2.28129140539665	-0.320190488638604	-0.485650729595701	-2.30994692202629	-0.223008276562248	-1.03466800999837
0.930602789944679	-2.30428569650104	-0.322421152927669	-0.495151403120841	-2.28854211929911	-0.223009712544543	-0.866031567558585
0.940602789944679	-2.32705539390078	-0.324647941515786	-0.502982801144885	-2.26506595142541	-0.22220709933185	-0.700824420521015
0.950602789944679	-2.34958083919944	-0.326862153080859	-0.509179487519719	-2.23972139763627	-0.220480540742617	-0.539093390237503
0.960602789944679	-2.37184418403433	-0.329054224681611	-0.513776281796994	-2.21266980014508	-0.217774450441154	-0.380843629888675
0.970602789944679	-2.39382903790246	-0.331214286491484	-0.51680786705051	-2.18404315446686	-0.214080547944769	-0.226043467107098
0.980602789944679	-2.41552022347647	-0.333332565361892	-0.518308444358676	-2.15395342813773	-0.209424501725933	-0.0746288925677317
0.990602789944679	-2.43690361282029	-0.335399670106844	-0.518311430403533	-2.12249951128196	-0.203855527419812	0.0734923042151213
1.00060278994468	-2.4579660233381	-0.337406785150633	-0.516849194706605	-2.08977228465797	-0.197438378296459	0.218436740828113
1.01060278994468	-2.47869515665723	-0.339345794088181	-0.513952833170945	-2.05585819640838	-0.190247268705772	0.360341971241423
1.02060278994468	-2.49907956716429	-0.341209350547402	-0.509651974810644	-2.02084166266913	-0.182361354850901	0.499363314765755
1.03060278994468	-2.51910864974627	-0.342990910338539	-0.50397461880493	-1.98480654549226	-0.173861465387249	0.635670957429781
1.04060278994468	-2.53877263856276	-0.34468473608907	-0.49694699929873	-1.94783691118046	-0.164827830286116	0.769447296279906
1.05060278994468	-2.55806246333645	-0.346286111989865	-0.488593318884896	-1.9100260005424	-0.155336570463025	0.900904455310698
1.06060278994468	-2.57700307305243	-0.347734291389137	-0.478984394261825	-1.87876920238652	-0.131866885676434	1.01681168594324
1.07060278994468	-2.59562094618773	-0.34891094757535	-0.468334446430197	-1.84323454940374	-0.103705449725086	1.10939981184086
1.08060278994468	-2.61383090727867	-0.349820035896088	-0.456870721995459	-1.79682290822655	-0.0788272579564592	1.17968299252509
1.0829276236359	-2.61799387799149	-0.349997242834581	-0.454112567889774	-1.78434625212834	-0.0736979912235753	1.19290033265132
1.0929276236359	-2.64940010826793	-0.334605819655946	-0.442699852506946	-4.52074440152306	3.18109557815017	1.090331286969
1.1029276236359	-2.70682587345781	-0.288192115676898	-0.432099034343295	-6.43000308906089	5.47883478079702	1.07584398151865
1.1129276236359	-2.76941880317869	-0.235051967198526	-0.420506299580107	-5.91613364193405	4.94703953612656	1.25413625457015
1.1229276236359	-2.82405896918195	-0.190538590058794	-0.406975212678088	-5.01777520828327	3.96191742535438	1.44978854077094
1.1329276236359	-2.87023891535538	-0.155279320313976	-0.391573946559233	-4.24676797454028	3.12299938846123	1.62728146431883
1.1429276236359	-2.90953823886329	-0.127447414254981	-0.374485502992987	-3.63776833174613	2.47205295825051	1.78803031653618
1.1529276236359	-2.94340519416927	-0.10536048875873	-0.355851945910242	-3.15455388099481	1.96735941149589	1.9370181451862
1.1629276236359	-2.97293495468416	-0.0877446139312722	-0.335771656599047	-2.76585115743558	1.5726364261103	2.07787505603639
1.1729276236359	-2.99895422962003	-0.073637844238256	-0.314312919559868	-2.44915778659545	1.26169324614676	2.21305096756975
1.1829276236359	-3.02209698402861	-0.0623028133293856	-0.291523598095142	-2.18809073327034	1.01542132436414	2.344232617933
1.1929276236359	-3.04285533130331	-0.0531677103216652	-0.267437347851906	-1.97040987354638	0.819527493974546	2.47260846669143
1.2029276236359	-3.06161434096778	-0.0457857456546498	-0.24207773807608	-1.78677558856617	0.663103329800543	2.59902844895149
1.2129276236359	-3.07868812228296	-0.0397853983882368	-0.215480495111818	-1.63368045123779	0.545745118169784	2.71476389454443
1.2229276236359	-3.09433453737792	-0.0347570651417436	-0.18793388726122	-1.49553192343074	0.462842937362877	2.78703524811163
1.2329276236359	-3.10858625064712	-0.0304844059917944	-0.15988603971917	-1.35383350258357	0.393410780935817	2.81543876502812
1.2429276236359	-3.12139572057926	-0.0268513825973615	-0.131762672368995	-1.20668797195229	0.33427945479208	2.8026200795309
1.2529276236359	-3.13270483836339	-0.0237648001025937	-0.103961219515405	-1.05386277335631	0.28403395305098	2.75158288856422
1.2629276236359	-3.14245487950836	-0.0211444408179546	-0.0768472980342209	-0.895154870575629	0.241134603804991	2.66568745999325
1.2729276236359	-3.1505886523768	-0.0189220049466716	-0.0507515845302882	-0.730789448439041	0.204411475832283	2.54855966775406
1.2829276236359	-3.15705257569174	-0.0170399270644997	-0.0259671995060571	-0.561492966667879	0.173163409658792	2.40405565739301
1.2929276236359	-3.16179723550535	-0.0154538122630786	-0.00274242447620808	-0.386031952165613	0.142826566880406	2.23998939555405
1.3029276236359	-3.16477714029106	-0.0141778728978782	0.0188308954779435	-0.210750118589567	0.113316052649488	2.07462927002124
1.3129276236359	-3.16602837107424	-0.0131682843730081	0.0387492497704753	-0.0402455788665411	0.0894948275204171	1.90899730457784
1.3229276236359	-3.16559548794559	-0.0123719319262576	0.057009976764747	0.126227172355211	0.0704881649893339	1.74310529208358
1.3329276236359	-3.16351444076225	-0.0117457742699275	0.0736104847448591	0.289511302158126	0.0553110505738181	1.576951436398
1.3429276236359	-3.15981363593237	-0.0112555762600097	0.0885480658742366	0.450276816628331	0.0431817988788279	1.41051518456125
1.3529276236359	-3.15451551618274	-0.0108740597588032	0.101819734700479	0.609051671454949	0.0334843737365832	1.24376239791459
1.3629276236359	-3.14763783441285	-0.0105794248699915	0.113422116406007	0.766249946795361	0.0257341972789422	1.07665008892835
1.3729276236359	-3.13919467810166	-0.0103541752123964	0.12335138014225	0.922193813189666	0.0195512379231018	0.909130726306066
1.3829276236359	-3.12919730987488	-0.0101841704204125	0.131603213421545	1.07713425530381	0.0146345813115928	0.741156373300504
1.3929276236359	-3.11765480865719	-0.0100579236835584	0.13817283722318	1.23125201641573	0.0107600547657506	0.572682020144131
1.4029276236359	-3.10457465097307	-0.00996598161916069	0.143055056134931	1.38467518505631	0.00775849811955366	0.403669503393827
1.4129276236359	-3.08996324668353	-0.0099003696752689	0.146244342788672	1.5375097319955	0.00547896933737389	0.234091916836458
1.4229276236359	-3.0738262219778	-0.0098543441431663	0.147734964429488	1.68980757074423	0.00382470004386693	0.0639356769208829
1.4329276236359	-3.0561688132695	-0.00982202728305939	0.147521138035234	1.84158834363056	0.00272651288829303	-0.106795379662351
1.4429276236359	-3.036996185731	-0.00979814233266408	0.145597221149436	1.99284878249741	0.00213071486798745	-0.278076347892318
1.44340126748567	-3.03605059234778	-0.00979713617778757	0.145463587709264	2.00000000000021	0.00211409864109002	-0.286201873456752
1.45340126748567	-3.0152967053857	-0.00977689921136129	0.141742936469583	2.15067977785802	0.00201087910390844	-0.458005793653174
1.46340126748567	-2.99303900561842	-0.00975544829425144	0.136302069938684	2.30075284783934	0.00235298420514719	-0.630229372538971
1.47340126748567	-2.96927849085783	-0.00973958945050594	0.129149605698908	2.45189563797229	-0.00104535680861275	-0.797402536590058
1.48340126748567	-2.94401808755259	-0.0097884602769641	0.120428116539482	2.59860479896847	-0.00853733939133503	-0.943094703426491
1.49340126748567	-2.91734024569118	-0.00990434565974255	0.110364551586064	2.7352376408491	-0.0143195936726646	-1.06574338248396
1.50340126748567	-2.88934785222441	-0.0100686839906374	0.0991910882012279	2.8615201899565	-0.0182528817900224	-1.1650512619474
1.51340126748567	-2.86014409483967	-0.0102637134551141	0.087141282880591	2.97753209287999	-0.0204812586108205	-1.24104269256302
1.52340126748567	-2.82983072103314	-0.0104732497810613	0.07444685964194	3.08349302390085	-0.0211906606647142	-1.29405648588229
1.53340126748567	-2.79850680978265	-0.0106829474348508	0.0613346524284348	3.17968881731561	-0.0205315848258119	-1.32472950353599
1.54340126748567	-2.76626807846951	-0.0108800301592866	0.0480237357348269	3.2665394815715	-0.0187082437783718	-1.33397126086549
1.55340126748567	-2.73320575768368	-0.0110536312036163	0.0347228201597382	3.34447904826229	-0.0158497473524671	-1.32294218546804
1.56340126748567	-2.69940628269148	-0.0111942966939306	0.0216278910360517	3.41406881948579	-0.012153907131391	-1.29302033300276
1.57340126748567	-2.66495038339701	-0.0112943133679432	0.00892017516892102	3.47586694215966	-0.00774793281402529	-1.24577491366009
1.58340126748567	-2.62991286636007	-0.0113473568257279	-0.00323559916460635	3.5304949320053	-0.00277873138893178	-1.18293099219141
1.59340126748567	-2.59436220486662	-0.0113484924771629	-0.0146926009835316	3.57860565981751	0.00261151319826903	-1.10633704496995
1.60340126748567	-2.55836026455851	-0.0112941459864673	-0.0253229633319444	3.62086636488196	0.0082925254262922	-1.01793187228489
1.61340126748567	-2.5219621551338	-0.0111820505706936	-0.0350185198878054	3.65795512112647	0.0141379427488362	-0.919711567771922
1.62340126748567	-2.48521614597489	-0.011011237847299	-0.0436912173862533	3.69055015587623	0.0200262894993583	-0.81369785044797
1.63340126748567	-2.44816376996438	-0.01078192052568	-0.0512732216120971	3.71935302752437	0.0258032885239716	-0.701906682821074
1.64340126748567	-2.41083966051112	-0.010495788528438	-0.057716717809548	3.74499150238634	0.0313850654071216	-0.586323233298184
1.65340126748567	-2.3732721687822	-0.0101554915632162	-0.0629934632996052	3.76815201661477	0.0365948814814259	-0.468870437925458
1.66340126748567	-2.33548310465754	-0.00976522760357865	-0.0670940551136789	3.78938470899473	0.0413819459893648	-0.35139201326029
1.67340126748567	-2.29748875650604	-0.00932992107121541	-0.0700270125372251	3.80930303446286	0.0455816146842094	-0.235623194300658
1.68340126748567	-2.25929985198359	-0.0088557028969071	-0.0718176166262744	3.82839598194149	0.0491274590588607	-0.123178352137925
1.69340126748567	-2.22092233253058	-0.00834950543472212	-0.0725065975695035	3.84708217916794	0.0519824867901688	-0.0155321381627084
1.70340126748567	-2.18235817935193	-0.00781865152132939	-0.072148667662165	3.86575467402505	0.0540820223722546	0.0859964528899526
1.71340126748567	-2.14360600366113	-0.00727076305303098	-0.0708109174374337	3.88472633407296	0.0553931484238364	0.180253675988198
1.72340126748567	-2.10466176542777	-0.00671355704539443	-0.0685711132601845	3.90420413581298	0.0559414001710205	0.266259008586359
1.73340126748567	-2.0655196671912	-0.00615446547817437	-0.0655159260892287	3.92431553233474	0.0557777825207962	0.343212292273838
1.74340126748567	-2.02617300910893	-0.0056003184145548	-0.0617391101570261	3.94512325692205	0.0549602865987223	0.410497613854947
1.75340126748567	-1.9866149098205	-0.00505718980995654	-0.0573396591063137	3.96660455626728	0.053577924894225	0.467683000611152
1.76340126748567	-1.94683909484609	-0.00453016062632777	-0.052419973716287	3.98866918761373	0.0517307876792901	0.514518684895304
1.77340126748567	-1.9068404469601	-0.00402334321019726	-0.0470840586501155	4.01111995833274	0.0495781801531247	0.550930419370649
1.78340126748567	-1.86661596148884	-0.00353940587737608	-0.0414358014562287	4.03377607708715	0.047198383398917	0.577016072271638
1.79340126748567	-1.82616496164696	-0.00307992006096958	-0.0355773154091812	4.05637887206473	0.0447029358520706	0.59303162494889
1.80340126748567	-1.78548957731107	-0.00264535011353495	-0.0296074096198204	4.07861779135236	0.0422119288590362	0.599379271829123
1.81340126748567	-1.74459511163764	-0.00223511312812365	-0.0236201943858085	4.10015142742663	0.0398360305975926	0.596593284381335
1.82340126748567	-1.70349029807728	-0.00184769727339653	-0.0177038405371257	4.12062361385513	0.0376650275371285	0.585323983504792
1.83340126748567	-1.6621874777336	-0.00148079694553299	-0.0119395088737563	4.13968287925712	0.0357530567994472	0.566320507100601
1.84340126748567	-1.62070259952985	-0.00113157328868633	-0.00640045741238557	4.15697004212768	0.0341413265880263	0.540411492027316
1.85340126748567	-1.57905521028465	-0.000796842574725355	-0.00115133961399015	4.17212724641369	0.0328560661505176	0.50848604673659
1.86340126748567	-1.53726837278926	-0.000473263595985319	0.003752305629881	4.18480465168823	0.0319091855210866	0.471474567695822
1.87340126748567	-1.49536854433323	-0.000157487519811854	0.00826437235261759	4.19467263496952	0.03129229346808	0.430330104149456
1.88340126748567	-1.45338537520452	0.000153679365095405	0.0123483214719004	4.20142295674764	0.030983158798484	0.386010027167552
1.89340126748567	-1.41135146527339	0.000463139574476823	0.0159771375343517	4.20476902445389	0.030952650847204	0.339458726379792
1.90340126748567	-1.36930215032028	0.000773472075498148	0.0191331176912997	4.20446689166092	0.0311468342024673	0.291592421249756
1.91340126748567	-1.32727511175077	0.00108675563290747	0.0218075155361781	4.2002854119799	0.0315274360368325	0.243283710416408
1.92340126748567	-1.28531012761527	0.00140460953967631	0.0240000449345053	4.19203042210326	0.0320485230974613	0.195349894646373
1.93340126748567	-1.24344873204539	0.00172817123394013	0.0257182713075492	4.17954284806859	0.0326625899413192	0.148542276896813
1.94340126748567	-1.2017338718786	0.0020581048728174	0.0269769062803305	4.16269898573985	0.0333231530094525	0.103537550944301
1.95340126748567	-1.16020955582342	0.00239462536509153	0.0277970271420165	4.14140967504116	0.033987666149532	0.0609312087680749
1.96340126748567	-1.11892050683999	0.00273754108295774	0.0282052405535676	4.11562054921288	0.0346182516387027	0.021233016082568
1.97340126748567	-1.07791186108801	0.00308635643647129	0.0282328093011367	4.08532642926578	0.0351650744195564	-0.0151350133791508
1.98340126748567	-1.03722875042981	0.00344023628724698	0.0279147666514835	4.05054378666799	0.035597706489377	-0.0478403153192085
1.99340126748567	-0.996915936089304	0.00379801880568792	0.0272890316544681	4.01129605220006	0.0359207837626412	-0.0766392468531584
2.00340126748567	-0.957017621855175	0.00415841958561931	0.0263955363837433	3.96765383100967	0.0361250791643698	-0.101372947208458
2.01340126748567	-0.917577149472742	0.00452007462532099	0.0252753911417754	3.91972893574227	0.0361917667243843	-0.121963497357863
2.02340126748567	-0.878636706249935	0.00488156824870673	0.0239700960081369	3.86766488605085	0.0361003230507666	-0.138409000803657
2.03340126748567	-0.840237033011278	0.00524142792725539	0.0225208101290174	3.81161899775963	0.035845839652317	-0.150777969530685
2.04340126748567	-0.802417173915889	0.00559813085662481	0.0209676865737386	3.75174929286479	0.0354504414691841	-0.159202742287537
2.05340126748567	-0.765214340664962	0.00595020445931477	0.0193492767379593	3.6882301705643	0.0349410343721504	-0.163871262356055
2.06340126748567	-0.728663883352569	0.0062964103397992	0.0177020093874767	3.62129398268273	0.034296797027855	-0.165017528054991
2.07340126748567	-0.692798982811926	0.00663556298286573	0.0160597607519662	3.55116864562551	0.033517681813573	-0.162915684374431
2.08340126748567	-0.657650515653745	0.00696650831914258	0.0144535007690692	3.4780631534232	0.0326372089762766	-0.15787234457148
2.09340126748567	-0.623247058008716	0.00728822356817543	0.0129110158049805	3.40218988194007	0.03169255540836	-0.15021771718452
2.10340126748567	-0.589614990994011	0.00759999691180654	0.0114567067312049	3.32381167514973	0.0306659754502112	-0.140296122517879
2.11340126748567	-0.556778284117392	0.00790119581501016	0.0101114741273771	3.24317119661176	0.0295635080027997	-0.128461252728937
2.12340126748567	-0.524758481800326	0.00819123767599945	0.00889266706109495	3.16048019768255	0.0284242021900985	-0.11506974770727
2.13340126748567	-0.493574856574696	0.00846972329084739	0.00781409101984229	3.07595725164327	0.0272732224191208	-0.100473588579282
2.14340126748567	-0.463244534731283	0.00873651019052052	0.00688607573691521	2.98984920512039	0.0260942291574012	-0.0850137437209627
2.15340126748567	-0.433782396616003	0.00899149880578796	0.00611560359575709	2.90237020054808	0.02489804916279	-0.0690175281547747
2.16340126748567	-0.405201176569598	0.00923462960762656	0.00550647595361019	2.81370267881566	0.0237195347088339	-0.0527943987630676
2.17340126748567	-0.377511696880694	0.00946601822492161	0.00505951260940129	2.72403913063542	0.0225673260437097	-0.0366309665357817
2.18340126748567	-0.350722974695492	0.00968592801303169	0.00477278693378669	2.63357719717295	0.0214282534342088	-0.0207884223255284
2.19340126748567	-0.324842238531266	0.00989462590936974	0.00464188865286351	2.54248118807794	0.0203111538899931	-0.00550187099400883
2.20340126748567	-0.299875082522519	0.0100923904513454	0.00466019893043675	2.45088804138367	0.0192392588113165	0.00902132006296926
2.21340126748567	-0.275825697484231	0.0102796039169043	0.00481917388286025	2.35893788514491	0.0182142286279644	0.022603473359496
2.22340126748567	-0.252696994321906	0.0104567166052942	0.00510863754792228	2.26676746955882	0.017223674702849	0.0350966371997916
2.23340126748567	-0.230490676643985	0.0106241518755582	0.00551707714854837	2.17448625376361	0.0162691138591258	0.04638148291357
2.24340126748567	-0.209207396840591	0.0107823107150665	0.00603193055799845	2.08218126493429	0.0153606443129575	0.0563668109346049
2.25340126748567	-0.188846931310955	0.0109316028855499	0.00663986433970068	1.9899294577307	0.0145030799522282	0.0649889420897024
2.26340126748567	-0.16940834673978	0.0110724737174164	0.0073270397474993	1.89780852382124	0.013684052425521	0.0722107189913088
2.27340126748567	-0.150890070722034	0.0112053270538218	0.0080793670246517	1.80587712572429	0.0128978452233463	0.0780191065838081
2.28340126748567	-0.133290019647466	0.0113305237116382	0.00888273961800155	1.7141767261916	0.0121442012005464	0.08242336169508
2.29340126748567	-0.116605722399723	0.0114483849382706	0.00972324860837681	1.62273448920946	0.011425971592305	0.0854530704829408
2.30340126748567	-0.100834448247361	0.0115592113423723	0.0105873756630294	1.53157029899666	0.0107420379491446	0.0871562136132854
2.31340126748567	-0.0859733193330235	0.0116632950787844	0.0114621641817768	1.44070144265269	0.0100829992957875	0.0875970680288404
2.32340126748567	-0.0720193726361699	0.0117608847078859	0.0123353694722997	1.3501331518181	0.00944334798093635	0.0868535513752653
2.33340126748567	-0.0589696454317075	0.0118521891376011	0.0131955849026559	1.25986020164366	0.00882078235991949	0.0850149732623394
2.34340126748567	-0.0468212514241795	0.0119373824451292	0.0140323454414823	1.16986848822851	0.00821553769916064	0.0821798201754584
2.35340126748567	-0.0355714492444009	0.0120166113834253	0.0148362090505654	1.08013715576169	0.00762905694154219	0.0784536237319632
2.36340126748567	-0.0252177172619332	0.0120900215548574	0.0155988161661721	0.990645980907622	0.00705650933536221	0.0739471107626075
2.37340126748567	-0.015757784030599	0.0121577428809307	0.0163129301570917	0.901370774667938	0.00649321640117323	0.0687740226456178
2.38340126748567	-0.0071896581794563	0.0122198849107586	0.0169724583010326	0.81228157301382	0.0059377818118694	0.0630491635948798
2.39340126748567	0.000488342127123349	0.0122765415985629	0.0175724546053481	0.723343565159243	0.00539197745611004	0.0568866917267913
2.40340126748567	0.0072775651004908	0.0123277991892339	0.0181091061523358	0.634518953041061	0.00485948413467379	0.0503985963266689
2.41340126748567	0.0131789903795879	0.0123737654683614	0.0185797039376051	0.545775103447718	0.00433724199339178	0.0436935661193794
2.42340126748567	0.0181932423383205	0.0124145509136099	0.0189826019857311	0.457078794468186	0.00382292250647715	0.0368755097193291
2.43340126748567	0.0223206014283639	0.0124502595483178	0.0193171645079394	0.368393420678018	0.00331888850929367	0.0300423507719165
2.44340126748567	0.0255610069493251	0.012480996490786	0.019583702589566	0.279681219282996	0.00283024114238666	0.0232851744005108
2.45340126748567	0.0279140431989727	0.0125069008836926	0.0197834017663322	0.190913061593865	0.00235399320482841	0.0166878154015985
2.46340126748567	0.0293789863241281	0.0125281135894446	0.0199182448333395	0.102059418486558	0.00189009443337984	0.0103259125703582
2.47340126748567	0.0299548340049659	0.0125447696306106	0.019990928675855	0.0130887090676299	0.00144379931676369	0.00426638853644744
2.48340126748567	0.0296402993119616	0.012557036447402	0.0200047760390224	-0.0760208310466105	0.0010122369721677	-0.00143242648339836
2.49340126748567	0.0284338762565883	0.0125650723496465	0.0199636473254338	-0.165292374004525	0.000597809027736981	-0.00672138257156317
2.50340126748567	0.0263338535907959	0.012569048200301	0.0198718495494974	-0.254743165773359	0.000199931159770761	-0.0115602862175328
2.51340126748567	0.0233383639240497	0.0125691305828433	0.0197340466279331	-0.344388293639083	-0.000180348841569504	-0.0159179655598827
2.52340126748567	0.0194454113988856	0.0125654919932191	0.0195551702567429	-0.434236490860507	-0.00054504607177211	-0.0197719343490191
2.53340126748567	0.0146529291001532	0.0125582881570355	0.0193403340907429	-0.524295452566893	-0.000892899630082108	-0.0231083073196887
2.54340126748567	0.00895880171919734	0.0125476770683989	0.0190947500222146	-0.614564961450641	-0.00122725902643591	-0.0259211810389694
2.55340126748567	0.00236093043643013	0.0125337899500375	0.0188236499218854	-0.705044012596913	-0.00154770345177294	-0.028212452816594
2.56340126748567	-0.00514274493388891	0.0125167526425968	0.018532210713595	-0.795723268160322	-0.00185876449503269	-0.0299910363451887
2.57340126748567	-0.0135541752066121	0.0124966509820838	0.0182254864432049	-0.886593878567761	-0.00215961747361072	-0.031272623777472
2.58340126748567	-0.0228751909259493	0.0124735660832459	0.0179083441438314	-0.977636016180414	-0.00245740747892823	-0.0320786599922219
2.59340126748567	-0.0331074164146153	0.0124475224687892	0.017585408524874	-1.06883289290622	-0.00275092255555568	-0.0324362183138934
2.60340126748567	-0.0442522667559177	0.0124185327072156	0.0172610102750434	-1.16015679515435	-0.00304685286438182	-0.0323768259803912
2.61340126748567	-0.0563108776838802	0.0123865639453904	0.0169391434233899	-1.25157800389558	-0.00334941586660223	-0.0319361145531566
2.62340126748567	-0.0692840568444261	0.0123515291630825	0.016623428765273	-1.34306667675862	-0.00365817954680213	-0.0311532061838645
2.63340126748567	-0.0831722817442005	0.0123133326286416	0.0163170824189966	-1.4345791244067	-0.00398405538761487	-0.0300695292511654
2.64340126748567	-0.097975599600721	0.012271801002477	0.0160228946946293	-1.5260775613443	-0.00432632321586316	-0.0287288714032929
2.65340126748567	-0.113693629002103	0.0122267327504158	0.0157432119225956	-1.61751561489889	-0.00468951791333854	-0.0271761921768422
2.66340126748567	-0.130325520248051	0.0121778993276732	0.0154799262211957	-1.70883807371349	-0.00508373782709978	-0.0254569798469453
2.67340126748567	-0.147869863475073	0.012124985405712	0.0152344733967978	-1.7999985766437	-0.00550406603898595	-0.0236172939005081
2.68340126748567	-0.166324727334297	0.0120676809577285	0.0150078319616507	-1.89093332544939	-0.00596118486444475	-0.0217022251633962
2.69340126748567	-0.185687567267692	0.0120056214382885	0.0148005325164597	-1.98157919340782	-0.00646030541115496	-0.0197560210634458
2.70340126748567	-0.205955172035309	0.0119383723562977	0.0146126709372915	-2.07187911405243	-0.00699490473740642	-0.0178217831721228
2.71340126748567	-0.227123711604374	0.0118655317735218	0.0144439226081587	-2.16175337360993	-0.00758015782344802	-0.0159399544952707
2.72340126748567	-0.249188600862127	0.011786618243561	0.0142935678332598	-2.25113346879285	-0.00821353629020319	-0.0141491476916426
2.73340126748567	-0.272144504282684	0.0117011226624948	0.0141605159611468	-2.33994847504726	-0.00889069792623052	-0.0124852752767338
2.74340126748567	-0.295985356407415	0.0116085783269406	0.0140433323779574	-2.42810628741702	-0.00962735335670816	-0.0109805378266948
2.75340126748567	-0.320704211246915	0.0115084314628813	0.0139402748356162	-2.51553297109264	-0.0104134937698386	-0.00966459357195033
2.76340126748567	-0.346293294876445	0.0114001478668852	0.0138493247685595	-2.60214362439069	-0.0112473637868348	-0.00856326039178375
2.77340126748567	-0.372743992861345	0.0112832430920538	0.0137682230657564	-2.68783555831862	-0.0121434714107588	-0.00769808453182033
2.78340126748567	-0.400046701295479	0.0111571530199275	0.0136945124697366	-2.7725278840825	-0.0130865914571966	-0.00708766114256263
2.79340126748567	-0.428190901797145	0.0110213641594412	0.0136255727834583	-2.85612573419544	-0.0140735332422567	-0.00674623264838603
2.80340126748567	-0.457165146622871	0.0108754380357355	0.0135586600537258	-2.93851526372898	-0.0151191028218222	-0.00668346262028721
2.81340126748567	-0.486956906334702	0.0107188739516154	0.0134909510471025	-3.01960552870494	-0.0162075228328329	-0.00690597591961169
2.82340126748567	-0.517552627270842	0.0105512141052957	0.0134195797294621	-3.09930000512056	-0.0173257982864113	-0.00741635630899962
2.8253472627207	-0.523598775598368	0.0105172753272228	0.013405020423981	-3.11463389542589	-0.0175503968473168	-0.00754894654242117
2.8353472627207	-0.586869322632362	0.0469349314143044	0.01300011137466	-8.75130885666383	6.38349633521235	-0.0457364838925862
2.8453472627207	-0.673974921580006	0.109489333128284	0.0133663858732848	-8.35242924987044	5.75789253328907	0.129989240817536
2.8553472627207	-0.753005497686176	0.161035576681898	0.0156236057892801	-7.48038982944022	4.58290310642902	0.319995067125658
2.8653472627207	-0.824199323060153	0.201877066251058	0.0197334428031477	-6.78882796780116	3.62153340207368	0.500309263401436
2.8753472627207	-0.88929283323724	0.234075819302667	0.025599584380202	-6.2542665111737	2.84740184306307	0.671416996246306
2.8853472627207	-0.949691502892274	0.259315063307848	0.0331342393863576	-5.84477215214169	2.22375460819867	0.834143148141574
2.8953472627207	-1.00651510305574	0.278948359198546	0.0422567548073525	-5.5352909726146	1.72162439944059	0.989081888859498
2.9053472627207	-1.06066074929184	0.294071581335114	0.0528914553527148	-5.30606284487441	1.31812720942483	1.13664291877917
2.9153472627207	-1.1128480215348	0.305575015448076	0.0649660418199932	-5.14111500197763	0.994773241670025	1.27709891853167
2.9253472627207	-1.163652035931	0.314181864201914	0.0784103718820115	-5.02737831848584	0.736464561831587	1.41061362259434
2.9353472627207	-1.21352930999394	0.320478524603922	0.0931554785363801	-4.95410506661811	0.530825361618176	1.53726197682263
2.9453472627207	-1.26283875877276	0.324939229876893	0.10913276833434	-4.91245385367349	0.367718341710881	1.65704667796241
2.95476259788089	-1.30899693899575	0.327804870441666	0.125240440036098	-4.89561730885397	0.245580984285108	1.76350640199815
2.96476259788089	-1.33055600996275	0.298541751074244	0.14329095125861	0.190394699073428	-5.63883621479764	1.82688938587119
2.97476259788089	-1.32503118966018	0.238097499408911	0.160803587759047	0.397708341863152	-5.84880929405503	1.65090290999587
2.98476259788089	-1.32599363422377	0.185518042708679	0.17615590255153	-0.60097615475651	-4.65413333233752	1.41946368717306
2.99476259788089	-1.33650335238704	0.1443862721979	0.189222943680837	-1.46269067530373	-3.61631247167733	1.19577161008684
3.00476259788089	-1.35453513413883	0.112372937179706	0.200102609164223	-2.11096161918682	-2.82385514264951	0.981479572381468
3.01476259788089	-1.37819814570219	0.0873111861842846	0.208871618716914	-2.5967279410238	-2.21682565339298	0.773160678883054
3.02476259788089	-1.40607774646589	0.0675944337589486	0.215577281987557	-2.96025711166088	-1.74782181273661	0.568493814534968
3.03476259788089	-1.43710261471004	0.0520202266593968	0.220248446354779	-3.23017263164665	-1.38315591235496	0.366066171717009
3.04476259788089	-1.47044701353198	0.0396749233723734	0.222902959688389	-3.42736073061308	-1.0982921449568	0.165054334446973
3.05476259788089	-1.50546634221218	0.0298573508638829	0.223552516975495	-3.56758684910885	-0.874773952007126	-0.0349789533958283
3.06476259788089	-1.54165367604615	0.0220271567887117	0.222205881725961	-3.6628406801293	-0.698634043432297	-0.234199769622418
3.07476259788089	-1.57860778610283	0.0157667437490727	0.218871152025486	-3.72240933003212	-0.559125693084074	-0.432586045395429
3.08476259788089	-1.61600963420509	0.0107532382776408	0.213557358596213	-3.75354552410198	-0.447930387947851	-0.62998111004118
3.09476259788089	-1.65360455401416	0.00673720468228406	0.206275610575514	-3.76194673790233	-0.358589234052133	-0.826131648045034
3.10476259788089	-1.6911885616069	0.00352626095872187	0.197039915021274	-3.75210921540242	-0.286082524775606	-1.02071568794183
3.11476259788089	-1.72859774491746	0.000972353273415563	0.185867751549293	-3.72759486138319	-0.226512349218368	-1.21336404349858
3.12476259788089	-1.76569997430899	-0.00103820321067908	0.172780450157265	-3.69125232512687	-0.176834142954308	-1.40369128373662
3.13476259788089	-1.80237461966798	-0.0026243883300439	0.157843106925833	-3.64205775276745	-0.143977937280554	-1.57767682678839
3.14310717551748	-1.83259571459405	-0.00373862817121247	0.144172049948119	-3.60204123710667	-0.123366664225156	-1.69469478553788
3.15310717551748	-1.8394675799822	-0.0384038302607015	0.12740185385894	0.925325998303165	-5.29306420595863	-1.7076287035643
3.16310717551748	-1.83254479648976	-0.088117515450642	0.109361060015459	0.31134572022238	-4.47783677624472	-1.90428104816993
3.17105047726587	-1.83259571459405	-0.120434680545905	0.0936149836889884	-0.305964859943088	-3.68039691175145	-2.05884754535334
3.18105047726587	-1.83580866566313	-0.156562624967898	0.0722117668134617	-0.535112586696936	-3.31447853663648	-2.22749617747243
3.19105047726587	-1.84389617834602	-0.186029832601354	0.0490671285240574	-1.06570242024524	-2.59836763472486	-2.39977558645752
3.20105047726587	-1.85671408516693	-0.209004226698665	0.0242510675246527	-1.47822968090412	-2.0192807729385	-2.56175561849901
3.21105047726587	-1.87310670290474	-0.226825207233416	-0.00213609101003644	-1.78460352243452	-1.56305090961394	-2.71416430353703
3.22105047726587	-1.89212612098136	-0.240588625398691	-0.0300032978955718	-2.00690128250013	-1.20391617709095	-2.85789252614195
3.23105047726587	-1.91302344123806	-0.25115883465728	-0.0592670403034169	-2.1628853413983	-0.921306923245391	-2.99351468971145
3.24105047726587	-1.93520455946497	-0.259224257942777	-0.0898416887183809	-2.26397498006096	-0.704078332114305	-3.11645061121079
3.25105047726587	-1.95815642292103	-0.265474537178498	-0.121410824807496	-2.32231000757363	-0.554075913842021	-3.18788020803684
3.26105047726587	-1.98159233692347	-0.27043810911999	-0.15341666376446	-2.36269628994715	-0.444252880364559	-3.20452671118416
3.27105047726587	-2.00537183038976	-0.274463031807212	-0.185333708395152	-2.39172962505473	-0.365217217698015	-3.17090702277884
3.28105047726587	-2.02940066168095	-0.277825061451332	-0.21668359189292	-2.4130242431221	-0.310793277191152	-3.09194518823817
3.29105047726587	-2.05361523806213	-0.280743656267661	-0.247038976318066	-2.4292140997272	-0.275772077294341	-2.97290244251833
3.30105047726587	-2.07797504325388	-0.283389425258303	-0.276026259187919	-2.44232812575468	-0.255549436773812	-2.81924267265158
3.31105047726587	-2.10245907983674	-0.285886762894373	-0.303329185388923	-2.45520177591597	-0.243850513238888	-2.63832944620094
3.32105047726587	-2.12709468186516	-0.288244453078443	-0.328780777117457	-2.47150672572516	-0.227679311782146	-2.45205933651909
3.33105047726587	-2.15186586616159	-0.290457576693616	-0.352371519565489	-2.48147572103974	-0.215893225358917	-2.26618957177711
3.34105047726587	-2.17669949747546	-0.292580575222906	-0.374107482333849	-2.48408263036804	-0.209530468729123	-2.08119469320711
3.35105047726587	-2.20152721268921	-0.294660933735277	-0.394000227686877	-2.4804972485199	-0.207110393503608	-1.89763474711564
3.36105047726587	-2.22629287223019	-0.296730915978472	-0.412066637956939	-2.4718515240395	-0.207235468637434	-1.7160043268015
3.37105047726587	-2.25095064047786	-0.298810178094017	-0.428328161694414	-2.45906082435727	-0.208796983199221	-1.53672125659194
3.38105047726587	-2.27546276795654	-0.300908704373284	-0.442810047686683	-2.44283251370299	-0.210962408227415	-1.36012841804006
3.39105047726587	-2.2997977089606	-0.303029324597977	-0.45554061966456	-2.42370703583777	-0.213124659275633	-1.18649884960496
3.40105047726587	-2.32392864929767	-0.305169723979905	-0.46655060627372	-2.4020962696155	-0.214854381462545	-1.01604147028343
3.41105047726587	-2.34783238275864	-0.307324016134525	-0.475872528782888	-2.37831474362905	-0.215860489757875	-0.84890684828901
3.42105047726587	-2.37148846601425	-0.309483960755295	-0.483540145897782	-2.35260428571002	-0.215958372477239	-0.68519283284542
3.43105047726587	-2.394878592063	-0.311639896221631	-0.489587953819972	-2.32515328030033	-0.215044454821354	-0.524949959989774
3.44105047726587	-2.41798613376076	-0.313781444643642	-0.49405073899684	-2.29611159325104	-0.213075936415307	-0.368186577976841
3.45105047726587	-2.44079581860105	-0.315898036031122	-0.496963180577768	-2.26560203104759	-0.210054727384748	-0.21487365916149
3.46105047726587	-2.46329350370787	-0.317979289479934	-0.498359499344863	-2.23372903149878	-0.206014793509366	-0.0649492814554429
3.47105047726587	-2.48546602625971	-0.32001528215323	-0.498273149784474	-2.20058514558505	-0.201012270867268	0.0816772246361276
3.48105047726587	-2.50730110959208	-0.321996731058434	-0.496736551978806	-2.16625576076769	-0.195117829519515	0.225121457214156
3.49105047726587	-2.52878730927518	-0.323915107910157	-0.493780860099727	-2.13082242872613	-0.188410860889529	0.365520438412075
3.50105047726587	-2.54991398672932	-0.325762703512845	-0.489435764457551	-2.09436509028841	-0.180975140105456	0.503029404223974
3.51105047726587	-2.57067130057333	-0.327532654932155	-0.483729324277806	-2.05696343344361	-0.172895676913203	0.6378188647705
3.52105047726587	-2.59105020802071	-0.329218946124669	-0.476687828633493	-2.01869757389981	-0.164256519969573	0.770071908265147
3.53105047726587	-2.61104504142639	-0.330812248129241	-0.468338779014571	-1.98116220602753	-0.152695658643483	0.898147455042027
3.53456774250395	-2.6179938779915	-0.331335139232892	-0.465107095157988	-1.96969053106261	-0.144924452665559	0.93901811418215
3.54456774250395	-2.65189955567898	-0.315900002017092	-0.456265691248101	-4.83343336946481	3.2591026286621	0.830138773857676
3.55456774250395	-2.71155934807336	-0.26974510180835	-0.448175922292196	-6.47713357314596	5.24690835171413	0.840219785616961
3.56456774250395	-2.77404960500157	-0.219602875513705	-0.438885770495746	-5.88671369126639	4.62405744179494	1.02627176996184
3.57456774250395	-2.82857435695606	-0.178116713200475	-0.427636246459668	-5.02964808014562	3.68604244655025	1.22099213256647
3.58456774250395	-2.87511939320583	-0.145331383910511	-0.41452989197326	-4.30655379931215	2.90258319922617	1.39717218959075
3.59456774250395	-2.91521307604886	-0.119474830192083	-0.399747107739504	-3.73465663483314	2.29488936494345	1.55709071560453
3.60456774250395	-2.95019984033708	-0.0989824176983474	-0.383426444496903	-3.27979363129567	1.82352091719984	1.70541780199664
3.61456774250395	-2.98109925499024	-0.0826659875303223	-0.365665734684297	-2.91312912032587	1.45496791273204	1.8455668535653
3.62456774250395	-3.00868396549423	-0.0696248246625787	-0.346534345690689	-2.61387884757192	1.16499433568761	1.97987988129774
3.63456774250395	-3.03354824489906	-0.0591664740993542	-0.326081936165663	-2.36682836086783	0.935813730791966	2.11000442149038
3.64456774250395	-3.05615436581539	-0.050752939740012	-0.304344125862439	-2.16056623886859	0.754061075341899	2.23713084007357
3.65456774250395	-3.07686467015657	-0.0439633339652746	-0.281346288918673	-1.98636827337604	0.609507133201805	2.36213677643614
3.66456774250395	-3.0959645604603	-0.0384670021662224	-0.257106194730317	-1.83746916764104	0.494216923818804	2.48567765315731
3.67456774250395	-3.11367852124419	-0.0340049261810268	-0.231635359193916	-1.70822554971494	0.401317196051019	2.60890762049617
3.68456774250395	-3.13021307289093	-0.0303142999161362	-0.205004361389494	-1.60082159861846	0.342349547973868	2.70953376764186
3.69456774250395	-3.14568027835014	-0.0271153987407003	-0.177593668260947	-1.4911186069318	0.298587153941424	2.76539135281467
3.70456774250395	-3.16000319675066	-0.0243234958298304	-0.14983680046117	-1.37162852595606	0.260405562817278	2.77918878320833
3.71456774250395	-3.1730825779578	-0.0218892993305076	-0.122141360221658	-1.24235992722427	0.226802638008031	2.75358672069183
3.72456774250395	-3.18482202633371	-0.01977118176188	-0.0948863922774776	-1.10392934700605	0.197314818319395	2.69162305878793
3.73456774250395	-3.19513271211449	-0.0179312573195703	-0.0684189095852729	-0.956889481320619	0.171261448888207	2.59666738136786
3.74456774250395	-3.20393366518175	-0.0163363200417897	-0.0430509907757667	-0.802183207779432	0.148303470764523	2.47232685667726
3.75456774250395	-3.21115371232222	-0.0149565540638816	-0.019057729684181	-0.640846322256265	0.128142995451548	2.32234461345402
3.76456774250395	-3.21672514895964	-0.0137809524020744	0.00334269212392009	-0.472393782602005	0.105945617430636	2.15734932823125
3.77456774250395	-3.22060523983528	-0.0128329884145566	0.0240888467421257	-0.304230425652754	0.0843613940855234	1.99187404450262
3.78456774250395	-3.22282187579125	-0.0120794387296067	0.043180008504956	-0.139626134238102	0.0669741341019018	1.82635144303669
3.79456774250395	-3.22340783559306	-0.0114815800456272	0.0606157095680432	0.0220312386110565	0.053077410896593	1.66078118189783
3.80456774250395	-3.22238929003181	-0.0110082992061041	0.0763954075547777	0.181372396601393	0.0419470137625276	1.49514658975916
3.81456774250395	-3.21978673075884	-0.0106349815188987	0.0905183031782984	0.33889363269431	0.0330175033400697	1.32941327468412
3.82456774250395	-3.215616224918	-0.0103420342325424	0.102983185245707	0.495007358839875	0.0258219972888186	1.16353471339982
3.83456774250395	-3.20989024926794	-0.0101139131833488	0.113788327182316	0.650024949956568	0.0200107928063888	0.997455133850791
3.84456774250395	-3.20261849719853	-0.00993819426755067	0.122931418853688	0.804187389733814	0.0153143881322849	0.831113988115128
3.85456774250395	-3.19380854506516	-0.00980482160200487	0.130409536593426	0.957692393000776	0.0115106267205888	0.664450227870785
3.86456774250395	-3.18346629489439	-0.00970562874212522	0.136219153938745	1.11068132291677	0.00843866332730563	0.497405038857924
3.87456774250395	-3.17159638128011	-0.00963391416738436	0.140356185831754	1.26324052907517	0.00599615592152523	0.329925085075948
3.88456774250395	-3.15820265786957	-0.00958393659194386	0.142816061849308	1.41544921669086	0.00408228851199257	0.161967516140929
3.89456774250395	-3.14328840782386	-0.00955074408679116	0.143593841987252	1.56735066407443	0.0026300343164945	-0.00649787660796855
3.90456774250395	-3.12685662148956	-0.00952993742290031	0.142684362446345	1.7189573717035	0.00159891605050283	-0.175485205931372
3.91456774250395	-3.10891026608113	-0.00951745514452991	0.14008241444632	1.87026199329816	0.000961033038271232	-0.344988781795889
3.92315984233788	-3.09228324164689	-0.00951044366572134	0.136491130613657	2	0.000717624910354867	-0.491019151342908
3.93315984233788	-3.07152954912371	-0.00950344495646093	0.130729587695561	2.15085125881331	0.000440766457132529	-0.6611158379016
3.94315984233788	-3.04925748160915	-0.00953270299284335	0.123318747771608	2.30272304444253	-0.00682762375069285	-0.817452674425264
3.95315984233788	-3.02550341679384	-0.00963781673071139	0.114453317867996	2.44650276063938	-0.0139107893578454	-0.951950105658618
3.96315984233788	-3.0003597161119	-0.00980493663935818	0.104354066554834	2.58061833006905	-0.0192216441088981	-1.06416123163573
3.97315984233788	-2.97392341684309	-0.0100165688191499	0.0932450110960602	2.70502705603725	-0.0228279370370475	-1.15390733976775
3.98315984233788	-2.9462910737497	-0.0102563512914363	0.081350410205488	2.81986378004157	-0.0248844918399996	-1.2213163362776
3.99315984233788	-2.91755740777087	-0.0105094691611064	0.0688917635210778	2.92533356890351	-0.0255159258294691	-1.26681033828169
4.00315984233788	-2.88781453299612	-0.0107624777953549	0.0560849667055787	3.02176613465245	-0.0248889292074897	-1.29108378743437
4.01315984233788	-2.85715093713876	-0.0110035090802873	0.0431376935404887	3.10954814323736	-0.0231434843867768	-1.29508293929502
4.02315984233788	-2.82565085631707	-0.0112221231370013	0.0302470064663036	3.18914776454335	-0.020432423073333	-1.27997907634036
4.03315984233788	-2.79339357117108	-0.0114093654233664	0.0175972419012336	3.26107242105143	-0.0168839104155976	-1.24714186280876
4.04315984233788	-2.76045303856569	-0.0115575520194071	0.00535817365083389	3.32590239995354	-0.0126526882092902	-1.19810815776324
4.05315984233788	-2.72689729240196	-0.0116604461915208	-0.00631650873627531	3.3842119845639	-0.00784051808026831	-1.13455389673369
4.06315984233788	-2.69278837601187	-0.0117129379609158	-0.0172904293784591	3.43663922701479	-0.00258957194088488	-1.0582600528833
4.07315984233788	-2.65818196273142	-0.0117112071249975	-0.0274454287959469	3.48382147090909	0.00298082196422708	-0.971083741561838
4.08315984233788	-2.62312727546371	-0.0116526535756161	-0.0366821687216105	3.5264046020647	0.00875212721445948	-0.87492733598817
4.09315984233788	-2.58766703590314	-0.0115359026967957	-0.0449204380532549	3.56503505908393	0.0146052916366801	-0.771709413941705
4.10315984233788	-2.55183754529601	-0.0113607599932638	-0.0520991776208585	3.60036817280409	0.0204011861542556	-0.663336649576264
4.11315984233788	-2.51566866294453	-0.0111283792119513	-0.0581762323184507	3.63301295439054	0.0260358430199195	-0.551679889422071
4.12315984233788	-2.47918420182528	-0.0108410313379019	-0.0631278685550961	3.66358638102641	0.0313690142964097	-0.43854817378259
4.13315984233788	-2.44240202101546	-0.0105023047505845	-0.0669480519207771	3.69263418427884	0.0363089652779737	-0.325669846761439
4.14315984233788	-2.40533470523358	-0.0101166926130492	-0.0696475383456805	3.72071662634953	0.0407059371261337	-0.214669736423718
4.15315984233788	-2.36798961520382	-0.00968997495418975	-0.071252758735985	3.74825285541532	0.0445274655878878	-0.107057574069496
4.16315984233788	-2.33036994621417	-0.00922848331272696	-0.0718045759732992	3.77567405903393	0.047674885159898	-0.00420720206451768
4.17315984233788	-2.29247515745631	-0.00873914516021283	-0.0713568813002374	3.80334170556594	0.0500741095206514	0.0926531406528119
4.18315984233788	-2.25430154410245	-0.00822940234292334	-0.0699750804767553	3.83149424405808	0.0517340525774146	0.182449224384443
4.19315984233788	-2.21584321099564	-0.00770669483641052	-0.0677345015041998	3.86031484761858	0.0526649333542983	0.264271314422857
4.20315984233788	-2.17709280612437	-0.0071782477120528	-0.0647187268958369	3.88991289628005	0.0528979041487626	0.33737895892401
4.21315984233788	-2.13804228438456	-0.0066508373019958	-0.0610178853959463	3.92031691048191	0.0524922952412869	0.401203664368465
4.22315984233788	-2.09868369390505	-0.00613053634006632	-0.0567269269239105	3.95148342111765	0.0515253172428926	0.455349582236604
4.23315984233788	-2.0590099305719	-0.00562248993029929	-0.051943907295227	3.98331045433853	0.0500774539623486	0.499591775529605
4.24315984233788	-2.01901538793843	-0.00513079756556977	-0.0467683026395165	4.01563676755427	0.048235538074366	0.533871395116316
4.25315984233788	-1.9786963815491	-0.00465863021425086	-0.0412993765524179	4.04819093108627	0.0461553115537219	0.558286524536846
4.26315984233788	-1.93805192456894	-0.0042078998996267	-0.0356346458446814	4.08068700563949	0.043954369073271	0.573086082023324
4.27315984233788	-1.89708406940578	-0.00377938669694031	-0.0298684362057341	4.11280542122965	0.0417397516026971	0.578657316500557
4.28315984233788	-1.85579824661004	-0.0033728107837499	-0.0240905662500916	4.14420437080773	0.0396008993314878	0.575512514237126
4.29315984233788	-1.81420348252859	-0.00298697971707829	-0.0183851722695703	4.17452145946308	0.0376147032207381	0.564273718660022
4.30315984233788	-1.7723125334599	-0.0026199600420415	-0.0128296902234606	4.20337697017802	0.0358492649151823	0.545656220546906
4.31315984233788	-1.73014196279568	-0.0022692374315147	-0.00749400693367956	4.23038559682643	0.0343582088880208	0.520451433848254
4.32315984233788	-1.68771214200404	-0.00193188451894482	-0.00243978708126675	4.25516771596055	0.0331757499066381	0.489509209309212
4.33315984233788	-1.64504717644874	-0.00160473405515839	0.0022800204242086	4.27735777673712	0.0323151385297345	0.453719883376255
4.34315984233788	-1.60217475503573	-0.00128455933740008	0.00662149718359312	4.29660661781576	0.0317740121045993	0.413996315567342
4.35315984233788	-1.55912595658742	-0.000968226064204266	0.0105498936035171	4.31258601947591	0.0315367971672108	0.371256585561218
4.36315984233788	-1.51593501445052	-0.000652818218750541	0.0140395983290276	4.32499332565115	0.0315765254020866	0.326407593841268
4.37315984233788	-1.47263904288161	-0.000335739596494615	0.0170739491323329	4.33355487107613	0.0318573970256295	0.280329810619587
4.38315984233788	-1.429277706057	-1.48203435393379e-05	0.0196448992488423	4.33801949825824	0.0323481229267032	0.233863103179349
4.39315984233788	-1.38589297647953	0.000311734558710493	0.0217525487557205	4.33818943122918	0.0329909366735566	0.187795572712338
4.40315984233788	-1.34252871391521	0.000645232657834481	0.0234045689769308	4.33389613994868	0.0337337357346	0.142852177732979
4.41315984233788	-1.29923030530792	0.000986488274560879	0.0246155289631355	4.32500024226948	0.0345333066859158	0.099686127620075
4.42315984233788	-1.2560443316105	0.00133587449832389	0.0254061446010584	4.31140226457906	0.0353449621483657	0.0588726322118341
4.43315984233788	-1.21301819078996	0.00169334111043086	0.0258024726991852	4.29303884978046	0.0361281879990537	0.0209040761411357
4.44315984233788	-1.17019973640846	0.00205845841184222	0.0258350674028471	4.2698827772566	0.0368469563966566	-0.0138127424222471
4.45315984233788	-1.12763688304697	0.00243042154889255	0.025538119515641	4.24192893447959	0.0374855505168537	-0.0449580459321953
4.46315984233788	-1.08537730928415	0.00280815952578253	0.024948591536078	4.20920875056222	0.0380304786073783	-0.0722977272306769
4.47315984233788	-1.04346822486609	0.00319050224911982	0.0241053673193211	4.17182046928966	0.0384332517089876	-0.0956798256345855
4.48315984233788	-1.00195590028979	0.00357604837235883	0.0230484411322419	4.12987281571521	0.0386733784409835	-0.11503277960954
4.49315984233788	-0.96088541810945	0.00396326276538493	0.0218181430632683	4.08349519558341	0.0387433877090057	-0.130359987354043
4.50315984233788	-0.920300393750568	0.00435050508195605	0.0204544219605103	4.03282875795061	0.0386557134769431	-0.141734043697397
4.51315984233788	-0.880242770998793	0.00473610843803762	0.018996190717048	3.97803301187615	0.0384311523125244	-0.149289580581114
4.52315984233788	-0.840752739825017	0.00511856088382267	0.0174807395184617	3.9193235271158	0.0380509113417808	-0.153214351493868
4.53315984233788	-0.801868438117257	0.00549639409577827	0.0159432341924675	3.85692653051133	0.0375052704805522	-0.153742968919323
4.54315984233788	-0.76362576379974	0.00586815829574849	0.0144162911552505	3.79105998282059	0.0368113717318752	-0.151149452637966
4.55315984233788	-0.726058265534298	0.00623244628385239	0.0129296314121132	3.72193053295605	0.036012561833265	-0.145739170183244
4.56315984233788	-0.689197229410194	0.00658810407252463	0.0115098084950423	3.64978619337488	0.0351129749161907	-0.137838868799506
4.57315984233788	-0.653071570908727	0.00693417475119199	0.0101800223719155	3.57489351297518	0.0341001810331726	-0.127789774551413
4.58315984233788	-0.617707689537141	0.00726976072850602	0.00896001013375857	3.4974926256519	0.0329938119351205	-0.115941914273013
4.59315984233788	-0.583129487782915	0.00759404148059958	0.0078660015632649	3.4177988233326	0.0318402958113015	-0.102647250810624
4.60315984233788	-0.549358568340069	0.0079064659731203	0.00691073324719245	3.33605618949156	0.0306472889783854	-0.0882515080487949
4.61315984233788	-0.516414235634209	0.00820668760371882	0.00610352855643017	3.25251793225071	0.0294037656900171	-0.0730893523335446
4.62315984233788	-0.484313445284981	0.00849441215084757	0.00545043157051459	3.16740255208746	0.0281285816527603	-0.0574811606094765
4.63315984233788	-0.453070917979225	0.00876941427982625	0.00495437971788651	3.08089986629742	0.026861351561599	-0.0417286841390613
4.64315984233788	-0.422699391764157	0.00903169585659236	0.00461540880952134	2.99321906057547	0.0256047546959514	-0.0261098962386558
4.65315984233788	-0.39320967853334	0.00928140050242354	0.00443089554704945	2.90456672367056	0.0243486955700816	-0.0108771259412453
4.66315984233788	-0.364610700768261	0.00951869268686472	0.0043958241739512	2.81511505732511	0.0231062371731029	0.00374375825899866
4.67315984233788	-0.336909649312542	0.00974376867906206	0.00450306503071442	2.72500875207559	0.0219048433286267	0.0175549273509384
4.68315984233788	-0.310112228077746	0.00995696266946599	0.00474366007236291	2.6343997824961	0.0207454194990548	0.0303885848928193
4.69315984233788	-0.284222762351898	0.0101586909777093	0.00510711772783517	2.54343530262071	0.0196162274390458	0.0421066785390614
4.70315984233788	-0.259244272060031	0.010349354892486	0.00558170822545152	2.45223347000344	0.0185211044342733	0.0525996632261918
4.71315984233788	-0.235178629930173	0.0105293443567831	0.00615474982404459	2.36088846239048	0.0174739245011209	0.0617858890619655
4.72315984233788	-0.212026750112209	0.0106990811150661	0.00681288398224775	2.26948677356804	0.0164801272705241	0.0696110163690669
4.73315984233788	-0.189788752315842	0.0108590392385483	0.00754233787833076	2.17811666800752	0.0155263810180023	0.0760468526992987
4.74315984233788	-0.168464025134078	0.0110096556427493	0.00832917432955748	2.0868452790123	0.0146080559945129	0.0810887317360914
4.75315984233788	-0.148051357500415	0.0111513287076821	0.00915952018246908	1.99572093792213	0.0137274424763895	0.0847536060008391
4.76315984233788	-0.128549066597016	0.0112844225627867	0.0100197740227729	1.90477674494862	0.0128906145964823	0.0870780264124532
4.77315984233788	-0.109955146816059	0.0114093064246452	0.0108967910220585	1.81404392396865	0.0120929721403802	0.08811637198883
4.78315984233788	-0.0922673606304687	0.0115263374444443	0.0117780469706683	1.72354832669058	0.0113244438112005	0.0879383980172354
4.79315984233788	-0.0754833051750456	0.0116358267162016	0.0126517799123977	1.63330162595963	0.0105808990045835	0.0866265663648894
4.80315984233788	-0.0596005027525807	0.0117380448284513	0.0135071074055691	1.54330365549089	0.00986259056397827	0.0842738025709023
4.81315984233788	-0.0446164815507609	0.0118332276543793	0.0143341210769655	1.45354449725156	0.00917288232190191	0.0809812933531546
4.82315984233788	-0.030528869986661	0.0119216094659431	0.0151239582540738	1.36401425174531	0.00850800994345312	0.0768566446205039
4.83315984233788	-0.0173354467752515	0.0120034156867848	0.0158688537291442	1.27470083854168	0.00786074110811031	0.0720117023030899
4.84315984233788	-0.00503417023812669	0.0120788422464612	0.0165621719128529	1.18558372426886	0.00722873246933644	0.0665603447655146
4.85315984233788	0.00637677870439022	0.0121480611818558	0.0171984193667895	1.09663518837198	0.00661405836678707	0.0606166921849563
4.86315984233788	0.0168989574587895	0.01221123140648	0.0177732398622119	1.00782304314134	0.00602098738278068	0.0542935209261603
4.87315984233788	0.0265336083158499	0.0122685353076211	0.0182833928624287	0.919120878361138	0.00544493544887416	0.0477011152214015
4.88315984233788	0.0352816666708183	0.0123201520249879	0.0187267198509995	0.830499909969299	0.00488276775450126	0.0409456080104393
4.89315984233788	0.0431437609950437	0.0123662481271741	0.0191020975756605	0.741925978421479	0.00433703720306063	0.0341276802937647
4.90315984233788	0.0501202020891818	0.0124069878558612	0.0194093798754096	0.653362367220246	0.00381337785569861	0.0273416450945216
4.91315984233788	0.0562109537545292	0.0124425713831707	0.019649329498825	0.564780927855025	0.00330816002395542	0.0206750048348222
4.92315984233788	0.0614156705803592	0.0124732006886383	0.0198235446330867	0.476152279671222	0.00282043830123349	0.0142074023886413
4.93315984233788	0.0657337207533425	0.012499067945112	0.0199343787893589	0.387442733134918	0.00235600764113529	0.00800997820566929
4.94315984233788	0.0691641688154263	0.0125203949185851	0.0199848547827943	0.298626249939105	0.0019138923458656	0.00214543229512113
4.95315984233788	0.0717058128634807	0.0125374128522844	0.0199785775657911	0.209679231906266	0.00149276674022078	-0.00333240273665475
4.96315984233788	0.0733572248544659	0.0125503420174016	0.0199196454738281	0.120575364103873	0.00109725817553989	-0.00837885263300617
4.97315984233788	0.0741167424653884	0.0125594303383956	0.0198125594566153	0.0312978157551824	0.000723992957610716	-0.0129579303393847
4.98315984233788	0.0739825348581561	0.0125649083328197	0.0196621356143982	-0.0581728248276964	0.000375845816741826	-0.0170426439853013
4.99315984233788	0.0729526043234639	0.0125670204437275	0.0194734174629031	-0.147848255368409	5.0118323371348e-05	-0.0206143809282002
5.00315984233788	0.0710248440778619	0.0125659925241204	0.0192515929136179	-0.237740697486898	-0.000251744109308371	-0.0236628819364634
5.01315984233788	0.0681970506844091	0.012562053188193	0.0190019134445589	-0.327855387984182	-0.000532797633694055	-0.0261855576860492
5.02315984233788	0.0644669783382297	0.0125554073056049	0.0187296190891129	-0.418196996639183	-0.000793059698596499	-0.0281872484120682
5.03315984233788	0.0598323591260182	0.0125462496370629	0.0184398673505024	-0.508764348396781	-0.0010356058046575	-0.0296794973768764
5.04315984233788	0.0542909497767084	0.0125347480450753	0.0181376685679811	-0.599554044017886	-0.00126232487518916	-0.0306801047105668
5.05315984233788	0.0478405621715044	0.0125210458229071	0.0178278267175674	-0.690558560129872	-0.00147611436580308	-0.0312124430318281
5.06315984233788	0.0404791007990864	0.012505256057506	0.0175148867270245	-0.78176674936244	-0.00168029068411273	-0.0313048354442329
5.07315984233788	0.0322045980071084	0.012487458609022	0.0172030882096127	-0.87316367061073	-0.00187878476827256	-0.0309898926375418
5.08315984233788	0.0230152546456997	0.0124676908106541	0.0168963259988851	-0.964732365870998	-0.00207407385406534	-0.0303039139669377
5.09315984233788	0.012909459897236	0.0124459624024079	0.0165981165862339	-1.05644870384408	-0.00227318334556745	-0.0292860350056555
5.10315984233788	0.00188585530598681	0.012422219039441	0.0163115727380369	-1.14829134918922	-0.00247607707763057	-0.027977937999852
5.11315984233788	-0.0100566737488667	0.0123963903213717	0.0160393819828454	-1.24022726577029	-0.00269252339660659	-0.0264226800425981
5.12315984233788	-0.0229189136590313	0.0123683298061954	0.0157837947615015	-1.33222884263953	-0.00292214066323782	-0.0246647021495463
5.13315984233788	-0.0367013367431792	0.012337869944255	0.0155466150583672	-1.42425772364229	-0.00317319549887772	-0.0227486433493119
5.14315984233788	-0.0514040344402053	0.0123047830984118	0.0153291997616654	-1.51627615663025	-0.00344935460648895	-0.0207191952781114
5.15315984233788	-0.067026692373711	0.0122687916904396	0.0151324619416886	-1.60824421734241	-0.00375287051939335	-0.0186204734567046
5.16315984233788	-0.0835685807211332	0.012229596704683	0.0149568786382244	-1.70011186615428	-0.0040937726104369	-0.0164952368817093
5.17315984233788	-0.101028465609661	0.0121868148352154	0.0148025062575606	-1.79183777125158	-0.00446788860674344	-0.0143851306494281
5.18315984233788	-0.119404655823291	0.0121400738780308	0.0146689952326538	-1.88336225178033	-0.00488826910300777	-0.0123292869838303
5.19315984233788	-0.138694883328709	0.0120889154211528	0.0145556146785483	-1.97463645956386	-0.00535113472144196	-0.0103650345325682
5.20315984233788	-0.158896338748891	0.0120328787522376	0.0144612747019476	-2.06559899888168	-0.00586300881765146	-0.0085267226484721
5.21315984233788	-0.180005609130459	0.0119714719102976	0.0143845552822605	-2.15618552643526	-0.00642945335898035	-0.00684580127062825
5.22315984233788	-0.202018613865636	0.0119041414363403	0.0143237377252153	-2.24633886627181	-0.00704320548314894	-0.00535096462248341
5.23315984233788	-0.224930660035791	0.0118303820616973	0.0142768337386096	-2.33597856824978	-0.00771953198198584	-0.00406684947515964
5.24315984233788	-0.248736282674713	0.0117495967809147	0.0142416241125379	-2.42504314269165	-0.00844698315772472	-0.00301544576081438
5.25315984233788	-0.273429322744624	0.0116612344117323	0.0142156897729834	-2.51345174140531	-0.00923193555629961	-0.00221459061187129
5.26315984233788	-0.299002845408692	0.0115647418436325	0.0141964495423135	-2.60111977617166	-0.0100803568442308	-0.00167848377027093
5.27315984233788	-0.325449045153753	0.011459501374692	0.014181198769407	-2.68797891843322	-0.0109744888272523	-0.00141840298751796
5.28315984233788	-0.35275935751947	0.0113450088488911	0.0141671403187456	-2.7739272144783	-0.0119309118825161	-0.0014408888204088
5.29315984233788	-0.380924276766788	0.0112207093924279	0.0141514260969882	-2.85887865092874	-0.0129428589022218	-0.00174961772244886
5.30315984233788	-0.409933355235058	0.0110860443354429	0.0141311911621127	-2.9427513936809	-0.0139939562919716	-0.0023450550113938
5.31315984233788	-0.439775280757137	0.0109405883746584	0.0141035839513079	-3.02542984057624	-0.015102487317125	-0.00322317577440778
5.32315984233788	-0.470437677381255	0.010783863524772	0.014065805440048	-3.10682040940751	-0.0162565704886837	-0.00437765805593143
5.33315984233788	-0.501907127709721	0.0106154095961082	0.0140151385402063	-3.18683282612138	-0.0174361139205061	-0.00579936455313881
5.33991006432389	-0.523598775598454	0.0104949305452459	0.0139723294503115	-3.23999575445254	-0.0182609822173447	-0.00690340614371536
5.34991006432389	-0.588117868659595	0.0468999469110187	0.0135729532354606	-8.87933956715921	6.38596874389047	-0.0454396164441237
5.35991006432389	-0.676483173908655	0.109455469093639	0.0139410216561264	-8.47563745243371	5.75483350648086	0.130054983277008
5.36991006432389	-0.756727501617433	0.160950538851997	0.0161969463996383	-7.59945576712363	4.57519504105366	0.3196631681481
5.37991006432389	-0.829101209603926	0.201703882972359	0.0203004640553033	-6.90460728613089	3.61032498130451	0.499394451260385
5.38991006432389	-0.895348886021477	0.233788693657006	0.0261533971014599	-6.36788788139059	2.83418718364623	0.669719877143419
5.39991006432389	-0.956883259208067	0.258898519392877	0.0336661115662367	-5.95706553998152	2.20969295426178	0.831475249192534
5.40991006432389	-1.01482982007287	0.278395545457111	0.0427561804468003	-5.64671702338836	1.70745087005385	0.98527080794711
5.41991006432389	-1.07008942679193	0.293382005323667	0.0533462553311791	-5.41684636917147	1.30430464341814	1.13152850167398
5.42991006432389	-1.12338373657903	0.304752617261786	0.0653624610344873	-5.25135168883389	0.981614669358852	1.27052965081792
5.43991006432389	-1.1752887497644	0.313233628058291	0.078733162651726	-5.1370786584768	0.724183535622047	1.4024452430373
5.44991006432389	-1.22626099074677	0.31941345249952	0.0933879758085927	-5.06321491406819	0.519559483090638	1.52735711178024
5.45991006432389	-1.2766587233338	0.323767566805614	0.109256962078942	-5.02086942305796	0.35754637434458	1.6452749397782
5.46636082538728	-1.30899693899603	0.32579004614195	0.120105121054964	-5.0068215173271	0.271700963133572	1.71760909291453
5.47636082538728	-1.33130158012948	0.296366878797367	0.137698280793956	0.120313979251481	-5.65952109411725	1.77995896778413
5.48636082538728	-1.32670535624541	0.235985244280826	0.1547279354732	0.291170008460638	-5.82620740971903	1.60198910037051
5.49636082538728	-1.32876101983435	0.18366807969496	0.169592274915123	-0.710720325081178	-4.627035144278	1.37090551915083
5.50636082538728	-1.34035203611408	0.142792224434056	0.18217691451459	-1.56904223989764	-3.59241478145094	1.14784521217417
5.51636082538728	-1.35942613363303	0.110997084418979	0.192580438741954	-2.2146655822598	-2.80224849898163	0.934103533977357
5.52636082538728	-1.38410197095957	0.0861274114489424	0.200878891287334	-2.69717088304007	-2.19816161201268	0.726359517093077
5.53636082538728	-1.41296535013254	0.0665778155911204	0.207119726931691	-3.05761669596431	-1.73182241464507	0.522292537461974
5.54636082538728	-1.44494699698994	0.0511489432763798	0.211332176530852	-3.32479095283754	-1.36935165869644	0.320510023463161
5.55636082538728	-1.47922338934277	0.0389304219509878	0.213534706253026	-3.51958514807719	-1.08621199907761	0.120210330628596
5.56636082538728	-1.51515237296136	0.0292245570578759	0.213739819192491	-3.65763089316033	-0.864110172051425	-0.0790198173400164
5.57636082538728	-1.55222893099985	0.0214937645046382	0.211957279433995	-3.7508964795414	-0.689112860910457	-0.277329835141519
5.58636082538728	-1.59005358396826	0.0153229344175093	0.208196339056191	-3.80865144004924	-0.550503923893292	-0.474683261497997
5.59636082538728	-1.62830889379106	0.0103914024157556	0.202467315462993	-3.83813026874097	-0.439996802804372	-0.670911019095147
5.60636082538728	-1.66674163598223	0.00645164897342001	0.19478271715229	-3.84501199680901	-0.35116503166826	-0.865749474025896
5.61636082538728	-1.70514910353746	0.00331290698708991	0.185158041681181	-3.83377444356258	-0.279021198965692	-1.05886862339325
5.62636082538728	-1.74336849288138	0.000828434842798522	0.173612326433641	-3.80796127666236	-0.219699051548412	-1.24989378390038
5.63636082538728	-1.78126447225016	-0.00112222980968495	0.160176023974816	-3.76849768785868	-0.174135911650376	-1.43406722358195
5.64636082538728	-1.81871619926857	-0.00270993011549414	0.145043340542319	-3.72251093325112	-0.14428919691474	-1.5865311476612
5.6500973343573	-1.83259571459405	-0.0032297657176393	0.139024327520179	-3.7067228227208	-0.134076627239498	-1.63437155020769
5.6600973343573	-1.84041843182879	-0.0381139716586106	0.122861006761603	0.852562964889689	-5.34100734403517	-1.64592859189847
5.6700973343573	-1.83422571512053	-0.0883052868068366	0.105440910145657	0.234060031341443	-4.52072281688153	-1.84198031132814
5.6800973343573	-1.83587576511992	-0.128371429061153	0.0860456190962458	-0.533938654929764	-3.52768623605587	-2.03470891520194
5.6900973343573	-1.84429384861272	-0.159570274313792	0.0647918948392946	-1.12220825642633	-2.74401471325988	-2.21397909634772
5.7000973343573	-1.85782730629151	-0.18382332977739	0.0418040099472169	-1.56322090634891	-2.13122133074843	-2.38185979133181
5.7100973343573	-1.87517718746804	-0.202635360942394	0.0171874231035889	-1.89010083574845	-1.65041265538902	-2.53992278393194
5.7200973343573	-1.8953321282226	-0.217174281906173	-0.00896518175237792	-2.12776504815466	-1.27248565522914	-2.6892019121033
5.7300973343573	-1.91749908705757	-0.228353688599436	-0.0365697646574758	-2.29528245631421	-0.975292921817785	-2.83042097851648
5.7400973343573	-1.94105225096895	-0.236893710891127	-0.0655479199837604	-2.40669614318096	-0.743247284561396	-2.96253969385981
5.7500973343573	-1.96546295344466	-0.243466363912782	-0.0956672372651606	-2.47073353279594	-0.58003907762362	-3.05190949839357
5.7600973343573	-1.99039602541804	-0.248640200708849	-0.126404646674044	-2.5132127863868	-0.460876817277892	-3.08683423657599
5.7700973343573	-2.01568989863122	-0.252785508505724	-0.157236584624882	-2.54366843799528	-0.373152988422821	-3.07153952362133
5.7800973343573	-2.04124292329619	-0.256186252199311	-0.187683307439524	-2.56553614404466	-0.311072098600345	-3.0105877884969
5.7900973343573	-2.06698352481077	-0.259072376017158	-0.21731278441079	-2.58162688278129	-0.26936842507234	-2.90894453318478
5.8000973343573	-2.09286446324013	-0.261624872226008	-0.245743998151676	-2.59398456399536	-0.243543036855392	-2.77182222080178
5.8100973343573	-2.11885657590552	-0.263982207323474	-0.272648635365845	-2.6040437244393	-0.229794058646982	-2.6044340811107
5.8200973343573	-2.14495744009661	-0.266221169094173	-0.297774434939707	-2.6169639876891	-0.216660970233978	-2.42054519109193
5.8300973343573	-2.17118610108391	-0.268317278947705	-0.321060064532201	-2.62768471291598	-0.203327732900865	-2.2366321279222
5.8400973343573	-2.19748458756979	-0.270308473670824	-0.342508733999333	-2.63086596795083	-0.195726418867964	-2.05324077447068
5.8500973343573	-2.22378105143391	-0.272247261528449	-0.362128513196925	-2.62745370611234	-0.1926260945842	-1.87094535770783
5.8600973343573	-2.25001558101127	-0.274171155752246	-0.379933048953602	-2.61865356253423	-0.192532683434802	-1.69027297443984
5.8700973343573	-2.27613941986198	-0.276103964851158	-0.395940888720088	-2.6054562543944	-0.194239336061414	-1.51167452403112
5.8800973343573	-2.30211262005195	-0.278058882955859	-0.41017470963424	-2.58863464025894	-0.196827412635671	-1.33552539359054
5.8900973343573	-2.32790203579768	-0.280041157981001	-0.422660583051085	-2.56878271076999	-0.199618362198343	-1.16212985066008
5.9000973343573	-2.35347973690754	-0.28205024268481	-0.433427289581679	-2.54635548169068	-0.202124349576253	-0.991726380369264
5.9100973343573	-2.37882178965325	-0.284081488064166	-0.442505688775075	-2.52170199510997	-0.204006799814161	-0.824493196052718
5.9200973343573	-2.40390733295731	-0.286127462409252	-0.449928143788572	-2.49509149234428	-0.205042869128775	-0.660553699888605
5.9300973343573	-2.42871788702494	-0.288178969336588	-0.45572799996602	-2.46673391588542	-0.205098563331761	-0.499981790039831
5.9400973343573	-2.45323684337674	-0.290225824960277	-0.459939115440933	-2.43679585157464	-0.204107263888373	-0.342806949525807
5.9500973343573	-2.47744909541533	-0.292257442981446	-0.462595441350849	-2.40541282637167	-0.202052636101259	-0.189019073805482
5.9600973343573	-2.50134077688473	-0.29426326723892	-0.463730648904982	-2.37269869578435	-0.198955092738828	-0.0385730105594324
5.9700973343573	-2.5248990821608	-0.296233083829387	-0.463377800351763	-2.33875270804128	-0.194861146949725	0.108607201370978
5.9800973343573	-2.54811214757702	-0.29815723890149	-0.461569060819273	-2.30366471562447	-0.189835114997169	0.252624395953698
5.9900973343573	-2.57096897721771	-0.300026783353328	-0.45833544802647	-2.26751891246947	-0.183952729536536	0.393604640150863
6.0000973343573	-2.59345940001212	-0.301833561683996	-0.453706616965603	-2.23039640151045	-0.177296304074791	0.531693876816045
6.0100973343573	-2.61557408103822	-0.303570209615001	-0.447710705794701	-2.19236125982015	-0.169971629708781	0.667061836512176
6.01120212918395	-2.61799387799151	-0.303757482096318	-0.446965569351529	-2.18810327982764	-0.169129993022698	0.681860601943301
6.02120212918395	-2.65543237198919	-0.287001014264271	-0.440707013321071	-5.32495440106663	3.55174238342802	0.570780091864037
6.03120212918395	-2.71713237685632	-0.24128923248541	-0.43491446970255	-6.39580698930141	4.8676704642484	0.636026750185038
6.04120212918395	-2.77803351593858	-0.19586352409538	-0.427609076711191	-5.70806803416666	4.12773152573748	0.828740853221071
6.05120212918395	-2.83107426595972	-0.158999573569997	-0.418360321090345	-4.91879979112029	3.26663329606358	1.01810845081887
6.06120212918395	-2.87690342191	-0.129957581049467	-0.407307295386412	-4.27191786330407	2.57073098959447	1.18973266421775
6.07120212918395	-2.91696069713967	-0.107062690954881	-0.394613410957573	-3.75941938108371	2.03144744908649	1.34700324089094
6.08120212918395	-2.95242951507984	-0.0889342791283395	-0.38040146805732	-3.34953837369032	1.61198790592575	1.49390267575317
6.09120212918395	-2.98420651422256	-0.0745248278716323	-0.36476014655702	-3.01753619432738	1.28354926631246	1.63327399416974
6.10120212918395	-3.01297602872546	-0.0630344331602655	-0.34775419036269	-2.74543323347744	1.02512422306245	1.76711261916948
6.11120212918395	-3.03926717442882	-0.0538448045249712	-0.329431342865797	-2.51990245840155	0.82109647306158	1.89686006082884
6.12120212918395	-3.06349294043227	-0.0464738859180457	-0.309826908031474	-2.33086139849454	0.659623483484244	2.02358624392471
6.13120212918395	-3.08597778386763	-0.0405437065661144	-0.288966857128188	-2.17056233185708	0.531587771556022	2.14810279537953
6.14120212918395	-3.10697772037924	-0.0357568938290007	-0.266870022628748	-2.03298378659231	0.429893590938744	2.27103542973581
6.15120212918395	-3.12669534118414	-0.0318790557377118	-0.24354970339525	-1.91339398362354	0.348961244499266	2.39287201442916
6.16120212918395	-3.14529178777853	-0.0287245684885676	-0.219015193595888	-1.80881831919663	0.285651897522303	2.51302203704626
6.17120212918395	-3.1629287858914	-0.0260554089093809	-0.193403334670177	-1.71831358695002	0.250741948578435	2.60212598247985
6.18120212918395	-3.17962784796688	-0.0236886472203063	-0.167112954798424	-1.61979623988372	0.223375328694432	2.64911642276847
6.19120212918395	-3.19528472955495	-0.0215810094705649	-0.140553519406742	-1.50999728709843	0.198901183057347	2.6563385861826
6.20120212918395	-3.20978864108592	-0.0197061462831956	-0.114109942003417	-1.38914985912001	0.176577015006179	2.62641895434951
6.21120212918395	-3.22303387333381	-0.018042706356485	-0.0881390908078386	-1.25828277758691	0.156436063583317	2.56231949926884
6.22120212918395	-3.234924391607	-0.0165703677607047	-0.0629666506931334	-1.11833608379394	0.13828310052591	2.46730217001934
6.23120212918395	-3.24537437725681	-0.0152703186674118	-0.0388845425089284	-0.970347588266393	0.121940094145844	2.34484794669169
6.24120212918395	-3.25430885631186	-0.0141253453765279	-0.0161490886273808	-0.815425989062074	0.10724424538742	2.1985842430587
6.25120212918395	-3.26166149299638	-0.0131250264312048	0.00502539980383666	-0.653693836576304	0.0917574914118795	2.03495106485214
6.26120212918395	-3.26737468891679	-0.0122984478593392	0.0245478133112887	-0.489364980262604	0.0740382490164996	1.86955670807818
6.27120212918395	-3.27145848402754	-0.0116331296696284	0.0424169809659995	-0.327842759761649	0.0595414461737969	1.70429932661878
6.28120212918395	-3.27394004205253	-0.0110978228616468	0.0586342242504843	-0.168805849739468	0.0479090540442257	1.53917097731099
6.29120212918395	-3.27484142050491	-0.0106670367296709	0.0732007595413621	-0.0117325803476156	0.0385546533087522	1.37415284671406
6.30120212918395	-3.27417989177603	-0.0103206245236931	0.0861175257401458	0.143815520560124	0.0309920163043998	1.20920898122094
6.31120212918395	-3.27196889844489	-0.0100426447632633	0.0973850266168698	0.298203992989049	0.0248218088607576	1.04429027277995
6.32120212918395	-3.26821871367148	-0.00982057905756954	0.107003218819169	0.451698227648185	0.0197619688103171	0.879336855627169
6.33120212918395	-3.26293718730808	-0.0096444630184059	0.114971429993623	0.604512863459458	0.0155889385406467	0.71428316582648
6.34120212918395	-3.25613024936724	-0.00950631220008198	0.12128831793601	0.756816483124282	0.0121309486762292	0.549061295442873
6.35120212918395	-3.24780230924591	-0.00939968181720256	0.125951865133925	0.908729960960031	0.00926870478945299	0.38360406515073
6.36120212918395	-3.23795668379352	-0.00931920521328394	0.128959403489723	1.06035621689051	0.00689951872874592	0.217849251560158
6.37120212918395	-3.22659586823402	-0.00926032757469037	0.130307676118661	1.21177404184826	0.00494326413662479	0.0517424933696508
6.38120212918395	-3.21372174689522	-0.00921912207479775	0.129992932873101	1.36302425584727	0.00335725437642494	-0.114760069044796
6.39120212918395	-3.19933587106627	-0.00919204025783021	0.12801105508584	1.51412742396809	0.002114372510221	-0.281687936689636
6.40120212918395	-3.18343967323397	-0.00917574903159206	0.124357714933343	1.66508689513332	0.00119827583602725	-0.449052894681631
6.41120212918395	-3.16602734384498	-0.00918353224988552	0.119048702207958	1.81759654975891	-0.00421410138214575	-0.609769196630365
6.42120212918395	-3.14710615179445	-0.00926482697063324	0.112226253710906	1.96532517604623	-0.0118538967001438	-0.751467141896528
6.42363175270287	-3.14228897140109	-0.00929561764659905	0.110362018183304	2	-0.0135189216850027	-0.782923141117103
