=========================== Parameters =====================================
l1 [m]	l2 [m]	l3 [m]	c1 [m]	c2 [m]	c3 [m]	m1 [kg]	m2 [kg]	m3 [kg]
0.18	0.1	0.4058	0.7	0.5	0.7	0.1564	0.23764	0.1564
============================== Data ========================================
t [s]	th1 [rad]	th2 [rad]	th3 [rad]	th1d [rad/s]	th2d [rad/s]	th3d [rad/s]
0	0	0	0	0	0	0
0.01	-0.000701573615174293	-1.56462006893682e-05	0.00030389259625087	-0.140458799551018	-0.00186917272878048	0.0588563407899527
0.02	-0.0028109987172097	-1.46568910940206e-05	0.00114005261648986	-0.281464306558939	0.00307557029542112	0.106597753744182
0.03	-0.00633057805992264	6.34248564996812e-05	0.00240196636621758	-0.422386330299984	0.0132878255308735	0.144178777368746
0.04	-0.0112564456917731	0.000263466835772107	0.00399332896148011	-0.562626347370261	0.0272127380174221	0.172671361406376
0.05	-0.0175790196281884	0.00061511638240242	0.00582879682416369	-0.701643222058491	0.0433732493682322	0.193184215471971
0.06	-0.0252836688280198	0.0011339042099037	0.00783404018324826	-0.838970520465474	0.0604313940279221	0.206803036405973
0.07	-0.0343515158935764	0.00182284987345993	0.00994529129602952	-0.974226529580384	0.0772278746512966	0.214548982058079
0.08	-0.0447603084441603	0.00267436891728686	0.0121085566649659	-1.10711817310417	0.0928034120274167	0.217352509431838
0.09	-0.0564853040978963	0.00367231701016613	0.0142786323339839	-1.23744001169024	0.106405365513334	0.216039676138719
0.1	-0.069500125614286	0.00479404059237543	0.0164180328987618	-1.36506945553933	0.117482947153413	0.211328138105325
0.11	-0.0837775535611661	0.00601233540080913	0.0184959183304378	-1.48995921849928	0.125674059142282	0.203830317755919
0.12	-0.0992902335618867	0.00729724274518441	0.0204870789502641	-1.61212792004979	0.130786417411349	0.194061524003286
0.13	-0.11601128357499	0.00861763804077731	0.0223710183881619	-1.73164960699168	0.132775221865772	0.182451144797696
0.14	-0.1339147936913	0.00994258666172862	0.024131157297889	-1.84864282983227	0.131719225471319	0.169355378684871
0.15	-0.152976216617026	0.0112424587169421	0.0257541669469089	-1.96325977690749	0.127796661621071	0.155070304557072
0.16	-0.173172651422006	0.0124898071039879	0.0272294313489695	-2.07567584729401	0.121262127092535	0.139844395163552
0.17	-0.194483026387291	0.013660022524098	0.0285486290523118	-2.18607993488813	0.112425196093943	0.123889851515014
0.18	-0.216888189029573	0.0147317854758673	0.0297054206629199	-2.29466560256429	0.101631264636298	0.107392367604182
0.19	-0.240370912768137	0.0156873390534075	0.0306952252685473	-2.40162324779814	0.0892448954934423	0.0905191265428495
0.2	-0.264915830392048	0.0165126081264741	0.0315150677328442	-2.50713329933924	0.0756357513689668	0.0734249813241836
0.21	-0.29050930463439	0.0171971906254773	0.032163478966579	-2.61136043753124	0.0611670646354086	0.0562568886899114
0.22	-0.317139245907895	0.017734245606597	0.0326404324048321	-2.71444879728329	0.0461864918468183	0.0391567468621198
0.23	-0.344794886727727	0.0181203008971877	0.03294730171728	-2.81651809075458	0.0310191350237919	0.0222628416682089
0.24	-0.373466521649482	0.0183550007315381	0.0330868269917299	-2.91766057461923	0.0159624739663032	0.00571013556777699
0.25	-0.403145220771527	0.0184408111387048	0.0330630790444823	-3.01793878238805	0.00128293904197953	-0.0103703550539164
0.26	-0.433822524059008	0.0183826981402886	0.0328814139558851	-3.11738394380003	-0.0127861432401971	-0.0258528528455612
0.27	-0.465490122992832	0.0181877912088563	0.0325484122783692	-3.21599501901993	-0.0260454838441701	-0.0406185558926177
0.28	-0.498139535364471	0.017865042034044	0.0320717995270835	-3.31373828373557	-0.0383298716541195	-0.0545576127753855
0.287598390983528	-0.523598775598299	0.0175407027364335	0.0316189917716439	-3.38738761790651	-0.046929915027691	-0.0645350907400576
0.297598390983528	-0.558832842659007	0.0179554350386265	0.0318776937430826	-3.65896783746627	0.129804724449922	0.116043087951306
0.307598390983528	-0.596767793683139	0.0201342241463587	0.0339346835138735	-3.92744416794967	0.305763486367621	0.295069157494745
0.317598390983528	-0.637368867332393	0.0240655716515979	0.0377727854746143	-4.19206054403209	0.480178137800375	0.472206688658886
0.327598390983528	-0.680593392094575	0.0297296780788011	0.0433712935100378	-4.45199083511261	0.652155872154247	0.647085977902161
0.337598390983528	-0.726390084658102	0.0370971799305248	0.0507056383461126	-4.70633906580691	0.820676673272644	0.819304183881927
0.347598390983528	-0.774698363930361	0.0461278865195896	0.0597470602270327	-4.95414240907344	0.984596079770769	0.988426288689251
0.357598390983528	-0.825447710709675	0.0567695752960821	0.0704622959836844	-5.1943773946912	1.14265426423086	1.15398704234258
0.367598390983528	-0.878557107175862	0.0689569128799146	0.0828132911503454	-5.42596972180702	1.2934922080584	1.31549405475391
0.377598390983528	-0.933934593733834	0.0826105756511281	0.0967569493690782	-5.64780794927741	1.43567549710403	1.47243218315587
0.387598390983528	-0.991476982604474	0.0976366471411753	0.112244932600077	-5.85876114927043	1.56772586717779	1.62426931737622
0.397598390983528	-1.05106976715302	0.113926368192412	0.129223526312299	-6.05770034573874	1.68816009322586	1.77046358606754
0.407598390983528	-1.1125872625662	0.13135630862509	0.147633583525342	-6.24352323155228	1.79553516782424	1.91047189512936
0.417598390983528	-1.17589300662516	0.149789015103853	0.167410560019913	-6.41518129515279	1.88849801105895	2.04375957344903
0.427598390983528	-1.24084051636884	0.16907494590584	0.188483425077626	-6.57181507516484	1.96690490676829	2.16812901482642
0.437598390983528	-1.30728773362454	0.189188166173735	0.210563863212812	-6.71606887013044	2.06270771056481	2.23173284894131
0.437852818843555	-1.30899693899577	0.18971335305389	0.211131724919964	-6.71961337211745	2.0656672662317	2.23211402736636
0.447852818843555	-1.37531326640723	0.208781372330268	0.232750091697306	-6.5411620831245	1.74602617544522	2.09045046838767
0.457852818843555	-1.43977138538749	0.224599371016945	0.25291826824171	-6.34807443413869	1.41603356030455	1.94204707148621
0.467852818843555	-1.50222812776967	0.237074938666083	0.271567994005095	-6.14100098304733	1.07790877571482	1.78673232543072
0.477852818843555	-1.56254718464841	0.246137771256984	0.288629342283058	-5.92066402880137	0.733850069810323	1.62434667678518
0.487852818843555	-1.62059985567924	0.251739359896811	0.304030906166553	-5.6878641167077	0.386015522104116	1.45475590597171
0.497852818843555	-1.67626586504656	0.2538525166034	0.317700119511423	-5.44348665799428	0.0365093486358244	1.27786457920678
0.507852818843555	-1.72943423961434	0.252470786180625	0.329563708592466	-5.18850760286243	-0.312627303620145	1.09362857809414
0.517852818843555	-1.78000423613589	0.247607786031379	0.33954826085889	-4.92399750013368	-0.659421632841237	0.902065867243446
0.527852818843555	-1.82788629959347	0.239296511497328	0.347580889878965	-4.65112363955986	-1.00197083741246	0.703264882877794
0.528868421696661	-1.83259571459405	0.238261392912616	0.348284678581131	-4.62299133700601	-1.03645030473022	0.682675466447692
0.538868421696661	-1.87742777704421	0.226212166712364	0.354084313885589	-4.34237139895373	-1.37220226342831	0.476094659847435
0.548868421696661	-1.91942447709266	0.21084411270824	0.357783893299111	-4.0561548492408	-1.69992648267413	0.262712900730008
0.558868421696661	-1.95853707871581	0.192246104060927	0.359316996281989	-3.76580262585176	-2.017912070185	0.0428610353147209
0.568868421696661	-1.99473189495084	0.170523892085838	0.358620898940548	-3.47286271766509	-2.3244925255165	-0.183052885773043
0.578868421696661	-2.02799112844705	0.14579971617173	0.355637330177717	-3.17896386576067	-2.61803496270583	-0.414546997758626
0.588868421696661	-2.05831363976111	0.118212018032022	0.350313189739557	-2.88580734871089	-2.89693038368635	-0.651069696062429
0.598868421696661	-2.08571569001917	0.0879153983581189	0.342601138013677	-2.59514004434295	-3.1596246050301	-0.891983422910062
0.608868421696661	-2.11023999225312	0.0551001442242151	0.332449537477774	-2.31517453536653	-3.38971747668916	-1.14465728394789
0.618868421696661	-2.13225619078634	0.0206864621513834	0.319427138787508	-2.1004156394995	-3.46384185548661	-1.47415324186869
0.628868421696661	-2.15247398541721	-0.0136469867676409	0.302712727767062	-1.9533322423842	-3.37910019558612	-1.87976829960342
0.638868421696661	-2.17150438236275	-0.0464755796846119	0.281643458750653	-1.8607134717828	-3.1683538546559	-2.34190612648872
0.648868421696661	-2.18982583944851	-0.0767020023361332	0.255748776421264	-1.80939555151813	-2.86392191168857	-2.84184467087663
0.658868421696661	-2.20778852624432	-0.103542997086656	0.224737955187149	-1.78699108452562	-2.49607996244194	-3.36243268613056
0.668868421696661	-2.2256249319968	-0.126503166569934	0.188482048319626	-1.7824223316962	-2.09198193880005	-3.88851622340019
0.678868421696661	-2.24346458024514	-0.145341653992357	0.146995001143463	-1.78620560383868	-1.67551792776327	-4.40631148283799
0.688868421696661	-2.2613464516745	-0.160095097029063	0.100513651082563	-1.78841888839884	-1.29563351931994	-4.85648909916743
0.698868421696661	-2.27920056400188	-0.171730990733362	0.0506662829526432	-1.78145246585021	-1.05282678439224	-5.07575261550571
0.708868421696661	-2.29696874108859	-0.18152229236875	-0.000322657564964302	-1.77240311501263	-0.921279217693865	-5.0914079268832
0.718868421696661	-2.31466228631565	-0.190424232116271	-0.0506119784645788	-1.76740134333389	-0.870105812328555	-4.94207825506824
0.728868421696661	-2.3323562442063	-0.198956883177158	-0.0989726294539963	-1.77371656844516	-0.831824230875769	-4.73099137716582
0.738868421696661	-2.35017545899222	-0.206980823732849	-0.145250026243179	-1.79169423135322	-0.769623855206374	-4.52524937954875
0.748868421696661	-2.36821443977493	-0.214295001145254	-0.189489821590395	-1.81698218672242	-0.691085020413014	-4.32317761361528
0.758868421696661	-2.38652655582491	-0.220770814924542	-0.23172038931422	-1.84572502712662	-0.602999166194304	-4.1231592169292
0.768868421696661	-2.40512943503558	-0.226342486230975	-0.271955447892672	-1.87463583858904	-0.511128504370443	-3.92388406665399
0.778868421696661	-2.42401076542925	-0.230996558251621	-0.310197216158145	-1.90101362535312	-0.420175276377161	-3.72436315431317
0.788868421696661	-2.44313410971163	-0.234761382891334	-0.346439620618818	-1.9227300187723	-0.333807007796009	-3.52392516238681
0.798868421696661	-2.46244446985992	-0.237697074423163	-0.380671394454091	-1.93819392417968	-0.254722237791683	-3.32219878067415
0.808868421696661	-2.48187341936558	-0.23988626662533	-0.412878941892651	-1.94630152599928	-0.184743484998803	-3.11908398480127
0.818868421696661	-2.50134368800358	-0.241425889743548	-0.443048872846335	-1.94637767738622	-0.124926641857461	-2.91471529782216
0.828868421696661	-2.52077313751245	-0.242420087046279	-0.471170141995976	-1.93811337382661	-0.0756782462204898	-2.70941987616769
0.838868421696661	-2.54007810763955	-0.242974315240071	-0.497235753898391	-1.92150285879103	-0.0368740253573515	-2.50367304388852
0.848868421696661	-2.55917614258116	-0.243190615307994	-0.521244020573607	-1.89678296188253	-0.00797372356364672	-2.29805361789223
0.858868421696661	-2.57798812991037	-0.243163997289009	-0.543199379779783	-1.86437651054502	0.0118714508473386	-2.09320102148223
0.868868421696661	-2.59643989936346	-0.242979851493375	-0.563112800222531	-1.82484105302573	0.0237213340758974	-1.88977579082289
0.878868421696661	-2.61446333873991	-0.24271227756193	-0.581001813925401	-1.77882364959761	0.028760940538053	-1.68842466436709
0.880858683747585	-2.61799387799149	-0.2426547029503	-0.584322624345289	-1.76895208959828	0.0290593539578371	-1.64865181329939
0.890858683747585	-2.63590146157697	-0.24125089297017	-0.600447772506084	-1.81170385556652	0.251048843990465	-1.57697593911869
0.900858683747585	-2.65421120633234	-0.237646610576986	-0.615873702760047	-1.84943262674128	0.46917503030202	-1.50876734131648
0.910858683747585	-2.67287440739177	-0.23187975731079	-0.630633831426906	-1.88245062925511	0.683593328261369	-1.44377181916626
0.920858683747585	-2.69184567938141	-0.223986429417655	-0.644758948239826	-1.91110766736405	0.894507182464741	-1.38171851433472
0.930858683747585	-2.71108327832545	-0.214000501461303	-0.658277056474998	-1.93578056828378	1.10215549493015	-1.32232114690567
0.940858683747585	-2.73054932438694	-0.201953329717354	-0.671213222333548	-1.95686387234268	1.30680119340262	-1.26527863702297
0.950858683747585	-2.75020976969424	-0.187873955112626	-0.683589208331465	-1.97468974011816	1.50855316902561	-1.21018106115463
0.960858683747585	-2.77002409321574	-0.171813188825105	-0.695409724935155	-1.98404125733494	1.69457615346978	-1.1493204801353
0.970858683747585	-2.78975087593353	-0.154296982128916	-0.70640796337442	-1.95445184211322	1.79317597715638	-1.04208206971971
0.980858683747585	-2.80898690588275	-0.136234568558223	-0.716100544121317	-1.88700314790928	1.80632639053781	-0.889606487001564
0.990858683747585	-2.82738718904344	-0.118404576463782	-0.724077828031956	-1.78842821261604	1.7492380346239	-0.700446327116014
1.00085868374759	-2.84467401910048	-0.10143347216817	-0.730015207921538	-1.66540868132766	1.63702902585002	-0.482990792347598
1.01085868374759	-2.86063524663542	-0.0857994184869152	-0.733669692264152	-1.52433864392945	1.48415664403728	-0.245124893113121
1.02085868374759	-2.87512041661986	-0.0718412370143292	-0.734873552503814	-1.37113562998652	1.30396735031861	0.00601720010262308
1.03085868374759	-2.88803527181184	-0.0597712394348394	-0.733525956433697	-1.21110305259019	1.10837321493608	0.264209776982599
1.04085868374759	-2.89933513591515	-0.0496906757024403	-0.729583424240987	-1.04884318146399	0.907650535345544	0.524215729279866
1.05085868374759	-2.90901765983579	-0.0416066377324343	-0.723049809265089	-0.888215722742884	0.710347362282946	0.781804052663511
1.06085868374759	-2.9171153520643	-0.0354494184491735	-0.713966352777029	-0.732334745343254	0.523281637656553	1.03372001159956
1.07085868374759	-2.92368823638732	-0.0310895188896492	-0.702402215254473	-0.583595868047573	0.351610174934489	1.27762179134252
1.08085868374759	-2.92881689979556	-0.0283536904874042	-0.688445760164366	-0.443725861769864	0.198949671108603	1.51199501926678
1.09085868374759	-2.9325961188205	-0.0270395771917543	-0.672196765630076	-0.313847647611952	0.0675331866872977	1.73605392122885
1.10085868374759	-2.93512918747431	-0.0269286744587886	-0.653759663611628	-0.194554711264255	-0.041611802423716	1.94963557333887
1.11085868374759	-2.93652301539242	-0.027797448040439	-0.633237851029392	-0.0859899854235548	-0.128475104293323	2.15309191916397
1.12085868374759	-2.93688402003114	-0.0294265571283088	-0.610729077320126	0.012074820977432	-0.193874322635202	2.34718295024511
1.13085868374759	-2.93631480069826	-0.0316082071340797	-0.586321883517321	0.100162658834757	-0.239271317335197	2.53297358888394
1.14085868374759	-2.93491155370777	-0.0341517203210127	-0.560093045651563	0.179019838921373	-0.266600103546787	2.71173622802834
1.15085868374759	-2.93276216623681	-0.0368874600367072	-0.53210595796737	0.249551849306055	-0.278110235304589	2.88486044994913
1.16085868374759	-2.92994491094078	-0.0396692781797415	-0.502409878107789	0.31276754900978	-0.276228426692546	3.05377107686643
1.17085868374759	-2.92652765357222	-0.0423756771421441	-0.471039946638412	0.369732449109267	-0.263440000843525	3.21985535779672
1.18085868374759	-2.92256748126048	-0.0449098881109945	-0.438017886949482	0.42153129732999	-0.242190728203888	3.38439975590561
1.19085868374759	-2.91811065917191	-0.0471990686967461	-0.403353288555215	0.46923974847937	-0.2148087357032	3.54853648104398
1.20085868374759	-2.9131928273315	-0.0491928159504293	-0.367045376795599	0.513904537928725	-0.183445452197044	3.71319963449411
1.21085868374759	-2.90783938849575	-0.0508608696167586	-0.329085657200884	0.556538150278546	-0.150079500137547	3.87915530382913
1.22085868374759	-2.90206623502449	-0.0521878247188591	-0.289465091232244	0.597669020457422	-0.111968020811879	4.0398197732154
1.23085868374759	-2.8959037472024	-0.0528619506658135	-0.248685602574997	0.63444354363669	-0.00983417361873488	4.09268738116838
1.24085868374759	-2.88936730931881	-0.0521801595517373	-0.208026994524672	0.674166389949595	0.153760828402837	4.02076421338667
1.25085868374759	-2.8823797823369	-0.0496831664618725	-0.16858876432925	0.72600646153381	0.348602207128581	3.85319228323434
1.26085868374759	-2.87478335596479	-0.0451876559996336	-0.131195970569583	0.796920742249619	0.549761565642241	3.61564968792057
1.27085868374759	-2.86636164782965	-0.0387325632953465	-0.0964354141710536	0.891682755501956	0.737706071711338	3.33008923597601
1.28085868374759	-2.85686088057014	-0.0305259287623554	-0.0646931184790452	1.01303012627438	0.898091772780103	3.01473012391938
1.29085868374759	-2.84600916951166	-0.0208949509558555	-0.0361909888582593	1.16188835447523	1.02134336088413	2.68422379378397
1.30085868374759	-2.8335319559919	-0.0102588549925057	-0.0109918523645578	1.33806454551118	1.09621162169898	2.35967891165399
1.31085868374759	-2.81916373490429	0.000840567316341753	0.0110930269618758	1.53942252286686	1.11500653618015	2.06143724096787
1.32085868374759	-2.80267410257804	0.0118840668283699	0.0303111763609152	1.7615998290861	1.08664025659678	1.7854814216731
1.33085348676311	-2.78388764427402	0.0224429611303471	0.0468521326778709	2	1.02077359109911	1.52688724966533
1.34085348676311	-2.7626432700239	0.0321997332518575	0.0608809386069748	2.25052433038951	0.926614138373787	1.28055570911513
1.35085348676311	-2.73885085703625	0.0409099697241207	0.0724896747444551	2.50894994851266	0.812845180551763	1.04216868761062
1.36085348676311	-2.71245052494054	0.0484174700154206	0.0817375166488892	2.77151265691386	0.687294103318296	0.807762018806733
1.37085348676311	-2.68341807760125	0.0546395651558353	0.0886468145463769	3.03484766557123	0.55682242628396	0.573946036554164
1.38085348676311	-2.65176081874354	0.0595570391111803	0.0932091248391706	3.29602332521847	0.427251507003903	0.337958060002453
1.39085348676311	-2.61751313920354	0.0632035423153762	0.0953916589438078	3.55256541310025	0.303194725028531	0.0979192454256226
1.40085348676311	-2.58072916804728	0.0656163029701853	0.0952076132506599	3.80318458154415	0.177489272646775	-0.129517442652848
1.41085348676311	-2.54147616514771	0.066723689046853	0.0929078964699242	4.0457861192292	0.0430396711504512	-0.325246510311917
1.42085348676311	-2.49985157115089	0.0664682275492847	0.088803322668904	4.27696240772414	-0.0940871343183782	-0.490789150928356
1.43085348676311	-2.45598518644855	0.0648519895940799	0.0831865653142494	4.49367240599301	-0.228223510504964	-0.627997280904032
1.44085348676311	-2.41003507141445	0.061930429866225	0.076331556354747	4.69331388240603	-0.354384712703671	-0.738749875870317
1.45085348676311	-2.36218293067171	0.0578049209190749	0.0684936618072192	4.87376559350023	-0.468387155972646	-0.824871063755753
1.46085348676311	-2.31262917311227	0.0526143659016834	0.0599104711775656	5.03341024586517	-0.566915605616536	-0.888087797488518
1.47085348676311	-2.26158783117816	0.0465263668213707	0.0508028488936726	5.1711399680221	-0.647545958010059	-0.93001833085071
1.48085348676311	-2.20928150564937	0.03972836058012	0.0413759825094014	5.28634603408476	-0.70872994099564	-0.952183018471539
1.49085348676311	-2.1559364842665	0.0324190726460526	0.0318202443462279	5.3788946978966	-0.749747915370341	-0.956029586143515
1.50085348676311	-2.10177816296226	0.0248005763367425	0.0223117575425693	5.44909120097103	-0.77063599738896	-0.94296590263518
1.51085348676311	-2.04702687664801	0.017071182898981	0.0130126218996602	5.49763425610879	-0.772093842495556	-0.914394365253114
1.52085348676311	-1.9918942224258	0.00941932378305375	0.00407080782332372	5.52556350703744	-0.755379483445326	-0.871743219913189
1.53085348676311	-1.93657993253598	0.0020185231294084	-0.00438023283701625	5.53420255254665	-0.722197461796009	-0.816491396577015
1.54085348676311	-1.88126932866567	-0.00497650192317249	-0.0122221622796039	5.52510005566857	-0.674586042941977	-0.750184674117066
1.55085348676311	-1.82613136507295	-0.0114326298578102	-0.0193524657189156	5.49997122507476	-0.614808547847057	-0.674442122509144
1.56085348676311	-1.77131724687274	-0.0172400745427202	-0.0256851754918327	5.46064158415471	-0.545252827525471	-0.590952747245361
1.57085348676311	-1.7169595929129	-0.0223131729345596	-0.0311515153001566	5.4089944870544	-0.468341757786985	-0.501463044790158
1.58085348676311	-1.66317210046479	-0.0265903404450027	-0.0357003797363775	5.34692336543515	-0.38645647033787	-0.407756755565774
1.59085348676311	-1.61004966134203	-0.0300333254451261	-0.0392985791560654	5.27628925554064	-0.301872980469189	-0.311628479592511
1.60085348676311	-1.55766887539168	-0.0326258964810628	-0.0419307977556419	5.19888380664632	-0.216712007991456	-0.214853021625728
1.61085348676311	-1.50608890658874	-0.0343720904041083	-0.0435992317666475	5.11639773113899	-0.132901161722782	-0.119152387688268
1.62085348676311	-1.45535262811298	-0.0352941392025547	-0.0443228936822368	5.03039452310106	-0.0521482726791072	-0.0261622955713766
1.63085348676311	-1.40548800480225	-0.035430180152687	-0.0441365863970268	4.94228922829447	0.0240755113496618	0.0626000820515543
1.64085348676311	-1.35650966350201	-0.0348318398770687	-0.0430895673501668	4.85333206477123	0.0945442657317242	0.145765626995111
1.65085348676311	-1.30842060362927	-0.0335617693666632	-0.0412439367158986	4.76459673713186	0.158278760719126	0.22213876689299
1.66085348676311	-1.26121400162068	-0.0316911947847306	-0.0386727950545049	4.67697332844545	0.214542010652321	0.290717948687692
1.67085348676311	-1.21487506398969	-0.0292975382224283	-0.0354582244128045	4.59116566901566	0.262829886133858	0.350710380597738
1.68085348676311	-1.16938288480975	-0.0264621534391451	-0.0316891525403289	4.50769305741643	0.302857636495555	0.401540621124601
1.69085348676311	-1.12471226497954	-0.0232682136831615	-0.0274591626487576	4.4268961440075	0.334543069619418	0.442852882983217
1.70085348676311	-1.08083545299833	-0.0197987815484385	-0.0228643110648679	4.34894668747044	0.35798707636849	0.474507196596032
1.71085348676311	-1.0377237704652	-0.0161350841078624	-0.0180010123881817	4.27386077485861	0.373452159914601	0.496569831618521
1.72085348676311	-0.99534909022864	-0.0123550100091784	-0.0129640466457984	4.2015149731232	0.381339622363656	0.509298595342725
1.73085348676311	-0.95368514098828	-0.00853183871476899	-0.00784473582253309	4.13166477325392	0.382166056601091	0.51312380411566
1.74085348676311	-0.912708618948425	-0.0047332056486585	-0.00272932850518087	4.06396461241167	0.376539776269764	0.50862585058661
1.75085348676311	-0.872400094479219	-0.00102030084148029	0.00230237825371512	3.99798872495324	0.365137781624607	0.496510361346409
1.76085348676311	-0.832744709215673	0.00255270703671411	0.00717816082011275	3.93325208402479	0.348683799612282	0.477581955931374
1.77085348676311	-0.793732666172659	0.00593903435543993	0.0118342255520029	3.86923074921977	0.327927854298149	0.452717582852892
1.78085348676311	-0.755359521876764	0.00909945108984385	0.016215800394232	3.80538102535972	0.303627724441159	0.422840328472704
1.79085348676311	-0.717626294908051	0.012002274480177	0.0202774702364755	3.7411569521223	0.276532536921993	0.388894480009239
1.80085348676311	-0.680539409414592	0.0146232099350102	0.0239832719139905	3.67602577199779	0.247368636885592	0.351822486007215
1.81085348676311	-0.644110495038295	0.016945062229823	0.0273065704199043	3.60948115333564	0.216827775968724	0.31254430769443
1.82085348676311	-0.608356066307377	0.0189573400270833	0.0302297420726643	3.54105406629917	0.185557574916568	0.271939503338807
1.83085348676311	-0.573297105029113	0.0206557759556526	0.0327436930746825	3.47032131526401	0.154154149777252	0.230832243838886
1.84085348676311	-0.538958568733009	0.0220417831228795	0.0348472432176688	3.39691181734727	0.123156742717389	0.189979327985741
1.85085348676311	-0.505368846974913	0.0231218671779166	0.0365464046011431	3.32051078179357	0.0930441682587647	0.150061154474532
1.86085348676311	-0.472559185526124	0.0239070110670155	0.0378535843301593	3.24086198950754	0.0642328708845439	0.111675517016495
1.87085348676311	-0.44056309633332	0.0244120475587074	0.0387867384559426	3.1577683982803	0.0370763872279386	0.0753340191864713
1.88085348676311	-0.409415768813287	0.0246550325727819	0.0393685021249576	3.07109131026727	0.0118660120009257	0.0414608559279404
1.89085348676311	-0.379153495676687	0.0246566303925011	0.0396253181987775	2.98074833741331	-0.0111675217022878	0.0103936769763407
1.90085348676311	-0.349813124159534	0.0244395200164048	0.0395865836673975	2.8867103910591	-0.0318515226671552	-0.017613768634207
1.91085348676311	-0.321431541350941	0.0240278302337346	0.0392838301445797	2.78899790678558	-0.0500681418603671	-0.0423875110356413
1.92085348676311	-0.294045200285805	0.0234466094896063	0.0387499517208432	2.68767649701702	-0.0657506369827924	-0.0638280580091214
1.93085348676311	-0.267689691645725	0.0227213352367438	0.03801849054766	2.58285220380233	-0.0788792311023942	-0.0819041957429278
1.94085348676311	-0.24239936428938	0.0218774662395405	0.0371229878020694	2.47466650379993	-0.0894766819404818	-0.0966461537022072
1.95085348676311	-0.218206996413294	0.0209400401921274	0.0360964051811515	2.3632911976343	-0.0976036662249051	-0.108138371230793
1.96085348676311	-0.195143517917421	0.0199333180248844	0.0349706198307534	2.24892329696859	-0.103354072279373	-0.116512077003976
1.97085348676311	-0.173237783505258	0.0188804753953889	0.0337759936390357	2.13178000509892	-0.106850283465443	-0.121937864889355
1.98085348676311	-0.152516395172178	0.0178033410842645	0.0325410161283601	2.01209387072448	-0.108238525036284	-0.12461842212373
1.99085348676311	-0.133003572013969	0.0167221813395342	0.0312920187556572	1.89010817979312	-0.107684337268339	-0.124781538739234
2.00085348676311	-0.114721064706688	0.015655528631592	0.0300529572719139	1.76607263693467	-0.105368228354918	-0.122673501457896
2.01085348676311	-0.0976881115551984	0.0146200527916302	0.0288452578808513	1.64023937592489	-0.101481551490899	-0.118552951261145
2.02085348676311	-0.0819214326683988	0.0136304721057424	0.027687722256558	1.51285932782463	-0.0962226419170588	-0.112685261847355
2.03085348676311	-0.06743525858155	0.012699501620542	0.0265964860084388	1.384178965861	-0.089793241520147	-0.105337476429409
2.04085348676311	-0.0542413894984574	0.0118378356786376	0.0255850248963453	1.25443743771482	-0.0823952309989523	-0.0967738229172965
2.05085348676311	-0.0423492812568941	0.0110541615373613	0.0246642029753555	1.12386408859679	-0.0742276826914134	-0.0872518125200577
2.06085348676311	-0.0317661541188168	0.0103552008247567	0.0238423568644774	0.992676372277039	-0.0654842409710741	-0.0770189141598692
2.07085348676311	-0.0224971205421715	0.00974577554554327	0.0231254104632717	0.861078142008196	-0.0563508316885743	-0.0663097867325101
2.08085348676311	-0.014545328193965	0.00922889535905053	0.0225170146628204	0.729258308973663	-0.0470036974491104	-0.0553440430382675
2.09085348676311	-0.00791211460600486	0.00880586290363819	0.0220187068919623	0.597389852415462	-0.0376077515460546	-0.044324512973387
2.10085348676311	-0.00259717004743227	0.00847639403099391	0.0216300856874958	0.465629162858342	-0.0283152400597708	-0.033435969115589
2.11085348676311	0.00140129461505407	0.00823874993266519	0.0213489958613897	0.334115697759354	-0.0192646989124688	-0.0228442749430935
2.12085348676311	0.00408637808361597	0.00808987828466178	0.0211717202444415	0.202971927386337	-0.0105801904734778	-0.0126959143739618
2.13085348676311	0.00546231960910397	0.00802556069908914	0.0210931744019476	0.0723035476833604	-0.00237080256571367	-0.0031178608827312
2.14085348676311	0.00553433333514259	0.00804056395033193	0.0211071011326397	-0.0578000637575771	0.00526960862860737	0.005782255064643
2.15085348676311	0.00430844831677087	0.00812879263365832	0.0212062619692335	-0.187265172795466	0.0122624512787603	0.0139157203122933
2.16085348676311	0.0017913562819064	0.00828344111308775	0.0213826232911217	-0.31603281909478	0.0185442264645578	0.0212120933571475
2.17085348676311	-0.00200973103696297	0.00849714282013913	0.0216275350323467	-0.44405777568629	0.0240661732644444	0.0276183748946698
2.18085348676311	-0.00708721341092643	0.00876211517310283	0.0219319003177469	-0.571307361246891	0.0287937512577875	0.0330980283239511
2.19085348676311	-0.0134332211049138	0.00907029859539507	0.0222863346850266	-0.697760128001626	0.0327059813023183	0.0376298814084478
2.20085348676311	-0.0210397202177343	0.00941348831913762	0.022681313849347	-0.823404447398702	0.0357946652075542	0.0412069376611792
2.21085348676311	-0.0298986034567865	0.00978345786425671	0.0231073092395672	-0.948237014838691	0.0380635044806238	0.0438351233961633
2.22085348676311	-0.0400017656404238	0.0101720732821338	0.0235549107817421	-1.07226129377802	0.039527137684962	0.0455319938124946
2.23085348676311	-0.0513411634190416	0.0105713974443239	0.0240149366266311	-1.1954859184979	0.0402101151402091	0.0463254189906
2.24085348676311	-0.0639088588935596	0.0109737838394158	0.0244785297147954	-1.31792307375918	0.0401458287222117	0.0462522683071945
2.25085348676311	-0.0776970469867124	0.0113719595132786	0.0249372412466011	-1.43958686847551	0.0393754134179173	0.0453571095322632
2.26085348676311	-0.0926980665885021	0.0117590969485025	0.0253831012764374	-1.56049171945778	0.0379466360771866	0.043690936767071
2.27085348676311	-0.10890439565239	0.0121288748268518	0.025808676782122	-1.68065076023554	0.0359127855108265	0.04130993942053
2.28085348676311	-0.126308630563884	0.0124755277533575	0.0262071176732257	-1.80007428896983	0.0333315767416395	0.0382743226024906
2.29085348676311	-0.144903450238639	0.0127938851419409	0.0265721912973303	-1.91876826855554	0.0302640808535195	0.0346471876344078
2.30085348676311	-0.164681565533991	0.0130793995701287	0.0268983060824159	-2.03673289118748	0.0267736905320413	0.0304934798365866
2.31085348676311	-0.185635654676879	0.0133281650047461	0.0271805250180161	-2.15396121894276	0.0229251300757788	0.0258790093420381
2.32085348676311	-0.207758285523481	0.0135369253819363	0.027414569728761	-2.27043791132076	0.0187835174045021	0.0208695494044397
2.33085348676311	-0.231041825572717	0.0137030740941857	0.027596815932697	-2.38613805017805	0.01441348441796	0.0155300155058112
2.34085348676311	-0.255478340758029	0.0138246449950963	0.0277242811044985	-2.50102607209313	0.00987836098160306	0.00992372752186746
2.35085348676311	-0.281059484140559	0.0139002955804567	0.0277946051814747	-2.61505481787941	0.00523942684243231	0.00411175626251979
2.36085348676311	-0.307776375722738	0.0139292830427783	0.0278060251591694	-2.72816470871248	0.000555234912543964	-0.00184764513601019
2.37085348676311	-0.335619474694839	0.0139114339269513	0.0277573444242894	-2.84028305812003	-0.00411899140231077	-0.00789952524106301
2.38085348676311	-0.364578445518477	0.013847108138058	0.0276478976665578	-2.95132352886492	-0.00873188481434649	-0.0139926347174685
2.39085348676311	-0.394642019340062	0.0137371580695805	0.0274775121986265	-3.06118574349167	-0.0132363832681052	-0.0200797446247396
2.40085348676311	-0.425797852313311	0.0135828836320162	0.0272464664950605	-3.16975505695884	-0.0175901006292681	-0.0261178846936021
2.41085348676311	-0.458032382491839	0.0133859839688624	0.0269554467381669	-3.27690249929593	-0.0217556184809931	-0.0320685041461615
2.42085348676311	-0.491330687029068	0.0131485066494066	0.0266055021305207	-3.38248489555252	-0.0257006989974283	-0.0378975580756071
2.43025704621645	-0.523598775598398	0.0128902660025282	0.0262238903493282	-3.48020184518754	-0.0291852257795911	-0.0432415786907353
2.44025704621645	-0.559764831472897	0.013489939362986	0.0266973064390168	-3.75253867568708	0.149052464785218	0.137687388069078
2.45025704621645	-0.598638921479731	0.0158687870137627	0.0289723539318474	-4.02168487140961	0.326527572056806	0.317029989461104
2.46025704621645	-0.640185306954591	0.0200153127014885	0.0330314719363397	-4.28686207538731	0.502444920178054	0.494441177520708
2.47025704621645	-0.68436010690919	0.0259094264230021	0.0388534806913986	-4.54722006666683	0.675880167819146	0.669542211550024
2.48025704621645	-0.731110580278648	0.0335211380540525	0.046413245422254	-4.801837380587	0.845777726700488	0.84192094207971
2.49025704621645	-0.780374428417221	0.0428092576342657	0.0556813471036779	-5.04972481496327	1.01095433611618	1.01113293401764
2.50025704621645	-0.832079148990103	0.0537201636390993	0.0666237693253841	-5.28983227563261	1.17010923407171	1.17670359227122
2.51025704621645	-0.886141476700983	0.0661867093448133	0.0792016121336898	-5.52105935555783	1.32184171800683	1.33813145893211
2.52025704621645	-0.942466949671363	0.0801273440439913	0.0933708453487709	-5.74226991650119	1.4646766088216	1.49489283342148
2.53025704621645	-1.00094964203175	0.095445528995329	0.109082115155141	-5.95231073962088	1.59709770454262	1.64644781816668
2.54025704621645	-1.06147210260288	0.112029526105018	0.126280618397506	-6.15003402973068	1.71758873744518	1.79224780817287
2.55025704621645	-1.12390553570216	0.129752629115194	0.144906058633407	-6.33432321105988	1.82468066167487	1.93174432485859
2.56025704621645	-1.18811025259757	0.148473891665416	0.164892696299775	-6.50412107225601	1.91700336103651	2.06439895210165
2.57025704621645	-1.25393627017628	0.1680379761523	0.186171720662697	-6.65845776956839	1.99332764443727	2.18971188500817
2.57845344536992	-1.30899693899593	0.184674939191291	0.204385133217795	-6.77555944739254	2.07038809572423	2.24385557048425
2.58845344536992	-1.37587415349367	0.20379742302414	0.226122809543862	-6.59736033819014	1.75215962105666	2.10254816408147
2.59845344536992	-1.44089472200885	0.219682911816524	0.246413192740776	-6.40433643927836	1.42336550962737	1.95436966366894
2.60845344536992	-1.50391370039718	0.232237041244357	0.265186761238165	-6.19716044633166	1.08626318614871	1.79915912200056
2.61845344536992	-1.56479323756889	0.241387949139099	0.282372440048477	-5.97657910489018	0.743091627373309	1.63676891351016
2.62845344536992	-1.62340334293206	0.247085980888399	0.297897798819834	-5.74341875450516	0.396050375696039	1.46707781668204
2.63845344536992	-1.67962271168304	0.249303214253482	0.311689382365118	-5.49859114060468	0.0472842333586001	1.2900042491033
2.64845344536992	-1.73333960483536	0.24803285562802	0.323673170024082	-5.24309840012209	-0.301127269180795	1.10551864048853
2.65845344536992	-1.78445277187312	0.243288552206094	0.333775150779857	-4.97803651514847	-0.647176237714611	0.913654084006756
2.66839464411314	-1.83259571459407	0.23516175142014	0.341879944114639	-4.70622678589619	-0.986935631019448	0.715706543877566
2.67839464411314	-1.87826087232547	0.223608329069092	0.348011863131302	-4.42573367045485	-1.32257313026726	0.509513791844564
2.68839464411314	-1.9210913109074	0.208736755735397	0.352047423776539	-4.13952037460171	-1.65027257687316	0.296484787110765
2.69839464411314	-1.96103709692916	0.190635111187817	0.353919892085739	-3.84905503212674	-1.9683036642106	0.0769583337029692
2.70839464411314	-1.99806340329133	0.169408507869891	0.353566311523097	-3.55588980940288	-2.27498851695799	-0.148649330161566
2.71839464411314	-2.03215131731544	0.145178617296521	0.350928260860088	-3.26165416021496	-2.56869150399444	-0.379848060603666
2.72839464411314	-2.06329857237025	0.118083296091213	0.345952571817543	-2.96804622184913	-2.84780984489281	-0.616078171939405
2.73839464411314	-2.09152018157893	0.0882762929825523	0.33859200168281	-2.67682169936093	-3.11076721569072	-0.856714979707149
2.74839464411314	-2.11685207490967	0.0559342419429669	0.328801928478905	-2.3927241828142	-3.34919312845102	-1.10477564488606
2.75839464411314	-2.13958605416633	0.0217993335450457	0.316246975484161	-2.16685427285363	-3.44757209610897	-1.42113535586042
2.76839464411314	-2.16042016055288	-0.0124744839681994	0.300117931184861	-2.01042240091295	-3.38279689212519	-1.81608549613899
2.77839464411314	-2.17998145410743	-0.0454235950710242	0.27972948590862	-1.91007322096132	-3.18811006696123	-2.26979433441857
2.78839464411314	-2.19876453413812	-0.0759118325869042	0.254588968737025	-1.85261943434613	-2.89590598987699	-2.76347534614857
2.79839464411314	-2.21713504259768	-0.103118718616082	0.224384599651865	-1.82556721349507	-2.53670322688462	-3.27983500486811
2.80839464411314	-2.23533956509373	-0.126514689668071	0.188968058745175	-1.81767432844106	-2.13801492895199	-3.80353009158314
2.81839464411314	-2.25351994277239	-0.145828363727309	0.148335490178102	-1.81933130782981	-1.7233517795046	-4.32185486383184
2.82839464411314	-2.27172735309209	-0.161042607109892	0.102662145072802	-1.82085093548198	-1.33500995094282	-4.78721355697293
2.83839464411314	-2.28990398606835	-0.172987725203899	0.0533581239524459	-1.81334617775468	-1.07594733736513	-5.03567360386628
2.84839464411314	-2.30798418857529	-0.182945229829255	0.00264156857307178	-1.80276181033403	-0.932040462999331	-5.07628901685634
2.85839464411314	-2.32597024614682	-0.191907427611455	-0.0476052215603103	-1.79543614100778	-0.871788248079707	-4.94832093568365
2.86839464411314	-2.34392652945573	-0.200473161743616	-0.0960397525807271	-1.79810982600768	-0.837996621575094	-4.73733661732673
2.87839464411314	-2.36197334928549	-0.208583845254677	-0.142371087668252	-1.8129257741093	-0.780583955373634	-4.52980161507624
2.88839464411314	-2.38021136057537	-0.216026293121861	-0.186650152154192	-1.8356528553419	-0.705577547298562	-4.32658494006784
2.89839464411314	-2.39869968589241	-0.222659847979895	-0.228911645741464	-1.8623823809585	-0.619873278868016	-4.12603564342098
2.90839464411314	-2.41746111561234	-0.228407855438317	-0.26917518887975	-1.88976349904817	-0.529363188082029	-3.92679379694926
2.91839464411314	-2.43648782942779	-0.233247361777392	-0.307448346938904	-1.91502575815692	-0.438893761688508	-3.72780989643482
2.92839464411314	-2.45574717706741	-0.237198698453323	-0.343729753169735	-1.93596991511607	-0.352282244056817	-3.52834584419917
2.93839464411314	-2.47518724511366	-0.240315453724198	-0.378012164330777	-1.95093571378831	-0.272375314287642	-3.32796105900399
2.94839464411314	-2.49474201846619	-0.242675185848807	-0.410285316593256	-1.95875417925841	-0.201136683390991	-3.12648694090099
2.95839464411314	-2.51433601358533	-0.244371109870252	-0.440538480553882	-1.95869059191026	-0.139752570651643	-2.92399271840917
2.96839464411314	-2.53388831551562	-0.245504891133135	-0.468762643604612	-1.95038297073574	-0.0887462862979054	-2.72074553306833
2.97839464411314	-2.55331599297316	-0.246180601086148	-0.494952275475785	-1.93377972605383	-0.0480951190392858	-2.51716741091652
2.98839464411314	-2.57253689737967	-0.246499831386472	-0.519106657983308	-1.90907917492578	-0.0173443695113026	-2.31379150298152
2.99839464411314	-2.59147187463187	-0.246557917688754	-0.541230782220768	-1.87667283669333	0.00428528311305425	-2.11121964479296
3.00839464411314	-2.610046434371	-0.246441192076509	-0.561335835060381	-1.83709381023689	0.0177997891215914	-1.91008290307389
3.01274333553574	-2.61799387799149	-0.246355429129672	-0.569453179271122	-1.81780116085161	0.0214320541225506	-1.82322177243013
3.02274333553574	-2.63640496388547	-0.245014178556326	-0.587316555561654	-1.86351255357316	0.246122262028549	-1.75006329979562
3.03274333553574	-2.65524649072241	-0.241446726551306	-0.604466299417372	-1.90393431314949	0.466691918585782	-1.68046030640364
3.04274333553574	-2.67446699810541	-0.235693586148377	-0.620936879287495	-1.93936190212878	0.683289548531976	-1.6141919098867
3.05274333553574	-2.69401820766308	-0.227793508131823	-0.636760450213222	-1.97013421961226	0.896116732535967	-1.55101667067854
3.06274333553574	-2.71385539855575	-0.217783018401156	-0.651966657887193	-1.99662207725585	1.10541476620894	-1.49067440323619
3.07274333553574	-2.73393767495751	-0.205696081795471	-0.666582457445246	-2.01921808497334	1.31145265843421	-1.43288731940464
3.08274333553574	-2.75422813843482	-0.191563880701299	-0.680631940569509	-2.03832770583922	1.51451612171266	-1.37736055594763
3.09274333553574	-2.77468933501594	-0.175425525266685	-0.6941300705702	-2.05092165731332	1.70687406890218	-1.31926624732219
3.10274333553574	-2.79511230818098	-0.157726756529029	-0.706858638077583	-2.02653321025091	1.81681798663931	-1.21793104581387
3.11274333553574	-2.81508873757012	-0.139384392421036	-0.718333111163905	-1.96275939473995	1.83817974453473	-1.06991227660602
3.12274333553574	-2.83425910402045	-0.121206715181705	-0.728130449901994	-1.86646757839932	1.78647554365521	-0.883959645662013
3.13274333553574	-2.85233245924668	-0.103846909971823	-0.735914563347601	-1.74447809482498	1.67714288668446	-0.668668923962292
3.14274333553574	-2.86908488980332	-0.0878064409374095	-0.741433154704375	-1.60334035459164	1.52499922867915	-0.432151355419538
3.15274333553574	-2.88435577436471	-0.0734437212906052	-0.744511482993803	-1.44913464859252	1.3437691817969	-0.181771042651091
3.16274333553574	-2.89804231974364	-0.0609868678481181	-0.745043967100507	-1.28732646790661	1.14574093978844	0.0760253479369136
3.17274333553574	-2.91009290313535	-0.0505492530977027	-0.742984503530992	-1.1226729527872	0.941548894154509	0.335797851636459
3.18274333553574	-2.92049972115166	-0.042146650936624	-0.738336234408218	-0.959176742251007	0.740069532630306	0.593136559195501
3.19274333553574	-2.92929118443282	-0.0357149330253089	-0.731141344913117	-0.800079892752141	0.548412073341624	0.844634958441088
3.20274333553574	-2.93652441721244	-0.0311274700662246	-0.721471315904762	-0.647889552520969	0.371983457508695	1.08782778940711
3.21274333553574	-2.94227813824142	-0.0282115936046805	-0.709417924109574	-0.504427260731983	0.21460815806063	1.32110545026539
3.22274333553574	-2.94664612198796	-0.0267636587351366	-0.695085175677115	-0.370894574783766	0.0786855397657113	1.54361424840726
3.23274333553574	-2.94973137138483	-0.0265624069913453	-0.678582278604543	-0.247948808557107	-0.034629720242233	1.75514933803871
3.24274333553574	-2.95164107667531	-0.0273804599225953	-0.660017701206607	-0.135783741889738	-0.125235947180497	1.95604526323357
3.25274333553574	-2.95248238845325	-0.0289938796585966	-0.639494321906758	-0.0342111278681462	-0.19389094508365	2.14706765317107
3.26274333553574	-2.9523589955451	-0.0311898167188701	-0.617105645097825	0.05726033851338	-0.242024056200902	2.32930869093664
3.27274333553574	-2.95136846874651	-0.0337723308001171	-0.592933034915674	0.139351195750053	-0.271559520833753	2.50408835377344
3.28274333553574	-2.94960030870387	-0.0365665198766541	-0.567043901159675	0.212944484754997	-0.284755371011461	2.67286296756196
3.29274333553574	-2.94713461978376	-0.0394211285432835	-0.539490758110727	0.279027459451263	-0.284060766877213	2.8371422358448
3.30274333553574	-2.94404132109668	-0.0422098295550026	-0.510311067210354	0.338642534567334	-0.271993493635786	2.99841554170439
3.31274333553574	-2.9403798004286	-0.0448313842976138	-0.47952776837118	0.3928477673338	-0.251038280648927	3.15808796389987
3.32274333553574	-2.93619891610249	-0.0472088898740879	-0.44715040200718	0.442686733924063	-0.223565697617105	3.31742610626463
3.33274333553574	-2.93153725507079	-0.0492883141903726	-0.413176724454106	0.489167296165926	-0.191770641105236	3.47751353299336
3.34274333553574	-2.92642356210673	-0.0510365075661644	-0.377594722816711	0.533248461665521	-0.157628855247508	3.63921535564731
3.35274333553574	-2.92087726410063	-0.0524388616932963	-0.340384940734394	0.575834317520369	-0.122869529370634	3.80315134929117
3.36274333553574	-2.91490894799982	-0.0534978416455666	-0.301521241617995	0.617783336852423	-0.0891330635877175	3.969970413392
3.37274333553574	-2.90853314754429	-0.0540843981540344	-0.261210750912574	0.656582855239494	-0.014708395973709	4.0691214952037
3.38274333553574	-2.90177707231099	-0.0535565562486137	-0.220583278617108	0.695500389586992	0.129359773267094	4.03663210874229
3.39274333553574	-2.89459062907817	-0.0513654195142235	-0.180824817945774	0.744098946364367	0.313132173237058	3.90002234728551
3.40274333553574	-2.88683739292974	-0.0472497877637021	-0.142841153671601	0.809934665656618	0.510319559718674	3.68579611185631
3.41274333553574	-2.8783163358892	-0.0411847912853775	-0.10729086584775	0.898381030026464	0.699952225740264	3.4168557167469
3.42274333553574	-2.86878318629887	-0.0333290016617348	-0.0746219717202415	1.01274052307493	0.866269803403967	3.11241631828499
3.43274333553574	-2.85797018829148	-0.0239740299385871	-0.0451082277604254	1.15444130344053	0.998396144427987	2.78807556022553
3.44274333553574	-2.84560330415775	-0.0135017074835992	-0.0188784193445555	1.3234782036147	1.08758795770101	2.45968546784164
3.45274333553574	-2.8314127005274	-0.00241398669228418	0.00417085680993259	1.51871135722449	1.12081175933807	2.15455887240772
3.46274333553574	-2.81515514841098	0.00874776587282377	0.02429197749112	1.73611984303952	1.10401230706959	1.87319682501303
3.47274333553574	-2.79663139052523	0.0195318736350729	0.0416969296499542	1.97120471062065	1.04688933851382	1.61048129598405
3.47392730531335	-2.79428051545139	0.0207660814539611	0.0435858508823737	2.00000000000069	1.0379030071724	1.58037714480381
3.48392730531335	-2.7730412138242	0.0307109107722027	0.0581421337739287	2.24962829769466	0.946855296186408	1.3326770248091
3.49392730531335	-2.74925940048868	0.0396333728239379	0.0702679696585797	2.50783207777298	0.834836615458488	1.09356621012235
3.50392730531335	-2.7228688418753	0.0473645328304023	0.0800284582295671	2.77076802310425	0.70985320868545	0.858974305086922
3.51392730531335	-2.69383981389599	0.0538108441046444	0.0874507742549031	3.03498615419556	0.578957423288019	0.625398731556586
3.52392730531335	-2.66217495636424	0.0589441411914859	0.0925301557804548	3.29746785151098	0.448164037166205	0.389961860499747
3.53392730531335	-2.62790486391593	0.0627909925865622	0.0952364547979585	3.55562940927731	0.322522399528428	0.150281290577131
3.54392730531335	-2.59108236211992	0.0654066695349163	0.0955457184362769	3.80788952819093	0.199016927746306	-0.0839156283611533
3.55392730531335	-2.55177168841218	0.0667385123391734	0.0936643224091232	4.05272057961001	0.0661946586673454	-0.287113285661242
3.56392730531335	-2.51006409664219	0.0667176369044389	0.0899056423019862	4.28671957203488	-0.0705200417690726	-0.459661037288087
3.57392730531335	-2.46608387832799	0.0653344529077694	0.0845672698321348	4.50675826511256	-0.205353509484897	-0.603360486155747
3.58392730531335	-2.41998452581324	0.0626340251854863	0.0779283864854677	4.71013434231926	-0.333175129512851	-0.720072765353251
3.59392730531335	-2.37194421947151	0.0587089363440627	0.0702496684797245	4.8946187098636	-0.44962937734211	-0.811626107542012
3.60392730531335	-2.32216094145871	0.0536910976307268	0.0617739017647399	5.05848317059087	-0.551215260794788	-0.879764818977549
3.61392730531335	-2.27084740385968	0.0477430006629596	0.0527269366498303	5.20051014876344	-0.635319776952087	-0.926130929462228
3.62392730531335	-2.21822596233206	0.0410488382393708	0.0433186982996278	5.31998615310348	-0.700211666931222	-0.952269981554385
3.63392730531335	-2.16452366900654	0.0338058605573081	0.0337440522597607	5.41668077706839	-0.745001600339928	-0.959652963707192
3.64392730531335	-2.10996759944727	0.0262162717576622	0.0241834002293578	5.49081324139493	-0.769574966257685	-0.949707212826462
3.65392730531335	-2.05478056717346	0.0184799092265241	0.0148029480126453	5.54300873639644	-0.77450359826855	-0.923850148201189
3.66392730531335	-1.99917731548468	0.0107878841613578	0.0057546431345233	5.57424704731744	-0.760942870401598	-0.883520882849508
3.67392730531335	-1.943361250763	0.00331729773093334	-0.00282417710855459	5.58580607118865	-0.730520520747908	-0.830206014278913
3.68392730531335	-1.88752175534101	-0.00377291481813878	-0.0108113556901839	5.57920280533607	-0.685223187796853	-0.765457144548755
3.69392730531335	-1.8318320930793	-0.0103450164007898	-0.0181006139335031	5.5561341887146	-0.627285951694946	-0.690898843553496
3.70392730531335	-1.77644789862212	-0.0162844292458793	-0.0246022799454314	5.51841982836368	-0.559089204525547	-0.60822678737815
3.71392730531335	-1.72150622316116	-0.0215007151583891	-0.0302439513597514	5.46794819516453	-0.483066033224566	-0.519196633798043
3.72392730531335	-1.66712509610516	-0.025927690989314	-0.034971005258324	5.40662739117962	-0.401622115648256	-0.42560482123865
3.73392730531335	-1.61340355333778	-0.029522809798946	-0.038746882273202	5.3363411390366	-0.317069029785169	-0.32926289901319
3.74392730531335	-1.56042207818558	-0.0322659424126382	-0.0415530892834942	5.25891027117566	-0.23157095455333	-0.231967234941114
3.75392730531335	-1.50824339986535	-0.0341576902080288	-0.0433888841177399	5.17605973035318	-0.147104052948384	-0.135466030624238
3.76392730531335	-1.45691359493584	-0.0352173504725111	-0.0442706248752221	5.08939093651267	-0.065427386743563	-0.0414255369848867
3.77392730531335	-1.40646343910317	-0.0354806429002563	-0.0442307848251542	5.00035931364916	0.0119360065211775	0.0486027663314147
3.78392730531335	-1.3569099588091	-0.0349972917729071	-0.0433166505516826	4.91025677563883	0.0837092851630522	0.133212458535227
3.79392730531335	-1.30825813386003	-0.0338285445755017	-0.0415887355367958	4.82019900906095	0.148864556019021	0.21116860269196
3.80392730531335	-1.26050270375866	-0.0320446951559172	-0.0391189533411709	4.73111743226492	0.206619397989145	0.281429248035512
3.81392730531335	-1.21363003148807	-0.0297226684373165	-0.0359886037167117	4.64375572848756	0.256428186830961	0.343161237141994
3.82392730531335	-1.16761997958077	-0.0269437141265828	-0.0322862312318976	4.55867083164256	0.297969108961912	0.395749841570494
3.83392730531335	-1.12244775479135	-0.0237912485528181	-0.0281054192747229	4.47623818223008	0.331127645020807	0.438802044671128
3.84392730531335	-1.07808567997804	-0.0203488763278516	-0.0235425826765117	4.3966609733766	0.355977237365292	0.472143574475172
3.85392730531335	-1.03450485518824	-0.0166986165642431	-0.0186948198348417	4.31998298671908	0.372757823387772	0.495810052261825
3.86392730531335	-0.991676674575947	-0.0129193516341619	-0.013657880375192	4.24610449252697	0.381852905423871	0.510032852633836
3.87392730531335	-0.949574171612466	-0.00908550977106744	-0.00852429745508702	4.17480057677464	0.383765822385556	0.515220458584853
3.88392730531335	-0.908173171864203	-0.0052659862254522	-0.00338172525010154	4.10574117602377	0.379095873591192	0.51193623197685
3.89392730531335	-0.867453240044075	-0.00152330133255963	0.00168848749685069	4.03851206016944	0.36851491116601	0.500873601110853
3.90392730531335	-0.827398415655352	0.00208701204242545	0.0066124671678491	3.97263600826163	0.352744958968348	0.482829691661495
3.91392730531335	-0.787997738881365	0.00551680440385306	0.0113247176690518	3.90759347226481	0.332537334019985	0.458678398304637
3.92392730531335	-0.74924557501676	0.00872550586287606	0.0157687546323011	3.84284211089137	0.308653646256912	0.429343818807018
3.93392730531335	-0.711141751360586	0.0116801429177956	0.0198974791967392	3.77783468999603	0.281848942332761	0.395774859935784
3.94392730531335	-0.67369152488763	0.0143551980829988	0.023673306568521	3.71203497523918	0.252857148419822	0.358921686696378
3.95392730531335	-0.636905402094635	0.0167323356967585	0.0270680705208045	3.64493137484736	0.222378863922995	0.31971453488674
3.96392730531335	-0.600798834206097	0.0188000172995023	0.0300627294230236	3.57604821506448	0.191071469240153	0.279045252726562
3.97392730531335	-0.56539181153465	0.0205530292363452	0.0326469022989745	3.50495464066917	0.159541440087428	0.237751789669629
3.98392730531335	-0.530708380399105	0.0219919437910578	0.0348182649107121	3.43127122305802	0.128338709777637	0.196605716527042
3.99392730531335	-0.496776104817173	0.0231225333952016	0.0365818361119375	3.35467442698175	0.0979528883073863	0.156302745450575
4.00392730531335	-0.463625493424758	0.0239551554506212	0.0379491839087192	3.27489913450096	0.0688111307193165	0.117456123641835
4.01392730531335	-0.431289409931034	0.0245041232011269	0.0389375790202976	3.19173945318526	0.0412774436414494	0.0805927014460907
4.02392730531335	-0.399802483073956	0.0247870760004818	0.039569121459711	3.10504804808187	0.0156532246153307	0.0461514228643161
4.03392730531335	-0.369200529636501	0.0248243603246147	0.0398698629499598	3.01473423698518	-0.00782115949040497	0.0144839525599256
4.04392730531335	-0.339520001728007	0.0246384310117992	0.0398689450308736	2.92076107943593	-0.028963933767396	-0.0141428643585728
4.05392730531335	-0.310797467302607	0.0242532805068483	0.039597769642727	2.82314167468538	-0.0476487789453442	-0.0395430178809486
4.06392730531335	-0.2830691308263	0.0236939023386061	0.0390892159153221	2.7219348650586	-0.0638011442329875	-0.0616061257664084
4.07392730531335	-0.256370399141665	0.022985793668148	0.0383769139396754	2.61724052064552	-0.0773941411177673	-0.0802912906954122
4.08392730531335	-0.230735495924249	0.0221545004969026	0.0374945835236265	2.50919456039424	-0.0884441361792578	-0.095620288898336
4.09392730531335	-0.206197126676322	0.0212252080069045	0.0364754433818765	2.3979638443706	-0.0970061484553778	-0.107670332901158
4.10392730531335	-0.182786194953145	0.0202223775081337	0.0353516939170053	2.28374105271211	-0.103169145426185	-0.116566624251776
4.11392730531335	-0.160531569452331	0.0191694305811873	0.034154074728492	2.1667396489161	-0.107051321006176	-0.122474884168917
4.12392730531335	-0.139459900703832	0.0180884802205031	0.0329114962478641	2.04718900866516	-0.108795428840101	-0.125594022001073
4.13392730531335	-0.119595485362197	0.0170001080990925	0.0316507434370439	1.92532978041531	-0.108564234520142	-0.126149073985104
4.14392730531335	-0.100960175509403	0.0159231864865253	0.0303962482940013	1.80140953041106	-0.106536141003864	-0.124384518658498
4.15392730531335	-0.0835733299120835	0.014874742854433	0.0291699269699683	1.67567871258971	-0.10290103250712	-0.120558050858639
4.16392730531335	-0.067451803827879	0.0138698647945086	0.0279910765968453	1.54838699293251	-0.0978563735251999	-0.114934873862268
4.17392730531335	-0.052609973709455	0.0129216425486459	0.0268763264304536	1.41977994815693	-0.0916035914831807	-0.107782549096163
4.18392730531335	-0.0390597929990868	0.0120411462043003	0.0258396376116943	1.29009615016637	-0.0843447639268441	-0.0993664251100012
4.19392730531335	-0.0268108751302432	0.0112374344343254	0.0248923457093557	1.15956464032478	-0.0762796242228916	-0.0899456521879401
4.20392730531335	-0.015870599844163	0.0105175915526316	0.0240432402110947	1.02840279134237	-0.0676028935023792	-0.0797697760597938
4.21392730531335	-0.0062442389788204	0.00988678960777694	0.0232986752494037	0.89681454927441	-0.0585019410849897	-0.0690758935697324
4.22392730531335	0.00206490201483256	0.00934837223862334	0.0226627060646667	0.764989043770114	-0.0491547708629674	-0.0580863447350724
4.23392730531335	0.00905533043748796	0.00890395706222486	0.022137245996779	0.633099551177527	-0.0397283270736008	-0.0470069092070006
4.24392730531335	0.014727204026656	0.00855355344730779	0.021722239141181	0.501302792323081	-0.0303771094979497	-0.0360254705289439
4.25392730531335	0.019082163209102	0.00829569264077024	0.0214158441875704	0.369738544650966	-0.0212420853274839	-0.0253111085602788
4.26392730531335	0.0221231609558141	0.00812756735397381	0.0212146253652412	0.238529546840098	-0.0124498826703736	-0.0150135787702104
4.27392730531335	0.0238542930501757	0.00804517807529531	0.0211137468354022	0.10778167293239	-0.00411224885720623	-0.0052631365879591
4.28392730531335	0.024280631346663	0.00804348355119449	0.0211071672875935	-0.0224156476676725	0.00367424470973852	0.00382933459043845
4.29392730531335	0.0234080623590838	0.00811655306623878	0.0211878319060961	-0.151988788290157	0.0108282704912806	0.01217193198764
4.30392730531335	0.021243133277283	0.00825771834988764	0.0213478592665656	-0.280879085199776	0.0172836056275023	0.0196911171614581
4.31392730531335	0.0177929072720243	0.00845972314152234	0.0215787210982154	-0.409041823698588	0.0229888062316378	0.026330911276343
4.32392730531335	0.0130648297116663	0.00871486865262563	0.0218714131993587	-0.536445073518728	0.0279067160093259	0.0320519359678114
4.33392730531335	0.00706660668316407	0.00901515337377954	0.0222166161218559	-0.663068396307257	0.0320138300708248	0.036830331290116
4.34392730531335	-0.000193903014534658	0.00935240588200835	0.0226048445418442	-0.788901447274145	0.0352995346049839	0.0406565796170925
4.35392730531335	-0.00870878145319581	0.00971840950881986	0.0230265845096843	-0.913942492224779	0.0377652426776434	0.0435342617424469
4.36392730531335	-0.0184701299901461	0.0101050179290742	0.023472418021591	-1.03819686025306	0.0394234458158143	0.0454787688508972
4.37392730531335	-0.0294701319690526	0.0105042609236592	0.0239331345796009	-1.16167535135586	0.0402967002572496	0.0465159915433161
4.38392730531335	-0.0417010993477246	0.0109084397531514	0.0243998296063819	-1.28439261716778	0.0404165658009163	0.0466810047230377
4.39392730531335	-0.0551555030706407	0.011310211753684	0.0248639897581121	-1.40636553193284	0.039822514109407	0.0460167649030844
4.40392730531335	-0.0698259871696422	0.0117026639288376	0.0253175653335836	-1.52761156975178	0.0385608221148333	0.0445728343843088
4.41392730531335	-0.0857053667313714	0.0120793754615173	0.0257530301122344	-1.64814720309467	0.0366834648935322	0.0424041447860645
4.42392730531335	-0.102786610014852	0.0124344692067487	0.0261634290693665	-1.76798633657179	0.0342470210319945	0.0395698105841141
4.43392730531335	-0.1210628051379	0.0127626523497173	0.0265424145148095	-1.88713878903337	0.0313116021373291	0.0361320016226429
4.44392730531335	-0.140527111877476	0.0130592465230639	0.026884271283079	-2.00560883623602	0.0279398167801776	0.0321548820145135
4.45392730531335	-0.161172699247794	0.0133202077736224	0.0271839316700029	-2.12339382558681	0.0241957778240033	0.0277036214213847
4.46392730531335	-0.182992669631851	0.0135421368518797	0.0274369808641158	-2.24048287385872	0.0201441608168695	0.0228434834075375
4.47392730531335	-0.205979970348461	0.0137222803681221	0.0276396536620651	-2.35685565826912	0.0158493199206859	0.0176389943822859
4.48392730531335	-0.23012729363868	0.0138585234183568	0.0277888232870028	-2.4724813109172	0.0113744667443531	0.0121531955794024
4.49392730531335	-0.255426966153886	0.0139493743316456	0.0278819831485292	-2.58731742627658	0.00678091644175756	0.00644697956126316
4.50392730531335	-0.28187082912363	0.0139939422295198	0.0279172223932409	-2.70130919121457	0.00212740453823395	0.000578511873014601
4.51392730531335	-0.309450110475092	0.0139919081187449	0.0278931960972594	-2.81438864683358	-0.00253052284060931	-0.00539726230008257
4.52392730531335	-0.338155290268185	0.0139434902619216	0.0278090909471259	-2.92647409126814	-0.00714104335181366	-0.0114290273098256
4.53392730531335	-0.367975960900804	0.0138494045872124	0.0276645872439228	-3.03746963238441	-0.0116565160410714	-0.0174694235137243
4.54392730531335	-0.398900683626892	0.0137108209097061	0.0274598180480723	-3.147264899071	-0.0160338613048944	-0.023475293050314
4.55392730531335	-0.430916843015224	0.0135293157432354	0.0271953262595354	-3.25573491943386	-0.0202348628075179	-0.0294078474446841
4.56392730531335	-0.464010501057291	0.0133068224833033	0.0268720204005189	-3.36274017366125	-0.0242263913821664	-0.0352327600377867
4.57392730531335	-0.498166252706732	0.0130455797393775	0.0264911298356294	-3.46812682855785	-0.0279805513666354	-0.0409201866763064
4.58118155517334	-0.523598775598301	0.0128332250080457	0.0261796303848048	-3.5434691332593	-0.0305423073588191	-0.0449453281393172
4.59118155517334	-0.560397088672214	0.0134189513439131	0.0266356827816487	-3.81571479632851	0.147620026374003	0.135914403165105
4.60118155517334	-0.599902260028827	0.0157830749665941	0.0288925453623172	-4.08471463543623	0.325013030775605	0.315161082684964
4.61118155517334	-0.642077927258199	0.0199139677510241	0.0329323623804853	-4.34967581129598	0.500828399027022	0.492444010448355
4.62118155517334	-0.686879437971159	0.0257912697404452	0.0387336012812609	-4.60973310683836	0.674127375806279	0.66737852977237
4.63118155517334	-0.734253128597643	0.0333845723040535	0.0462707145426372	-4.86394989589335	0.843839168722286	0.839546439096469
4.64118155517334	-0.784135627195071	0.0426521134511206	0.0555138097628779	-5.1113220505657	1.00876512608075	1.00849725343059
4.65118155517334	-0.836453211909546	0.0535395476973434	0.0664283372784201	-5.35078523657584	1.16758961750919	1.1737504774862
4.66118155517334	-0.891121260978283	0.0659788615937402	0.0789748062710757	-5.5812259816775	1.318898395556	1.3347990575326
4.67118155517334	-0.948043833414164	0.0798875124600635	0.0931085419205677	-5.80149677101157	1.46120492373563	1.49111416017079
4.68118155517334	-1.00711342107338	0.0951678706369798	0.108779497417868	-6.01043521415847	1.59298471480974	1.64215137602037
4.69118155517334	-1.06821091187905	0.111707043190851	0.125932135236733	-6.20688704110264	1.7127171371933	1.7873583607535
4.70118155517334	-1.13120579983202	0.129377148169854	0.144505391615265	-6.38973233318089	1.81893345061248	1.92618380691498
4.71118155517334	-1.19595666960041	0.14803609241584	0.164432736433814	-6.55791401375056	1.91026909083632	2.05808749730388
4.72118155517334	-1.26231180916265	0.167527254552667	0.185644903032949	-6.71040609064707	1.98490674242256	2.18351303301555
4.72808793963415	-1.30899693899608	0.181436243378885	0.200928878150949	-6.80823547469173	2.04636108739748	2.23459203100891
4.73808793963415	-1.37620038253745	0.200322100423731	0.222573502473584	-6.62991019559828	1.72885472702711	2.09318299326947
4.74808793963415	-1.44154534221535	0.21597801898758	0.242769274571413	-6.43664719430249	1.40075314402946	1.94479503252538
4.75808793963415	-1.50488582083815	0.228309445914982	0.261445620193868	-6.22913511585853	1.06433583767123	1.78927269780694
4.76808793963415	-1.56608309345358	0.237244568980937	0.278530477644405	-6.00814048014376	0.721867262245578	1.62647603884456
4.77808793963415	-1.62500650961953	0.242734050340322	0.293950516917297	-5.77451253996023	0.375574656888441	1.45629354459142
4.78808793963415	-1.68153434664853	0.244750568007827	0.307631489794855	-5.52918840740302	0.027631653210754	1.27865521896923
4.79808793963415	-1.73555471079544	0.243288218524948	0.319498707106153	-5.27319736701419	-0.319853218300857	1.09354477884378
4.80808793963415	-1.78696647442328	0.23836182655905	0.329477629911714	-5.00766367243187	-0.664843727582052	0.901010114904777
4.81743758572572	-1.83259571459405	0.230652910634444	0.337034245399234	-4.75184555382847	-0.983405172804643	0.714386573016215
4.82743758572572	-1.87871726486184	0.21913959056151	0.343151492395325	-4.47139585409005	-1.31806849685657	0.507896115608941
4.83743758572572	-1.92200464039368	0.20431834258459	0.347169329255829	-4.18525167800831	-1.64469340200816	0.294556745099204
4.84743758572572	-1.96240827205786	0.186278366523392	0.349020965022525	-3.89490235039455	-1.96152699590487	0.0747213008210392
4.85743758572572	-1.99989390010716	0.16512609858002	0.348643529729494	-3.60191934530371	-2.26687338727027	-0.151179322557921
4.86743758572572	-2.0344433598668	0.140984687773647	0.345978837764693	-3.30794881215578	-2.55908435965992	-0.38263985910958
4.87743758572572	-2.06605528332837	0.113993563150268	0.340974109124965	-3.01470217970074	-2.83655089013999	-0.619085256615851
4.88743758572572	-2.09474569464482	0.0843080726367337	0.333582643026646	-2.72394420046409	-3.09769770018329	-0.859875525712286
4.89743758572572	-2.1205521184858	0.0521075978244233	0.323759861413162	-2.44073011126313	-3.33345193777489	-1.10839698368743
4.90743758572572	-2.14377324305464	0.0181491140744757	0.311164126381593	-2.21617379686692	-3.42828882759045	-1.42549739193826
4.91743758572572	-2.16510487618465	-0.0159198100300795	0.294991525456586	-2.06052518309896	-3.3613100035518	-1.8202989439096
4.92743758572572	-2.18516910062664	-0.0486480627103904	0.274564901616284	-1.96048055233135	-3.16561386432867	-2.27309961614527
4.93743758572572	-2.20445596919302	-0.0789107561789772	0.249398591910677	-1.90290362965575	-2.87345596465949	-2.76523233329022
4.94743758572572	-2.22332716305403	-0.105897147043699	0.219186588120254	-1.87536550747521	-2.51518731385651	-3.27952993334106
4.95743758572572	-2.24202599519045	-0.129085652059905	0.183785075288715	-1.86669547215788	-2.11814024927976	-3.80077521332177
4.96743758572572	-2.26069170491079	-0.1482115316561	0.143194211308886	-1.86732457561327	-1.70601914426331	-4.31577699206594
4.97743758572572	-2.27937379725905	-0.163259535169262	0.0975871893636354	-1.86761608958482	-1.32093112519022	-4.77713666219169
4.98743758572572	-2.29801109793772	-0.175095213478487	0.0484295157622113	-1.85877142130964	-1.06782639107125	-5.01688924888275
4.99743758572572	-2.31654006749775	-0.184993920519461	-0.00206562854895511	-1.84712644260161	-0.928133200712166	-5.05117299040677
5.00743758572572	-2.33496518982602	-0.193931927484229	-0.0520386836053605	-1.83890326490442	-0.870638050756651	-4.91902905249898
5.01743758572572	-2.35335215854419	-0.202492602953418	-0.100171300352335	-1.84077504163314	-0.838027254810141	-4.70645007411875
5.02743758572572	-2.3718213434025	-0.210608704220025	-0.14618784245173	-1.85472229161889	-0.781624118098809	-4.49777742087867
5.03743758572572	-2.39047272666812	-0.218066231443449	-0.190142191294053	-1.87652262366603	-0.707535684015685	-4.29371536093404
5.04743758572572	-2.40936494257556	-0.224723481526796	-0.232071999416728	-1.90228549102644	-0.622633226064419	-4.09261756384936
5.05743758572572	-2.42852046483786	-0.230502550602623	-0.271999846381226	-1.92867614824702	-0.532792579590122	-3.89312099494758
5.06743758572572	-2.44793130565281	-0.235379113328286	-0.309936193265505	-1.95293782651493	-0.442851885699395	-3.69416681778961
5.07743758572572	-2.46756477121444	-0.239372081943877	-0.345882450428152	-1.97288238260114	-0.356627055622911	-3.49500276808851
5.08743758572572	-2.48736900270811	-0.24253364294123	-0.379833991199608	-1.98685810563751	-0.276969406789539	-3.29517052222231
5.09743758572572	-2.50727811296513	-0.244940024305411	-0.411782977742215	-1.99370217804442	-0.20585211538988	-3.09448128147283
5.10743758572572	-2.52721679706548	-0.24668322471122	-0.441720896522928	-1.992683909289	-0.144474523120601	-2.89298260148919
5.11743758572572	-2.54710434961465	-0.247863837897097	-0.469640730300313	-1.98344353241022	-0.0933755871967067	-2.69091932686731
5.12743758572572	-2.56685806334824	-0.248585028380983	-0.495538721144579	-1.96593019159697	-0.0525497183137361	-2.48869128531548
5.13743758572572	-2.58639601503465	-0.248947655536939	-0.519415704270666	-1.94034178948383	-0.0215598797746286	-2.28681012799247
5.14743758572572	-2.60563926733881	-0.249046498678596	-0.541278014719491	-1.90706859344964	0.000355844627221019	-2.08585737064828
5.15395881893951	-2.6179938779915	-0.249010215523986	-0.554455264040476	-1.88147922058992	0.0102239390606595	-1.95560294199557
5.16395881893951	-2.63705655420887	-0.247767067428728	-0.57363453660761	-1.93011387373356	0.237670957704964	-1.88086872260925
5.17395881893951	-2.65657770598406	-0.244271343400489	-0.592084695792366	-1.97321581951626	0.460756370046024	-1.80975078403597
5.18395881893951	-2.67650334983703	-0.238566025837498	-0.609840976440836	-2.01106318316223	0.679617992428882	-1.74205929455076
5.19395881893951	-2.6967825426236	-0.230692412428581	-0.626936592851818	-2.04398367041015	0.894452434927709	-1.67758043763506
5.20395881893951	-2.7173678133878	-0.220689600415377	-0.643402511381531	-2.07234206727142	1.10550095845036	-1.61607877405297
5.21395881893951	-2.73821547825911	-0.208594104291442	-0.659267243034506	-2.09652929774251	1.31303685552737	-1.55729889061319
5.22395881893951	-2.75928585268204	-0.194439593623384	-0.67455664917849	-2.11695279216087	1.51735398663365	-1.50096638446508
5.23395881893951	-2.7805415742756	-0.178260936063398	-0.689291389680815	-2.13189444368248	1.71377961926559	-1.44398643657933
5.24395881893951	-2.80179821838369	-0.160442663644372	-0.703290986493785	-2.11206984220587	1.83335283929449	-1.34720690425929
5.25395881893951	-2.82264768368794	-0.141897241703341	-0.716076385626209	-2.05162935345203	1.86185031539239	-1.20264521269794
5.26395881893951	-2.84271856308537	-0.123456971464128	-0.727214165998942	-1.95751650344428	1.81495552030736	-1.01916347683352
5.27395881893951	-2.86170890370712	-0.105797076028187	-0.736359168355562	-1.83666241112834	1.70835858007222	-0.805520447144143
5.28395881893951	-2.87938497177527	-0.0894383365850942	-0.743251760921554	-1.69574125427547	1.55716523313802	-0.57000863887579
5.29395881893951	-2.89557761143645	-0.0747555021237744	-0.747711715096921	-1.54096450920079	1.37540503992876	-0.320178325749087
5.30395881893951	-2.91017681043277	-0.0619899634780977	-0.749629802364401	-1.37792855137034	1.17567105990838	-0.062656500691904
5.31395881893951	-2.92312501101174	-0.0512653764917769	-0.748958012147565	-1.21151567754089	0.968889010819078	0.196950193606462
5.32395881893951	-2.93440968064575	-0.0426049952408886	-0.745699155968435	-1.04584399379266	0.764203354460949	0.454083862026968
5.33395881893951	-2.94405559590242	-0.0359496363831191	-0.739896462526789	-0.884258788059159	0.568961576956814	0.705211452776414
5.34395881893951	-2.95211721214902	-0.0311753966964611	-0.731623609450529	-0.729356889594286	0.388775783698791	0.947763657830962
5.35395881893951	-2.95867140664526	-0.0281104529093938	-0.720975498353913	-0.583035648754525	0.227641447238875	1.18004921169491
5.36395881893951	-2.96381080272274	-0.0265504638846586	-0.708059968137965	-0.446559009584035	0.088095444986008	1.4011543408027
5.37395881893951	-2.96763781294786	-0.0262722596879617	-0.692990557197729	-0.320634260438007	-0.0286016140477717	1.61083454123165
5.38395881893951	-2.97025948066909	-0.0270456378591772	-0.675880364089885	-0.205494165102882	-0.122270972078859	1.80940382791309
5.39395881893951	-2.971783151496	-0.0286431965417631	-0.65683701252872	-0.100980177782224	-0.193618949323673	1.99762513943813
5.40395881893951	-2.97231296771046	-0.0308482207738047	-0.635958694993962	-0.00662330741338789	-0.244045470774114	2.17660459834147
5.41395881893951	-2.97194714808397	-0.0334607057963302	-0.613331245737779	0.0782800557085787	-0.275463793642761	2.34769166782299
5.42395881893951	-2.97077599209225	-0.0363016524756471	-0.589026176045499	0.154599371565162	-0.290135815585755	2.51238677121235
5.43395881893951	-2.96888053039845	-0.0392158068543919	-0.563099590946559	0.223309652328935	-0.290525991585695	2.67225754677559
5.44395881893951	-2.96633173218924	-0.0420730399405366	-0.535591896707191	0.285440488416515	-0.279175672630642	2.82886453941317
5.45395881893951	-2.9631901739756	-0.0447685764644736	-0.506528202262526	0.342034749228285	-0.258598600909129	2.98369676298242
5.46395881893951	-2.95950607321668	-0.0472222839100915	-0.475919315211732	0.39411687022496	-0.231197368542548	3.13811720958713
5.47395881893951	-2.95531959290301	-0.0493772272469251	-0.4437632339031	0.442670271723489	-0.199199885854005	3.29331805605246
5.48395881893951	-2.95066132929697	-0.0511976821733816	-0.410047041043849	0.488623164072376	-0.164614318975836	3.45028504687419
5.49395881893951	-2.94555290363297	-0.0526667820667687	-0.374749110524115	0.532841775176849	-0.129200541807633	3.60977033723845
5.50395881893951	-2.94000758904496	-0.0537839528752696	-0.337841546924415	0.576129880873602	-0.0944558897675997	3.77227297179987
5.51395881893951	-2.93403087937702	-0.0545625584796924	-0.299292348811783	0.619326446481603	-0.0625372963189823	3.93948186851083
5.52395881893951	-2.92763202666881	-0.0549000135062815	-0.259273972575649	0.6595639421658	0.00971301684626672	4.03921575114625
5.53395881893951	-2.92083820687787	-0.054135324808262	-0.218951049187715	0.700127016395201	0.15207695190385	4.00590134412723
5.54395881893951	-2.9135960918676	-0.0517304615251904	-0.179497888500265	0.750637222796716	0.333011910208979	3.86989770067925
5.55395881893951	-2.90576739347629	-0.0474331998399211	-0.141807953263839	0.818496202296707	0.526687853616007	3.65731843241868
5.56395881893951	-2.89715061023142	-0.0412234260298285	-0.10653116061904	0.908954197332758	0.712518870594951	3.39072566759395
5.57395881893951	-2.88750207219712	-0.0332610219962452	-0.0741099927793193	1.0252216925592	0.875049912547467	3.08904962660218
5.58395881893951	-2.87655540311824	-0.0238361743210336	-0.044815345308786	1.16866775901129	1.00359969769355	2.76771181327783
5.59395881893951	-2.8640385060605	-0.0133265099699086	-0.0187765499193575	1.33919517407954	1.09023684185928	2.44133183554006
5.60395881893951	-2.84968425896792	-0.0022184808583111	0.00409049000835747	1.53571181310884	1.12225100655759	2.13647545959218
5.61395881893951	-2.83325058125586	0.00895249498097899	0.0240320281350503	1.75433319990468	1.10445478815118	1.85535492564435
5.62395881893951	-2.8145388899892	0.0197369494632112	0.041259539713722	1.99056861816395	1.04655091923159	1.59282550827121
5.62434564687801	-2.81376705884809	0.0201412220655041	0.0418737833539396	2.00000000000135	1.04363559656286	1.58297517982823
