=========================== Parameters =====================================
l1 [m]	l2 [m]	l3 [m]	c1 [m]	c2 [m]	c3 [m]	m1 [kg]	m2 [kg]	m3 [kg]
0.18	0.1	0.4058	0.9	0.9	0.3	0.1564	0.23764	0.1564
============================== Data ========================================
t [s]	th1 [rad]	th2 [rad]	th3 [rad]	th1d [rad/s]	th2d [rad/s]	th3d [rad/s]
0	0	0	0	0	0	0
0.01	-0.000552422749427466	0.000107574072176938	-0.000501693355041483	-0.110481578389008	0.0208316962131076	-0.0941119657310966
0.02	-0.0022092573713333	0.000403640279141016	-0.00176876678253389	-0.220851413988504	0.0377663579545514	-0.154183653257908
0.03	-0.00496848753372031	0.000851302140364484	-0.00349389734382856	-0.330932923176851	0.0512213941279191	-0.186803888860814
0.04	-0.00882643620551132	0.00141786952056816	-0.00543425211555533	-0.440571396163603	0.0616161751883732	-0.198226411971995
0.05	-0.0137780055847151	0.00207475787460358	-0.00740667181500646	-0.549637812485576	0.0693494964449974	-0.194097545645852
0.06	-0.0198169431293101	0.0027972076686743	-0.00928073939458534	-0.658030328220661	0.0747859208844612	-0.17930213666016
0.07	-0.0269361131030933	0.00356390326812434	-0.0109707866789866	-0.765673974791575	0.0782490143429549	-0.157901007500813
0.08	-0.0351277581334643	0.00435655108742418	-0.0124276323997256	-0.872519034686229	0.0800196827209	-0.133136061659023
0.09	-0.0443837396073556	0.00515946003395566	-0.0136306220445382	-0.978538494772712	0.0803380556097549	-0.107482382955422
0.1	-0.0546957494162238	0.00595915301128098	-0.0145803505150053	-1.08372491349982	0.0794076205784834	-0.0827301193440412
0.11	-0.0660554886056554	0.00674402659810685	-0.0152922937230183	-1.18808697499314	0.0774005724362633	-0.0600823653960787
0.12	-0.0784548109125751	0.00750406690102968	-0.0157914536643738	-1.29164594332714	0.0744635858875075	-0.0402584620756292
0.13	-0.0918858310307925	0.00823062277911218	-0.0161080303261135	-1.39443217636504	0.070723438303275	-0.0235949948872588
0.14	-0.106340998800082	0.00891623286910249	-0.0162740692246006	-1.49648181195041	0.0662920966281558	-0.0101392265553221
0.15	-0.121813141441415	0.00955449977997866	-0.0163209912206242	-1.59783370046531	0.0612710368957149	0.000268273506559785
0.16	-0.138295476539643	0.0101400031475902	-0.0162778872553181	-1.6985266267263	0.0557546870876219	0.00792343336081485
0.17	-0.155781598779648	0.0106682426332398	-0.0161704507529466	-1.79859684033395	0.049832976507571	0.0132013265294748
0.18	-0.174265443540956	0.0111356021323716	-0.0160204209890857	-1.89807589614211	0.0435930408874386	0.0165111959885557
0.19	-0.193741230408479	0.0115393271868264	-0.0158454185565735	-1.9969887945618	0.0371201760745729	0.0182627992642417
0.2	-0.214203389513829	0.0118775086627834	-0.0156590665329784	-2.09535240400842	0.0304981584680527	0.0188426705705203
0.21	-0.235646473423052	0.0121490670033308	-0.0154713059403378	-2.19317414399726	0.0238090613165468	0.0185987337679334
0.22	-0.258065057064354	0.0123537326641307	-0.0152888299579859	-2.29045090630453	0.0171326961483101	0.017831678154943
0.23	-0.281453627966423	0.0124920196010726	-0.015115576907814	-2.38716819244501	0.0105458011074913	0.0167915869033589
0.24	-0.305806468870053	0.0125651898371926	-0.0149532364600214	-2.48329944779316	0.00412108545651984	0.0156784509260439
0.25	-0.331117534592487	0.0125752081534082	-0.0148017362992918	-2.57880557543761	-0.00207377588772473	0.0146453812423526
0.26	-0.357380324869834	0.0125246868037302	-0.0146596873867252	-2.67363461587774	-0.00797712051323422	0.0138035287971894
0.27	-0.384587754778936	0.0124168208451071	-0.0145247748804778	-2.76772158162931	-0.0135341886488385	0.0132279161020833
0.28	-0.412732024244415	0.0122553152000654	-0.0143940888025833	-2.86098843848247	-0.0186978801833985	0.0129635687621907
0.29	-0.441804488065753	0.0120443049491866	-0.0142643938170233	-2.95334422741142	-0.0234293476031263	0.0130314997397409
0.3	-0.471795527848447	0.0117882705969582	-0.0141323412259667	-3.04468532289016	-0.027698406195185	0.0134342411382831
0.31	-0.502694427187382	0.0114919501875474	-0.013994628734753	-3.13489582459195	-0.0314837532433414	0.014160735929977
0.316606103254648	-0.523598775598299	0.0112764831177279	-0.0138990125721287	-3.19380804275234	-0.0337126801830271	0.014808562817227
0.326606103254648	-0.556581946630318	0.0116426657346875	-0.0109007276766043	-3.40249384478618	0.106848887050208	0.585055325177474
0.336606103254648	-0.591641268848079	0.0134108023859515	-0.00219633812952079	-3.60896367839692	0.24661153279969	1.15576243739011
0.346606103254648	-0.628752291930314	0.0165708283082064	0.0122102371896206	-3.8127535733671	0.385151803624724	1.72517384400692
0.356606103254648	-0.667885722176584	0.0211081664654466	0.0322959520458468	-4.01335604054954	0.521988028215326	2.29121853545239
0.366606103254648	-0.709006907173783	0.0270030693464343	0.0580154527635296	-4.21020442432699	0.65656556215373	2.85150624287908
0.376606103254648	-0.75207526326521	0.0342296495283963	0.0893009051834034	-4.40272470258656	0.78810875009451	3.40560470456654
0.386606103254648	-0.797032828096788	0.0427778831748443	0.12568037042505	-4.58616448957388	0.924554890400921	3.8072894647132
0.396606103254648	-0.843747627064622	0.052775845090895	0.164259139463809	-4.75446987352229	1.07723680417654	3.85765522187962
0.406606103254648	-0.892079970164167	0.0643559245030764	0.201982412738156	-4.910083013081	1.2399395210475	3.65221016297832
0.416606103254648	-0.941914362055681	0.0775886323885858	0.236746973686676	-5.05519878367266	1.40686942636328	3.27932338964994
0.426606103254648	-0.99315439360076	0.0924908436198596	0.26725398626257	-5.19142869656755	1.57308521391825	2.81144436021377
0.436606103254648	-1.04571676157613	0.10903408787715	0.292850110104721	-5.31978870324766	1.7344519145575	2.30535490034945
0.446606103254648	-1.09952562874914	0.127152408663222	0.313376139751025	-5.4407735924604	1.88760105216572	1.80335465442173
0.456606103254648	-1.15450799184022	0.14674983602398	0.329030574486312	-5.55447628426539	2.02989010432665	1.33500531209922
0.466606103254648	-1.21059003600239	0.167706935923992	0.340252278973964	-5.66026462061326	2.15856222815932	0.91935820054009
0.476606103254648	-1.26762581936196	0.189766306969515	0.34765542526662	-5.74146533241217	2.24374485777903	0.573839806134952
0.483785954198452	-1.30899693899575	0.205988386655984	0.351027301344506	-5.78008798026708	2.27036956707813	0.371680399348913
0.493785954198452	-1.36621881232639	0.227776946239793	0.350288101550873	-5.66254177001651	2.08581108543182	-0.519201909273222
0.503785954198452	-1.42221195149832	0.247673759155743	0.340655629284526	-5.53425268107021	1.89200034745933	-1.40637409277766
0.513785954198452	-1.47686652149921	0.265585869603692	0.322185040499862	-5.39476734866066	1.68886944679816	-2.2862171181824
0.523785954198452	-1.53006914935073	0.281420297723904	0.294968401916613	-5.243840713586	1.47651314886266	-3.15524418395863
0.533785954198452	-1.58170815748088	0.295077397295778	0.259259401287465	-5.08308516143294	1.25036736889546	-3.93840097941855
0.543785954198452	-1.63173038540103	0.306301306059603	0.217755740018521	-4.92150290345496	0.988748256644048	-4.28953429491271
0.553785954198452	-1.68014175314219	0.314758845270826	0.17472150621896	-4.76096179061641	0.699016611858316	-4.26439562324892
0.563785954198452	-1.72695307824526	0.320223417549315	0.133347085522878	-4.6014353633804	0.391747349455829	-3.97494294399612
0.573785954198452	-1.77217176051638	0.322563852559358	0.0957825512563832	-4.44228516140628	0.0754273841204443	-3.51693686974756
0.583785954198452	-1.81579662299714	0.321723503047053	0.0633072879646688	-4.28248462966316	-0.243489586013219	-2.96866885050518
0.587738012313745	-1.83259571459405	0.320512751836188	0.0520236525089126	-4.21890412915218	-0.369155557249941	-2.74107653711542
0.597738012313745	-1.87379862352267	0.315647881700659	0.020998586710165	-4.02083712451156	-0.603893554912194	-3.46061077150375
0.607738012313745	-1.91299797933848	0.30843557753651	-0.0171164355188336	-3.81843845696393	-0.838412916205117	-4.15850853684328
0.617738012313745	-1.95016587883214	0.298869470937913	-0.0618252265376889	-3.61664318929517	-1.07811870176469	-4.7164870061401
0.627738012313745	-1.98537233569004	0.286799588442956	-0.109888608588682	-3.42667222521965	-1.33865413598158	-4.82827523525383
0.637738012313745	-2.01873681436606	0.272057635753813	-0.157249622056996	-3.24791833736826	-1.61090313598606	-4.59714692573447
0.647738012313745	-2.05036040140136	0.254571030797805	-0.20108146879941	-3.07806286751109	-1.88637985758672	-4.14031062608047
0.657738012313745	-2.08031890550101	0.234339948956425	-0.239628292890803	-2.91446482102028	-2.15894441149619	-3.55451685905803
0.667738012313745	-2.10866237181486	0.211416366669402	-0.271997414409128	-2.75468806550532	-2.42428548347803	-2.91575138932306
0.677738012313745	-2.13541903795834	0.18588838350695	-0.297956948177742	-2.59684598888543	-2.67941426729429	-2.28049391845318
0.687738012313745	-2.16060164293681	0.157869032889984	-0.317751297592136	-2.43973133702396	-2.92228021723482	-1.68794863094187
0.697738012313745	-2.18421416099499	0.127488272376284	-0.331941794340293	-2.2827833103361	-3.15151565553975	-1.1627716692814
0.707738012313745	-2.20625769978979	0.0948870195372404	-0.34127551583622	-2.12596499790773	-3.3662752517263	-0.717928063608413
0.717738012313745	-2.22673498320425	0.0602124830453281	-0.346582234038479	-1.96961096294203	-3.56613173021998	-0.357428594652311
0.727738012313745	-2.24565332402884	0.023614378263402	-0.348697474179176	-1.81428196087179	-3.75099968754127	-0.07879687952944
0.737738012313745	-2.26302625806684	-0.014758166887905	-0.348408553536724	-1.66064411643529	-3.92107205420429	0.124809648237575
0.747738012313745	-2.27887486513592	-0.0547577853308879	-0.346420373498803	-1.5105262628394	-4.07474780605731	0.262312436227823
0.757738012313745	-2.29334525902978	-0.0960348160146182	-0.343387375876984	-1.39126488675634	-4.16590520517827	0.333291145523948
0.767738012313745	-2.30684874057178	-0.137794161060911	-0.339944526755783	-1.31654380911129	-4.17258752113013	0.347210873476708
0.777738012313745	-2.31981145271496	-0.179233869525655	-0.336578085897069	-1.28239510503146	-4.10348684495676	0.320577972756038
0.787738012313745	-2.33261662510625	-0.219642465514892	-0.333620435906011	-1.28422592587392	-3.96796983632536	0.267623273545391
0.797738012313745	-2.34559916273365	-0.258404324784671	-0.331273818001439	-1.31721971581062	-3.77539773687848	0.200016154027942
0.807738012313745	-2.35902017681172	-0.295040607576694	-0.32962367500337	-1.36713315473457	-3.55131371702396	0.131548344447666
0.817738012313745	-2.37294109808337	-0.329426167886014	-0.328609578331715	-1.41696356102545	-3.32566089282101	0.0729687187004908
0.827738012313745	-2.38735641607127	-0.36155316110623	-0.328130254235096	-1.46588740882901	-3.09980215697396	0.0245807499152889
0.837738012313745	-2.4022534686591	-0.391425261012438	-0.328085153423526	-1.51320122261354	-2.87485226467206	-0.0139791781574808
0.847738012313745	-2.41761304208472	-0.419056358555403	-0.328379723766248	-1.55829881086783	-2.65174240538966	-0.0435138229607124
0.857738012313745	-2.43341035630197	-0.444468804668987	-0.328928876269096	-1.60067306791541	-2.43123617158074	-0.0650865921622273
0.867738012313745	-2.44961604888788	-0.467691819077435	-0.329658860762597	-1.63991404142803	-2.21394660224484	-0.0798815794318803
0.877738012313745	-2.46619712491631	-0.4887600706388	-0.330507921647146	-1.67570421168607	-2.0003533009989	-0.0890988729118475
0.887738012313745	-2.4831178493688	-0.507712426022016	-0.331426064791859	-1.70781185654916	-1.79081888072716	-0.0938806718068109
0.897738012313745	-2.50034056682829	-0.524590857253368	-0.332374218916939	-1.73608325757309	-1.58560422686433	-0.0952632192793026
0.907738012313745	-2.5178264400608	-0.539439494676955	-0.333323024353095	-1.76043436171854	-1.38488228333405	-0.0941495236092517
0.917738012313745	-2.53553610451006	-0.55230380981825	-0.334251433043526	-1.78084236906225	-1.18875023921329	-0.0912981334015968
0.927738012313745	-2.5534302397547	-0.563229912116726	-0.335145258667173	-1.79733758351674	-0.997240126406694	-0.0873237283196932
0.937738012313745	-2.57147006175575	-0.572263944086448	-0.3359957763227	-1.80999574883181	-0.810327930180294	-0.0827058867146734
0.947738012313745	-2.58961774146319	-0.579451560787858	-0.33679843798672	-1.81893099943608	-0.627941370119891	-0.0778030243704878
0.957738012313745	-2.60783675627412	-0.584837481224035	-0.337551743013243	-1.8242894849132	-0.449966535734544	-0.0728691149524132
0.963303180686533	-2.61799387799149	-0.587070577923269	-0.337949749208204	-1.82578515574052	-0.352777336090392	-0.0701746205941122
0.973303180686533	-2.63629304806852	-0.590052616962503	-0.334804746395558	-1.83341212003043	-0.244350379701365	0.698678281019493
0.983303180686533	-2.65465138260899	-0.591970064494183	-0.323984275295963	-1.83781807534085	-0.139666489871982	1.46510695514743
0.993303180686533	-2.67304267463532	-0.592854549947971	-0.305506805877516	-1.84020293479174	-0.0375633704708908	2.23027734801958
1.00330318068653	-2.69145258193557	-0.592725653482125	-0.279383825420056	-1.84174940264246	0.0631138584940797	2.99554640156645
1.01330318068653	-2.70987660754149	-0.591581657316347	-0.245738826374537	-1.84245988877593	0.169699751591098	3.68267574979334
1.02330318068653	-2.72828303500069	-0.589225966142613	-0.207097226635563	-1.83782860478201	0.306122665187022	3.98305721051086
1.03330318068653	-2.74661308628014	-0.585382233009206	-0.167152088572059	-1.82718226222701	0.465691306788003	3.96066949897015
1.04330318068653	-2.76480728898021	-0.579864532035506	-0.12863625330079	-1.81073669693699	0.639608471818841	3.71205476805476
1.05330318068653	-2.78281082175331	-0.572565312557134	-0.0933918989502446	-1.78920505238	0.821014288745143	3.31865295028212
1.06330318068653	-2.80057807116902	-0.563436082351655	-0.0625241649353192	-1.76368349071856	1.00492298710136	2.8464640174295
1.07330318068653	-2.81807540989653	-0.552469940466237	-0.036553118790168	-1.73543628486724	1.18794760704246	2.34667212279219
1.08330318068653	-2.83528184413498	-0.539687266750435	-0.0155558103844404	-1.70569756928272	1.36796281877757	1.85695866310638
1.09330318068653	-2.85218798321366	-0.525124726675549	0.000707147365078389	-1.67553760147124	1.54378802011258	1.40324254525369
1.10330318068653	-2.86879402545845	-0.508827190011472	0.0126835690049375	-1.64579828493801	1.71492408136866	1.00161996283389
1.11330318068653	-2.88510738556091	-0.490841986544735	0.0209413117346481	-1.61708264797899	1.88134852289488	0.660323897790585
1.12330318068653	-2.90114040154835	-0.471214949756944	0.026099027328627	-1.589777980391	2.04336087429636	0.381574596324085
1.13330318068653	-2.91690836558637	-0.449987804976539	0.0287745132102492	-1.56409491421957	2.2014664788945	0.163238640130123
1.14330318068653	-2.93242797065614	-0.427196572331635	0.0295484987900961	-1.54010986776289	2.35628818052364	0.000252200725595786
1.15330318068653	-2.94771616527288	-0.4028707472935	0.0289414106367685	-1.5178033237352	2.50849804899619	-0.114207098716561
1.16330318068653	-2.96278935393407	-0.377033086311399	0.0274006134332264	-1.49709035995956	2.65876396247275	-0.187794730548875
1.17330318068653	-2.9776628595315	-0.34969986626923	0.0252957470119258	-1.47784251939009	2.80770785244618	-0.228301559857507
1.18330318068653	-2.99235056348012	-0.320881511701723	0.0229200113985565	-1.4599016761828	2.95587364655038	-0.243157023558087
1.19330318068653	-3.00686465021382	-0.290583499824653	0.0204955435284431	-1.44308730850556	3.10370356734418	-0.239102317692328
1.20330318068653	-3.02121623887121	-0.258805997397005	0.0181809982421073	-1.42729815681944	3.25169427689838	-0.222034380411153
1.21330318068653	-3.03533483360759	-0.225685494952519	0.0161145329498004	-1.39043004906224	3.36184136940902	-0.188034286648284
1.22330318068653	-3.04890846836938	-0.191772735194642	0.0144680022618082	-1.31860550277831	3.41083168372563	-0.139620606566732
1.23330318068653	-3.06159624893665	-0.157659645148078	0.0133424947101703	-1.21358844575125	3.40260718329181	-0.0850276342865781
1.24330318068653	-3.073076889488	-0.123896414820215	0.0127671249259119	-1.07758095782217	3.3416529711505	-0.0304715853884298
1.25330318068653	-3.08305324283075	-0.0909857435360527	0.0127180542779489	-0.91319728964229	3.23296493649131	0.0196337662242074
1.26330318068653	-3.09125614463239	-0.0593781236737521	0.013135213265829	-0.723434835954613	3.08201826824683	0.0624008843412563
1.27330318068653	-3.09746188235449	-0.0294430937157849	0.013930375676803	-0.516964842132929	2.90403681590539	0.0939988286980806
1.28330318068653	-3.1015913748009	-0.00129800539084057	0.0149639683256971	-0.308751006290978	2.72495157745698	0.110462468710767
1.29330318068653	-3.10363342972349	0.0250549907144524	0.0161002930409387	-0.0994947958452244	2.54558188553963	0.115113433137304
1.30330318068653	-3.10357811875646	0.0496119448515158	0.0172375574420174	0.110707568152464	2.36570590631773	0.111145104705588
1.31330318068653	-3.10141639043885	0.0723666773307668	0.0183036125237226	0.321776825309431	2.18510063226097	0.10128584193267
1.32330318068653	-3.09713990666302	0.0933107983147354	0.0192511678606881	0.533649175947171	2.0035479227358	0.0877789636365571
1.33330318068653	-3.09074090202838	0.112433781059062	0.0200529920404374	0.746273276244375	1.82083924776689	0.0723977286545985
1.34330318068653	-3.08221207888851	0.129723078217829	0.0206973892319956	0.959606176402896	1.63677962774749	0.056483845223377
1.35330318068653	-3.07154654659755	0.14516427510966	0.0211841385118546	1.17360860418663	1.45119113954139	0.0410001196211836
1.36330318068653	-3.05873780978197	0.158741277088992	0.0215209988267419	1.38823992496337	1.26391627285816	0.0265898648284175
1.37330318068653	-3.04377980754543	0.17043653066972	0.0217208180537474	1.60345303063762	1.0748213562931	0.0136375297638636
1.38330318068653	-3.02666700336863	0.180231279973211	0.0217992374685195	1.81918933584004	0.883800219997963	0.00232661667009278
1.39166814073215	-3.01069352155977	0.186950489686991	0.0217837096375799	2.00000000000031	0.722477004940907	-0.00584525779454522
1.40166814073215	-2.98961134911495	0.193203329500304	0.0216825430667906	2.21648727850978	0.527749927760109	-0.0141256998246841
1.41166814073215	-2.96636292676688	0.197498680948656	0.0215062070289013	2.43322838761238	0.33098215516963	-0.0209038306481816
1.42166814073215	-2.9409464127567	0.199816299793567	0.0212689389323264	2.65007902242263	0.132214245064731	-0.0263406760222259
1.43166814073215	-2.91336156400913	0.200136597954583	0.0209832843018125	2.86686318640485	-0.0684621250271399	-0.0306101211815993
1.44166814073215	-2.88361006940942	0.198441184998124	0.0206600647929764	3.0833699762631	-0.27089806382557	-0.0338804904545114
1.45166814073215	-2.85169591353515	0.194713471779416	0.0203085016293724	3.29935070631208	-0.474881138548614	-0.0363018624658401
1.46166814073215	-2.8176257673979	0.188939337881408	0.0199364409405447	3.51451638566309	-0.680128973377675	-0.0379982271455829
1.47166814073215	-2.78140940253293	0.181107862611335	0.0195506369684054	3.72853557788052	-0.886282977047687	-0.0390636134293932
1.48166814073215	-2.74306014868191	0.171212159636585	0.0191570464438819	3.94103580816433	-1.09290794374458	-0.039559541166057
1.49166814073215	-2.70259589241994	0.159251189166868	0.0187608830191552	4.1508725559973	-1.29820875929511	-0.0398416805499817
1.50166814073215	-2.66010640252051	0.145347525161351	0.0183398187898241	4.34301067833645	-1.47613101564058	-0.0454979499341424
1.51166814073215	-2.61581654651628	0.129856699953974	0.0178334809832865	4.51090095257485	-1.61563373951078	-0.0564033900110082
1.52166814073215	-2.56996953247277	0.113162147697606	0.0172033109383065	4.65445853755031	-1.71696651955154	-0.0698589509855209
1.53166814073215	-2.52280761040751	0.0956419176053744	0.0164350530830586	4.77395708288819	-1.78095331466637	-0.083707484812116
1.54166814073215	-2.47456858242057	0.0776630488235181	0.015533278220341	4.87000861982618	-1.8089671336979	-0.0963381865273295
1.55166814073215	-2.42548254673264	0.0595762494058199	0.0145160560481482	4.94353692974963	-1.80289430627835	-0.106654215966801
1.56166814073215	-2.37576893874148	0.041710988093977	0.0134100890108138	4.99574490010838	-1.76508764653928	-0.114014588081591
1.57166814073215	-2.3256339246074	0.0243711079947811	0.0122465132208916	5.02807686373988	-1.69830910937519	-0.118160458042015
1.58166814073215	-2.27526819097638	0.00783105957779517	0.0110574771263244	5.04217727955364	-1.60566362491076	-0.119134635833375
1.59166814073215	-2.22484515979118	-0.00766717048841031	0.00987352790559687	5.03984729623614	-1.49052654332179	-0.117201594299362
1.60166814073215	-2.17451964160628	-0.0219163845682137	0.00872177159225452	5.02300073363271	-1.35646747749285	-0.112773483337353
1.61166814073215	-2.1244269262119	-0.0347457313600187	0.00762472681065506	4.99362084595388	-1.20717331910613	-0.106345866116555
1.62166814073215	-2.07468229706259	-0.0460214997306773	0.00659976347065691	4.9537189520669	-1.04637290656548	-0.0984451966441234
1.63166814073215	-2.02538094675012	-0.055647176075415	0.00565900514874067	4.90529569716566	-0.877765352959308	-0.0895885904649018
1.64166814073215	-1.97659826466431	-0.0635628096380294	0.00480957439978805	4.85030540833348	-0.704953513300978	-0.0802552913506185
1.65166814073215	-1.92839046461582	-0.0697437424898975	0.00405407046943724	4.79062376862235	-0.531383576686127	-0.0708684463719144
1.66166814073215	-1.88079551878041	-0.0741987686430273	0.00339118523276719	4.72801888315069	-0.360291372515357	-0.0617853611540683
1.67166814073215	-1.83383436397235	-0.0769677911949364	0.00281638238026695	4.66412574794923	-0.194655707294542	-0.0532942696077045
1.68166814073215	-1.78751234614693	-0.0781190487140101	0.00232258421390457	4.60042414259365	-0.0371588961089483	-0.0456157477646672
1.69166814073215	-1.74182086856105	-0.0777459833624696	0.00190082796824727	4.53822002524997	0.109845404718259	-0.0389071508446308
1.70166814073215	-1.69673920786157	-0.0759638242878051	0.00154086817383463	4.47863058373322	0.244356957350059	-0.033268781524455
1.71166814073215	-1.65223646049575	-0.0729059609657686	0.00123171276416734	4.42257316010097	0.364746170839331	-0.0287508430399584
1.72166814073215	-1.60827357947707	-0.0687201824376868	0.000962088469963934	4.37075829632954	0.469763675555702	-0.0253605472924199
1.73166814073215	-1.56480545911247	-0.06356485942918	0.000720835991923387	4.32368713014663	0.558542166339691	-0.0230690072258011
1.74166814073215	-1.52178302332283	-0.0576051466450123	0.000497238144005999	4.28165329794195	0.630590540183073	-0.0218177321747054
1.75166814073215	-1.4791552721904	-0.0510092815170007	0.000281285314757557	4.24474937993621	0.685780515174668	-0.0215246655451451
1.76166814073215	-1.43687124178745	-0.0439450528107908	6.38828474261913e-05	4.21287776346496	0.724326124322821	-0.0220897662361211
1.77166814073215	-1.39488183446957	-0.0365765074124463	-0.000162995197524587	4.18576562092528	0.746756709696458	-0.0234001540347788
1.78166814073215	-1.3531414807559	-0.0290609561949539	-0.000406201613856939	4.16298351988362	0.753884273206198	-0.0253348317228928
1.79166814073215	-1.31160959956288	-0.0215463302503492	-0.000671356710014559	4.14396702381425	0.746766244000285	-0.0277689781865351
1.80166814073215	-1.27025183062194	-0.0141689273543344	-0.000962829664032635	4.12804051940345	0.726664876466239	-0.0305777891939045
1.81166814073215	-1.22904102096965	-0.00705157588694115	-0.00128375588850425	4.11444243145173	0.695004581841247	-0.0336398328978636
1.82166814073215	-1.1879579559446	-0.000302230255922861	-0.00163608538829023	4.10235096392037	0.653328513781051	-0.0368398882223721
1.83166814073215	-1.14699183363825	0.00598700112772239	-0.0020206568225749	4.09090953412347	0.603255675980925	-0.0400712451615703
1.84166814073215	-1.10614048974625	0.0117404064360007	-0.0024372918563583	4.07925113974701	0.546439707467021	-0.0432374634094436
1.85166814073215	-1.06541038686033	0.0168988214817816	-0.00288490444928938	4.06652100497952	0.484530342841166	-0.0462536055226088
1.86166814073215	-1.02481638814885	0.0214194122104555	-0.00336161998618181	4.05189698054638	0.419138357204014	-0.0490469792025616
1.87166814073215	-0.984381339937175	0.025275126687264	-0.00386489957507248	4.03460731087467	0.351804605111492	-0.0515574375857003
1.88166814073215	-0.944135490873829	0.0284538597348246	-0.00439166537699258	4.01394551940223	0.283973564007487	-0.0537372953956259
1.89166814073215	-0.904115777203632	0.0309573765334851	-0.00493842343274582	3.98928229186246	0.21697160611031	-0.0555509225141784
1.90166814073215	-0.864365004286312	0.0328000428849036	-0.00550138106779515	3.96007435149213	0.151990056047318	-0.0569740759856827
1.91166814073215	-0.824930954062933	0.0340074096767337	-0.00607655655162644	3.92587041628727	0.090072948563117	-0.0579930281617351
1.92166814073215	-0.785865446869856	0.0346146976185072	-0.0066598792425821	3.88631440554472	0.0321092825494877	-0.0586035440982862
1.93166814073215	-0.747223384019946	0.0346652257921339	-0.00724727895633094	3.8411461214351	-0.0211705262957241	-0.0588097565723898
1.94166814073215	-0.709061795092928	0.0342088242074872	-0.00783476375799549	3.79019967274648	-0.0691943635601506	-0.0586229828281708
1.95166814073215	-0.6714389110621	0.0333002665852621	-0.00841848580037814	3.73339993425744	-0.111544726118011	-0.0580605235153625
1.96166814073215	-0.634413281372961	0.0319977551928672	-0.00899479521873937	3.67075734866025	-0.147952079427947	-0.0571444809798288
1.97166814073215	-0.598042949998258	0.0303614848992116	-0.00956028244729585	3.60236138070616	-0.178285736307797	-0.0559006306224238
1.98166814073215	-0.562384702420709	0.0284523088359342	-0.010111809640073	3.52837292723495	-0.202542736532893	-0.054357374960719
1.99166814073215	-0.52749339251818	0.0263305232842384	-0.0106465321506221	3.44901597368744	-0.220835199696422	-0.05254480495035
2.00166814073215	-0.493421355509127	0.0240547847616541	-0.011161911240639	3.36456876906449	-0.233376606198347	-0.0504938869346707
2.01166814073215	-0.460217910508063	0.0216811678614721	-0.0116557193361713	3.27535476838972	-0.240467434386817	-0.048235786452247
2.02166814073215	-0.427928953878036	0.0192623682847019	-0.0121260392241845	3.1817335657191	-0.242480547235277	-0.0458013324415997
2.03166814073215	-0.396596642475826	0.0168470517703131	-0.0125712585789945	3.08409201268268	-0.239846681098361	-0.0432206177038412
2.04166814073215	-0.366259164080678	0.0144793463276946	-0.0129900611306668	2.98283568842692	-0.233040343768518	-0.0405227244384827
2.05166814073215	-0.336950590785409	0.0121984723416366	-0.0133814156452468	2.8783808575517	-0.222566381039051	-0.0377355578340059
2.06166814073215	-0.308700809906629	0.0100385027727235	-0.0137445636941106	2.77114702401712	-0.208947422038398	-0.0348857665210826
2.07166814073215	-0.281535526028892	0.00802824381566642	-0.0140790069648862	2.66155016173156	-0.192712365397412	-0.031998726444132
2.08166814073215	-0.255476327118831	0.00619122498985502	-0.0143844946289496	2.54999667719563	-0.174386022311686	-0.0290985644283102
2.09166814073215	-0.230540807208736	0.00454578669202967	-0.0146610110495942	2.43687813659792	-0.154479989966311	-0.0262081992665887
2.10166814073215	-0.206742737928895	0.0031052527016358	-0.0149087639074329	2.32256676942155	-0.133484790496834	-0.0233493812138186
2.11166814073215	-0.18409228113764	0.00187817494898429	-0.0151281726485136	2.20741174307215	-0.111863277246341	-0.0205427149284288
2.12166814073215	-0.162596235028875	0.000868637984365994	-0.0153198570345694	2.09173618829691	-0.0900452818209673	-0.017807655671394
2.13166814073215	-0.142258306361515	7.66109709524616e-05	-0.0154846254975485	1.9758349431482	-0.0684234523543202	-0.0151624734833947
2.14166814073215	-0.123079401827001	-0.000501664385123938	-0.015623462971318	1.85997297378889	-0.047350215257982	-0.0126241846922331
2.15166814073215	-0.105057932025598	-0.000873260805532576	-0.0157375178876554	1.74438442332165	-0.0271357791916766	-0.0102084541154898
2.16166814073215	-0.0881901220370081	-0.00104813728635159	-0.0158280880738672	1.62927223480078	-0.0080470905580742	-0.00792947448356187
2.17166814073215	-0.0724703231267127	-0.00103870485659179	-0.0158966053663774	1.51480829138963	0.00969235601661918	-0.0057998317895245
2.18166814073215	-0.057891320709137	-0.000859394302994637	-0.0159446188483991	1.40113401500053	0.0259019515584973	-0.00383036645023026
2.19166814073215	-0.0444446342778641	-0.000526232918708791	-0.0159737767205729	1.28836136445317	0.0404427506095918	-0.00203004039925484
2.20166814073215	-0.0321208055996135	-5.64363443278014e-05	-0.0159858069123782	1.17657417498665	0.0532156909722825	-0.000405819653477515
2.21166814073215	-0.0209096720425123	0.000531979393661129	-0.0159824966318793	1.06582978266002	0.0641593498956077	0.00103741932960325
2.22166814073215	-0.0108006224622637	0.00122056146570729	-0.0159656711264336	0.956160879599428	0.0732473267158208	0.00229695286786137
2.23166814073215	-0.00178283359568885	0.00199075613551562	-0.0159371719837578	0.847577549042997	0.0804853365169926	0.00337223815523246
2.24166814073215	0.00615451459522323	0.00282421447776008	-0.0158988353394516	0.740069432561306	0.085908093299126	0.00426490359638259
2.25166814073215	0.0130220457279059	0.0037030661777799	-0.0158524703735928	0.633607985576038	0.0895760546501568	0.00497870070294878
2.26166814073215	0.0188300166324556	0.00461016036031517	-0.0157998384765465	0.528148781256871	0.0915720931934641	0.00551941867950192
2.27166814073215	0.0235881701146858	0.00552927301301486	-0.0157426334449148	0.423633826955989	0.091998153270207	0.00589476436637471
2.28166814073215	0.0273056108123284	0.00644528112106695	-0.015682463035472	0.319993861460194	0.0909719445349795	0.00611421143349651
2.29166814073215	0.0299907038110363	0.00734430411268487	-0.0156208321612385	0.217150605429808	0.0886237174911551	0.00618882361398471
2.30166814073215	0.0316509954305993	0.00821381363302165	-0.0155591279628572	0.115018941389959	0.0850931595479992	0.006131057333076
2.31166814073215	0.0322931553748382	0.00904271301879526	-0.0154986069333302	0.0135090034882291	0.0805264440091962	0.00595454935093115
2.32166814073215	0.0319229392592345	0.00982138814046676	-0.0154403842177982	-0.0874718391110447	0.0750734585528135	0.00567389503419162
2.33166814073215	0.0305451703863941	0.0105417315166637	-0.0153854251548596	-0.188017117899117	0.0688852342752965	0.00530442264609816
2.34166814073215	0.0281637395284825	0.0111971417904468	-0.0153345390738948	-0.288219529295571	0.0621115912757387	0.00486196864688357
2.35166814073215	0.0247816213951243	0.0117825007930069	-0.0152883753154734	-0.388169334163463	0.0548990120707647	0.00436265847277878
2.36166814073215	0.0204009064121047	0.0122941305116006	-0.0152474214002129	-0.487952896606149	0.0473887498656254	0.00382269665767
2.37166814073215	0.0150228464075944	0.0127297323292389	-0.015212003236026	-0.587651363777223	0.0397151748664769	0.00325816951526544
2.38166814073215	0.00864791279562665	0.0130883109180392	-0.0151822872247952	-0.687339486420605	0.0320043583985146	0.00268486294431872
2.39166814073215	0.00127586585825114	0.0133700851504156	-0.015158284107106	-0.787084578130588	0.0243728915851562	0.00211809728112798
2.40166814073215	-0.00709416624462572	0.0135763883464473	-0.0151398543674685	-0.886945609871429	0.016926932730544	0.0015725805218231
2.41166814073215	-0.0164636000679577	0.013709560105706	-0.0151267150120406	-0.986972435108988	0.00976147531339487	0.00106228068560875
2.42166814073215	-0.0268343023557027	0.0137728318812361	-0.0151184475256631	-1.08720513996714	0.00295982662398414	0.000600317597729258
2.43166814073215	-0.0382084896156554	0.0137702083457242	-0.015114506814431	-1.18767351211169	-0.00340671446475926	0.000198873941749101
2.44166814073215	-0.0505886229485935	0.0137063464784083	-0.0151142309434094	-1.288396621566	-0.00927899333031283	-0.000130874934322137
2.45166814073215	-0.0639772992157322	0.0135864341689551	-0.0151168514858153	-1.38938250635734	-0.0146099627182638	-0.000378813276219138
2.46166814073215	-0.0783771395566724	0.0134160699941201	-0.0151215043094436	-1.49062795576129	-0.0193644875052458	-0.000535920307969812
2.47166814073215	-0.0937906761977041	0.0132011456769977	-0.0151272406377187	-1.59211838393632	-0.0235190059106545	-0.000594289994750504
2.48166814073215	-0.110220238418944	0.0129477325893114	-0.0151330382360264	-1.69382778690229	-0.0270610621913898	-0.00054713657740791
2.49166814073215	-0.127667838479643	0.0126619735064934	-0.0151378125884343	-1.79571877609796	-0.0299887258969991	-0.000388787370727905
2.50166814073215	-0.146135058235195	0.0123499806749983	-0.0151404279451715	-1.89774268213508	-0.0323099126425886	-0.000114664379270306
2.51166814073215	-0.165622937117801	0.012017741102917	-0.0151397081369491	-1.99983972283272	-0.0340416210977949	0.000278743685240886
2.52166814073215	-0.186131862096204	0.0116710298397554	-0.0151344470680814	-2.10193923014684	-0.0352091005155773	0.000793917397497513
2.53166814073215	-0.207661460178916	0.0113153318702747	-0.0151234188161653	-2.20395993118866	-0.0358449626575527	0.00143234905463248
2.54166814073215	-0.230210493980327	0.010955773111361	-0.0151053872815853	-2.30581027913284	-0.0359882514351266	0.00219459002405557
2.55166814073215	-0.253776760830166	0.0105970608705987	-0.0150791153451596	-2.40738883043415	-0.035683482998586	0.00308030152658343
2.56166814073215	-0.278356995874029	0.0102434340009741	-0.0150433735066768	-2.50858466538034	-0.0349796683888734	0.00408830744677917
2.57166814073215	-0.303946779585938	0.00989862286813368	-0.0149969479907588	-2.60927784959179	-0.033929330236086	0.00521664784403359
2.58166814073215	-0.330540450092698	0.00956581913493654	-0.0149386483192845	-2.70933993461583	-0.0325875243594832	0.00646263193226146
2.59166814073215	-0.358131020693762	0.00924765526258641	-0.0148673143614094	-2.80863449623958	-0.0310108765075037	0.00782288940333238
2.60166814073215	-0.386710102948596	0.00894619352824205	-0.01478182288287	-2.90701770954261	-0.0292566438810877	0.00929341909009379
2.61166814073215	-0.416267835695366	0.00866292426544147	-0.0146810936256406	-3.004338960016	-0.0273818105136652	0.0108696340999667
2.62166814073215	-0.446792820359111	0.00839877294568576	-0.0145640949569635	-3.10044149027492	-0.0254422250365131	0.0125464027005445
2.63166814073215	-0.47827206290341	0.00815411563687419	-0.0144298491331357	-3.19516308197814	-0.023491788834499	0.0143180844051689
2.64166814073215	-0.510690922775565	0.00792880229679416	-0.0142774372280587	-3.28833677253366	-0.0215817020859067	0.0161785608894363
2.6455721368634	-0.523598775598299	0.00784596603637298	-0.0142128180382176	-3.32425478002064	-0.0208574211235032	0.0169275827277805
2.6555721368634	-0.557887522531556	0.00834335146854109	-0.0111903999327538	-3.53314818688004	0.120231261911184	0.587774184836279
2.6655721368634	-0.594254044414955	0.0102478492186032	-0.00245562974338088	-3.73973222718907	0.260495895898105	1.15912171322609
2.6755721368634	-0.632672868067361	0.0135490642638068	0.011987683406406	-3.94352509971313	0.399497001829995	1.72915308332933
2.6855721368634	-0.67311349729804	0.0182319226191058	0.0321159407055115	-4.14400125271697	0.536735636456674	2.29572609784622
2.6955721368634	-0.715539896271207	0.0242760019343859	0.0578824795569216	-4.34057594730935	0.671638901255774	2.85637071289081
2.7055721368634	-0.759909849352629	0.0316546988059398	0.0892149141765078	-4.5326010827925	0.803531718428809	3.4085863309287
2.7155721368634	-0.806163649272509	0.0403569224335142	0.125638387162726	-4.71545895017716	0.939998403818893	3.8115329214573
2.7255721368634	-0.8541670902161	0.0505099005568141	0.164246036730621	-4.88286960564669	1.09276162505287	3.85923769308375
2.7355721368634	-0.903778065416118	0.0622447087229972	0.201973173477883	-5.03737194330079	1.25532042914961	3.65145986214216
2.7455721368634	-0.954878815546766	0.0756294621477982	0.236720137152381	-5.18114058631198	1.42185353546424	3.27662155631278
2.7555721368634	-1.0073704790044	0.0906783966018607	0.267192111839025	-5.31576978814149	1.58739879854203	2.80721085154752
2.7655721368634	-1.06116714657831	0.10736023157058	0.292740069226626	-5.4422621885517	1.74780795491344	2.30002879383613
2.7755721368634	-1.11619026446281	0.125606106691217	0.313209202592664	-5.56110385344181	1.89970712243931	1.79737310050335
2.7855721368634	-1.17236403322561	0.145317104409903	0.328802296315213	-5.67238583436025	2.0404597631594	1.32878204511817
2.7955721368634	-1.22961190409466	0.166371040019955	0.339962149802677	-5.77539861346259	2.16718134425111	0.913307939900034
2.8055721368634	-1.28778777198588	0.188512338783111	0.34730521272843	-5.85429759447053	2.25145671553424	0.56794080659549
2.80918841173581	-1.30899693899575	0.196686254425144	0.349163758974399	-5.87485178525181	2.26796140609849	0.461570877057807
2.81918841173581	-1.3671656857787	0.218455546489254	0.349315103135004	-5.75712837967697	2.08434373494888	-0.431031369233356
2.82918841173581	-1.42410323350802	0.238341892939941	0.34055475813239	-5.62852696440945	1.8913576903414	-1.32014573282888
2.83918841173581	-1.47969849634498	0.2562513346292	0.322936274645484	-5.48861397994273	1.68896685395397	-2.20203175182607
2.84918841173581	-1.53383707776118	0.272090082601022	0.296552998767254	-5.33715519566581	1.47732446600172	-3.07348125050259
2.85918841173581	-1.58640546031817	0.285761216577533	0.261614122318913	-5.17543361742939	1.25299655718405	-3.87536232790623
2.86918841173581	-1.63734370581415	0.297026692628634	0.220554192762146	-5.01236036530048	0.994307617136469	-4.26220604293398
2.87918841173581	-1.68665628503618	0.305551499326393	0.177653783391997	-4.85035319650507	0.706802700438186	-4.26349355639219
2.88918841173581	-1.73435441833943	0.311102595444178	0.13619092390323	-4.68941808814911	0.40118176202437	-3.99227114150838
2.89918841173581	-1.78044624162583	0.31354375708698	0.0983912583681269	-4.52894710261557	0.0860785904979491	-3.54559960782079
2.90918841173581	-1.82493154747414	0.312814738006634	0.0655962913920883	-4.36792893734013	-0.231912331947805	-3.00313878206623
2.9109487958451	-1.83259571459417	0.312357278159761	0.0603979202162628	-4.33944247840216	-0.287802948875458	-2.90266556805213
2.9209487958451	-1.8750010104083	0.308305714157046	0.0277405682676366	-4.14075218019372	-0.522612931799555	-3.6253167635867
2.9309487958451	-1.91539589318953	0.301905299486662	-0.0120335010232713	-3.93761633191035	-0.757334005090308	-4.32541916367765
2.9409487958451	-1.95375585170029	0.293139796739619	-0.0582714436132046	-3.73617543125673	-0.999676812843091	-4.84513743362062
2.9509487958451	-1.99016111584478	0.281839032097377	-0.107382114581875	-3.54687515665607	-1.26316242422043	-4.91041706958221
2.9609487958451	-2.02473014117487	0.267839924055683	-0.155366699734584	-3.36858110997766	-1.53772713138553	-4.64113999001996
2.9709487958451	-2.05756142814283	0.251075777276799	-0.199482870809624	-3.19888435461079	-1.81498489123098	-4.15454745794923
2.9809487958451	-2.08872748683538	0.231551533396129	-0.238056254056022	-3.03509406337101	-2.08891086916072	-3.54682984422406
2.9909487958451	-2.11827479040401	0.209322841855862	-0.27026820092371	-2.8747682968842	-2.35529536786954	-2.89307178129349
3.0009487958451	-2.14622812172308	0.184480548953154	-0.295950819890805	-2.71604710439455	-2.61123351767518	-2.24867067135772
3.0109487958451	-2.17259712726768	0.157139667395895	-0.315401323302496	-2.55776646534447	-2.85474528215991	-1.65169422762793
3.0209487958451	-2.19738314741986	0.127431472969661	-0.329222611753034	-2.39941230972976	-3.08452546539932	-1.12569949826749
3.0309487958451	-2.22058510529472	0.0954976014481452	-0.338192788405513	-2.24098994254585	-3.29978662123433	-0.682649626370599
3.0409487958451	-2.24220392378175	0.0614854186120815	-0.3431632702916	-2.08286813863435	-3.5001558217727	-0.325685103260797
3.0509487958451	-2.26224541394621	0.0255442730009986	-0.344983252943746	-1.92563338608444	-3.68559793007537	-0.051606136256373
3.0609487958451	-2.28072182906336	-0.0121775515816891	-0.34444723514683	-1.76997017351961	-3.8563508543336	0.147004841752554
3.0709487958451	-2.29765326358557	-0.0515337022286067	-0.34226229505914	-1.6173769059141	-4.0114544992137	0.27967234489714
3.0809487958451	-2.31317007624605	-0.092201910812133	-0.339074962298106	-1.49369326356999	-4.10744262704444	0.346823474388838
3.0909487958451	-2.32767470766446	-0.133402653767244	-0.335514484504168	-1.41429347774032	-4.11942744596976	0.357284982977595
3.1009487958451	-2.3415904101644	-0.174339441429211	-0.332062466595385	-1.37520997264871	-4.05613283340231	0.327708646572056
3.1109487958451	-2.3552983934592	-0.214305008339737	-0.32904598492503	-1.37195687419151	-3.92676126498723	0.27234738826184
3.1209487958451	-2.36913252825737	-0.252686410287996	-0.3266619870135	-1.39958988216781	-3.74091502426041	0.202963244115728
3.1309487958451	-2.38335968011457	-0.288995708330408	-0.324994113241845	-1.44653738400072	-3.51946159149618	0.131985877283624
3.1409487958451	-2.39806363489252	-0.323069773797069	-0.323986840311308	-1.49417076610271	-3.29522869083342	0.071290433909785
3.1509487958451	-2.41324015304281	-0.354899906283318	-0.323531978357926	-1.54092421952803	-3.07087678751724	0.0214701807692402
3.1609487958451	-2.428876814945	-0.384490647927348	-0.323522764559855	-1.58608963483311	-2.84752022383873	-0.0179632650267991
3.1709487958451	-2.44495460905494	-0.411856743885979	-0.323859673918724	-1.62905737439741	-2.6260879739011	-0.0479343872087473
3.1809487958451	-2.46144892640998	-0.437021375692457	-0.324453815152919	-1.66931757417895	-2.40734116837612	-0.0696181086770681
3.1909487958451	-2.47833055190114	-0.460014568757949	-0.325228682352029	-1.70645829117905	-2.19189035384779	-0.0842958534220811
3.2009487958451	-2.49556662183259	-0.480871773129078	-0.326120658268695	-1.74016077171772	-1.9802127427941	-0.093249046061179
3.2109487958451	-2.51312152357185	-0.499632613563722	-0.327078619122812	-1.77019274259675	-1.77266872622706	-0.0976850205725566
3.2209487958451	-2.53095772153698	-0.516339798905587	-0.328062937731713	-1.79640050568098	-1.56951715733308	-0.0986898542732753
3.2309487958451	-2.54903650085474	-0.531038176896223	-0.329044126832855	-1.8187004706954	-1.37092912385828	-0.0972026899241865
3.2409487958451	-2.5673186256209	-0.543773918634636	-0.330001311770769	-1.83707061175372	-1.17700009901343	-0.0940064870438827
3.2509487958451	-2.58576491284415	-0.554593816479024	-0.330920673887964	-1.85154219484069	-0.987760491003191	-0.0897307182795198
3.2609487958451	-2.60433672601488	-0.563544679866765	-0.331793964422066	-1.86219200468823	-0.803184700901751	-0.0848621964702786
3.2682713697101	-2.61799387799149	-0.568940399991835	-0.332401762169028	-1.86763175352305	-0.670944642118761	-0.081133566252982
3.2782713697101	-2.63673558578749	-0.57507607177182	-0.329341588032422	-1.87997862058854	-0.557003394208179	0.692588362764333
3.2882713697101	-2.65558077014066	-0.580094909077129	-0.318559870584899	-1.88852225937885	-0.447393402191568	1.46335172821769
3.2982713697101	-2.67449728168441	-0.584034646732083	-0.300080720367355	-1.89444093249363	-0.340994906491869	2.2322670804314
3.3082713697101	-2.69346470230604	-0.586921438867427	-0.273920403422782	-1.89888803852545	-0.236566961171522	2.99916493159433
3.3182713697101	-2.71247104216359	-0.588752953510106	-0.240303490023128	-1.90157586829162	-0.12541272618868	3.66752199534515
3.3282713697101	-2.7314747948396	-0.589326132784944	-0.201949433505106	-1.89809260784972	0.0151873848543138	3.94241625200128
3.3382713697101	-2.750411411503	-0.588377128376491	-0.162498161021709	-1.88817551173468	0.177463542964671	3.90396301010257
3.3482713697101	-2.76921800604781	-0.585733114213372	-0.124596959281876	-1.87218451991536	0.35292773750244	3.6469733441277
3.3582713697101	-2.78783745687451	-0.581296879003155	-0.0900195841937915	-1.8509115276456	0.53496130214028	3.25120517511278
3.3682713697101	-2.80622234625213	-0.575028205193991	-0.0598190181042763	-1.82547590754944	0.718751563947843	2.78109814798134
3.3782713697101	-2.82433727561318	-0.566927026509466	-0.034477931665924	-1.79712872738903	0.901029071906587	2.28645201454761
3.3882713697101	-2.84215924704132	-0.557019592656752	-0.0140487954204007	-1.76707364086903	1.0797466363688	1.80377279682648
3.3982713697101	-2.85967653802453	-0.545347791484535	0.00172170870670749	-1.73634782641367	1.25377721311155	1.35802565238464
3.4082713697101	-2.87688671193128	-0.531961253590616	0.0132868842110278	-1.70576676779727	1.42266201246027	0.964570195373057
3.4182713697101	-2.8937943388703	-0.516911698089164	0.0212137311736334	-1.67591848187662	1.58641358187537	0.631103201804132
3.4282713697101	-2.91040882728972	-0.50024900133257	0.026115584178031	-1.64718838386704	1.7453664227137	0.359484612034315
3.4382713697101	-2.92674258735557	-0.482018566787416	0.0286020829223544	-1.61979842259231	1.90006434629313	0.147368354747597
3.4482713697101	-2.94280960650212	-0.462259679529543	0.0292442893980024	-1.59384885189328	2.05117474502784	-0.0104034796913922
3.4582713697101	-2.95862442510367	-0.441004615300174	0.0285524977931286	-1.56935566172854	2.19942239427995	-0.120656642052374
3.4682713697101	-2.97420144971724	-0.418278335410815	0.0269642533952973	-1.54628035000571	2.34553782932318	-0.190984594456037
3.4782713697101	-2.9895545215429	-0.394098638587137	0.0248402304340963	-1.52455120643049	2.49021717556665	-0.229072823803237
3.4882713697101	-3.00469665758459	-0.368476665795411	0.0224658558715233	-1.5040767550878	2.63409145531236	-0.242220389240345
3.4982713697101	-3.01963989254399	-0.341417670551024	0.0200568596333019	-1.48475271319251	2.77770397900016	-0.237027804548771
3.5082713697101	-3.03439516436996	-0.312921979808409	0.017767246181467	-1.46646402011217	2.92149464856076	-0.219219698567659
3.5182713697101	-3.04897220157977	-0.282986081980342	0.0156984919753977	-1.4490833862205	3.06579003826452	-0.193572169085037
3.5282713697101	-3.06337823132397	-0.251605801205586	0.0139095229690468	-1.43129692677922	3.20874915041611	-0.163392913028432
3.5382713697101	-3.07751100978732	-0.218964009027462	0.0124698809879781	-1.38936734340474	3.30934718983101	-0.122509027987281
3.5482713697101	-3.09105166775369	-0.185615929744691	0.0114866130739373	-1.31321156227084	3.35072551986674	-0.0733648241534359
3.5582713697101	-3.10366739600709	-0.152133741949287	0.0110084354788894	-1.20471732258353	3.33685071833863	-0.0224075226959907
3.5682713697101	-3.11504560628394	-0.119048580522206	0.0110287646209463	-1.06611373275399	3.2720931695705	0.0256911591237746
3.5782713697101	-3.12489798762395	-0.0868453078010606	0.0115020563328913	-0.900015776245108	3.16131991563634	0.0677716839788162
3.5882713697101	-3.13296399037184	-0.0559581116497156	0.0123577083281484	-0.709352447716183	3.00978751614408	0.101938634263473
3.5982713697101	-3.13902799541912	-0.0267419790391293	0.0135054453447198	-0.502584475089507	2.8322814103178	0.12514870957907
3.6082713697101	-3.14301154900968	0.000686693474574162	0.0148122912860063	-0.293966993583615	2.653458474472	0.134113569697901
3.6182713697101	-3.14490431805148	0.0263268959503281	0.0161516781745642	-0.0844436485543412	2.47454710205276	0.132249629677998
3.6282713697101	-3.14469769143431	0.0501765349084844	0.0174322000395527	0.125899535352302	2.29530567649499	0.122842016036628
3.6382713697101	-3.14238381591484	0.0722311163909155	0.0185925292418321	0.336996742574075	2.11549661155368	0.108619310184363
3.6482713697101	-3.13795540491789	0.0924838106116133	0.0195958584460406	0.548799916579618	1.93489099794494	0.0917611855827329
3.6582713697101	-3.13140557914586	0.110925557341464	0.0204245816355717	0.761274931423599	1.75327219323362	0.0739364682142104
3.6682713697101	-3.12272775036234	0.127545203898768	0.021075459083643	0.974396859441869	1.57043881939565	0.0563601565055093
3.6782713697101	-3.11191555529823	0.142329671639025	0.0215554084235122	1.18814473934628	1.38620751531825	0.0398602921837492
3.6882713697101	-3.09896284301923	0.155264149876675	0.0218779839888781	1.4024961610007	1.20041570923969	0.0249477592864986
3.6982713697101	-3.08386371637657	0.166332318498443	0.0220605472582496	1.61742189520198	1.01292461388179	0.0118840196828232
3.7082713697101	-3.0666126262774	0.175516602290158	0.022122089754092	1.83288071946044	0.823622595160365	0.000743429477558383
3.71601249528118	-3.05177739421941	0.181320896369505	0.0220987435561606	2.00000000000061	0.675785570734012	-0.00659338322883544
3.72601249528118	-3.03069646259408	0.187116918133162	0.0219917789778507	2.2162481403486	0.483094641204952	-0.0145204000647392
3.73601249528118	-3.00745137341315	0.190976302863921	0.0218135909615289	2.43281272534965	0.288459291797276	-0.0208715848974899
3.74601249528118	-2.98203957552675	0.192879717062241	0.0215789069095076	2.64956600189133	0.0919095517016476	-0.0258549438734015
3.75601249528118	-2.9544599540122	0.192808374316677	0.0213003540336726	2.86634790034331	-0.106474172910592	-0.0296792135142321
3.76601249528118	-2.92471317012186	0.190744570102694	0.0209885411375411	3.08296273132285	-0.306554840054561	-0.0325370579618393
3.77601249528118	-2.89280203266822	0.1866722806552	0.0206522785449094	3.29917620179853	-0.508132235468607	-0.0345941165981852
3.78601249528118	-2.85873189761314	0.180577827914825	0.020298882583556	3.51471276137736	-0.710936325587099	-0.0359828781029916
3.79601249528118	-2.82251109243121	0.172450610643825	0.0199345212674562	3.72925330770679	-0.914620709202949	-0.0368004120230658
3.80601249528118	-2.7841513264433	0.162283838229953	0.0195645827341769	3.94246887801767	-1.11881871386547	-0.0370933891526787
3.81601249528118	-2.74367999785866	0.150096115390932	0.019188892056304	4.14868234238923	-1.31380269369027	-0.0391073870274642
3.82601249528118	-2.70125283543747	0.136128035412689	0.0187607077291086	4.33289200635904	-1.47366192425486	-0.0473976772429596
3.83601249528118	-2.65709968538436	0.120745858866836	0.0182280967896224	4.49385506743747	-1.59664523679223	-0.059556695455718
3.84601249528118	-2.61145318203139	0.104316727222973	0.0175646128196107	4.63159494277381	-1.68316764141847	-0.0732213278956032
3.85601249528118	-2.56454404156305	0.0872009229251296	0.0167648605122396	4.74646880639527	-1.73418214141909	-0.0865459010867257
3.86601249528118	-2.51659782562752	0.0697466181041277	0.0158393411396654	4.83914635540039	-1.75115246565792	-0.0981922757876387
3.87601249528118	-2.46783194671662	0.0522849439745365	0.014809557454805	4.91058275600252	-1.73601605499514	-0.107289600922709
3.88601249528118	-2.41845297077967	0.0351254807123513	0.013703630772291	4.96198639025371	-1.69113703186598	-0.113373709685633
3.89601249528118	-2.36865426426515	0.0185522646460765	0.0125525881025067	4.99478242023132	-1.61924998957764	-0.116315102031899
3.90601249528118	-2.31861402114823	0.00282039658784238	0.0113873941019963	5.01057345488165	-1.5233963186985	-0.116243150353551
3.91601249528118	-2.26849369198049	-0.0118466851453638	0.0102367336785927	5.01109871052802	-1.40685535155745	-0.113472648950322
3.92601249528118	-2.21843682324187	-0.0252592276703095	0.00912549797197365	4.9981930002797	-1.2730728284873	-0.108437201650024
3.93601249528118	-2.1685683027588	-0.0372624679421974	0.00807388962060289	4.97374670277174	-1.12558910861639	-0.101632327800614
3.94601249528118	-2.11899399671636	-0.0477372269869298	0.00709704197794292	4.9396675991062	-0.967969244451584	-0.0935696879860879
3.95601249528118	-2.06980075631438	-0.0565998214420418	0.00620503936828315	4.89784518603906	-0.803736612772137	-0.0847425887217648
3.96601249528118	-2.02105676733069	-0.0638013345281109	0.00540322885202657	4.85011782318858	-0.636311339875581	-0.075601984172831
3.97601249528118	-1.97281221326928	-0.069326298852068	0.00469272515294704	4.79824288608345	-0.468954351597825	-0.0665415734498279
3.98601249528118	-1.92510022165534	-0.0731908500840893	0.00407102623325798	4.74386998980318	-0.304717563328638	-0.0578902754121222
3.99601249528118	-1.877938062606	-0.0754404145778842	0.00353267468037599	4.68851731660197	-0.146400518400445	-0.0499103007242229
4.00601249528118	-1.83132856837311	-0.0761469964774149	0.0030699173648136	4.63355110861078	0.00348632404814144	-0.0427991680344489
4.01601249528118	-1.78526174164971	-0.0754061316487596	0.00267333119674732	4.58016844892244	0.142751484130734	-0.0366942581464416
4.02601249528118	-1.73971651884573	-0.0733335774636457	0.00233239537817333	4.52938352408292	0.269545365687215	-0.031678802996273
4.03601249528118	-1.69466265232236	-0.0700618092564974	0.0020360000306402	4.48201761342147	0.382375986684663	-0.0277885130907286
4.04601249528118	-1.65006267300457	-0.0657363960632959	0.00177288763465747	4.43869306656344	0.480117368154517	-0.0250183207366566
4.05601249528118	-1.60587389229499	-0.060512329654448	0.00153202779873962	4.39983149846469	0.562010477214045	-0.023328935160962
4.06601249528118	-1.5620504002917	-0.0545503813712251	0.00130292808309182	4.36565634862962	0.627656738585757	-0.0226530614904353
4.07601249528118	-1.51854501645114	-0.0480135603117959	0.00107588455728578	4.33619982341394	0.677004300905337	-0.0229012314511475
4.08601249528118	-1.47531114942942	-0.0410637435179074	0.000842176025453989	4.31131408001078	0.710327455536527	-0.0239672399549888
4.09601249528118	-1.43230452512255	-0.0338585436918194	0.000594205832597983	4.2906863351212	0.728199835527236	-0.0257331927918877
4.10601249528118	-1.38948474596589	-0.0265484725628651	0.000325595148363666	4.27385740959597	0.731462245974798	-0.0280741614747592
4.11601249528118	-1.34681665021343	-0.0192744485102629	3.12317439729707e-05	4.2602430707461	0.721186170133276	-0.030862425082424
4.12601249528118	-1.30427144689946	-0.0121656858444207	-0.000292721447613163	4.24915742135864	0.698634138037689	-0.0339712654135099
4.13601249528118	-1.26182761006677	-0.00533799083128116	-0.000648853326685111	4.23983751833171	0.66521822311495	-0.0372782764421917
4.14601249528118	-1.21947152413789	0.00110752321760985	-0.00103856213975068	4.23146838789726	0.622457942267543	-0.0406681535656812
4.15601249528118	-1.17719788051311	0.00708530199494188	-0.00146213818685685	4.22320763652562	0.571938779289952	-0.0440349410313327
4.16601249528118	-1.13500983315218	0.0125258092744278	-0.00191886627118615	4.21420892999403	0.515272439751596	-0.0472837340139652
4.17601249528118	-1.09291892766929	0.0173756012416737	-0.00240714250145413	4.20364371781461	0.454059791461428	-0.0503318513345185
4.18601249528118	-1.05094482408744	0.0215970469595518	-0.00292460030862042	4.19072070491629	0.389857263917954	-0.0531095125014853
4.19601249528118	-1.00911483771501	0.0251677326250715	-0.00346824094757314	4.17470270599856	0.324147287901156	-0.0555600664425713
4.20601249528118	-0.967463325585472	0.0280795921267222	-0.00403456427620525	4.15492065054214	0.258313165636588	-0.0576398280856143
4.21601249528118	-0.926030947592338	0.0303378094066932	-0.00461969619010653	4.1307846304048	0.193618582765696	-0.059317583079807
4.22601249528118	-0.8848638319686	0.031959539422739	-0.00521950969882682	4.10179199195991	0.131191812392518	-0.0605738214052269
4.23601249528118	-0.844012674260038	0.0329724942927756	-0.00582973722895445	4.06753256782929	0.0720145224150631	-0.0613997586903248
4.24601249528118	-0.803531797601015	0.0334134397184995	-0.00644607231245894	4.02769121831039	0.016914981437366	-0.0617962009462116
4.25601249528118	-0.763478200099352	0.033326644252839	-0.00706425935867391	3.98204790991934	-0.033434634643655	-0.0617723049867868
4.26601249528118	-0.723910612645346	0.0327623206204156	-0.00768017071402809	3.93047559932764	-0.0785172051974146	-0.0613442834325087
4.27601249528118	-0.68488858763502	0.0317750943242104	-0.00828987068603711	3.87293621713653	-0.117966318860977	-0.0605340998688442
4.28601249528118	-0.646471636076192	0.0304225303601413	-0.00888966664620138	3.80947505937787	-0.151559076214063	-0.0593681961351485
4.29601249528118	-0.608718427445476	0.0287637441806798	-0.0094761477255229	3.74021389730208	-0.17920651751895	-0.0578762894316846
4.30601249528118	-0.571686063583519	0.0268581182486626	-0.0100462119674975	3.66534310973092	-0.200942156890474	-0.0560902715886728
4.31601249528118	-0.535429434935368	0.0247641407374942	-0.0105970830950503	3.58511312866229	-0.21690909652316	-0.054043236269422
4.32601249528118	-0.500000664628829	0.0225383782838892	-0.0111263182678728	3.4998254694042	-0.227346175606417	-0.0517686521645322
4.33601249528118	-0.46544864328715	0.0202345902891742	-0.0116318083450713	3.40982359263668	-0.232573579835517	-0.0492996917171867
4.34601249528118	-0.431818655131561	0.0179029881840311	-0.0121117722195076	3.31548381870165	-0.232978300641054	-0.0466687161421702
4.35601249528118	-0.399152093870911	0.0155896393910981	-0.0125647467552875	3.21720648526104	-0.228999790223542	-0.043906909112385
4.36601249528118	-0.367486265114415	0.0133360124930259	-0.0129895737457273	3.11540750931616	-0.22111611111033	-0.0410440441364619
4.37601249528118	-0.336854270584865	0.0111786573740062	-0.0133853851290531	3.01051048442595	-0.209830829197354	-0.0381083648928353
4.38601249528118	-0.307284968248725	0.00914901186476878	-0.0137515874710735	2.90293941466107	-0.195660848982192	-0.0351265540012715
4.39601249528118	-0.278803001604425	0.00727332468084883	-0.0140878464688691	2.79311215911543	-0.179125340658029	-0.0321237640716986
4.40601249528118	-0.251428890761634	0.00557268318171377	-0.0143940719685378	2.68143463524158	-0.160735862394923	-0.0291236853225333
4.41601249528118	-0.225179177578858	0.00406313366110839	-0.0146704037430633	2.5682958063014	-0.140987738653942	-0.0261486263620391
4.42601249528118	-0.200066616976843	0.00275588146360721	-0.0149171980600792	2.45406345808532	-0.120352717595359	-0.0232195884837262
4.43601249528118	-0.176100406582221	0.00165755815915042	-0.0151350148958684	2.33908075286547	-0.0992728980545122	-0.0203563185582733
4.44601249528118	-0.153286447049814	0.000770543243090061	-0.0153246055285593	2.22366353429309	-0.0781558893599867	-0.0175773307994819
4.45601249528118	-0.131627625734385	9.33283102778166e-05	-0.0154869001723365	2.10809834551143	-0.0573711453877643	-0.0148998928569661
4.46601249528118	-0.111124116806095	-0.000379087673963105	-0.0156229952932261	1.99264111393483	-0.0372473974027512	-0.0123399764305206
4.47601249528118	-0.0917736914035648	-0.000654782563861131	-0.0157341402696687	1.87751644969949	-0.0180710980084559	-0.00991217659613145
4.48601249528118	-0.0735720319716527	-0.000744484321429835	-0.015821723119063	1.76291750044821	-8.57803863683858e-05	-0.00762960707918975
4.49601249528118	-0.0565130455185016	-0.000661142056186859	-0.0158872550947233	1.64900630259257	0.0165077676036578	-0.005503780715973
4.50601249528118	-0.0405891711309778	-0.000419502454872076	-0.0159323540558139	1.53591456822818	0.0315506165379672	-0.00354448531922612
4.51601249528118	-0.0257916776951724	-3.56982209950809e-05	-0.0159587266158768	1.42374484720847	0.0449241970581716	-0.00175966519823728
4.52601249528118	-0.0121109483674529	0.000473145856837802	-0.015968149174882	1.31257200527824	0.0565482886077662	-0.00015531782705714
4.53601249528118	0.000463251078130888	0.00108928455487827	-0.0159624480282652	1.20244496142096	0.066378589669998	0.00126458620990565
4.54601249528118	0.0119415223459786	0.00179469784768401	-0.0159434788190945	1.09338863050476	0.0744039585854683	0.00249815364114506
4.55601249528118	0.0223346049561856	0.00257140765103792	-0.0159131056531763	0.985406020759981	0.0806434079152929	0.00354558494180998
4.56601249528118	0.0316531681347245	0.00340176359709574	-0.0158731802302526	0.878480439448476	0.0851429286701227	0.00440915446331853
4.57601249528118	0.0399076251222231	0.00426869649309785	-0.0158255213577097	0.772577764171986	0.0879722137638175	0.00509315389345901
4.58601249528118	0.0471079703625966	0.0051559387731165	-0.0157718952079408	0.667648741507933	0.0892213429496508	0.0056038004273137
4.59601249528118	0.0532636396711873	0.00604821183934685	-0.0157139966591068	0.563631278964901	0.0889974843992671	0.00594911249718925
4.60601249528118	0.0583833931634485	0.00693138070601243	-0.0156534320245399	0.460452700537671	0.087421661104974	0.00613875705816816
4.61601249528118	0.0624752204491358	0.00779257680670667	-0.0155917034317149	0.358031940343212	0.0846256235161356	0.00618387324206095
4.62601249528118	0.0655462673621982	0.00862029020740021	-0.0155301950608501	0.256281652877225	0.0807488633330627	0.00609687768683897
4.63601249528118	0.0676027833014756	0.00940443278553509	-0.0154701613989025	0.155110222295866	0.0759357972333788	0.00589125704893727
4.64601249528118	0.0686500880997151	0.0101363741942077	-0.0154127176097221	0.054423656761048	0.070333143539011	0.00558135315161516
4.65601249528118	0.0686925572159024	0.0108089526333994	-0.0153588320677601	-0.0458726427410946	0.0640875094772095	0.00518214595977228
4.66601249528118	0.0677336239556754	0.0114164626017664	-0.0153093210528239	-0.145872246610604	0.0573432017662096	0.00470903914816375
4.67601249528118	0.0657757973637772	0.0119546219070348	-0.0152648455583145	-0.245666198583783	0.0502402687757117	0.00417765249234186
4.68601249528118	0.062820694398096	0.0124205202750001	-0.0152259101260919	-0.345341657644786	0.0429127784765919	0.00360362470245221
4.69601249528118	0.0588690849837994	0.0128125519209295	-0.0151928635881146	-0.444980679934602	0.035487332798303	0.00300242967633247
4.70601249528118	0.0539209485554075	0.0131303344371694	-0.015165901568481	-0.544659138803551	0.0280818158457113	0.00238920850101687
4.71601249528118	0.0479755407214263	0.0133746163111712	-0.0151450705793682	-0.644445779550891	0.0208043706742574	0.00177861890507379
4.72601249528118	0.041031468727612	0.0135471753230291	-0.0151302735303175	-0.744401404065423	0.0137525969643696	0.00118470327635299
4.73601249528118	0.0330867744483452	0.01365070998481	-0.0151212764618978	-0.844578179509747	0.00701295995134117	0.000620775823219432
4.74601249528118	0.0241390236985266	0.0136887260790577	-0.0151177163114373	-0.945019064359769	0.000660399332054148	9.93289798838261e-05
4.75601249528118	0.0141854007285094	0.0136654202342627	-0.0151191095196355	-1.04575734450305	-0.00524187443948367	-0.000368041258329417
4.76601249528118	0.00322280683970941	0.0135855623439239	-0.015124861291815	-1.14681627169647	-0.0106424100648068	-0.000770691735540878
4.77601249528118	-0.00875203786321076	0.0134543784959686	-0.0151342753357381	-1.24820879646711	-0.0155013858524531	-0.00109897122784276
4.78601249528118	-0.0217424904881795	0.0132774359333803	-0.015146563908679	-1.34993738749309	-0.0197903355219615	-0.00134424341674172
4.79601249528118	-0.0357518799649517	0.0130605314172796	-0.0151608580192769	-1.45199392960687	-0.0234917444314641	-0.00149889511249124
4.80601249528118	-0.0507834009956058	0.0128095842125574	-0.0151762176440852	-1.55435969280366	-0.0265985313557145	-0.0015563312289368
4.81601249528118	-0.0668400080197449	0.0125305347653617	-0.0151916418342346	-1.65700536499893	-0.0291134308195748	-0.00151095810242118
4.82601249528118	-0.0839243097975002	0.0122292499929491	-0.0152060786038544	-1.75989114174311	-0.0310482907161188	-0.00135815680203414
4.83601249528118	-0.10203846514821	0.011911435961056	-0.0152184345085136	-1.86296686665347	-0.0324232995317714	-0.00109424810226452
4.84601249528118	-0.121184080323347	0.011582558583212	-0.0152275838386599	-1.96617221694817	-0.0332661569860843	-0.000716450786602557
4.85601249528118	-0.141362108439422	0.0112477728412861	-0.015232377369614	-2.069436929147	-0.0336112012930186	-0.000222834925888119
4.86601249528118	-0.162572751350858	0.0109118608977634	-0.0152316506259118	-2.17268106072337	-0.0334985055855033	0.000387728268495005
4.87601249528118	-0.184815364304374	0.0105791793483544	-0.0152242316334967	-2.27581528423497	-0.0329729553360373	0.00111561847660333
4.88601249528118	-0.20808836368539	0.0102536157488626	-0.0152089481483078	-2.37874121120824	-0.0320833178724481	0.00196051872193381
4.89601249528118	-0.232389138143463	0.00993855444295073	-0.0151846343640229	-2.48135174378905	-0.0308813143471767	0.00292146686679443
4.90601249528118	-0.257713963367457	0.00963685161753884	-0.0151501371149894	-2.58353145287953	-0.0294207037860814	0.00399690487632083
4.91601249528118	-0.284057920771662	0.0093508194198814	-0.0151043216025528	-2.68515698214269	-0.02775638813175	0.00518472469199416
4.92601249528118	-0.311414820350986	0.00908221888465165	-0.0150460766839495	-2.78609747785493	-0.0259435465167374	0.00648230968547179
4.93601249528118	-0.339777127965814	0.00883226134024547	-0.0149743197725069	-2.88621504510656	-0.0240368063607296	0.00788657080884635
4.94601249528118	-0.369135897324312	0.00860161789061368	-0.0148880014059399	-2.98536523127552	-0.0220894582855556	0.00939397671913192
4.95601249528118	-0.399480706940896	0.00839043650182191	-0.0147861095458749	-3.08339753801863	-0.020152721282447	0.0110005773337574
4.96601249528118	-0.430799602363213	0.00819836616083783	-0.0146676736761925	-3.18015596322468	-0.0182750640423733	0.0127020204706209
4.97601249528118	-0.463079043974742	0.00802458751743714	-0.0145317687701923	-3.27547957444649	-0.0165015878640981	0.0144935614407118
4.98601249528118	-0.496303860695273	0.00786784936838417	-0.0143775191967548	-3.36920311526948	-0.0148734760736387	0.0163700656924529
4.99402575491843	-0.523598775598494	0.0077534552730501	-0.0142401191356059	-3.44303766458349	-0.0136986897442217	0.0179313649506097
5.00402575491843	-0.559075177229372	0.00832226766623626	-0.0112071044746381	-3.65188274885836	0.127352104910095	0.588896601914994
5.01402575491843	-0.596628435872226	0.0102976130306646	-0.00246042266842814	-3.8583285272896	0.267536135558378	1.16038037103025
5.02402575491843	-0.636232088990289	0.0136685892586582	0.0119960330396296	-4.06187521094866	0.406397822664979	1.73051200126756
5.03402575491843	-0.677854471825787	0.0184194514943057	0.0321379999192913	-4.26197944623535	0.543421629528492	2.2970871815504
5.04402575491843	-0.721458204284333	0.0245289398111842	0.0579174947281524	-4.45803922042335	0.678017987157793	2.85756696898082
5.05402575491843	-0.766999542312803	0.0319694815678137	0.0892595434630319	-4.64938204082657	0.809512789023401	3.40909229371232
5.06402575491843	-0.814416447906861	0.0407302370475225	0.125663146058941	-4.83132721438734	0.945579672686243	3.80903311964296
5.07402575491843	-0.863573644875197	0.0509355501418533	0.164244258146104	-4.99772061671476	1.09761947067634	3.85641704186757
5.08402575491843	-0.914327215766938	0.0627145855600096	0.20194132234557	-5.15100517653673	1.25927648122031	3.64826008366518
5.09402575491843	-0.966557308433758	0.0761335672236635	0.236654336537059	-5.29333819077845	1.42470824928216	3.27303499449217
5.10402575491843	-1.02016280348205	0.0912046421658284	0.267088697732387	-5.42629850470436	1.58893470241537	2.80328786322953
5.11402575491843	-1.07505539562881	0.107894287153387	0.292596156666003	-5.55087673124039	1.74779502275183	2.29587333715733
5.12402575491843	-1.13115403642451	0.126131307248722	0.313023166188484	-5.66755139265829	1.89790971857481	1.79313069569596
5.13402575491843	-1.1883803981693	0.145814462239272	0.328574099542231	-5.77640964953026	2.0366419252197	1.32462480943363
5.14402575491843	-1.24665596799958	0.166820295157239	0.339693233418409	-5.87704497756878	2.16164329795869	0.909274299187491
5.15402575491843	-1.30583333623127	0.188893127428367	0.346998486726366	-5.95294198239003	2.24332365596068	0.564421915294749
5.15455705017839	-1.30899693899608	0.190085731563391	0.347294044080163	-5.95606160795654	2.24606930409947	0.548214557107858
5.16455705017839	-1.36797620196253	0.211638236046058	0.348303547437549	-5.83799965709652	2.06286430584879	-0.346088934735658
5.17455705017839	-1.42572024604706	0.231311546208115	0.340383168744789	-5.70893578573134	1.87022037877278	-1.23712176796441
5.18455705017839	-1.48211683477799	0.249011134521911	0.323584837795348	-5.56845409931602	1.66812866548866	-2.12103471350437
5.19455705017839	-1.53705061956235	0.264642855492239	0.298002321821001	-5.41633963093395	1.45676718058556	-2.99446312288314
5.20455705017839	-1.59040651954942	0.278112238592132	0.263809443317464	-5.25357696687218	1.23372249104224	-3.81269393681113
5.21455705017839	-1.64211826567051	0.289198146325348	0.223194911033905	-5.08892171377664	0.977554892684909	-4.23424083710741
5.22455705017839	-1.69218871652973	0.29756536285502	0.180438197326896	-4.92537707659601	0.691942291110363	-4.26130789188518
5.23455705017839	-1.7406297486318	0.302975173001067	0.138901750985358	-4.76299221954997	0.387713944778726	-4.00795380827156
5.24455705017839	-1.78745057449506	0.305287088435657	0.100884301836851	-4.60119656573704	0.0736503944173864	-3.57246841470017
5.25454429195918	-1.83259571459428	0.304441141464747	0.0678263942614825	-4.43920565248061	-0.243111507383758	-3.03653815646595
5.26454429195918	-1.87599553855474	0.300836607719776	0.0338159250547395	-4.23988267987233	-0.477908851665125	-3.76191737916963
5.27454429195918	-1.91737832143138	0.294883270217558	-0.00733594970260293	-4.03608086563807	-0.712657403869283	-4.4636477181244
5.28454429195918	-1.95672419157818	0.286555040184854	-0.0548030163248818	-3.83504018147102	-0.957127669096981	-4.94828808798158
5.29454429195918	-1.99412096839126	0.275669655133781	-0.104760232544751	-3.64630535230213	-1.22253457480353	-4.9775693731964
5.30454429195918	-2.02968678553314	0.262069653590285	-0.15326199612799	-3.46848711763184	-1.49844351910538	-4.67847797566668
5.31454429195918	-2.06351883394047	0.245693722829808	-0.197628763767012	-3.29909730408149	-1.77655061038942	-4.16836103778651
5.32454429195918	-2.09568766093131	0.22655129051223	-0.236247744625317	-3.13539649963768	-2.05092289028629	-3.54308584922789
5.33454429195918	-2.12623747670674	0.204701617544116	-0.26835707500052	-2.9749307245794	-2.31743201348286	-2.8771228572564
5.34454429195918	-2.1551908307002	0.180238420450149	-0.293838580889901	-2.81585592728805	-2.57324024396449	-2.22508929511985
5.35454429195918	-2.18255538092666	0.153278967945895	-0.313030995726669	-2.65703907503635	-2.81642409305779	-1.6242085114595
5.36454429195918	-2.20833081700533	0.123956258646015	-0.326570300962406	-2.49800111193571	-3.04572917512922	-1.09720426660839
5.37454429195918	-2.23251475005122	0.09241315701457	-0.335259623966853	-2.33877922194196	-3.26041644035622	-0.655268311169221
5.38454429195918	-2.25510707832658	0.058797779456632	-0.339968136674449	-2.1797674500617	-3.46016024843796	-0.300862367957629
5.39454429195918	-2.27611280351776	0.0232597581495608	-0.341556533986375	-2.02157007222585	-3.64497145828253	-0.0302157961521715
5.40454429195918	-2.29554351215533	-0.014052789242958	-0.340825665372393	-1.86488249267004	-3.81513175654202	0.164547965962177
5.41454429195918	-2.31341942779198	-0.0529928429387718	-0.338485246891881	-1.71175178433197	-3.96876924208489	0.29305655029442
5.42454429195918	-2.32988834459385	-0.0932076548601326	-0.335188454963453	-1.58961469273471	-4.05967831156137	0.355502411034019
5.43454429195918	-2.34535672134632	-0.133911252804136	-0.331560461908239	-1.51100096472925	-4.06798435248688	0.362272146297176
5.44454429195918	-2.36024046293032	-0.174320681791489	-0.328073070159825	-1.47199455937964	-4.00231720583983	0.329946183492275
5.45454429195918	-2.3749138515462	-0.213741425820038	-0.3250443957	-1.46814489544078	-3.87181144147338	0.272679056495765
5.46454429195918	-2.38970426389183	-0.251572465037886	-0.322663566564641	-1.49455846824678	-3.68597359153894	0.202105733934233
5.47454429195918	-2.40487274151556	-0.287336543670057	-0.321007850287278	-1.53988464847687	-3.46527710934338	0.130423043293318
5.48454429195918	-2.42050209056511	-0.320872682848647	-0.320018845256891	-1.58589184066456	-3.24185392546481	0.0692350673617332
5.49454429195918	-2.43658743800063	-0.352173754106574	-0.319586152852567	-1.63095835393269	-3.01846628967427	0.0191215948165833
5.50454429195918	-2.45311575286403	-0.381245870986566	-0.319601217493773	-1.67437670586187	-2.79623117639593	-0.0204478263816733
5.51454429195918	-2.47006746058446	-0.408105303144329	-0.319963156616892	-1.71554493130936	-2.57606809619877	-0.0504398378151466
5.52454429195918	-2.48741746658698	-0.432776662500888	-0.320582116288302	-1.75396095212743	-2.35872886221845	-0.0720660007849925
5.53454429195918	-2.50513614799601	-0.455291313258013	-0.321380963385341	-1.78922058728813	-2.14481504315588	-0.0866381265320318
5.54454429195918	-2.52319031034889	-0.47568595663702	-0.322295725472413	-1.82101270295009	-1.93479531746875	-0.0954616849595225
5.55454429195918	-2.54154408531082	-0.494001385635403	-0.323275133676025	-1.84911240383368	-1.72902202554737	-0.099762071837485
5.56454429195918	-2.56015975381677	-0.510281399243609	-0.324279569025778	-1.8733730453624	-1.52774644927346	-0.100638087755005
5.57454429195918	-2.57899848614107	-0.524571861912899	-0.325279656308771	-1.89371770001734	-1.33113255370358	-0.0990370601002768
5.58454429195918	-2.5980209959785	-0.536919892286452	-0.326254695628225	-1.91013056190488	-1.13926909366011	-0.0957464480706976
5.59454429195918	-2.61718810975523	-0.547373164901761	-0.327191073156471	-1.92264863520973	-0.952180114676342	-0.0913973733671725
5.59496333663925	-2.6179938779915	-0.547770549763743	-0.327229331417349	-1.92308924862146	-0.944444188999451	-0.0911997302798147
5.60496333663925	-2.63731479809486	-0.556612398390502	-0.324242890703824	-1.94028820978951	-0.824808294000496	0.687837570860615
5.61496333663925	-2.65678538422802	-0.564282645007635	-0.313484005682836	-1.95321119731314	-0.709949566864263	1.46345218829594
5.62496333663925	-2.67636859230672	-0.570823762387801	-0.294981793200495	-1.9630055311142	-0.598801641960863	2.23668573584612
5.63496333663925	-2.69603893696763	-0.576267496938527	-0.268753175457089	-1.97084043937851	-0.49034947212913	3.00969763713455
5.64496333663925	-2.71577714211865	-0.580606909547607	-0.235161626854381	-1.97583575709548	-0.373157367963282	3.64932223206175
5.65496333663925	-2.73553233943473	-0.583632991888168	-0.197108571428508	-1.97403998853712	-0.227900105687768	3.90195584610619
5.66496333663925	-2.75523512074898	-0.585097323322186	-0.158137354200074	-1.96540704745209	-0.0623151354330706	3.84968674891615
5.67496333663925	-2.77481930000398	-0.584839076734791	-0.120818768495403	-1.95043362173027	0.115396613830641	3.58573914112045
5.68496333663925	-2.79422551972989	-0.582770485089193	-0.0868657076464857	-1.92998784092872	0.298838886747207	3.18834300904111
5.69496333663925	-2.81340461773195	-0.578858879553847	-0.057285014511819	-1.90521360238998	0.483356975509366	2.72053027502868
5.70496333663925	-2.83231950794206	-0.573110439645693	-0.0325265011733566	-1.87735187219665	0.665786425029261	2.2308582226296
5.71496333663925	-2.85094530347199	-0.565556814136106	-0.0126212592221561	-1.84757870476024	0.844146842068624	1.75478232873608
5.72496333663925	-2.869268086491	-0.556244755530903	0.0026959069859594	-1.81689940833883	1.01735328559454	1.31641820411689
5.73496333663925	-2.88728292207173	-0.545228416584547	0.0138826703005738	-1.78610177962569	1.18497483044855	0.93047145650304
5.74496333663925	-2.90499164591047	-0.532563799433369	0.0215047746863105	-1.75575477152302	1.34704497908996	0.604164465719451
5.75496333663925	-2.92240079242177	-0.51830486728186	0.0261703610718051	-1.72623506156124	1.50391716890537	0.33903997494155
5.76496333663925	-2.9395198629826	-0.502500917049913	0.0284813836519431	-1.69776632908656	1.65615540583466	0.132566367941362
5.77496333663925	-2.95636000364018	-0.485194909039755	0.0289999125040435	-1.67046045476693	1.80445087035467	-0.0204943053709346
5.78496333663925	-2.97293307591731	-0.466422530606148	0.0282268721423414	-1.64435418075992	1.94955755085961	-0.126967300796381
5.79496333663925	-2.98925105766479	-0.446211828810521	0.0265907503210049	-1.6194381770384	2.09224218872529	-0.194387682682068
5.80496333663925	-3.00532569288964	-0.424583285177796	0.0244439540954867	-1.59567779091378	2.2332455169505	-0.230344263700582
5.81496333663925	-3.02116830989333	-0.40155023002272	0.0220647319621847	-1.57302614421921	2.37325284132112	-0.242017476501305
5.82496333663925	-3.03678973753872	-0.377119510225738	0.0196628758673486	-1.55143091035852	2.51287256005577	-0.235880262718563
5.83496333663925	-3.05220026399621	-0.35129233714572	0.0173877303668239	-1.53083628170254	2.65262142259169	-0.217530609106958
5.84496333663925	-3.06740959703574	-0.324065253106462	0.015337343271389	-1.51118152604805	2.79291536037669	-0.191625968030683
5.85496333663925	-3.08242679774204	-0.295431166628323	0.0135678759210758	-1.49239728326958	2.93406471061594	-0.161892729951545
5.86496333663925	-3.0972602026324	-0.265380361709408	0.0121026367391706	-1.47443363431123	3.07633072430686	-0.131202723131052
5.87496333663925	-3.11189432283693	-0.233941665085853	0.0109501642312316	-1.44815443118008	3.20402322255268	-0.0978309939592701
5.88496333663925	-3.12611166311125	-0.201493524814524	0.0101768888355708	-1.38972185078326	3.27596419676871	-0.0557890291860413
5.89496333663925	-3.13957969713726	-0.16860933269804	0.00984538409573921	-1.29858570777714	3.29184060341922	-0.0103934509260122
5.90496333663925	-3.15198089931578	-0.135830523886544	0.00996428206953535	-1.17671974082104	3.25559193717378	0.0336287537885844
5.91496333663925	-3.16301954041486	-0.103656359912827	0.0105022509210508	-1.02649968164947	3.17169839508864	0.0729794187992642
5.92496333663925	-3.17242539064196	-0.0725390062367921	0.0114012542272047	-0.850637756105189	3.04508081052372	0.105578538353778
5.93496333663925	-3.17995666639797	-0.042879776422796	0.0125876486525893	-0.652179929255798	2.88111339237405	0.13030252201547
5.94496333663925	-3.18543749393845	-0.0149648499345815	0.0139664148225579	-0.443905963753534	2.70205431530239	0.143046944576043
5.95496333663925	-3.18883226236237	0.0111626230206749	0.0154075731684945	-0.2349197564586	2.52346810245179	0.143454947595173
5.96496333663925	-3.19013346121382	0.0355046504704872	0.0168066382629612	-0.0252044185939016	2.34492346490845	0.135180768215002
5.97496333663925	-3.18933413206109	0.0580604022661102	0.018092371601696	0.185177230203377	2.16617204368378	0.121241917997857
5.98496333663925	-3.18642783629544	0.0788265964820635	0.0192207565410129	0.396183563776067	1.98697251653721	0.104068575962979
5.99496333663925	-3.18140845998074	0.0977975882154474	0.0201692758322381	0.60779057492472	1.80709412284877	0.0855384646744127
6.00496333663925	-3.17427006015272	0.114965489587943	0.0209316591869069	0.81998724021527	1.62631945464629	0.0670340794122144
6.01496333663925	-3.16500676089579	0.130320315670383	0.021513271547932	1.03277026629443	1.44444690661857	0.0495121113113734
6.02496333663925	-3.15361270354181	0.143850154475142	0.0219272231821946	1.24613856984847	1.26129308297851	0.0335772752988484
6.03496333663925	-3.14008205228922	0.155541361778679	0.0221912156195994	1.46008774907642	1.07669538981865	0.0195548652699125
6.04496333663925	-3.12440905439864	0.165378783537471	0.0223250899668523	1.67460471932239	0.890514986101777	0.00755816099935469
6.05496333663925	-3.10658815275794	0.173346010145316	0.0223490130289737	1.88966261587582	0.702640217890023	-0.00245171038923632
6.06008483159866	-3.09662776296805	0.17669663366926	0.0223249881287077	2.00000000000122	0.605736702762835	-0.00685152908505332
