=========================== Parameters =====================================
l1 [m]	l2 [m]	l3 [m]	c1 [m]	c2 [m]	c3 [m]	m1 [kg]	m2 [kg]	m3 [kg]
0.1	0.1	0.4858	0.01	0.09	0.43722	0.1564	0.23764	0.1564
============================== Data ========================================
t [s]	th1 [rad]	th2 [rad]	th3 [rad]	th1d [rad/s]	th2d [rad/s]	th3d [rad/s]
0	0	0	0	0	0	0
0.01	-0.00259451263342509	0.000917063581946114	0.0014634963609513	-0.466767847132232	0.148644444783777	0.253689038006316
0.02	-0.00868510610189638	0.00263745659240382	0.0044590475970992	-0.730098531165997	0.184708875274582	0.325019141934158
0.03	-0.0169144934329213	0.00446759635253074	0.00769491331629332	-0.907139187500759	0.177015123293573	0.313787070285099
0.04	-0.0267219817194466	0.00612248974917522	0.0106355298971125	-1.05174331123553	0.152803833435291	0.271620321695553
0.05	-0.0379254544017769	0.0075105773179646	0.0131058361463291	-1.18894965119691	0.12491003383029	0.222321564523898
0.06	-0.0505125561355584	0.00862698698005744	0.0150927433928438	-1.32951657434158	0.0990116227288566	0.175934889601424
0.07	-0.064538553735816	0.00950144150914304	0.0166479555189223	-1.47700271193422	0.0766482958631554	0.136268188678918
0.08	-0.0800780351450157	0.0101735036849025	0.0178422745089276	-1.63211558955504	0.0584140214230609	0.103768033346493
0.09	-0.0972036280796365	0.0106818947999127	0.0187453018147615	-1.79404574858014	0.0438287963679162	0.077849498622833
0.1	-0.115977653280617	0.0110602722539676	0.0194176783937102	-1.96158640867387	0.0323023670312137	0.0574540691070013
0.11	-0.136449882497462	0.0113362005549122	0.0199090717126925	-2.13348144799405	0.023240393958422	0.0414776676276216
0.12	-0.158657904240632	0.0115314578009045	0.0202586738315158	-2.3085639099087	0.0160856913337682	0.0289442698600919
0.13	-0.182628430958916	0.011662821712421	0.0204966291467396	-2.48582565288991	0.0103919752124672	0.0190254795116396
0.14	-0.208378793761695	0.0117429674588508	0.0206456496147274	-2.66439779853393	0.00578779879344008	0.0110588188449462
0.15	-0.235918293575319	0.0117812928181835	0.0207225199025286	-2.8435392260189	0.00198775931335468	0.00451709548186814
0.16	-0.26524930545239	0.011784627643751	0.0207393786498436	-3.02259995562751	-0.00124164336684057	-0.00100399777644107
0.17	-0.296368117028538	0.0117578079287084	0.0207047675036194	-3.20100757017472	-0.00406965303457201	-0.00582202894532338
0.18	-0.329265533577147	0.0117041394712707	0.0206244639514842	-3.37823611696419	-0.00663177115649411	-0.0101768035950476
0.19	-0.363927284400035	0.011625759998336	0.0205021381130293	-3.55379296559231	-0.00902908270500272	-0.0142514649315561
0.2	-0.400334273169671	0.0115239234692436	0.020339866302064	-3.72720778540918	-0.0113295091570817	-0.0181882050623012
0.21	-0.438462711258823	0.0113992285699379	0.0201385298740152	-3.89800578384932	-0.0136079545014047	-0.0220793270528189
0.22	-0.478284156022719	0.011251785405716	0.0198981360305416	-4.06573392237635	-0.015879390224215	-0.0260129835333547
0.23	-0.519765498622628	0.0110813700812074	0.0196180604637003	-4.22990664925709	-0.0182060095002296	-0.030022799253738
0.230904663540273	-0.523598775598299	0.0110648047069497	0.0195907327492434	-4.24457050985229	-0.0184126299800889	-0.0303945146839753
0.240904663540273	-0.602318965006555	0.0666037696075197	0.00392552347646281	-8.73601677501271	5.36019157314611	-0.0511740132664762
0.250904663540273	-0.696643641822443	0.114944581008346	0.0201768029844952	-10.1364442978846	4.33873406868557	3.27200503966877
0.260904663540273	-0.805435186878378	0.155497582831905	0.0671762350037849	-11.6061975048643	4.10536782531831	5.6633999193549
0.270904663540273	-0.923476583632748	0.196400305709621	0.125667795137757	-11.7756631556918	3.96530808049882	5.81009985235825
0.280904663540273	-1.03819203655792	0.233504402313192	0.180611763490694	-11.0949951848422	3.42554959220772	5.10209352679426
0.290904663540273	-1.14463338649576	0.264569950577138	0.227008312175622	-10.1842666602552	2.78739321517478	4.1666009463585
0.300904663540273	-1.24199957837207	0.289415182055783	0.264015714990795	-9.30302897991896	2.19091057556138	3.25031517317076
0.308344553557895	-1.30899693899575	0.304213253433675	0.285888957507982	-8.71937601485283	1.79503229486727	2.64170734203578
0.318344553557895	-1.36114710600396	0.26300129266042	0.332462022420287	-4.34363790280172	-4.35255111045891	3.47471591886952
0.328344553557895	-1.39886077282799	0.223743454112431	0.351728753994791	-3.17883597948767	-3.52950923730569	0.393707154173713
0.338344553557895	-1.4242972965011	0.191860656164875	0.340520484510909	-1.88600843590206	-2.87281708080624	-2.63085027493488
0.348344553557895	-1.43583693212118	0.16470067103128	0.300104253834477	-0.367953227091372	-2.89503213786912	-5.09673819010217
0.358344553557895	-1.43603721787237	0.133958092531864	0.245673244707858	0.0829536426934392	-3.12501508047925	-5.56235204052269
0.368344553557895	-1.4376060360673	0.103983132581554	0.192052620517261	-0.50593389925792	-2.81406037839892	-5.05889105949611
0.378344553557895	-1.44741735819656	0.0783087415709568	0.145702777705489	-1.48278024499775	-2.30875244611015	-4.18407747742255
0.388344553557895	-1.46732902397105	0.0578339973033702	0.108453398139355	-2.48594145698535	-1.7935685865086	-3.2774419574725
0.398344553557895	-1.49666723592797	0.0421710704914991	0.0797654702494265	-3.3531925421413	-1.35411711348622	-2.48507268627307
0.408344553557895	-1.53380722865226	0.0304722647639063	0.0582048848307444	-4.04420439950865	-1.00226629707066	-1.85280293023333
0.418344553557895	-1.57698562356984	0.0218454434194727	0.0422054220548155	-4.56510732701148	-0.736227246949975	-1.37016248499722
0.428344553557895	-1.62463150232736	0.0155139318140583	0.0303853474609699	-4.94271515535143	-0.540280639705019	-1.01238312581789
0.438344553557895	-1.675459198262	0.0108584267077948	0.0216340370150301	-5.20605882240443	-0.398658297981155	-0.751938578277139
0.448344553557895	-1.72845896230279	0.00740785794726688	0.0151023022942209	-5.38095556072189	-0.297344176553925	-0.564756735481518
0.458344553557895	-1.78285330416887	0.00481429810701533	0.0101599802512078	-5.48804429628893	-0.225599768137513	-0.431238807574635
0.467360715308017	-1.83259571459405	0.0030000733079618	0.00668353435270472	-5.5398119065939	-0.179289190520407	-0.344400491349393
0.477360715308017	-1.85400928117457	-0.0527077515167838	0.0190052229132101	-1.43031134164634	-5.3512537630895	-0.161829165796878
0.487360715308017	-1.86270041595696	-0.101000563459052	0.00196512678990284	-0.297416911821639	-4.34143285371358	-3.21705699719442
0.497360715308017	-1.85962210705131	-0.141076909898965	-0.0438507518311615	0.942003232830921	-3.99263646581751	-5.57681738698434
0.507360715308017	-1.84850054160051	-0.181121810775455	-0.10173114470282	1.04772947258372	-3.90170009947502	-5.77063098708421
0.517360715308017	-1.84149759743671	-0.217776501581527	-0.156446947511676	0.27819948986539	-3.39443005411239	-5.09771508588457
0.527360715308017	-1.84361707480975	-0.248706909123396	-0.202977257482795	-0.707037230693618	-2.79169380278001	-4.19936753464334
0.537360715308017	-1.85543116178252	-0.273741118451364	-0.240566144204325	-1.63597689867715	-2.22469269435619	-3.33573658990812
0.547360715308017	-1.87580436577751	-0.293520534125983	-0.27008043403598	-2.4112373664735	-1.74442349991671	-2.5911038353012
0.557360715308017	-1.90308707137562	-0.308922578703715	-0.292858984539455	-3.01715674713399	-1.35073100412968	-1.98739510212026
0.567360715308017	-1.93561047044729	-0.320816839645772	-0.310258730592636	-3.46245518884223	-1.04101990847952	-1.51276050742222
0.577360715308017	-1.97187403706605	-0.329978328572404	-0.323486203652582	-3.76893719134115	-0.802420183600273	-1.14937840780343
0.587360715308017	-2.01060658916989	-0.337058047969615	-0.333550718836581	-3.96045217861112	-0.621987148894461	-0.877199016575207
0.597360715308017	-2.05077100950949	-0.342582043616334	-0.341264902670952	-4.05894547218976	-0.489269779549825	-0.67640947892711
0.607360715308017	-2.09154398573401	-0.346963936710401	-0.347263464092777	-4.08516236774711	-0.392129482487028	-0.53144680237971
0.617360715308017	-2.13228729497239	-0.350519423643483	-0.352030365459066	-4.05547300029716	-0.322844908115741	-0.427905723327985
0.627360715308017	-2.17251542985651	-0.353484656305446	-0.355925414869338	-3.98400798382942	-0.273366108903948	-0.355239837449056
0.637360715308017	-2.2118656221398	-0.356031684274745	-0.359210303276596	-3.88150149529423	-0.238318814712005	-0.304653714636671
0.647360715308017	-2.2500707469735	-0.3582832166197	-0.362070822320033	-3.75628779798235	-0.213461985002888	-0.269531020501299
0.657360715308017	-2.28693662799199	-0.360324699787586	-0.364635682854564	-3.61465171802258	-0.195640305794606	-0.244955154860541
0.667360715308017	-2.32232362868406	-0.362214107908607	-0.366991687340223	-3.46121843399808	-0.18262162926779	-0.227321519679721
0.677360715308017	-2.3561321774988	-0.363989658932939	-0.369195551493416	-3.29939496322801	-0.172740133751205	-0.214120221738584
0.687360715308017	-2.38829171890823	-0.365675661082446	-0.371282894810046	-3.1316981992367	-0.164690123390381	-0.203699734447476
0.697360715308017	-2.4187524994443	-0.36728676841406	-0.373274943649608	-2.95988499519465	-0.157656379456984	-0.194902700566885
0.707360715308017	-2.44747953344274	-0.368831107050125	-0.3751833545506	-2.78512441552341	-0.151256948334935	-0.186876388913122
0.717360715308017	-2.47444820247962	-0.370312610821649	-0.377013557097727	-2.60831167059448	-0.145090703944165	-0.179171514198281
0.727360715308017	-2.49964116844775	-0.371732553331746	-0.37876712197126	-2.43013619070269	-0.138766319704204	-0.171601956987999
0.737360715308017	-2.52304629807912	-0.373090374522144	-0.380443492489064	-2.25078073257961	-0.132702034373873	-0.163683438969834
0.747360715308017	-2.54465490096851	-0.374384916181731	-0.3820407247939	-2.0708134889875	-0.126234074392431	-0.155688609741598
0.757360715308017	-2.5644609202859	-0.375614319810629	-0.383556494998193	-1.89031857084482	-0.119615814280039	-0.147422631009568
0.767360715308017	-2.58246003830929	-0.376776660410107	-0.384988312736395	-1.70946269059041	-0.112802593365029	-0.138911892194782
0.777360715308017	-2.59864920690697	-0.377870015134401	-0.386333827155611	-1.52833533020862	-0.105838826222431	-0.130155649388934
0.787360715308017	-2.61302625341302	-0.378892628934702	-0.387590915970902	-1.34706013069641	-0.0986320276856646	-0.121247003602381
0.791144920087077	-2.61799387799149	-0.379260798555642	-0.388043191443399	-1.27840378733916	-0.0959146055585943	-0.117801567412494
0.801144920087077	-2.65882105592632	-0.327978418642528	-0.411259452769971	-4.65329763934258	5.49819272502842	-1.73258765964076
0.811144920087077	-2.70691548663419	-0.278178359811438	-0.417663663333778	-4.98103719459286	4.49664111922365	0.431664117224263
0.821144920087077	-2.75876840017715	-0.237418255187028	-0.402908943690921	-5.40531143788968	3.68054992433667	2.51235285439753
0.831144920087077	-2.81540475093121	-0.204009480351636	-0.367517437063893	-5.93948319013832	3.02145957488261	4.56827827881377
0.841144920087077	-2.87827423018659	-0.173812389101684	-0.314523881104307	-6.53123509529461	3.16380125927811	5.67503862200178
0.851144920087077	-2.94213651886479	-0.142414946283969	-0.25809906808442	-6.09719469219664	3.03949978249844	5.4754602340195
0.861144920087077	-2.99834500878852	-0.114017049087437	-0.206781822309547	-5.09274741962453	2.61332381286641	4.73713727663153
0.871144920087077	-3.04353737064367	-0.090375024850724	-0.163832272927396	-3.94456321670291	2.1146352529193	3.84994812736344
0.881144920087077	-3.07747642061552	-0.0715937489461997	-0.129588117674146	-2.86339838143894	1.65152598227912	3.0177182991638
0.891144920087077	-3.10130515211241	-0.0570656042028723	-0.103044984977761	-1.92782913983872	1.26634444545443	2.31577450250005
0.901144920087077	-3.11655088694991	-0.0459917253455199	-0.0827987616940551	-1.14557549578224	0.960697949834556	1.75656324084588
0.911144920087077	-3.12466766730182	-0.0376172212115466	-0.0674915806001447	-0.498103750810803	0.724586176115488	1.32416916642614
0.921144920087077	-3.12687862795073	-0.0313094547652239	-0.0559725746355363	0.0398475029713242	0.545156987920787	0.994945704684083
0.931144920087077	-3.12415497640273	-0.0265669574147172	-0.0473243458818389	0.492456835530489	0.409775903550842	0.746434340845373
0.941144920087077	-3.11724583551073	-0.0230032345787483	-0.0408377981580752	0.879939197813468	0.307847211280807	0.559794155799737
0.951144920087077	-3.1067206475882	-0.0203246451285844	-0.0359733717524355	1.21799547498561	0.231519750744586	0.419836746558293
0.961144920087077	-3.09300942982785	-0.0183094794655101	-0.0323237572328265	1.51887537372203	0.174306291255812	0.315134358896399
0.971144920087077	-3.07643619619823	-0.0167908720737943	-0.0295824979042246	1.79174116868228	0.13146986008543	0.23693615093135
0.979369587599294	-3.0608346032838	-0.0158244835879234	-0.0278443543272921	2.00000000000017	0.104597455772316	0.187721851812329
0.989369587599294	-3.03963165572276	-0.0149101108807831	-0.0262069027726132	2.23812707077741	0.0795520056022447	0.142015543385691
0.999369587599294	-3.01611480785997	-0.0142122069170133	-0.0249644257390899	2.46335183133901	0.06098714562221	0.108177210724775
1.00936958759929	-2.99039777001842	-0.0136741694207696	-0.0240135138374542	2.67858571124541	0.0473355595085431	0.0832945626297376
1.01936958759929	-2.9625692560328	-0.0132531204056168	-0.0232759743569653	2.88593768544249	0.0374342141235924	0.0651830014837938
1.02936958759929	-2.93269996438784	-0.0129164526525798	-0.022692487366415	3.08695256544142	0.0303289957498082	0.0522522778325204
1.03936958759929	-2.900847863704	-0.012639287453241	-0.0222178417030094	3.28264853065622	0.0254253079727199	0.043246917261861
1.04936958759929	-2.86706225810989	-0.0124025159844922	-0.021817405115349	3.47374229131834	0.0221841874762568	0.0372764664573321
1.05936958759929	-2.83138689108378	-0.0121913812389397	-0.0214644618249346	3.66065657711626	0.0202350235452222	0.0336548622082514
1.06936958759929	-2.79386235923421	-0.011994399578291	-0.0211382351164229	3.84359097510651	0.0193225886647219	0.0318540571347278
1.07936958759929	-2.75452800284528	-0.0118025443966548	-0.0208224200364382	4.02261600644732	0.0191814985023228	0.0315153867368778
1.08936958759929	-2.71342337797547	-0.011608672629253	-0.0205040748067244	4.19762700191416	0.0196895589545334	0.0323246443455084
1.09936958759929	-2.67058944162696	-0.0114070641007125	-0.0201728199417834	4.36843455197414	0.0207201055445502	0.0340597459234037
1.10936958759929	-2.6260694893003	-0.0111930978920483	-0.019820241234557	4.53477864603387	0.0221464577308938	0.0365643008172546
1.11936958759929	-2.57990989952382	-0.0109630273287093	-0.0194394489379166	4.69630155177109	0.0239270683413224	0.0396836339139334
1.12936958759929	-2.53216074043015	-0.0107137915212702	-0.0190247749149692	4.85261995078662	0.0259765412463238	0.0433206379749823
1.13936958759929	-2.48287623600995	-0.0104429058451053	-0.0185715456885244	5.0032936727719	0.0282519865171718	0.0473790462233836
1.14936958759929	-2.43211513361491	-0.0101483684787429	-0.018075935279462	5.14786515162886	0.0306880184396499	0.0517908551838279
1.15936958759929	-2.37994096502037	-0.00982861510801239	-0.0175348574649028	5.28582545345677	0.0332856079719941	0.0564628967257241
1.16936958759929	-2.32642223487194	-0.0094824598258078	-0.0169459129345873	5.41669514414747	0.0359576912158727	0.0613560117949531
1.17936958759929	-2.27163250353957	-0.0091090970558614	-0.016307337031978	5.53994124898984	0.0387205897896426	0.0663791914776449
1.18936958759929	-2.2156504151972	-0.00870805976333406	-0.0156179934525596	5.65507626827975	0.0415007505334352	0.0714919063505824
1.19936958759929	-2.15855962720644	-0.00827922809355645	-0.0148773544348508	5.76160141771431	0.0442703655890065	0.0766300640166361
1.20936958759929	-2.10044867530826	-0.00782281685873099	-0.0140854990518691	5.85903154526036	0.047010334819953	0.0817255851324601
1.21936958759929	-2.041410766182	-0.00733936181611185	-0.0132431133783055	5.94692514648266	0.0496621830832798	0.0867324110383659
1.22936958759929	-1.98154348875806	-0.00682972659610801	-0.0123514765058394	6.02483809199518	0.0522406297175288	0.0915663503012272
1.23936958759929	-1.92094847555844	-0.00629507000038031	-0.0114124616796891	6.09240517677337	0.0546755087139127	0.0961909740670281
1.24936958759929	-1.8597309829141	-0.00573684771688416	-0.0104285104137818	6.14929071773692	0.0569292929620523	0.100555247378841
1.25936958759929	-1.79799941837581	-0.00515679961788305	-0.00940260446710559	6.19517536305186	0.0590369036387552	0.104573124212029
1.26936958759929	-1.73586483593429	-0.00455689284397326	-0.00833825106210248	6.22988161361622	0.0608510627614861	0.108261768876273
1.27936958759929	-1.67344033788628	-0.00393936626349568	-0.00723940293338854	6.25313508933912	0.0625551478569777	0.111466368636289
1.28936958759929	-1.61084052242621	-0.00330660143421496	-0.00611046183983168	6.26491302311638	0.0639338881957339	0.114253887337277
1.29936958759929	-1.54818081567225	-0.00266118159508289	-0.00495617189814267	6.26513177439562	0.0650378042778297	0.116556022879902
1.30936958759929	-1.48557684736095	-0.00200582484706167	-0.00378157323982077	6.25376064609345	0.065945037150788	0.11829814640062
1.31936958759929	-1.42314382638983	-0.00134330746417346	-0.00259195530072652	6.2309636564219	0.0664617803517127	0.119561117926826
1.32936958759929	-1.36099585957638	-0.000676520619822912	-0.00139273451385617	6.19677636454151	0.0668022535569174	0.120215336009952
1.33936958759929	-1.29924538343299	-8.32522258545644e-06	-0.0001894390233218	6.15147987358943	0.0667940479700413	0.120348795752381
1.34936958759929	-1.23800253159755	0.000658398377366359	0.00101241124671241	6.0953025034138	0.0665011957363028	0.119931383975941
1.35936958759929	-1.17737459794164	0.00132082328715991	0.0022073562410392	6.02854931651834	0.0659417334941234	0.118966677384591
1.36936958759929	-1.11746552694024	0.00197620893170324	0.00339006494672131	5.95159913188161	0.0650834292376575	0.117493756700264
1.37936958759929	-1.05837544551404	0.00262190851105502	0.00455541261646405	5.86482141976844	0.0640073231458156	0.115498491278586
1.38936958759929	-1.00020027877534	0.00325542842409209	0.00569852301452061	5.76868210557985	0.0626712613973627	0.113040137299334
1.39936958759929	-0.943031400922027	0.003874427811465	0.00681483482142414	5.66365267269646	0.0610881173312407	0.110154495485636
1.40936958759929	-0.886955361497997	0.00447673770898709	0.00790014854600178	5.5501983312406	0.0593366644157898	0.106847128168134
1.41936958759929	-0.832053692693883	0.00506040973669063	0.00895064802101889	5.42888014854045	0.0573317348871129	0.103216178610138
1.42936958759929	-0.778402738425386	0.0056236703211355	0.00996296294265305	5.30014273424219	0.0552587145992976	0.0992173631265158
1.43936958759929	-0.72607361226909	0.0061650106759153	0.0109341483638698	5.16458361229577	0.0529913180204475	0.0949765646211884
1.44936958759929	-0.675132145322795	0.00668312578692838	0.0118617357068993	5.02271273829093	0.0505868952184503	0.0905220943654703
1.45936958759929	-0.625638931033511	0.00717693727262644	0.012743729105854	4.87501395587586	0.0481450546613316	0.0858599074970808
1.46936958759929	-0.577649426804769	0.00764562575629183	0.0135785876053665	4.72205080451235	0.0455737367308926	0.0810987254157579
1.47936958759929	-0.531214059115301	0.00808857200343571	0.0143652480926767	4.56426786920799	0.0429994981154664	0.0762282459364878
1.48936958759929	-0.48637841994752	0.00850540479292968	0.0151030830602446	4.40217127926727	0.0403783462480335	0.0713280243576246
1.49936958759929	-0.443183455200261	0.00889595867939154	0.0157919000325046	4.23620712100372	0.0377458532593655	0.0664321140722667
1.50936958759929	-0.401665702348736	0.00926027551327153	0.0164319114269768	4.06679957107592	0.0351312352253355	0.0615747900522063
1.51936958759929	-0.361857544794145	0.00959859357908354	0.0170237059971046	3.89435371017292	0.0325472603621515	0.0567955222271855
1.52936958759929	-0.323787479827085	0.00991132990181575	0.0175682197917952	3.71924116734343	0.0300175870722765	0.0521238801869591
1.53936958759929	-0.287480400796881	0.0101990682436828	0.0180667008042531	3.54181079274296	0.0275523261351637	0.0475924168764649
1.54936958759929	-0.252957882937913	0.0104625408647203	0.0185206746258003	3.36238205994567	0.025161063260709	0.0432294620979989
1.55936958759929	-0.220238470639604	0.0107026087153838	0.0189319094390938	3.18123625809438	0.0228714317917242	0.0390490083342811
1.56936958759929	-0.189337967912322	0.0109202520513112	0.0193023746836602	2.99864585489358	0.0206678444829913	0.0350836789615383
1.57936958759929	-0.160269712438831	0.0111165372860364	0.0196342125293894	2.81482294200537	0.0186017945211641	0.0313253485451368
1.58936958759929	-0.133044858540673	0.0112926197839134	0.0199296906428313	2.62999210045242	0.0166399518745446	0.0278070613004844
1.59936958759929	-0.107672631322195	0.0114497081274071	0.020191176916711	2.44432959650339	0.0147950480066079	0.0245326753068572
1.60936958759929	-0.0841605790615871	0.0115890513689662	0.0204211035002607	2.25798066954844	0.0130922219364264	0.0214951788608647
1.61936958759929	-0.0625148135556347	0.0117119310581966	0.0206219303197832	2.0710913656385	0.0115049604214187	0.0187114197605595
1.62936958759929	-0.0427402245062429	0.0118196314770514	0.0207961226934348	1.88376262873409	0.0100554811411546	0.016168279643492
1.63936958759929	-0.0248406896468682	0.0119134361067882	0.0209461173800452	1.69609212075676	0.00873002200007632	0.0138685690317947
1.64936958759929	-0.00881925916400217	0.0119946067083104	0.0210743006875297	1.50815279892406	0.00752784538430924	0.0118049037244736
1.65936958759929	0.00532167337264412	0.0120643720537392	0.0211829841344034	1.3200014402363	0.00644709860378496	0.00996759721529205
1.66936958759929	0.0175802188346191	0.012123916088891	0.0212743831642096	1.13168170121736	0.00548229097165335	0.00834629219992119
1.67936958759929	0.0279548590017995	0.0121743663907581	0.0213505983874996	0.94322467260514	0.00462711336030239	0.0069287058422309
1.68936958759929	0.0364443313504664	0.0122167840271143	0.0214135986504935	0.754650799280688	0.00387440919923104	0.00570089713250823
1.69936958759929	0.0430475324619331	0.0122521544736974	0.0214652059769832	0.565972080386917	0.00321557728410304	0.00464782502263105
1.70936958759929	0.0477634404207107	0.0122813790085278	0.0215070825326312	0.377192694757792	0.00264331728175673	0.00375208868233165
1.71936958759929	0.0505910555311098	0.012305268151211	0.021540718589058	0.188313646765489	0.00214589763542326	0.00299721624954366
1.72936958759929	0.0515293610010743	0.0123245337985003	0.021567423108624	-0.000669936562972293	0.00171695776276781	0.0023625673476035
1.73936958759929	0.0505773011851626	0.0123397852812176	0.0215883139564874	-0.189760612976213	0.00134231309652838	0.00183060632451349
1.74936958759929	0.0477337805926618	0.0123515227290053	0.0216043111365721	-0.378962191098866	0.00101161206940945	0.00138077257419468
1.75936958759929	0.0429976811749567	0.0123601331738545	0.0216161299807634	-0.568276136064607	0.000714888885459727	0.000991473963632573
1.76936958759929	0.0363678989135629	0.0123658874340234	0.0216242752292412	-0.75769745221138	0.000438032232318597	0.000642654158251539
1.77936958759929	0.0278434007529334	0.0123689357769456	0.0216290369977054	-0.947216875894211	0.000171601339034146	0.000311163679176362
1.78936958759929	0.0174232998910174	0.0123693067444721	0.0216304862283459	-1.13681421785754	-9.90338307653549e-05	-2.38106996456722e-05
1.79936958759929	0.0051069518762544	0.0123669041072481	0.0216284723392666	-1.32646028060831	-0.000385431205560456	-0.000385075350720626
1.80936958759929	-0.00910593045661065	0.0123615061549771	0.0216226208589117	-1.51611293642684	-0.000700149164357315	-0.000795107300344539
1.81936958759929	-0.0252151422141229	0.0123527651305407	0.0216123323309853	-1.70571512639499	-0.00105677884566946	-0.00127589501342427
1.82936958759929	-0.0432198319982875	0.0123402068757545	0.0215967826115193	-1.89519481430707	-0.00146588698384813	-0.00185096360200354
1.83936958759929	-0.0631183290628191	0.0123232328492623	0.0215749236058464	-2.08445977939676	-0.00194192803673295	-0.00254146728842954
1.84936958759929	-0.0849079508266785	0.0123011210256404	0.0215454865891055	-2.27339972328008	-0.00249481334121088	-0.00337051808042221
1.85936958759929	-0.108584793562898	0.0122730303591292	0.0215069858980421	-2.46188000201611	-0.00313931850668784	-0.00435787205798072
1.86936958759929	-0.134143504523075	0.0122380033798101	0.0214577262720544	-2.64974628430783	-0.00388161718327381	-0.00552690032610182
1.87936958759929	-0.161577040402888	0.0121949749486267	0.0213958099033934	-2.8368129950031	-0.00474032651216365	-0.00689292958481815
1.88936958759929	-0.190876408226456	0.0121427758904514	0.0213191496764648	-3.02287510059935	-0.00571858835389362	-0.00847791801436343
1.89936958759929	-0.222030397118022	0.0120801456461805	0.0212254813859695	-3.20769498768085	-0.00682917056367596	-0.0102965299266612
1.90936958759929	-0.255025296851434	0.0120057406924106	0.0211123824645383	-3.39101074915182	-0.00807485449456047	-0.0123662590973329
1.91936958759929	-0.289844611803809	0.0119181514798189	0.0209772907063395	-3.5725223131708	-0.00947621379724436	-0.0146919905207515
1.92936958759929	-0.326468764325941	0.0118159088252711	0.0208175335495357	-3.7519216183805	-0.0110070554479432	-0.0173002772254999
1.93936958759929	-0.364874808359168	0.0116975163464105	0.0206303484111207	-3.92884066373339	-0.0127041051016469	-0.0201797407366728
1.94936958759929	-0.405036131172033	0.0115614538057965	0.0204129238572359	-4.10290784930234	-0.01454886451726	-0.0233441957326238
1.95936958759929	-0.44692217448448	0.011406208030184	0.020162431020548	-4.27371664562973	-0.0165356210145769	-0.0267955136085104
1.96936958759929	-0.49049816455561	0.0112302990987364	0.0198760624277208	-4.44081763828083	-0.0186911586178876	-0.0305125371846112
1.97672339466458	-0.523598775598299	0.0110869149850572	0.0196409864694973	-4.56108265553688	-0.0203499647507649	-0.0334267078452339
1.98672339466458	-0.605480003526401	0.0666148125121056	0.00392782479934843	-9.05039350437495	5.35751757249942	-0.0567326406913227
1.99672339466458	-0.702926772710001	0.114918517182148	0.020101956256796	-10.4456028553599	4.33320455064827	3.26171620006623
2.00672339466458	-0.814771678459564	0.155382066864349	0.0669802413455976	-11.9085747175096	4.09073118129021	5.65373522490767
2.01672339466458	-0.935836932654868	0.196144982641884	0.125362766768631	-12.0757496983978	3.9481974889082	5.79911870868542
2.02672339466458	-1.05354179195519	0.233086952476933	0.180162536637869	-11.3893476079816	3.40327455165535	5.08786950791534
2.03672339466458	-1.16292133660377	0.263962238911605	0.226365706992629	-10.4764604000644	2.76938349051916	4.14351550390531
2.04672339466458	-1.26317470253854	0.288597741991507	0.263132088100034	-9.59013383701584	2.17100493377372	3.22320853600988
2.0516032304008	-1.30899693899575	0.298527046392002	0.277855739211972	-9.1960803447085	1.90379262474177	2.81531923051024
2.0616032304008	-1.36560984094512	0.258102979592128	0.326032486781369	-4.7773304947496	-4.26952795255141	3.6084148982002
2.0716032304008	-1.40750158344756	0.219658799997744	0.346405435999479	-3.57835630383312	-3.45417942743144	0.483625707144209
2.0816032304008	-1.43674255796697	0.188463299279658	0.335894486823912	-2.24739935483434	-2.81031064501922	-2.58125129347639
2.0916032304008	-1.45169463984318	0.161785585493948	0.295869618606223	-0.695303875778625	-2.86418207150462	-5.0536107901703
2.1016032304008	-1.45517022447849	0.131372628524379	0.241887621143577	-0.243695739700742	-3.09117027047183	-5.51562562396885
2.1116032304008	-1.45997980031217	0.101734765344694	0.188739691459344	-0.827012873780746	-2.78005814207081	-5.01230710305992
2.1216032304008	-1.47294924581152	0.0763779969628688	0.142845409905018	-1.79317763006337	-2.2786463044132	-4.14052822297932
2.1316032304008	-1.49590339358144	0.0561850005715066	0.106004101114738	-2.78267388797445	-1.76980262787354	-3.23828452982998
2.1416032304008	-1.52815305431264	0.0407614953213345	0.0776643916468732	-3.63822100526823	-1.33098969262398	-2.45404342438874
2.1516032304008	-1.56807041547187	0.029262076981821	0.0563904344251899	-4.31534310298709	-0.984045677261742	-1.82718239476778
2.1616032304008	-1.61389307007392	0.020797384252432	0.0406211464588494	-4.82300158905259	-0.721682302540234	-1.34977523824336
2.1716032304008	-1.66405337633587	0.0145952713046446	0.028981537014033	-5.18777555064046	-0.528860616841225	-0.996559515190068
2.1816032304008	-1.71726951870383	0.0100409734691247	0.0203682923011038	-5.43897768210985	-0.389293865944239	-0.740282118165047
2.1916032304008	-1.77253593940548	0.00666813110519079	0.0139392178918295	-5.60169452714017	-0.290547756713055	-0.556063334779422
2.2016032304008	-1.82907915324412	0.0041328517176983	0.00907091935977239	-5.69723324266909	-0.220491871012309	-0.425125327754252
2.2022202510638	-1.83259571459405	0.00399787700283356	0.00881069898216644	-5.70120086901395	-0.217140409101857	-0.418310489717468
2.2122202510638	-1.85577746181825	-0.0517352426653185	0.020181207764435	-1.60882820980889	-5.34754977952828	-0.262334885391079
2.2222202510638	-1.8662503586938	-0.0999869645884897	0.00212624943182623	-0.475331810802806	-4.33788656769913	-3.31812639981048
2.2322202510638	-1.86494322888552	-0.14018795400193	-0.044504188033905	0.75081968113468	-4.02224644039746	-5.61325165832206
2.2422202510638	-1.85603574111845	-0.180376855357229	-0.102461501562462	0.803953869104467	-3.90608647642755	-5.75554633488353
2.2522202510638	-1.85161635569005	-0.216974189852308	-0.156925860250702	0.0098135539955719	-3.38243012409747	-5.06476121271626
2.2622202510638	-1.85646254795857	-0.247760842469573	-0.203088328357603	-0.982381650058996	-2.77543979496053	-4.1605640287333
2.2722202510638	-1.87103185334223	-0.272624233465026	-0.240292304078907	-1.91010007448136	-2.20864318035809	-3.2974950503415
2.2822202510638	-1.89412926791058	-0.292236728009263	-0.269450107706838	-2.68104317316871	-1.72822627041134	-2.55786795116419
2.2922202510638	-1.9240739721599	-0.307490758404786	-0.291921541716421	-3.27955598219027	-1.33729904144739	-1.95941641952245
2.3022202510638	-1.95918037113892	-0.319264616282205	-0.309070860414145	-3.71680455143888	-1.02984310440346	-1.49099767239719
2.3122202510638	-1.99794105053272	-0.328335934489019	-0.322105692621897	-4.01437161992648	-0.794737294251051	-1.13303400045146
2.3222202510638	-2.03908378232944	-0.335355893403662	-0.332031988502911	-4.19703069942329	-0.617854019611907	-0.865703772329033
2.3322202510638	-2.08157445784263	-0.340848731192497	-0.339656628984328	-4.28755267526553	-0.487472319927479	-0.669673586068169
2.3422202510638	-2.12459556437964	-0.345224457059543	-0.345607740935751	-4.30632512071984	-0.392570828707115	-0.528606844314755
2.3522202510638	-2.16751583076837	-0.348794979325746	-0.350362128766249	-4.26991354204555	-0.325151768824106	-0.428240439864174
2.3622202510638	-2.20985720821802	-0.351792448817603	-0.354272751783912	-4.19234856245182	-0.277421085395332	-0.357928751987929
2.3722202510638	-2.25126414057892	-0.354385376870194	-0.35759492882621	-4.08460387784566	-0.243429865809812	-0.30930755832363
2.3822202510638	-2.29147635737249	-0.356693047322591	-0.360509074325387	-3.95472299050595	-0.219494403038474	-0.275548487139167
2.3922202510638	-2.33030580408271	-0.358798133251639	-0.363139320494229	-3.80895810125622	-0.202427885055144	-0.251872412944363
2.4022202510638	-2.36761824935845	-0.360756372576592	-0.365568741803722	-3.65195806871624	-0.189841271291705	-0.234879785556925
2.4122202510638	-2.40331888997114	-0.36260415751234	-0.367851153637881	-3.48706284922966	-0.180122341607062	-0.222129695548427
2.4222202510638	-2.43734137180489	-0.36436434314329	-0.370019986404648	-3.31666602579433	-0.172157453596048	-0.211943080319587
2.4322202510638	-2.46963963433429	-0.366050513117271	-0.37209483176819	-3.14246619369112	-0.165193170792214	-0.203196651390209
2.4422202510638	-2.50018194996593	-0.367670077108999	-0.374086138221608	-2.96569131258983	-0.158661572491417	-0.19520415053025
2.4522202510638	-2.52894669747156	-0.36922633433543	-0.375998585988998	-2.78706167268246	-0.152505346471472	-0.187358406549805
2.4622202510638	-2.55591922613649	-0.370720202765382	-0.377833230408494	-2.60725316846674	-0.146326023789485	-0.179512420581816
2.4722202510638	-2.5810897876197	-0.372151091774525	-0.379589117694688	-2.42672683091164	-0.139890392668588	-0.171594072548111
2.4822202510638	-2.60445206536114	-0.37351752802827	-0.381264315242208	-2.24569540742808	-0.13329554333862	-0.163447582862517
2.48840483982034	-2.61799387799149	-0.374329532846459	-0.382258975876359	-2.13349868593334	-0.129285537989389	-0.158192827674552
2.49840483982034	-2.66747358142798	-0.323504734922585	-0.405515478144597	-5.51616784119349	5.4208116486036	-1.6958703596037
2.50840483982034	-2.72431784865597	-0.274424996013364	-0.411387617875951	-5.86756422107644	4.43099487812363	0.49974619162171
2.51840483982034	-2.78512666158135	-0.234265996230531	-0.39581966633685	-6.31061982778275	3.62954702733839	2.60385976117251
2.52840483982034	-2.85085661541955	-0.201355652452405	-0.359388902945728	-6.85328794975052	2.97557851680543	4.68195760347634
2.53840483982034	-2.92280806318644	-0.170930188299466	-0.306162847255747	-7.38385096419022	3.17844363590658	5.62758903826986
2.54840483982034	-2.99471227865343	-0.139653703945533	-0.250577834381687	-6.86410576334111	3.00686764161382	5.36397110931343
2.55840483982034	-3.05840211585662	-0.111683304779908	-0.200503292802443	-5.82928240873328	2.56435215613922	4.605920601002
2.56840483982034	-3.11094408389896	-0.0885490756469911	-0.158842461375922	-4.68180526533618	2.06440314978679	3.72609542928492
2.57840483982034	-3.15232556636437	-0.070240613850506	-0.125749867953341	-3.61679361810725	1.60957386705763	2.91129073307879
2.58840483982034	-3.18377720453767	-0.0561058601701747	-0.100158151598564	-2.70024720958239	1.23194632338731	2.2306349918341
2.59840483982034	-3.20684013359	-0.0453401110193968	-0.080662932577035	-1.93666159266551	0.934125144361778	1.69058979004155
2.60840483982034	-3.2229508889038	-0.0371977700858107	-0.0659324324854358	-1.30550561835113	0.704836894534502	1.27405754825096
2.61840483982034	-3.23330506674475	-0.0310602302849474	-0.0548485800422445	-0.780988356435302	0.530768170293988	0.957425346219184
2.62840483982034	-3.23884574674133	-0.0264400698639742	-0.0465251576981788	-0.339120687899028	0.399426657947802	0.718582029844068
2.63840483982034	-3.24029677166573	-0.0229631157885446	-0.0402798233885739	0.0398768435524188	0.300604052693669	0.539077172802005
2.64840483982034	-3.2382059454339	-0.0203458391623599	-0.0355949435218997	0.37148519578823	0.226376117834706	0.404348385679257
2.65840483982034	-3.23298491936568	-0.0183746768864985	-0.0320806874237167	0.667587070840964	0.170587670691955	0.303298684408277
2.66840483982034	-3.22494199349612	-0.0168891406833244	-0.0294443830400865	0.937166393405665	0.128556393554193	0.227567595579544
2.67840483982034	-3.2143077515352	-0.0157686867832499	-0.0274664554922858	1.18684046269064	0.0970148564599428	0.17075176846836
2.68840483982034	-3.20125467613837	-0.0149226257696243	-0.0259821065398934	1.42164632920397	0.0733145655871919	0.128172229751955
2.69840483982034	-3.18591191175041	-0.0142826316565654	-0.0248674561455083	1.64530624820048	0.055534511307891	0.0963020023107302
2.70840483982034	-3.16837638990431	-0.0137970894252066	-0.0240291894337441	1.86059185888318	0.0422177327951748	0.0725182424972313
2.71504813609319	-3.15555145791332	-0.0135403009523621	-0.0235897313207815	2	0.0353156212069868	0.0601915926411915
2.72504813609318	-3.13451967420638	-0.0132298032164629	-0.023063723669243	2.20558318692643	0.0272021696234438	0.0457435010249689
2.73504813609319	-3.111453362328	-0.0129891151790136	-0.0226619091863645	2.40707303044752	0.0212609795744536	0.03517821285647
2.74504813609318	-3.08638892493707	-0.0127991322853879	-0.0223501882049427	2.60532639397973	0.0169892824699613	0.027595714401252
2.75504813609319	-3.05935562043497	-0.0126450763141871	-0.0221022838206653	2.80092670838114	0.0140184214847805	0.0223204698321984
2.76504813609318	-3.03037794581587	-0.0125154057786912	-0.0218977529484241	2.99424790214122	0.0120723275339604	0.0188491220806298
2.77504813609319	-2.99947750756022	-0.0124009995644332	-0.0217204987405065	3.18550233392988	0.0109356132552226	0.0168117135350221
2.78504813609318	-2.96667450956256	-0.0122945497403791	-0.0215576570386827	3.37476349205328	0.0104571434772311	0.01592770315718
2.79504813609319	-2.93198895936194	-0.0121901030143329	-0.0213987690185886	3.56200087243948	0.0105147998889355	0.0159932477991472
2.80504813609318	-2.89544165785806	-0.0120827254365395	-0.0212351638970708	3.74708665304219	0.0110302730622533	0.0168492674579727
2.81504813609319	-2.85705503127464	-0.0119682476984194	-0.0210595075741502	3.92982563372627	0.0119278406366497	0.0183854690886397
2.82504813609318	-2.8168538357597	-0.0118430850509239	-0.020865470165305	4.10995716230488	0.0131474537290345	0.0205194550163631
2.83504813609319	-2.77486576323421	-0.0117041119885637	-0.0206474853525352	4.28714344098724	0.014683263310674	0.0231653947845315
2.84504813609318	-2.73112197892607	-0.0115485545459042	-0.0204005930688161	4.46103152187668	0.0164643577088518	0.0262901664957604
2.85504813609319	-2.68565757710788	-0.0113739455234846	-0.0201203194669522	4.63120119898693	0.0184752383247723	0.0298422416660539
2.86504813609318	-2.63851198855408	-0.0111780808225523	-0.019802610900449	4.79718823416125	0.0207166163037891	0.033768037752031
2.87504813609319	-2.58972933720637	-0.0109589851589739	-0.0194438046094828	4.95853557189306	0.0231070470167398	0.0380612735770398
2.88504813609319	-2.53935872279382	-0.0107149347316009	-0.0190406003545409	5.11469328590488	0.0257043854600487	0.0426409513533514
2.89504813609319	-2.48745448308605	-0.0104444186631847	-0.0185900885083571	5.26516342334418	0.0284106169570262	0.0475083622787183
2.90504813609319	-2.43407636366349	-0.010146184483566	-0.0180897496425095	5.4093779359352	0.0312412025004048	0.0526006214743442
2.91504813609319	-2.3792896575301	-0.0098192276615875	-0.0175374953559864	5.54678485502817	0.0341554798483439	0.0578811694787445
2.92504813609319	-2.32316526871342	-0.00946281317614432	-0.0169316980685689	5.67683149195622	0.0371054356891038	0.0633131006314
2.93504813609319	-2.26577970759775	-0.0090765041646074	-0.0162712189535858	5.79892457937584	0.0401340007741943	0.0688062182389864
2.94504813609319	-2.20721504073597	-0.00866014195625417	-0.015555460244206	5.91255433212124	0.0431278448129001	0.0743505439457044
2.95504813609319	-2.14755873457713	-0.00821389932730221	-0.0147843729852363	6.01715673906776	0.0461235334264841	0.0798520700963163
2.96504813609319	-2.08690346694066	-0.00773824713162586	-0.0139585034847802	6.11226251364484	0.0490085333381913	0.0852947320368222
2.97504813609318	-2.02534682893579	-0.00723399629837862	-0.0130789888423179	6.19736979478963	0.0518056294360988	0.0905883463648386
2.98504813609319	-1.96299098448609	-0.00670227514305647	-0.0121475751303774	6.2720223035751	0.0545230828518442	0.0956506155098182
2.99504813609319	-1.89994226271719	-0.00614449938258189	-0.0111666259983165	6.33589322444471	0.0569920162013338	0.100496110957138
3.00504813609319	-1.83631064206945	-0.00556243038915217	-0.0101390694918234	6.38854396274507	0.0593893911326202	0.104956034908631
3.01504813609318	-1.77220926025459	-0.00495805064123271	-0.00906842890001929	6.42979499835627	0.0614668904955758	0.109094985385825
3.02504813609319	-1.70775377308599	-0.00433364576114141	-0.00795872829173495	6.45936380877601	0.0633259615147299	0.11279487807079
3.03504813609318	-1.64306174973232	-0.00369171586066866	-0.00681447686745646	6.47707584184948	0.0649805992372167	0.115991684768497
3.04504813609319	-1.5782520107945	-0.00303493543411261	-0.00564061543560638	6.48289297048566	0.0663033195728894	0.118705618844943
3.05504813609318	-1.51344391742774	-0.00236616819982357	-0.00444242335540393	6.47673997585422	0.0673952040767129	0.120842725594177
3.06504813609319	-1.44875670457934	-0.00168836564133953	-0.00322548026987837	6.45872424063115	0.0681229502340107	0.122444895362634
3.07504813609318	-1.38430875930736	-0.00100458449183625	-0.00199555822084675	6.42893839663034	0.068534047088623	0.123466691569894
3.08504813609319	-1.32021694905798	-0.000317927757017909	-0.000758551778614788	6.38752475698881	0.068716513988736	0.123851090885055
3.09504813609318	-1.25659598443412	0.000368532793495198	0.000479582626052066	6.33480426257258	0.0685199380654307	0.123679687692588
3.10504813609319	-1.19355776504401	0.00105172043077064	0.00171294708906711	6.27101543141383	0.0680978664692995	0.122880309497251
3.11504813609318	-1.13121084715988	0.00172867519185475	0.00293573391520995	6.19660512039223	0.0672828527322183	0.121563140965638
3.12504813609319	-1.06965988463898	0.00239650137811465	0.00414234557746883	6.11192462799543	0.0662156549770126	0.119681206827901
3.13504813609319	-1.00900519856844	0.00305245408960421	0.00532743259677253	6.01741622587092	0.0649373972468177	0.117249233933196
3.14504813609319	-0.949342392316615	0.00369397750114393	0.00648594886932973	5.91364382680256	0.0633099485599798	0.114385623335142
3.15504813609319	-0.890761995833098	0.00431865328193143	0.00761324580464674	5.80102503857838	0.0615663816436956	0.111014979933882
3.16504813609319	-0.833349267522319	0.00492432655346506	0.00870506051936048	5.68018994829083	0.059537690809859	0.107283533313771
3.17504813609319	-0.777183974617107	0.005509031309145	0.00975760126596112	5.55165975910107	0.0573160770982768	0.103200809411941
3.18504813609319	-0.722340302301693	0.00607103613573601	0.0107675571190788	5.41595487213478	0.0550118167945926	0.0987694818739567
3.19504813609319	-0.66888682943	0.00660888555273184	0.0117320991430117	5.2737011920843	0.0525146711505076	0.094112801385239
3.20504813609319	-0.616886522261494	0.00712134353351271	0.0126489236579079	5.12541141672425	0.0499427232829751	0.089231814044138
3.21504813609319	-0.566396839383757	0.00760744719408548	0.0135162260662491	4.97165990672259	0.0472612235318173	0.0842096720730877
3.22504813609318	-0.517469849221541	0.00806647517675588	0.0143327111672889	4.8129747670572	0.0444999901384959	0.0790936317999993
3.23504813609319	-0.470152406216437	0.0084979418313124	0.0150975808971471	4.64983049298266	0.0417598413102456	0.0738907622577073
3.24504813609319	-0.424486381528975	0.00890162273941904	0.0158104973878681	4.48275943243029	0.0389695346122732	0.068698130372636
3.25504813609319	-0.380508888593751	0.00927749995490958	0.0164715824273342	4.31219529623539	0.0362100344623179	0.0635275084527209
3.26504813609318	-0.338252571450082	0.00962578450266204	0.0170813694684465	4.13859213844078	0.0334583873155644	0.0584427971186619
3.27504813609319	-0.297745885000751	0.00994687999403712	0.0176407825444631	3.96234715821102	0.0307472238584814	0.0534736832092208
3.28504813609319	-0.25901339983569	0.0102413689136975	0.0181510991886636	3.78380799925295	0.0281470211706855	0.0486248652387237
3.29504813609319	-0.222076125391316	0.0105100200169689	0.0186138992007313	3.60335792117064	0.0255850026346428	0.0439733731078246
3.30504813609318	-0.186951804218264	0.0107537275417765	0.0190310483182101	3.421269130031	0.0231546673581035	0.0395017050312217
3.31504813609319	-0.153655244308716	0.0109735328785135	0.0194046365483611	3.23784358512205	0.0208190371657998	0.0352576231134002
3.32504813609318	-0.122198615615597	0.01117058072039	0.0197369516925619	3.05332889705222	0.0185896514159721	0.031257766471827
3.33504813609319	-0.0925917506984251	0.0113461008846451	0.020030439682325	2.86792334118663	0.016517979370664	0.0274923740325413
3.34504813609318	-0.0648424429810471	0.0115014077744711	0.0202876566966188	2.68184127017531	0.014559787269333	0.0239985021817021
3.35504813609319	-0.0389567122482734	0.0116378580270758	0.0205112456322	2.49523270302169	0.0127479080818415	0.0207671672403097
3.36504813609318	-0.0149390747217821	0.0117568489701501	0.0207038928661611	2.30824177109605	0.0110720755243488	0.0178083206572512
3.37504813609319	0.00720721389244733	0.0118597940632611	0.0208683000344983	2.12098294193541	0.00953266879120232	0.0151221744929469
3.38504813609319	0.0274799289731495	0.0119481058691769	0.0210071546207947	1.93354005286812	0.00814647249113107	0.0126963944752775
3.39504813609319	0.0458776610638067	0.0120231883935858	0.0211230985207783	1.74599414223732	0.00689174974175131	0.0105359947659481
3.40504813609319	0.0623996258004951	0.0120864138565727	0.0212187080875761	1.55839370990842	0.00577499749140321	0.00862768922526998
3.41504813609319	0.0770454849252007	0.0121391157974148	0.0212964684699907	1.37077746689004	0.00478689824020335	0.00696392570562568
3.42504813609319	0.0898151898789632	0.0121825746536833	0.0213587550273646	1.18316713970525	0.00392154672481252	0.0055328260676208
3.43504813609318	0.100708843012412	0.0122180064899636	0.0214078159468725	0.995567263949975	0.00318092593531492	0.00431605718626566
3.44504813609319	0.109726575211111	0.0122465574590793	0.0214457545040629	0.807981023924288	0.00254549179676422	0.00330493984933902
3.45504813609319	0.116868446688605	0.0122692896867133	0.0214745184735109	0.620392915237595	0.00201482219734431	0.00247879415823626
3.46504813609319	0.122134361736825	0.0122871779477129	0.0214958860325506	0.432785365113482	0.00157653664329596	0.00182190076150586
3.47504813609318	0.125524004964977	0.0123011011476213	0.0215114565335609	0.245134367995317	0.00121953009617534	0.00131656714010937
3.48504813609319	0.12703679552551	0.0123118359611597	0.0215226419459767	0.0574098125561383	0.000937296685082128	0.000941508567478161
3.49504813609319	0.126671858969086	0.0123200534010407	0.0215306583194909	-0.130416544363021	0.000715107936893651	0.000678903747975846
3.50504813609319	0.124428019585118	0.0123263123763836	0.0215365202518947	-0.318375703756308	0.000543816154018411	0.00050708739143274
3.51504813609318	0.12030381011047	0.0123310569992306	0.0215410345273007	-0.506495065636578	0.000410478723010455	0.000405710924937487
3.52504813609319	0.114297501390766	0.0123346124351116	0.0215447955648192	-0.694798854956305	0.000303341375239252	0.000353153741514731
3.53504813609319	0.106407150901521	0.0123371819298407	0.0215481811334197	-0.883306088816006	0.000211663861793309	0.000326702146230832
3.54504813609319	0.0966306703156265	0.0123388449941393	0.0215513482593146	-1.07202605675489	0.000120332380953919	0.000305530542900379
3.55504813609318	0.0849659136243782	0.0123395539626128	0.0215542307896929	-1.26096090537028	1.95169020493088e-05	0.0002655772179786
3.56504813609319	0.0714107836079106	0.0123391339709904	0.0215565359126454	-1.45009796324492	-0.000107303767878985	0.000186077457998689
3.57504813609318	0.0559633598479333	0.0123372799409222	0.021557743159669	-1.63941408603341	-0.000269900732557689	4.24156558359073e-05
3.58504813609319	0.0386220450563711	0.0123335576106747	0.0215571022312482	-1.82886794181141	-0.00048330977938927	-0.000187293696627957
3.59504813609318	0.019385732707244	0.012327402355106	0.0215536332081919	-2.01840216312706	-0.000759012583828948	-0.00052682539972943
3.60504813609319	-0.00174600651298117	0.0123181208535108	0.0215461266766924	-2.20793830399163	-0.00111134799518103	-0.00099823048415127
3.61504813609318	-0.0247727178967548	0.0123048918423588	0.0215331461061082	-2.39737809320449	-0.00155069502368521	-0.00162531495169694
3.62504813609319	-0.0496928379067728	0.0122867700144816	0.0215130306588638	-2.58659753225386	-0.00209188398391348	-0.0024288760676447
3.63504813609319	-0.0765034499798124	0.0122626887135468	0.0214839011928437	-2.77544950864911	-0.00274479283979389	-0.00343149133880211
3.64504813609319	-0.10520002424204	0.0122314663711996	0.0214436672477094	-2.96375853399099	-0.00352181198924242	-0.00465317349470415
3.65504813609319	-0.135776140755625	0.012191813164115	0.0213900373969475	-3.15132049887236	-0.00443502344868935	-0.0061125168516601
3.66504813609319	-0.168223198209259	0.0121423384116009	0.0213205331807732	-3.33790637494121	-0.00548543842104196	-0.00783207216875201
3.67504813609319	-0.20253011347586	0.0120815657553458	0.0212325033137387	-3.52324624182518	-0.00669427906610797	-0.00982102559183667
3.68504813609318	-0.238683006502423	0.0120079390380731	0.0211231478238904	-3.70705326502131	-0.00805047188991583	-0.0121029698614463
3.69504813609319	-0.276664887320619	0.011919847895369	0.0209895368880432	-3.88898792855782	-0.00958502607759164	-0.0146752897652686
3.70504813609319	-0.316455329629353	0.0118156326723978	0.0208286464221454	-4.06870235792137	-0.0112770669445308	-0.0175592069146908
3.71504813609319	-0.358030158079558	0.0116936172889474	0.0206373844121241	-4.2457969293896	-0.0131460505361431	-0.020749522293681
3.72504813609318	-0.401361130877079	0.0115521214245571	0.0204126341989607	-4.41985697977972	-0.0151758359407014	-0.0242549405443963
3.73504813609319	-0.446415642660547	0.0113894938583607	0.0201512920088719	-4.59042467475732	-0.0173768454489935	-0.0280640376373612
3.74504813609319	-0.493156435992951	0.0112041304734212	0.0198503179883155	-4.75703126354533	-0.019721916273368	-0.0321793193331196
3.75137870961122	-0.5235987755983	0.0110743401310138	0.0196379615319561	-4.8602210666724	-0.0212910821262594	-0.0349290726601775
3.76137870961122	-0.608457804186818	0.066581037889645	0.00390307963849663	-9.34712351501129	5.35522118432732	-0.0603782992988333
3.77137870961122	-0.708849952026359	0.114850611622906	0.0200199531030259	-10.7387377852741	4.33139035858722	3.2516355508985
3.78137870961122	-0.823572576597685	0.155232552395033	0.0667927681692767	-12.1947052716019	4.08062215584066	5.64291772574964
3.79137870961122	-0.947477539614093	0.195863117674767	0.125069667770329	-12.3603425865792	3.93874657384637	5.78423579348302
3.80137870961122	-1.06798244384103	0.232648966693811	0.179723677233496	-11.6661338484607	3.38479409455005	5.07161071363245
3.81137870961122	-1.18010945134394	0.263339982494258	0.225731405515346	-10.7483538844685	2.74930477936534	4.12181298187774
3.82137870961122	-1.28305947199874	0.287771336392059	0.262256940718033	-9.85642430426035	2.1476660172729	3.19855254931034
3.82404005672559	-1.30899693899575	0.293289569562644	0.270464403024387	-9.63771785568989	2.00174260657928	2.97001364584511
3.83404005672559	-1.36974944268253	0.253585536123505	0.320049954409249	-5.18499451728103	-4.18135001985792	3.71715954653485
3.84404005672559	-1.41551111841459	0.215890965941363	0.341353300665098	-3.94743749166059	-3.38571863141222	0.557094373841411
3.85404005672559	-1.44826346101083	0.185326052708619	0.331376353063244	-2.58051441220617	-2.75248233872516	-2.54778506025382
3.86404005672559	-1.46634865944181	0.159057546220195	0.291619032693172	-0.997861637673465	-2.84075894502261	-5.01792400331807
3.87404005672559	-1.47288678501357	0.128915727621686	0.238044302812849	-0.552368068876532	-3.06103816354212	-5.4709004362627
3.88404005672559	-1.48077607579598	0.0995850837568773	0.185366175490099	-1.13266589946402	-2.75021974652188	-4.96374236944302
3.89404005672559	-1.49676926164053	0.0745301595452579	0.139942186076396	-2.0913022909632	-2.24892042259208	-4.09552077436644
3.90404005672559	-1.52264443241386	0.0546102162892949	0.103528733492663	-3.06931987086151	-1.74313142795789	-3.19906251281263
3.91404005672559	-1.55769045959405	0.0394214867888373	0.0755557137516715	-3.91140444082242	-1.30933563309729	-2.42071144993909
3.92404005672559	-1.6002727652916	0.0281171319042069	0.0545843666831069	-4.57553961188412	-0.965848501773743	-1.80033706648082
3.93404005672559	-1.64862980114083	0.0198109732680302	0.0390577753811851	-5.06987102347596	-0.707831982834806	-1.32810257709095
3.94404005672559	-1.70119736000627	0.013734769286785	0.0276083446508034	-5.42233930512535	-0.517653425438932	-0.979953988053037
3.95404005672559	-1.75669838302062	0.00927864405598155	0.0191405535767119	-5.66147238949519	-0.380790399265684	-0.727666737950817
3.96404005672559	-1.81413219186155	0.00598072084815875	0.0128200189901686	-5.81272631338992	-0.284064744469148	-0.546813041458181
3.9672071377121	-1.83259571459405	0.00512018596160916	0.0111616504360036	-5.8459110467767	-0.259694641102679	-0.501328938202106
3.9772071377121	-1.8574010298987	-0.0506332923742212	0.0214579491356501	-1.772267650941	-5.34416128903823	-0.375091486887166
3.9872071377121	-1.86950338232163	-0.0988479334346467	0.00226406479959899	-0.638839188740608	-4.33292746519574	-3.43266639762918
3.9972071377121	-1.86981732575378	-0.139210497125477	-0.0452593040124792	0.571627505004956	-4.05704529676165	-5.65075174588832
4.0072071377121	-1.86304078568254	-0.179560299906046	-0.10329098022966	0.564221160303139	-3.90625557257546	-5.74107113249517
4.0172071377121	-1.86115379137854	-0.216097433007614	-0.157476315067589	-0.253893188663441	-3.37030740546979	-5.02815616943252
4.0272071377121	-1.86868489198265	-0.246732072429023	-0.203235692502516	-1.25404234043668	-2.75742220603387	-4.11866861970634
4.0372071377121	-1.88596843768391	-0.271414407682767	-0.240020901298238	-2.18000139524689	-2.19159556667073	-3.25604193595202
4.0472071377121	-1.91174607098092	-0.290850525831161	-0.268792425467109	-2.94626676769636	-1.7111335828031	-2.52190321680492
4.0572071377121	-1.94430498085539	-0.305948469098306	-0.290931835526265	-3.53694504582091	-1.32324026085568	-1.92912704820485
4.0672071377121	-1.98194324546339	-0.317595186074672	-0.307810533265483	-3.9654298764781	-1.01909458515138	-1.46682733899554
4.0772071377121	-2.02314717786817	-0.326571456402391	-0.320636155858953	-4.25441012197396	-0.786453844260204	-1.11530110100095
4.0872071377121	-2.06664498905196	-0.333527555367557	-0.330410935417043	-4.42819676949994	-0.613070781501783	-0.853172108032538
4.0972071377121	-2.11140664230944	-0.338985738447328	-0.337935133284002	-4.51070424975814	-0.485244717620165	-0.662002050441277
4.1072071377121	-2.15662146904704	-0.343352084521749	-0.343829611254885	-4.52194115720326	-0.393095005335508	-0.524680934169672
4.1172071377121	-2.20166592298139	-0.34693473821688	-0.348563287585329	-4.47913347709919	-0.32729168061247	-0.427721701147577
4.1272071377121	-2.24607022452215	-0.349961523631089	-0.352481914199753	-4.39595749000701	-0.280832338722524	-0.360083387820603
4.1372071377121	-2.28948676714231	-0.352597006574883	-0.355834280790495	-4.2831440287556	-0.248240087354396	-0.313232974394317
4.1472071377121	-2.33166247916737	-0.354957308461235	-0.358795003910912	-4.14900315376343	-0.225136173584702	-0.280876115826997
4.1572071377121	-2.37241590297128	-0.357122148494463	-0.361483578464252	-3.99950047815189	-0.208851867230056	-0.258057600249123
4.1672071377121	-2.41161851584188	-0.359145118114789	-0.36397920937104	-3.83946083317277	-0.196494632724593	-0.24179282531322
4.1772071377121	-2.44918064177842	-0.361060678005992	-0.36633283818795	-3.67195399763715	-0.186950720474951	-0.229452710652698
4.1872071377121	-2.48504038440115	-0.362890308808338	-0.36857565971375	-3.49933405545319	-0.17910951557343	-0.219444632994721
4.1972071377121	-2.51915562863688	-0.36464659005256	-0.37072561401764	-3.32329400606644	-0.172161202234941	-0.21075072138936
4.2072071377121	-2.55149823971723	-0.366336093577981	-0.372792048620089	-3.14486458080571	-0.16592110200141	-0.202516527800141
4.2172071377121	-2.58204970793613	-0.367961858591469	-0.374778716408891	-2.96513745536516	-0.159462878289578	-0.19469279496928
4.2272071377121	-2.61079842820001	-0.369524294100424	-0.376686294565295	-2.78446507840073	-0.153070936121345	-0.186765305053116
4.2298133592154	-2.61799387799149	-0.369921045508527	-0.377170319631679	-2.73732068893395	-0.151297659994159	-0.184726628150111
4.2398133592154	-2.67359098198895	-0.319499029170969	-0.400296251751336	-6.12792379855159	5.35135472902147	-1.64245037433163
4.2498133592154	-2.73669654035388	-0.271054885809846	-0.4054528344032	-6.50712083034779	4.37284991223425	0.589060625592767
4.2598133592154	-2.80402026641014	-0.231424902013794	-0.388826503788001	-6.97236569228017	3.5797561948872	2.72672528930054
4.2698133592154	-2.87646950713581	-0.198955168668683	-0.351025404930156	-7.53470189217613	2.93711529711627	4.83246410755943
4.2798133592154	-2.95512399386758	-0.168086056751912	-0.297496165082865	-7.98871523456912	3.19969021700542	5.58809840962421
4.2898133592154	-3.03259557142704	-0.136862426866078	-0.242696115948716	-7.38385979522624	2.98080550276253	5.25624035062743
4.2998133592154	-3.10129425086007	-0.109267141578357	-0.193831989937896	-6.3188347101615	2.52014101934269	4.47708694733092
4.3098133592154	-3.15871616014461	-0.0866000702775952	-0.153441723004739	-5.17194904462673	2.01739765947938	3.60360918126344
4.3198133592154	-3.20506940489797	-0.0687342486400904	-0.121494180672707	-4.12190451289455	1.56787990753017	2.80622270912858
4.3298133592154	-3.24166977747069	-0.0549727716726888	-0.0968566365092549	-3.22469382722985	1.1983079569113	2.14527043252243
4.3398133592154	-3.27007306587294	-0.0445028110466493	-0.0781222347122198	-2.47993141138627	0.908315252769842	1.62345542279384
4.3498133592154	-3.29170074051232	-0.0365860528104871	-0.0639825030006555	-1.86525331565625	0.685426151071062	1.22246790676073
4.3598133592154	-3.30772424760877	-0.0306160142561473	-0.0533494645271651	-1.35477027067435	0.516625292762509	0.918284474728677
4.3698133592154	-3.31906244845235	-0.0261174562525049	-0.0453658112356111	-0.924537468816169	0.389172012232675	0.689298495188138
4.3798133592154	-3.32641795779546	-0.0227270246888149	-0.0393740532699109	-0.555335534693787	0.293455143371466	0.517279302241076
4.3898133592154	-3.33032111694763	-0.0201700207342849	-0.034877025340631	-0.231780246709014	0.22117167757339	0.388401106457711
4.3998133592154	-3.33116941903114	-0.0182401443723508	-0.0315012118569767	0.0573271115195235	0.167118982534754	0.291515983382549
4.4098133592154	-3.3292598664383	-0.0167824945391619	-0.0289669463315288	0.320966006841093	0.126243755445764	0.218843602326543
4.4198133592154	-3.32481383046036	-0.0156809666096793	-0.0270648647880626	0.565562685637022	0.0954094842197204	0.164214173436686
4.4298133592154	-3.3179960956085	-0.0148483504255767	-0.0256381896575381	0.795984922441657	0.0721478294222466	0.123091058439557
4.4398133592154	-3.30892912007395	-0.0142190177292714	-0.0245693623085727	1.01591286072854	0.0545307055088575	0.0921376622467625
4.4498133592154	-3.29770370652859	-0.0137434813513008	-0.0237700496036265	1.22805703423891	0.0412027638521936	0.0688208076263657
4.4598133592154	-3.28438701421554	-0.0133842991739493	-0.0231737168731361	1.43445761218382	0.0311162031945084	0.0512702815514426
4.4698133592154	-3.26902856673499	-0.013113042233948	-0.0227300807328405	1.6366261589031	0.0235029203802335	0.0380830642435165
4.4798133592154	-3.25166479165519	-0.0129080210380608	-0.022400977016725	1.83568241102608	0.0177861240663223	0.0282143289317978
4.48815742449028	-3.23566121644653	-0.0127754819102649	-0.0221927464810894	2.00000000000001	0.0141400155484399	0.0219568011593043
