=========================== Parameters =====================================
l1 [m]	l2 [m]	l3 [m]	c1 [m]	c2 [m]	c3 [m]	m1 [kg]	m2 [kg]	m3 [kg]
0.1	0.1	0.4858	0.01	0.05	0.43722	0.1564	0.23764	0.1564
============================== Data ========================================
t [s]	th1 [rad]	th2 [rad]	th3 [rad]	th1d [rad/s]	th2d [rad/s]	th3d [rad/s]
0	0	0	0	0	0	0
0.01	-0.0029300113823027	0.00124196461934213	0.00154021503815297	-0.512818229282348	0.197610956202707	0.258447851603999
0.02	-0.00939389347085389	0.00344898725457983	0.00446485224492344	-0.75508896015552	0.229317845202214	0.30613258210734
0.03	-0.0177402032407559	0.00565898344154942	0.00742381529759153	-0.90657682501605	0.208256661798145	0.27944967614976
0.04	-0.0274509058139065	0.00757181090247601	0.00999156422770293	-1.034370351267	0.173626829274677	0.233111231861948
0.05	-0.0384302161708326	0.00913336262160791	0.012087873561419	-1.16242323299753	0.139191795183872	0.186963581197484
0.06	-0.050726291402845	0.0103732279098895	0.0137506917482151	-1.29825971733847	0.109613161299811	0.14684470731825
0.07	-0.0644251939754495	0.0113431055014996	0.0150493549288781	-1.44297581743648	0.0852596727758944	0.114040260030735
0.08	-0.0796125824717472	0.0120944152453905	0.0160535152959191	-1.59574000983547	0.0657835144425532	0.0877668317012846
0.09	-0.0963617465564206	0.0126715220904746	0.016823301319742	-1.75506916427258	0.0502407236353338	0.0670003881567528
0.1	-0.114731315092004	0.0131104401184567	0.0174076104762436	-1.91958153750609	0.0379857532512029	0.0505221852673391
0.11	-0.13476632698494	0.0134396414548547	0.0178449975499402	-2.08797374103928	0.0282227714011944	0.0374496479173543
0.12	-0.156500105564568	0.0136812292598325	0.0181653795621017	-2.25917113603834	0.0203770811819659	0.0270056863007615
0.13	-0.179956130778692	0.0138521683895947	0.0183916927863137	-2.43228241717641	0.014015589763834	0.0185509539343597
0.14	-0.20514961556354	0.0139653489258692	0.0185413277784559	-2.60654669818046	0.00877314947509883	0.0115969436356289
0.15	-0.232088737917428	0.0140304455494525	0.0186273119495249	-2.78131031916819	0.00436207127725232	0.00576044967184979
0.16	-0.260775566327361	0.0140546079816652	0.0186592514775098	-2.95599841327728	0.000555938415843887	0.00074194152757615
0.17	-0.291206727970505	0.0140430060679544	0.0186440767682631	-3.1300948848478	-0.00281467310119413	-0.00369828629203417
0.18	-0.323373872976501	0.013999264693972	0.0185866265539142	-3.30311599628838	-0.00589583711333297	-0.00773733722008578
0.19	-0.357263973910969	0.0139257978640748	0.0184901157452471	-3.47461179845903	-0.00877371929552424	-0.0115323913964377
0.2	-0.392859507609926	0.0138240907741023	0.0183564942659127	-3.64412981476655	-0.0115537572845414	-0.0151769615112829
0.21	-0.430138534784413	0.0136949030029242	0.0181867494160492	-3.81123729208764	-0.0142788062526928	-0.0187692321254625
0.22	-0.469074719421958	0.0135384542994237	0.0179811338920973	-3.97549065963442	-0.0170035893754459	-0.0223664622092966
0.23	-0.509637295271494	0.0133545647794634	0.0177393597372099	-4.13643740115093	-0.0197809569572911	-0.0260006220282784
0.233353662002468	-0.523598775598299	0.013286673152589	0.0176500736630151	-4.18959828074129	-0.0207171151545589	-0.0272415650895836
0.243353662002468	-0.597429298954364	0.062948150771502	0.00295007909576506	-8.81734456237251	5.1037251892217	0.45258090538749
0.253353662002468	-0.697475471053352	0.109009658718396	0.0308269372452469	-11.1863352454649	4.1376917201037	5.0748950550907
0.263353662002468	-0.818578682649993	0.154482917617143	0.0893350027622383	-12.5164556913157	4.7028960771267	6.13932238428949
0.273353662002468	-0.941625178054703	0.199548980366461	0.148411825826422	-11.9357092281079	4.21757780017191	5.54876018155703
0.283353662002468	-1.05582078965762	0.238034236172149	0.199062685174607	-10.8816437725355	3.4686638501641	4.56402370999736
0.293353662002468	-1.15932640788471	0.268992413963297	0.239782177387113	-9.83873818464635	2.73742481100604	3.59572064657744
0.303353662002468	-1.2530937104475	0.293112747006531	0.271423141209132	-8.9428665894521	2.10572626960356	2.75667388940971
0.30978401281324	-1.30899693899575	0.305512205841987	0.28763503005902	-8.45583990029091	1.75813379088978	2.29598818106831
0.31978401281324	-1.3634713983406	0.269658038413447	0.330687288035537	-4.16014833382039	-4.07274804194176	2.86135878947229
0.32978401281324	-1.39525005784497	0.232893791862892	0.338632595443303	-2.17338274629534	-3.30846527990295	-1.26146144440008
0.33978401281324	-1.40625872664824	0.2023913192038	0.305947263351825	0.0534347944684878	-3.18298461785352	-4.90497249788483
0.34978401281324	-1.39948934981582	0.166704312940178	0.251904318642002	0.924221622495464	-3.73551730771415	-5.59981271127003
0.35978401281324	-1.39277868022512	0.130588528779561	0.197998507944189	0.268630140623371	-3.40003651397285	-5.06164037653331
0.36978401281324	-1.39570412769342	0.0996403591265976	0.151938044882785	-0.881561059501016	-2.77160133443231	-4.13017514105941
0.37978401281324	-1.4103351656025	0.0751027846333845	0.115350169524294	-2.0220937777836	-2.14707352807176	-3.20776349134335
0.38978401281324	-1.4355089715165	0.0563441202211184	0.087259705558297	-2.97663949691177	-1.62511345080678	-2.43921359530899
0.39978401281324	-1.46915983463487	0.0422154646068559	0.0659830024944761	-3.71949857167426	-1.22002736654155	-1.84269494313472
0.40978401281324	-1.50928402630272	0.0316107484608152	0.0499109473833419	-4.27752976816156	-0.916344097176622	-1.3932559893368
0.41978401281324	-1.55422074907417	0.0236279887981612	0.0377326621558039	-4.68836834130421	-0.691281944403959	-1.05929612689901
0.42978401281324	-1.60266915496176	0.017577802558914	0.0284434027180904	-4.98482712137195	-0.52702748012439	-0.811126261951627
0.43978401281324	-1.65362834998391	0.0129461756362187	0.0212925380645275	-5.19426151822166	-0.405640694601538	-0.628163460016559
0.44978401281324	-1.70632957861461	0.00935495841835718	0.015723949063015	-5.33619001518044	-0.317062710440659	-0.492414752150408
0.45978401281324	-1.76017819915526	0.0065265499013079	0.011327533850161	-5.42584830585432	-0.251952020111583	-0.391871909337527
0.46978401281324	-1.81470943101072	0.00425798762546066	0.00780102761321316	-5.47430812101183	-0.204192934363808	-0.317113128756114
0.47304866128284	-1.83259571459405	0.00361245247294073	0.00679891849670969	-5.48269521977869	-0.191464789737271	-0.297137549931492
0.48304866128284	-1.85766722843642	-0.0468427999147195	0.0190860651356964	-1.24930836085976	-5.15496136686139	-0.541868698074498
0.49304866128284	-1.859902817423	-0.0934199449554753	-0.00802762692980722	0.799607443150562	-4.19431603790751	-4.83331418117346
0.500884754940249	-1.84782681860819	-0.127871834385202	-0.052634152046999	2	-4.62232446300257	-6.08503110369838
0.510884754940249	-1.82883110188843	-0.173231329706375	-0.112598192330614	1.57741061583517	-4.31918274993479	-5.72969520606616
0.520884754940249	-1.81846557012107	-0.213047425908211	-0.165380641398421	0.456125405249966	-3.61862971164362	-4.79787853445355
0.530884754940249	-1.81974851256837	-0.245597313803714	-0.20849507958585	-0.693274207871321	-2.90206596113093	-3.84051346578028
0.540884754940249	-1.83175200387517	-0.27141638731782	-0.242640035490844	-1.67376129460942	-2.28073234572301	-3.01440332830115
0.541382394966735	-1.83259571459405	-0.272544556442375	-0.244130799821723	-1.71710252755666	-2.25309510931519	-2.97721549330473
0.551382394966735	-1.83956063679408	-0.304357117489515	-0.277366751770678	-0.191059771969341	-3.39248318227009	-3.78071784096605
0.561382394966735	-1.84126233373006	-0.33789842393284	-0.31545716255342	-0.2930424143054	-3.2339388380203	-3.71978184364817
0.571382394966735	-1.84703897782177	-0.368121633116165	-0.35042224590436	-0.899838838343553	-2.78978812827435	-3.24094498557571
0.581382394966735	-1.85952079638569	-0.393561542978854	-0.380010241296578	-1.59288106674137	-2.3018157040228	-2.67559714544868
0.591382394966735	-1.87866841716453	-0.414270339733704	-0.40409290057141	-2.21857663418992	-1.85182432045637	-2.1508672400926
0.601382394966735	-1.90349417039987	-0.430824851061016	-0.423292347814693	-2.72550417303716	-1.47096113261854	-1.70323400188936
0.611382394966735	-1.93275519670252	-0.443935389536716	-0.438433834818127	-3.10625046615312	-1.16272155290892	-1.33870677339747
0.621382394966735	-1.96523501455563	-0.454289008291796	-0.450330415105385	-3.37142067357431	-0.918804631751811	-1.05211458313589
0.631382394966735	-1.99985377376737	-0.462489308162615	-0.459702202995542	-3.53701532037903	-0.730146457044926	-0.831901148312583
0.641382394966735	-2.03570258357369	-0.469039951480477	-0.467151160830368	-3.62042589977668	-0.586866755222509	-0.665831404587744
0.651382394966735	-2.07204347411558	-0.47434636694143	-0.473161419911355	-3.63815311781992	-0.479454175703031	-0.542655948889282
0.661382394966735	-2.10829363074805	-0.478725549991945	-0.478110836668379	-3.60447443813669	-0.400230553774159	-0.4521044401491
0.671382394966735	-2.1440030207848	-0.482419749843058	-0.482286328004992	-3.53178662402985	-0.341533563584953	-0.38656409362944
0.681382394966735	-2.17883109854245	-0.485609482966772	-0.485900867290766	-3.429670057037	-0.298503174839286	-0.338957822557433
0.691382394966735	-2.21252447659087	-0.48842683203989	-0.489108539917111	-3.30588980551326	-0.266672133738308	-0.304265448966477
0.701382394966735	-2.24489757574722	-0.490966336260899	-0.492018251465305	-3.16637570038865	-0.24273618014737	-0.278604401925093
0.711382394966735	-2.27581634147192	-0.493294375625397	-0.494704925668989	-3.01572600198569	-0.223841255128891	-0.25939063153363
0.721382394966735	-2.3051852901448	-0.49545623004422	-0.497218847758422	-2.85699924197095	-0.208900471403315	-0.244019894160412
0.731382394966735	-2.33293712357711	-0.497482323770373	-0.499592384126483	-2.69261898067434	-0.19657598669523	-0.23106232036787
0.741382394966735	-2.35902497301433	-0.499392474494675	-0.501845436459181	-2.52439276713631	-0.185737606425002	-0.219674443295469
0.751382394966735	-2.38341660223436	-0.501199039963331	-0.503989481607161	-2.35352991038372	-0.175820278044181	-0.209136194253018
0.761382394966735	-2.40609008823413	-0.502909376476037	-0.506030368911817	-2.18089562839008	-0.166399997063683	-0.199011665277773
0.771382394966735	-2.42703073350492	-0.504527473316994	-0.507970390132229	-2.00703109163502	-0.157374320581292	-0.188899904152958
0.781382394966735	-2.44622879061764	-0.506055287167868	-0.509809574423456	-1.8324289198564	-0.148336755053209	-0.178813175090152
0.791382394966735	-2.46367795605727	-0.507493353449152	-0.511546790828589	-1.6573063492244	-0.139366294273156	-0.168530611840337
0.801382394966735	-2.47937420152876	-0.508841513825641	-0.513180242872476	-1.48188557969375	-0.13030366219063	-0.158090612808895
0.811382394966735	-2.49331504372435	-0.510099154459511	-0.514707957851464	-1.30625296628392	-0.121227543606415	-0.147407550852568
0.821382394966735	-2.50549896976024	-0.511265551654628	-0.516127941752871	-1.13053499822469	-0.111989240844314	-0.136595529628364
0.831382394966735	-2.51592512284744	-0.51233985801728	-0.517438426927769	-0.954703921145392	-0.102811914808428	-0.125510318760942
0.841382394966735	-2.52459298119295	-0.513321391811248	-0.518637779239382	-0.778872150398863	-0.0934574926920079	-0.114357206829586
0.851382394966735	-2.53150227892401	-0.514209425584343	-0.519724700642392	-0.602962261616496	-0.0842044484392697	-0.102960633333037
0.861382394966735	-2.53665280060017	-0.515003491528556	-0.520698001385455	-0.427107301443096	-0.0746955859419822	-0.0916141564539736
0.871382394966735	-2.54004443333833	-0.515703048616095	-0.5215568167267	-0.251211977834426	-0.0652247000416341	-0.0801250956216786
0.881382394966735	-2.54167704680589	-0.516307736890087	-0.522300373406006	-0.075315804130701	-0.0556875217270926	-0.0685907418808501
0.891382394966735	-2.54155054302054	-0.51681720702156	-0.522928064458579	0.100609459279393	-0.0461774186779583	-0.0569567097783205
0.901382394966735	-2.53966484170348	-0.517231195532214	-0.523439341687553	0.27653085560207	-0.0366156109700582	-0.0452911162804818
0.911382394966735	-2.53601994017391	-0.517549433832734	-0.523833735015941	0.452449650082716	-0.0270335648619906	-0.0335758770528609
0.921382394966735	-2.53061594896998	-0.517771673596082	-0.524110792163331	0.628344167352245	-0.0174110706490626	-0.0218274400522836
0.931382394966735	-2.52345316382886	-0.517897648697317	-0.524270073752674	0.804202452035769	-0.00777536117661395	-0.0100242596847609
0.941382394966735	-2.51453213276799	-0.517927091385047	-0.52431111799124	0.979988154354139	0.00189422848978298	0.00182153024995614
0.951382394966735	-2.50385374999498	-0.517859708604834	-0.524233445582946	1.15566630599615	0.0115875325617151	0.0137213447124529
0.961382394966735	-2.49141934757405	-0.517695201590045	-0.524036543959556	1.33117830288696	0.0213327291025392	0.025657724107513
0.971382394966735	-2.47723081599614	-0.517433236734922	-0.523719899482652	1.50648958383824	0.0310541584146099	0.037688486684433
0.981382394966735	-2.4612906961848	-0.517073533560085	-0.523282955075312	1.68148840122685	0.0408635122023903	0.0497297209786363
0.991382394966735	-2.44360233582443	-0.516615797988979	-0.522725194874735	1.85609957148861	0.0507257325469219	0.0618021155389077
0.999642697343487	-2.42767574264566	-0.516163567919934	-0.522173025169055	2	0.0588226008513247	0.0718567093994716
1.00964269734349	-2.40680683998387	-0.515526230114453	-0.521393496888569	2.17368126150086	0.0686279716067204	0.0840674684345874
1.01964269734349	-2.3842046490674	-0.514790422036441	-0.52049203515155	2.34665009320902	0.0784706113993435	0.0962728890312837
1.02964269734349	-2.35987686287123	-0.513956242231511	-0.519468498196321	2.51874515190521	0.0883862561923489	0.108414132887841
1.03964269734349	-2.33383270947615	-0.513023920759518	-0.518323018373119	2.6898767372274	0.0981496408422376	0.120616008306816
1.04964269734349	-2.3060830662379	-0.511994019616513	-0.517055956076663	2.85982578278437	0.107858017963746	0.132753621831861
1.05964269734349	-2.27664067791368	-0.51086734457856	-0.515668076122806	3.02843672350452	0.11736851157112	0.144868546162506
1.06964269734349	-2.24552027143166	-0.50964516787402	-0.514160500687742	3.19539589982303	0.12694259971769	0.156690631608335
1.07964269734349	-2.21273882312953	-0.508329012279746	-0.512534992070808	3.36060567046597	0.136156305288959	0.168445250127432
1.08964269734349	-2.17831560608475	-0.506921076249165	-0.510793762742371	3.52369296573542	0.145331715535952	0.179792368633681
1.09964269734349	-2.14227248814445	-0.505423924269404	-0.508939829308488	3.68451236565169	0.154072313825653	0.190912162848275
1.10964269734349	-2.10463399752358	-0.503840844233341	-0.506976868293914	3.84274218619043	0.162440910705545	0.201632675660486
1.11964269734349	-2.06542752572245	-0.502175789008923	-0.50490937250378	3.998039046256	0.170511355069068	0.211762973780712
1.12964269734349	-2.02468352907925	-0.500433299999283	-0.502742809222949	4.15021139755569	0.177865054843922	0.221467596124925
1.13964269734349	-1.98243556895053	-0.498618872988471	-0.500483435016828	4.29877649138546	0.184885736753448	0.230308872677815
1.14964269734349	-1.9387205984434	-0.496738570360693	-0.498138649119575	4.44353647383173	0.191083561673663	0.238490996611865
1.15964269734349	-1.89357898315729	-0.494799367141976	-0.49571677903278	4.58413208733156	0.19640092158548	0.245894993851186
1.16964269734349	-1.84705461384228	-0.492809180248361	-0.493227072992739	4.72000929327999	0.201315590826214	0.252005286656439
1.17964269734349	-1.79919515314894	-0.490776449838186	-0.49067999298673	4.85098693477143	0.205190299489936	0.257135917454749
1.18964269734349	-1.75005198484932	-0.488710524458759	-0.488086878045991	4.9766888139455	0.207936518182682	0.261201219878062
1.19964269734349	-1.69968031533408	-0.48662152959541	-0.485459954255777	5.09666392147769	0.209671597889074	0.263973569162232
1.20964269734349	-1.64813926029667	-0.484520198650034	-0.482812335559469	5.21053571068787	0.210291447675997	0.265403719076364
1.21964269734349	-1.59549184030233	-0.48241788099352	-0.480157856516744	5.31787890397122	0.209839520846672	0.26535104023396
1.22964269734349	-1.54180500994161	-0.480326354900957	-0.477511014211778	5.418344858823	0.208150710544072	0.263850783883127
1.23964269734349	-1.48714959027444	-0.478257818324231	-0.474886745694159	5.51151413488901	0.205292872018668	0.260790057853128
1.24964269734349	-1.43160024359323	-0.476224644550782	-0.472300350843115	5.59706015379799	0.201100054026245	0.256256276774439
1.25964269734349	-1.37523532950864	-0.474239367611877	-0.469767221351971	5.67457141537588	0.195704039451518	0.250145454973643
1.26964269734349	-1.31813681670801	-0.472314383934212	-0.467302762328776	5.74376355135491	0.188926689143544	0.242613794971943
1.27964269734349	-1.26039003292332	-0.47046200413317	-0.464922043753112	5.80418531440022	0.181151966587264	0.23343242606389
1.28964269734349	-1.20208353315497	-0.468694036742368	-0.462639795228599	5.85558970637994	0.172252743133022	0.222782362437444
1.29964269734349	-1.14330880446565	-0.467021731042824	-0.460470138817863	5.89779641534897	0.162004472585789	0.210947253437524
1.30964269734349	-1.08415989584992	-0.465455826987232	-0.45842625409117	5.93040553686054	0.15093372162638	0.197683380389201
1.31964269734349	-1.02473319750984	-0.464006065453732	-0.456520461464181	5.95330133337046	0.138853898849884	0.18330205567199
1.32964269734349	-0.965126975524023	-0.462681324574776	-0.454763866734824	5.96627304773347	0.125982962826666	0.167838957002977
1.33964269734349	-0.905441024873932	-0.461489335880264	-0.453166347281581	5.96926298475948	0.112223893638331	0.151583773777832
1.34964269734349	-0.84577616486175	-0.46043680618582	-0.451736272644771	5.96205266778564	0.0980880113999659	0.134392690320607
1.35964269734349	-0.786233890670992	-0.459529047047713	-0.450480628040878	5.94469074676906	0.083444727887011	0.116610406076003
1.36964269734349	-0.726915848018288	-0.458770108359537	-0.449404804851543	5.91721920180351	0.0683233180168125	0.0984722142030331
1.37964269734349	-0.667923352615389	-0.458162789223877	-0.448512523333515	5.8796066671683	0.0531063319477838	0.0799566256598138
1.38964269734349	-0.609356988575431	-0.457708448011058	-0.447805945225737	5.83200490317495	0.0377744163549241	0.0613405817254098
1.39964269734349	-0.551316108084726	-0.457407153035916	-0.447285574108182	5.77453854221554	0.0225158772350933	0.0427440959235081
1.40964269734349	-0.493898420647815	-0.457257641890109	-0.446950335439478	5.70740150477077	0.00743631282025389	0.0243416331082599
1.41964269734349	-0.437199573380729	-0.457257395294513	-0.446797606952913	5.63081241365296	-0.00732041400175123	0.00626915974630122
1.42964269734349	-0.381312777123744	-0.457402679773403	-0.446823303923655	5.54503898067033	-0.0216545499418756	-0.0113178402358096
1.43964269734349	-0.326328455345954	-0.457688638391825	-0.447021956776328	5.45037289974527	-0.0354488783461834	-0.0282925580682192
1.44964269734349	-0.272333937952961	-0.458109373500697	-0.447386818393247	5.34713400908666	-0.0485935959431359	-0.0445405999304994
1.45964269734349	-0.219413196452618	-0.458658037476919	-0.447909984948613	5.23567713659227	-0.0610194604085187	-0.0599371588643921
1.46964269734349	-0.167646613207232	-0.45932695536598	-0.448582508158074	5.11636350560496	-0.0726272368200534	-0.074400558934155
1.47964269734349	-0.117110803741725	-0.460107723668507	-0.449394535881026	4.98957476346932	-0.0833418548864863	-0.0878529955803117
1.48964269734349	-0.0678784862027835	-0.460991299877661	-0.450335466022465	4.85574496539562	-0.0932187698569741	-0.100142177867217
1.49964269734349	-0.0200183559237486	-0.461968201060971	-0.451394022066059	4.71523574925391	-0.10209041537243	-0.111303284965522
1.50964269734349	0.0264049460643379	-0.463028544595032	-0.452558444179642	4.56843989182194	-0.10988090694659	-0.121325530274166
1.51964269734349	0.0713308515728283	-0.464162160238492	-0.453816622671496	4.41577710253624	-0.116604191473141	-0.130152877186536
1.52964269734349	0.114702840641331	-0.465358675924087	-0.455156243018409	4.25772167255928	-0.122454518598003	-0.13761605559053
1.53964269734349	0.156468435149406	-0.46660774715105	-0.456564813886628	4.09461493303334	-0.127265714190836	-0.143832031537272
1.54964269734349	0.196579087367632	-0.467899058613686	-0.458029851012219	3.92679751121579	-0.130906034892922	-0.148910080601486
1.55964269734349	0.234990042841661	-0.469222320160711	-0.459539050542472	3.75473732807324	-0.133659339053682	-0.152667748952192
1.56964269734349	0.271660285195446	-0.470567561620144	-0.461080224699918	3.57871600744311	-0.135312244817964	-0.155305624194974
1.57964269734349	0.306552317258154	-0.471924997139457	-0.462641539233949	3.39912156930231	-0.136015519300429	-0.156767246407159
1.58964269734349	0.339632032257188	-0.473285192094371	-0.464211508827007	3.21629296057488	-0.135832258451588	-0.157072127345177
1.59964269734349	0.370868537068033	-0.474639118947678	-0.465779056740633	3.03051134774548	-0.134714919112601	-0.156330987598852
1.60964269734349	0.400233936647519	-0.475978119793922	-0.467333625723262	2.8421111177284	-0.132831800628902	-0.154501999017296
1.61964269734349	0.427703169452076	-0.477294029873322	-0.468865152176916	2.65134867572964	-0.130183791323061	-0.151673139831371
1.62964269734349	0.453253803146415	-0.478579188538001	-0.470364107078126	2.45842012845233	-0.126656178490419	-0.148022193855674
1.63964269734349	0.476865784682194	-0.479826312885012	-0.471821623075628	2.26366165548383	-0.122604140527032	-0.143381219457448
1.64964269734349	0.498521328655217	-0.481028765054097	-0.473229315376226	2.06718217250483	-0.117776559180088	-0.13803295247736
1.65964269734349	0.518204636727047	-0.482180307741732	-0.474579469047663	1.86921150746439	-0.112332630962	-0.131955970233633
1.66964269734349	0.535901738099736	-0.48327519022481	-0.475864969906576	1.66997231202956	-0.10646439303059	-0.125103442562811
1.67964269734349	0.55160033707114	-0.484308225611222	-0.477079232143011	1.46955884730548	-0.100039026261346	-0.117667437378344
1.68964269734349	0.565289592837975	-0.48527463513708	-0.478216290611737	1.2681379881554	-0.0931830146181496	-0.109645124749082
1.69964269734349	0.576959991578266	-0.486170122538368	-0.47927071625325	1.06582209149219	-0.0859061005299755	-0.101117024418408
1.70964269734349	0.586603192635277	-0.486990828171269	-0.480237616105484	0.862708147603337	-0.0782111226316153	-0.0921652051934228
1.71964269734349	0.594211887573557	-0.487733271926279	-0.481112638772277	0.658930570126248	-0.0702432447257965	-0.0827624384228727
1.72964269734349	0.599779717998767	-0.48839441502387	-0.48189189054793	0.45454716731131	-0.0619511014631126	-0.0730233958707597
1.73964269734349	0.603301160177066	-0.488971568066933	-0.482571965909041	0.24964082401033	-0.0533782292000275	-0.0629886873805451
1.74964269734349	0.60477145170186	-0.489462361880436	-0.483149933318718	0.0443347603121211	-0.0447014504160048	-0.0525966556814033
1.75964269734349	0.604186582438044	-0.489864842909443	-0.48362323191885	-0.161363101314644	-0.0357695159456026	-0.0420258398964823
1.76964269734349	0.601543220327512	-0.490177312068012	-0.483989762944927	-0.367354489662478	-0.0266974271026456	-0.0312548247806029
1.77964269734349	0.596838742044131	-0.490398401372569	-0.484247810466878	-0.573572445596226	-0.0175038613275418	-0.0203316861989914
1.78964269734349	0.590071249970758	-0.490527039779231	-0.484396050898572	-0.7799434447518	-0.0082147052177874	-0.00929793269424407
1.79964269734349	0.581239624241163	-0.490562448972023	-0.484433547751228	-0.986385683726633	0.00113926221392258	0.00180899535617263
1.80964269734349	0.570343601656924	-0.490504143921021	-0.484359750968307	-1.19280793192794	0.0105264353054513	0.0129518719578745
1.81964269734349	0.557383881114312	-0.490351936459947	-0.484174502624693	-1.39910617802744	0.0199120409549223	0.0240945424847585
1.82964269734349	0.542362257857922	-0.490105948601992	-0.483878044302307	-1.6051672271453	0.029276077303461	0.035187726932662
1.83964269734349	0.525281779522474	-0.489766615728773	-0.483471040944796	-1.81085154432271	0.0385704981832541	0.0461998699085824
1.84964269734349	0.506146936593637	-0.489334718112468	-0.48295459252169	-2.01600902602856	0.0477724134314926	0.0570768328832724
1.85964269734349	0.484963874354215	-0.488811405516524	-0.482330259227374	-2.22047895021654	0.0568907527096904	0.0677361461027496
1.86964269734349	0.46174061084355	-0.488198173311449	-0.481600130334679	-2.42401650515289	0.0657579497837562	0.078220712033606
1.87964269734349	0.436487327495224	-0.487496989819893	-0.480766787655151	-2.62642539661165	0.0744232707165313	0.0884066058136612
1.88964269734349	0.409216621018648	-0.486710255543198	-0.479833399037048	-2.82745189589801	0.0828483288232321	0.0982283399438079
1.89964269734349	0.379943803632168	-0.485840856605975	-0.478803745763322	-3.026807525386	0.0909776379832417	0.107626277533618
1.90964269734349	0.348687211405374	-0.484892204224075	-0.477682262057954	-3.22417098628342	0.0987474863918279	0.11653999065869
1.91964269734349	0.315468516544141	-0.483868259101296	-0.476474085153438	-3.4191693885916	0.106033118701647	0.124947596100833
1.92964269734349	0.28031306504732	-0.482773616190174	-0.475185057317628	-3.61144680380063	0.112849790414363	0.132717213201744
1.93964269734349	0.243250173215786	-0.481613469885091	-0.473821810200296	-3.8005695908477	0.119075197281569	0.139813483715828
1.94964269734349	0.204313463515657	-0.480393711061134	-0.472391741897355	-3.98612430944232	0.124733148606312	0.146088457169991
1.95964269734349	0.163541137212341	-0.479120873663737	-0.470903092500205	-4.16761350356683	0.129684553923018	0.151512079957903
1.96964269734349	0.120976266771435	-0.477802192248665	-0.469364920853837	-4.3445202735235	0.133809883164279	0.156038800230974
1.97964269734349	0.0766670642927075	-0.476445662325071	-0.467787059160195	-4.51639276875469	0.137247952034676	0.159432830028356
1.98964269734349	0.0306670326285765	-0.475059850682004	-0.466180229377946	-4.68259151324415	0.13964678713501	0.161825724615913
1.99964269734349	-0.0169647785027204	-0.473654125875779	-0.464555821816509	-4.84265341029218	0.14121569930202	0.16293964827534
2.00964269734349	-0.0661637343239117	-0.472238384180824	-0.462926018520675	-4.99596091931791	0.141743683449728	0.16281766510201
2.01964269734349	-0.116859508258403	-0.470823126988103	-0.461303625360496	-5.14193438829366	0.141145873656555	0.161422016872451
2.02964269734349	-0.168976079231264	-0.469419401412878	-0.459701973557278	-5.28005487137377	0.139512839651356	0.158600851979872
2.03964269734349	-0.222431842839422	-0.468038589184673	-0.458134901633369	-5.4096934764218	0.136592691592683	0.154474991325435
2.04964269734349	-0.277139700991338	-0.466692450575963	-0.456616517599193	-5.53033015459012	0.132411421080691	0.148981423190058
2.05964269734349	-0.33300728195783	-0.465392985890072	-0.455161067727864	-5.64153366289031	0.127194240037721	0.141934323149386
2.06964269734349	-0.389937276981779	-0.464152157691484	-0.453782883385082	-5.74275916939403	0.120753299891736	0.133480765088303
2.07964269734349	-0.447827743209755	-0.462981911465038	-0.452496086477838	-5.83359212677397	0.113181393981293	0.123588751100251
2.08964269734349	-0.506572576585157	-0.461893892360353	-0.451314505325033	-5.91356498848629	0.104296886200184	0.112459379838919
2.09251674548497	-0.5235987755983	-0.461598019534915	-0.450996258401372	-5.93450450992601	0.101547275860112	0.109010186666411
2.10251674548497	-0.621872895011033	-0.387856749366534	-0.482923456964539	-11.8449605949547	9.42312754238768	-2.73228976660695
2.11251674548497	-0.749776136855075	-0.302465507832998	-0.484572316062281	-13.757287594547	7.7133939588805	2.3818676618141
2.12251674548497	-0.897676889627844	-0.232588526309391	-0.435141526861988	-15.8677381732363	6.30789850925695	7.53457026282533
2.13251674548497	-1.06811058000103	-0.169140711680897	-0.341030657337028	-17.9044593277089	6.77680908014293	10.3189996725181
2.14251674548497	-1.24509371373551	-0.102002192584204	-0.239089913614708	-17.0921588991613	6.37197210676813	9.78535028324453
2.14633598720132	-1.30899693899575	-0.0786088968571427	-0.202553202357149	-16.3612854503352	5.88011877841874	9.32659415975144
2.15633598720132	-1.4532832366677	-0.0499883648902062	-0.100830354554001	-13.366165656243	2.42070023911173	9.11611165777978
2.16633598720132	-1.57593426077154	-0.0280644804591311	-0.023668446097213	-11.123831082218	1.97732000412414	6.23270234333961
2.17633598720132	-1.67518691319044	-0.0101830526617089	0.022576855576612	-8.70806251150204	1.61242287885884	2.97128841208714
2.18633598720132	-1.74978649775751	0.00278433321376151	0.0370806647111122	-6.2961259682943	0.740940923921596	0.3646501199537
2.19633598720132	-1.80617688349887	0.00621075972557512	0.0358022224651318	-5.1760180282652	0.0603166093839134	-0.462540434833798
2.20157579830085	-1.83259571459405	0.00609400621898195	0.0329219266039146	-4.93309400073635	-0.0894915345757464	-0.616397133740144
2.21157579830085	-1.85230633302295	-0.0425022972841376	0.0411535260062347	-0.696714229086508	-4.96931150123829	-0.974263820613858
2.22157579830085	-1.84877215636377	-0.0874070014077253	0.00955739196446848	1.40149750791766	-4.04341148717802	-5.30074055719896
2.22416871502861	-1.8443320408273	-0.0981752889225454	-0.00504904677968964	2.00000000000095	-4.31166834403672	-5.86785707044865
