=========================== Parameters =====================================
l1 [m]	l2 [m]	l3 [m]	c1 [m]	c2 [m]	c3 [m]	m1 [kg]	m2 [kg]	m3 [kg]
0.22	0.22	0.2458	0.088	0.088	0.07374	0.1564	0.23764	0.1564
============================== Data ========================================
t [s]	th1 [rad]	th2 [rad]	th3 [rad]	th1d [rad/s]	th2d [rad/s]	th3d [rad/s]
0	0	0	0	0	0	0
0.01	-0.0018798331382602	0.00131130716275012	0.000442672368317492	-0.340370889389727	0.188844247314	0.0787504460814232
0.02	-0.00651958402901225	0.00322916583984926	0.00127830865830823	-0.582238139349228	0.184691328108724	0.0822695175916179
0.03	-0.013482309039901	0.00492607212807523	0.00203798056652903	-0.809847486145855	0.153859348544058	0.0690026169129146
0.04	-0.0227185972335404	0.00631088319606627	0.00265828181370037	-1.03778010423169	0.12383829988366	0.0553422174481477
0.05	-0.0342463989091058	0.0074195562665915	0.00315247924049983	-1.26821096993263	0.0987531020682181	0.0438779459406475
0.06	-0.04809071919256	0.00830176257513083	0.00354340277145572	-1.50101131819792	0.0784215734341935	0.0346364956093083
0.07	-0.0642728626224009	0.00900102175494738	0.00385147057603353	-1.73568830084727	0.0620192860345269	0.0272464840450654
0.08	-0.0828090605886752	0.00955259732934098	0.00409324970833876	-1.97174233973289	0.0487663663517909	0.0213168826294977
0.09	-0.103710712922953	0.00998452172952385	0.00428182794163887	-2.20870674055723	0.0379967552296448	0.016548860330664
0.1	-0.126984746120927	0.0103188969255494	0.00442746843682754	-2.44614649808431	0.0291717344554915	0.0127009725241875
0.11	-0.152633844739723	0.0105730270431947	0.00453819271323439	-2.68364916864371	0.0218783150001779	0.00954504089667878
0.12	-0.18065654706281	0.0107603839292756	0.00462018146425831	-2.92079827673514	0.0157683712807914	0.00692527727055311
0.13	-0.211047195659577	0.0108913464335507	0.00467815637805422	-3.15716570339122	0.0105570235598945	0.00472475026945809
0.14	-0.243795776609974	0.0109737888748308	0.00471569361439103	-3.39230733930304	0.00602819818587398	0.0028271051942309
0.15	-0.278887678055613	0.011013584517907	0.00473542496650436	-3.62574791689982	0.00200090349369437	0.0011511464887358
0.16	-0.316303369049693	0.0110149925782644	0.00473923518230642	-3.85697725387315	-0.00167019885212319	-0.000367986863726195
0.17	-0.356018024440555	0.0109809792450832	0.00472841297955516	-4.08544557905926	-0.00510077088574853	-0.00178262969017544
0.18	-0.398001109394517	0.0109134819326071	0.00470377469979866	-4.31056045981477	-0.00838113707162396	-0.00313612058328601
0.19	-0.442215939370781	0.0108136314040139	0.00466576306951679	-4.53168442433898	-0.011582190966164	-0.00446128167275971
0.2	-0.488619229279679	0.010681937263177	0.00461453286340255	-4.74813492346283	-0.0147576974731273	-0.00578312872265841
0.207249385874927	-0.523598775598299	0.0105665986324478	0.00456910040176113	-4.90171517659655	-0.0170670158966922	-0.00674899915394179
0.217249385874927	-0.580520801862108	0.0159159931594362	0.0472177917237387	-6.83016555788591	2.40738963373049	5.78043494917847
0.227249385874927	-0.660909443359347	0.0641295698835796	0.101695874266995	-8.77107909146891	6.14747895136193	5.47730292493288
0.237249385874927	-0.748856276770024	0.124364279254249	0.154112452369372	-8.69001116966568	5.6544303192057	4.8718173789659
0.247249385874927	-0.833815599097886	0.175496283931709	0.198287212097486	-8.29850387645118	4.56509037270909	3.96678786148466
0.257249385874927	-0.915013460391621	0.21602754122327	0.233814612929139	-7.95568817869833	3.5702413913744	3.16238310411692
0.267249385874927	-0.993227379655912	0.247508290588528	0.262018794276562	-7.70059440226815	2.75351828479367	2.50486270994121
0.277249385874927	-1.06928710368943	0.271676188047461	0.28428056989947	-7.52187280945705	2.10311140344714	1.97019519728311
0.287249385874927	-1.14385956927476	0.290028531189018	0.301762919558318	-7.40079117633979	1.58730957505067	1.54288850132499
0.297249385874927	-1.21744519611643	0.303790475763441	0.31542391107208	-7.3222194696437	1.18118415497756	1.20297050659968
0.307249385874927	-1.29040683561511	0.313955956130856	0.326043816678262	-7.27413986809791	0.864798515998553	0.932303619511962
0.309806565688782	-1.30899693899575	0.316079110408598	0.328349849093611	-7.26539580703439	0.795808282301049	0.87313040265121
0.319806565688782	-1.37515942391842	0.31765943539257	0.295036975876937	-5.63903269378054	-1.64737484451674	-5.04420060832198
0.329806565688782	-1.42017558220188	0.276366193661209	0.246906039118919	-3.77441854981734	-5.64124997776391	-4.95711169039809
0.339806565688782	-1.45753982718796	0.219100028919189	0.198504976292973	-3.86240236874724	-5.49805372556944	-4.56552777399808
0.349806565688782	-1.49888207920306	0.169129667745373	0.157007666716713	-4.4253080879499	-4.46066218383735	-3.72525060892097
0.359806565688782	-1.54595686544895	0.129702619136728	0.123771369275733	-4.97332395351727	-3.45502530913929	-2.94517645328856
0.369806565688782	-1.59796168287685	0.0993350201411054	0.0975883220635949	-5.40796715812429	-2.65267420962887	-2.31737692195606
0.379806565688782	-1.65374126694159	0.0760048824325535	0.0769876669382605	-5.73126602268565	-2.04047046975702	-1.82465640587129
0.389806565688782	-1.71227972079865	0.0580307006207236	0.0607445055121774	-5.96299034961929	-1.57466772049565	-1.44134053206257
0.399806565688782	-1.77275103015231	0.0441318690841148	0.0479009624346399	-6.12041827967078	-1.22025356977084	-1.1409871038652
0.409502573302141	-1.83259571459405	0.0336313425542261	0.0379950450577436	-6.2153061636219	-0.956747412609107	-0.911880097826134
0.419502573302141	-1.88752922324782	0.017924934615765	-0.0111913376321084	-4.40678064138824	-3.55615407220799	-6.06469427007585
0.429502573302141	-1.9218430585316	-0.0380513286380465	-0.069343317870707	-2.9959753713326	-6.44602267568656	-5.80387020558777
0.439502573302141	-1.95319060735475	-0.0995844549736193	-0.123855790847389	-3.36613340491104	-5.68438041993005	-5.00443658766808
0.449502573302141	-1.98967283839987	-0.150706322172673	-0.169045591279974	-3.92199289899614	-4.55093242972192	-4.04775884599471
0.459502573302141	-2.03126962169015	-0.191165936990163	-0.205316973615658	-4.37554887941912	-3.57584065534026	-3.2344730883346
0.469502573302141	-2.07675324332958	-0.222906005395316	-0.234270160475204	-4.70099019693104	-2.80359473885342	-2.58148007357723
0.479502573302141	-2.12491769599781	-0.24781135823254	-0.257391749205031	-4.91477907864505	-2.20395445237807	-2.06114035358253
0.489502573302141	-2.17475123959599	-0.267417358437261	-0.275887437986723	-5.03797760356517	-1.73824267436634	-1.65219557947119
0.499502573302141	-2.22543224495674	-0.282928031132859	-0.29072418394552	-5.08726034294923	-1.37931241985292	-1.32813267263244
0.509502573302141	-2.27629689408712	-0.295284528984198	-0.302666124700176	-5.07692539006552	-1.10370125457181	-1.07099979895007
0.519502573302141	-2.32681081077308	-0.30521845548731	-0.312317572645606	-5.01878352266926	-0.892310836213335	-0.867463538135811
0.529502573302141	-2.37654506049752	-0.313295172865536	-0.320156731109906	-4.92234363333494	-0.730308262573218	-0.706483167745994
0.539502573302141	-2.42515605605296	-0.319949291932942	-0.326561096138392	-4.7952904181705	-0.606043369059977	-0.579266892475244
0.549502573302141	-2.47236919370035	-0.325512596422179	-0.331828788106346	-4.64368007016165	-0.510860065193554	-0.478028909502156
0.559502573302141	-2.51796510401591	-0.330237618929926	-0.336193484142506	-4.47254518002594	-0.437488017692567	-0.397611387996384
0.569502573302141	-2.56176890319454	-0.334315027385397	-0.339838903513589	-4.28588399666154	-0.380432613360839	-0.333732517253699
0.579502573302141	-2.60364141359013	-0.337887704731736	-0.342909763603488	-4.08678469359294	-0.33585998210061	-0.2823308588049
0.583046069318287	-2.6179938779915	-0.339053670846111	-0.343882034099677	-4.01376822213978	-0.3223654033689	-0.266711174145021
0.593046069318287	-2.6611581246927	-0.341446214606365	-0.305509525152991	-4.94785065303506	1.08043548355826	5.2749333721912
0.603046069318287	-2.71920270451213	-0.308693100492547	-0.257480131272609	-6.53643273314016	5.15740379102559	4.59411337023546
0.613046069318287	-2.78504738286506	-0.253338140856272	-0.211190144904211	-6.42345369365574	5.5070852979429	4.46605832151286
0.623046069318287	-2.84568303794429	-0.202439852992931	-0.170042146664751	-5.6715654900674	4.60848952850463	3.73325248451203
0.633046069318287	-2.89841619502557	-0.161339210572478	-0.136510224116792	-4.88746767373827	3.6331882819367	2.98944621138634
0.643046069318287	-2.94376558349528	-0.129182663887807	-0.109811507863163	-4.20035536261092	2.83082316429763	2.37210678457213
0.653046069318287	-2.98275318178781	-0.104126599603979	-0.0886319730528386	-3.61218416311201	2.20788827859401	1.88242150578327
0.663046069318287	-3.01626965342625	-0.0845534767687492	-0.0718104284805952	-3.10246834598567	1.72733067140881	1.49732982912467
0.673046069318287	-3.0450027436079	-0.069214037937345	-0.058424284039495	-2.65245981413168	1.35515339312459	1.1936337347402
0.683046069318287	-3.06947443232277	-0.0571615544886005	-0.0477523366378314	-2.24835737477709	1.06690269434546	0.950744830320179
0.693046069318287	-3.09008444274209	-0.0476708507234463	-0.0392357775603463	-1.87883422615874	0.840768912206272	0.759335407660621
0.703046069318287	-3.10714027718214	-0.0401861751032756	-0.0324314713619833	-1.53632432787508	0.663420048818838	0.607110632889882
0.713046069318287	-3.12088100414965	-0.0342760949392693	-0.0269908453322022	-1.21481286823988	0.52383076745796	0.486152686450996
0.723046069318287	-3.13149314449273	-0.0296050691404754	-0.0226368578672139	-0.909905921253232	0.414286629233644	0.389028114419656
0.733046069318287	-3.13912312266583	-0.0259099645188489	-0.0191508246776456	-0.617906861472902	0.327857586219561	0.311563971586516
0.743046069318287	-3.14388586228794	-0.0229848859442246	-0.016358015251221	-0.33611536133159	0.259757705701116	0.24944426949957
0.753046069318287	-3.14587193291891	-0.0206676495642853	-0.0141198446626736	-0.0622782749180435	0.205794824725662	0.200041298097162
0.763046069318287	-3.14515260214932	-0.0188309065628879	-0.0123251476742767	0.205225083902789	0.163177219417021	0.160440054242005
0.773046069318287	-3.14178417101838	-0.0173739674891597	-0.010885551521555	0.467755947946007	0.129422769363339	0.128831415462718
0.783046069318287	-3.13581108121342	-0.0162174562588384	-0.00973008955685163	0.726303317548311	0.102837526851308	0.103344389452337
0.793046069318287	-3.12726864125488	-0.0152983130766585	-0.00880234898388226	0.981722268221273	0.0818055849323976	0.0829781694478753
0.803046069318287	-3.11618499982633	-0.0145666162048156	-0.0080569564475202	1.23462883722152	0.065193864210706	0.0667005408023701
0.813046069318287	-3.10258289447067	-0.0139826575108203	-0.0074575266331604	1.48548806882674	0.0521023034482294	0.0537052661983674
0.823046069318287	-3.08648106207586	-0.0135147860434756	-0.00697478860346168	1.73462631072551	0.0418524566374616	0.0433004770838067
0.833046069318287	-3.06789545583654	-0.0131376474078204	-0.00658520347631093	1.98226552120048	0.0338940256428801	0.0349645263585433
0.833764516816241	-3.0664649268348	-0.0131134850821947	-0.00656025727660973	2.00000000000017	0.0334091155991041	0.0344154011893728
0.843764516816241	-3.04523286567341	-0.0128110120491907	-0.00624961437359401	2.2461876868624	0.0273654955998663	0.0279466192176858
0.853764516816241	-3.0215455918614	-0.0125612958202391	-0.0059968093327068	2.49104392750416	0.0227984967324881	0.0228169865388911
0.863764516816241	-2.99541656020059	-0.0123510657276325	-0.00578956328414879	2.73452332951412	0.019434264098114	0.0187889724039897
0.873764516816241	-2.96686008814295	-0.0121693992992575	-0.00561786023731612	2.97650502562325	0.0170562031716727	0.0156770203151342
0.883764516816241	-2.93589209011357	-0.0120072219369494	-0.00547346802708859	3.21679179745499	0.0155067111764651	0.013313097064498
0.893764516816241	-2.9025307894394	-0.0118568974911632	-0.00534958695569302	3.45511611121493	0.014665148549697	0.0115589574195897
0.903764516816241	-2.8667974101622	-0.0117119073065072	-0.00524057372198861	3.69114554295513	0.0144277080648593	0.0103201683003097
0.913764516816241	-2.82871684787827	-0.0115666181274291	-0.00514169567322703	3.92448084561463	0.014712207670395	0.00952174367477558
0.923764516816241	-2.78831832716669	-0.0114161045242981	-0.00504893848326961	4.1546550964023	0.0154605843803641	0.00909080276041843
0.933764516816241	-2.74563604788393	-0.0112560023322021	-0.00495887932935596	4.38113918917202	0.0166223223809413	0.00897409933316844
0.943764516816241	-2.70070980841864	-0.0110824102554208	-0.0048685741425073	4.60334364531265	0.0181525840906397	0.00913254719561387
0.953764516816241	-2.65358560203117	-0.0108918242757755	-0.00477546731759952	4.82062029714369	0.0200138471204215	0.00953141803561931
0.963764516816241	-2.60431617931582	-0.0106810944336637	-0.00467732684259097	5.03226586999359	0.0221748654203512	0.0101364020555227
0.973764516816241	-2.55296156759889	-0.0104473960991539	-0.00457220613417109	5.23752884421793	0.0246028220439741	0.0109223410808282
0.983764516816241	-2.49958953214442	-0.0101882236005698	-0.00445840896244756	5.43561496693848	0.0272643237212019	0.0118678907462181
0.993764516816241	-2.44427596860809	-0.00990139614960568	-0.00433446571269547	5.62569405909411	0.0301267004845409	0.0129505145701104
1.00376451681624	-2.38710521426723	-0.00958507094436931	-0.00419912162897036	5.80690886743932	0.0331572049417683	0.0141457955660184
1.01376451681624	-2.32817026535662	-0.00923775911734991	-0.0040513371921699	5.97838646261902	0.0363183476290662	0.0154339997102232
1.02376451681624	-2.26757288557254	-0.00885834970648936	-0.00389028521742963	6.13924893530174	0.0395698073514069	0.0167961081503066
1.03376451681624	-2.20542359580136	-0.00844613435729791	-0.00371535095203264	6.28862510368802	0.0428707373087929	0.0182097757639888
1.04376451681624	-2.14184153613149	-0.00800082836903786	-0.00352613689704123	6.42566379264752	0.0461798918455625	0.0196495289412992
1.05376451681624	-2.07695419346617	-0.00752258452462241	-0.00332247328275088	6.549548957402	0.0494517360447085	0.0210942660173071
1.06376451681624	-2.01089698813657	-0.00701200618775347	-0.00310441873345786	6.65951300189361	0.0526394814554256	0.0225234038711951
1.07376451681624	-1.94381272063157	-0.00647015270017171	-0.00287225925221326	6.75485006786621	0.0556978912561669	0.0239137548005477
1.08376451681624	-1.87585088208997	-0.00589853517807697	-0.00262650582065967	6.83492917358986	0.0585848678002381	0.025238710876721
1.09376451681624	-1.8071668371761	-0.0052990985418444	-0.0023678957585705	6.89920814550012	0.061257264043951	0.0264773808817392
1.10376451681624	-1.7379208881089	-0.00467419946064645	-0.00209738051572588	6.94724398653448	0.0636739034662294	0.0276115222804276
1.11376451681624	-1.6682772376873	-0.00402657368874454	-0.00181611110082699	6.97870196150232	0.065796941101689	0.0286252333585982
1.12376451681624	-1.59840286903142	-0.00335929917279581	-0.00152541137388609	6.99336077745938	0.0675990804584714	0.0294945353842077
1.13376451681624	-1.52846636943596	-0.00267573975468316	-0.00122676700869485	6.99112002141059	0.0690553436801482	0.0302029533816345
1.14376451681624	-1.45863671796636	-0.00197948779676327	-0.000921801809678372	6.97200294371545	0.0701416166969156	0.0307452772159692
1.15376451681624	-1.38908206323569	-0.00127430626734192	-0.000612243839697596	6.93615492012674	0.0708385660629974	0.0311218331007241
1.16376451681624	-1.31996851603851	-0.000564077937266842	-0.000299872149954101	6.88383526839517	0.0711486591078076	0.0313100984133683
1.17376451681624	-1.25145899527517	0.000147278371335629	1.34837958321721e-05	6.8154191583967	0.0710713252754238	0.0313070296035453
1.18376451681624	-1.18371213629527	0.000855873184694397	0.000325975176661344	6.73139018285742	0.0706012380262364	0.0311317142650196
1.19376451681624	-1.11688128244983	0.00155788929557223	0.000635798542460108	6.63232291419429	0.0697529416282988	0.030782897291069
1.20376451681624	-1.05111359238201	0.00224964800764429	0.000941212866091723	6.51887459260678	0.0685497265357943	0.0302569211988672
1.21376451681624	-0.986549270938466	0.00292767594341382	0.00124054460802941	6.39177783032604	0.0670049573814327	0.0295782073141164
1.22376451681624	-0.923320919775327	0.00358872471816619	0.00153225934957889	6.25181624970403	0.0651570894302256	0.0287383036599943
1.23376451681624	-0.861553044059594	0.00422984366948749	0.00181492777922459	6.09982357082915	0.0630258364348548	0.0277687386537384
1.24376451681624	-0.801361681935833	0.00484838934537215	0.00208728241744083	5.93666060502124	0.0606414763546793	0.0266895241197334
1.25376451681624	-0.742854179328299	0.00544205354984203	0.00234822548756011	5.76320308629498	0.0580396578295821	0.025516214515022
1.26376451681624	-0.686129090242368	0.00600886331790806	0.00259686701975001	5.5803221743007	0.0552828712058483	0.0242216683928094
1.27376451681624	-0.631276225157221	0.00654725662832777	0.00283241667587491	5.38889909430111	0.0523723376458084	0.0228841063234612
1.28376451681624	-0.578376765840321	0.00705600026974442	0.00305432803053022	5.18978112257727	0.0493578946608419	0.0214988043864036
1.29376451681624	-0.527503518950926	0.00753423215475624	0.00326221584678011	4.98379103003202	0.0462755710172123	0.0200827182670533
1.30376451681624	-0.478721237897581	0.00798144099410504	0.00345586622102428	4.77171548489934	0.0431594990431307	0.0186529564778245
1.31376451681624	-0.432087018439085	0.00839744965398288	0.00363522845154668	4.55429849300295	0.040042010089667	0.0172255053341987
1.32376451681624	-0.387650751119445	0.00878239445743852	0.00380040359189841	4.33223647064651	0.0369531012111886	0.0158152078917917
1.33376451681624	-0.345455616431285	0.00913670057609746	0.0039516313157195	4.10617462458175	0.033920148575771	0.0144355116831355
1.34376451681624	-0.305538609617481	0.00946105447974388	0.0040892753180081	3.87670460946416	0.0309676641744766	0.0130983277769
1.35376451681624	-0.267931082996453	0.00975637424689715	0.00421380770078418	3.6443633552035	0.0281170795702827	0.0118140204012655
1.36376451681624	-0.232659294800201	0.0100237782279531	0.00432579321560216	3.40963283643984	0.0253868939810696	0.0105909416375475
1.37376451681624	-0.199744954982584	0.0102645531330406	0.0044258731001604	3.17294080483879	0.0227926819857871	0.00943535409955703
1.38376451681624	-0.169205759702014	0.0104801223601611	0.00451474853024492	2.93466242869486	0.0203467090270988	0.00835214973328871
1.39376451681624	-0.141055907197066	0.0106720144455209	0.00459316509226924	2.69512245190554	0.0180580172532057	0.00734488067124333
1.40376451681624	-0.115306589274281	0.0108418324106633	0.00466189797152302	2.4545978800512	0.0159325640035717	0.00641579175816555
1.41376451681624	-0.0919664536428557	0.0109912243931009	0.00472173801074779	2.2133210924138	0.0139733916111218	0.00556587116225134
1.42376451681624	-0.0710420333171519	0.0111218558536233	0.00477347875799574	1.97148328772712	0.0121808189398134	0.00479491636136885
1.43376451681624	-0.052538140168645	0.0112353835725161	0.0048179045767162	1.72923818451186	0.0105526456475077	0.00410161317983231
1.44376451681624	-0.0364582204452622	0.0113334315946508	0.00485577981206215	1.48670591884265	0.00908433134794364	0.0034836762826985
1.45376451681624	-0.0228046706829377	0.0114175692355313	0.00488783894109117	1.24397710236406	0.00776908816473452	0.00293814173502004
1.46376451681624	-0.0115791126837922	0.0114892904407636	0.00491477889880601	1.00111671273089	0.006598825580614	0.00246020525142627
1.47376451681624	-0.00278262733940408	0.0115499961736749	0.00493725062186019	0.758168463598454	0.00556369810764198	0.00204441886908586
1.48376451681624	0.00358405360365159	0.011600978315115	0.00495585219844328	0.515159057716397	0.00465214985627459	0.00168502109879641
1.49376451681624	0.00752039801834912	0.011643405295137	0.00497112300543839	0.272102434134735	0.0038510366638334	0.0013761090284104
1.50376451681624	0.00902596615559262	0.0116783097242837	0.00498353809753276	0.029004152217307	0.00314532251349962	0.00111250659030988
1.51376451681624	0.00810034641683995	0.0117065757857467	0.0049935063915979	-0.214134937272022	0.00252014620853262	0.000886575733009501
1.52376451681624	0.00474313306444536	0.0117289300264905	0.00500136623353431	-0.457314252015099	0.0019603549174502	0.000689297575623643
1.53376451681624	-0.00104605400051031	0.0117459352873256	0.00500737827187294	-0.700528295801001	0.00144757879065291	0.000515549426143765
1.54376451681624	-0.00926750513188616	0.0117579801799423	0.00501172897746087	-0.943763802948587	0.000965030073531422	0.000356179361050936
1.55376451681624	-0.0199213157732039	0.0117652752356176	0.00501452508005022	-1.18699468241643	0.000495012769929233	0.000202513259782773
1.56376451681624	-0.0330072383795425	0.0117678494130719	0.00501579012656794	-1.43017733996139	1.76822148271868e-05	4.87107702049968e-05
1.57376451681624	-0.0485244904504395	0.0117655435912319	0.00501546869453908	-1.67324770792753	-0.000484593472448844	-0.000115369688760964
1.58376451681624	-0.0664715220793149	0.0117580116177846	0.00501342061578742	-1.91611585720856	-0.00103095581751227	-0.000297559504002684
1.59376451681624	-0.0868457402534535	0.0117447185185107	0.00500942306439284	-2.15866238491211	-0.00164007644580113	-0.000506418980374001
1.60376451681624	-0.109643192452371	0.0117249420840263	0.00500317034700371	-2.40073421924059	-0.00233038190175166	-0.000750487117426696
1.61376451681624	-0.134858210213337	0.011697776583084	0.0049942740310995	-2.64214047742556	-0.00312052210581239	-0.00103706761030809
1.62376451681624	-0.16248301380364	0.0116621373067346	0.00498226614338185	-2.88264904846439	-0.00402804583880062	-0.00137399529705231
1.63376451681624	-0.192507280992521	0.011616768717331	0.00496660140732137	-3.12198299263983	-0.00506950867246658	-0.00176890199599053
1.64376451681624	-0.224917682463598	0.0115602550333297	0.00494666120741893	-3.3598174315653	-0.00626005315236968	-0.00222930879780652
1.65376451681624	-0.259697387917755	0.0114910341769314	0.00492175841097309	-3.59577678303605	-0.00761325504787877	-0.00276219485460615
1.66376451681624	-0.296825547710643	0.0114074153101186	0.00489114335868732	-3.82943248065857	-0.00914112512388946	-0.00337323630191333
1.67376451681624	-0.336276755804731	0.0113075995702143	0.00485401228922097	-4.06030155427305	-0.0108534122848643	-0.00406717568204172
1.68376451681624	-0.378020501423735	0.0111897048923647	0.00480951717237914	-4.28784592292556	-0.0127571151838361	-0.00484779822727973
1.69376451681624	-0.42202061782876	0.0110517949506184	0.00475677717880858	-4.51147255660847	-0.0148561192606902	-0.00571767994164914
1.70376451681624	-0.468234737894574	0.0108919120579522	0.00469489206578569	-4.73053468596131	-0.017150801781134	-0.00667800434584018
1.71376451681624	-0.516613767460539	0.010708113873865	0.00462295741647301	-4.94433416667936	-0.0196376686602773	-0.00772837585224405
1.71517302067699	-0.523598775598299	0.0106801976457875	0.0046119623683274	-4.97398188859146	-0.0200062353959699	-0.00787796073087776
1.72517302067699	-0.581240367177708	0.0159930589184135	0.0472527889095687	-6.90174722163252	2.40292743100712	5.7798517920193
1.73517302067699	-0.662339795607157	0.0641520899894552	0.101722369594177	-8.84284849193826	6.14373279184817	5.47525594990616
1.74517302067699	-0.751007376252905	0.124354291113334	0.154123054808275	-8.76211936612047	5.65116142751129	4.87037044384449
1.75517302067699	-0.836685705769334	0.175449310271576	0.198282074773665	-8.37015656178028	4.56093043303538	3.96503364546388
1.76517302067699	-0.918597231881526	0.215934731577268	0.233790120160561	-8.02676390112219	3.56529828660644	3.1602565021313
1.77517302067699	-0.997518763067907	0.247363391695947	0.26197191494362	-7.77103724277908	2.7481256617912	2.5024936421082
1.78517302067699	-1.07427937181025	0.271476379120751	0.284209608234172	-7.59159042546124	2.09757654182142	1.96776336882254
1.79517302067699	-1.14954493388798	0.289773987132999	0.301667569801416	-7.46966653225038	1.58192802319516	1.54047901952889
1.80517302067699	-1.22381447301621	0.303483792317385	0.315305006804607	-7.39010967517391	1.17620420060968	1.2006189745208
1.81517302067699	-1.2974492152574	0.31360164623051	0.325902921824734	-7.34085092590915	0.860312391486547	0.930199605599738
1.81674672721399	-1.30899693899585	0.314921371356097	0.327337944343007	-7.33534980935986	0.818174169317066	0.892013649995129
1.82674672721399	-1.37581686668542	0.316638007794555	0.294213486153991	-5.70061384778187	-1.64215037629809	-5.02641428984227
1.83674672721399	-1.42144370935316	0.275402514719138	0.246204857714479	-3.83736123435769	-5.63032774248046	-4.94763011750079
1.84674672721399	-1.45944361435431	0.218263663478509	0.19790419439025	-3.92542602389569	-5.48672541655109	-4.55135784456198
1.85674672721399	-1.5014173694219	0.168424566487351	0.156506353572784	-4.48711692777221	-4.45033923920159	-3.71221199841435
1.86674672721399	-1.54910742274781	0.129111336480618	0.123358271587818	-5.03393925610201	-3.44459018143105	-2.9371399769836
1.87674672721399	-1.60170960836959	0.0988408217081775	0.0972451435759639	-5.46649416699342	-2.64475213609487	-2.30950407105007
1.88674672721399	-1.65806753799929	0.0755899026235712	0.0767037817278699	-5.78818971174895	-2.0332373691212	-1.8193783932897
1.89674672721399	-1.7171659396833	0.0576812976664208	0.0605087361294516	-6.01816709668438	-1.56838097112075	-1.43759091524855
1.90674672721399	-1.77817896788508	0.0438371936819029	0.0477030197691	-6.17346985619629	-1.21593953234585	-1.13650815654599
1.91549513354961	-1.83259571459405	0.0342928488454903	0.0386993458305991	-6.25981241830532	-0.975582142848816	-0.928920099672509
1.92549513354961	-1.88795512112863	0.0183464571130142	-0.0106014517386153	-4.4473990711842	-3.58560374404148	-6.06931677044035
1.93549513354961	-1.92272996728078	-0.0377974746777196	-0.0688396079373246	-3.04796046103164	-6.45053135194519	-5.81053532603153
1.94549513354961	-1.95461827077559	-0.0993353734745859	-0.123392244646993	-3.42155422894759	-5.68216189604962	-5.00698268286086
1.95549513354961	-1.99165891844635	-0.150426785168122	-0.168596128301425	-3.97815295174134	-4.54708525460016	-4.04883802578913
1.96549513354961	-2.0338169366109	-0.190847502354134	-0.20487183137106	-4.43164278199294	-3.57173614954417	-3.23484674017176
1.97549513354961	-2.07985934005343	-0.222548118996462	-0.23382560966789	-4.75650227807573	-2.80020568305582	-2.58066399869754
1.98549513354961	-2.12857690456504	-0.247417856403457	-0.256945041967683	-4.96966978996237	-2.20087155426934	-2.06045222318044
1.99549513354961	-2.17895606959598	-0.266993375163408	-0.275438015090628	-5.09211668357849	-1.73548376657194	-1.65192695240454
2.00549513354961	-2.2301740358451	-0.282478984236718	-0.290273225723478	-5.14038899478177	-1.37742966862046	-1.327445169481
2.01549513354961	-2.28156591781788	-0.29481676788594	-0.302213951686365	-5.12910627562723	-1.1022686216123	-1.07067717318335
2.02549513354961	-2.33259710363697	-0.304737349031458	-0.311866096040568	-5.06983267332698	-0.891803741161029	-0.866602113220095
2.03549513354961	-2.38283813914205	-0.31280679172281	-0.319705834960986	-4.97252586027232	-0.729773239651522	-0.706699899108936
2.04549513354961	-2.43194584373937	-0.319457941064613	-0.326112725894495	-4.84446314200355	-0.605942601405538	-0.579609425292737
2.05549513354961	-2.47964570969793	-0.325022372187427	-0.331383994963592	-4.69187382788911	-0.511125905955831	-0.478488898582742
2.06549513354961	-2.52571871538545	-0.329752003791375	-0.335753125318491	-4.51981139283369	-0.438022684766239	-0.398237262834172
2.07549513354961	-2.56999046658746	-0.333836777426737	-0.339403903093348	-4.33223841658956	-0.381290238112855	-0.334305664973143
2.08549513354961	-2.61232226963013	-0.337419166305649	-0.342480644567921	-4.13229844982131	-0.336936688989266	-0.28293154865899
2.08687236041545	-2.6179938779915	-0.337879513842332	-0.342865987154125	-4.10395169267195	-0.331580878300444	-0.276735435330896
2.09687236041545	-2.66211279994736	-0.340246507363763	-0.304633500086817	-5.0485643291355	1.09530985080322	5.25618370070427
2.10687236041545	-2.7211912161081	-0.307288510447478	-0.256747994813474	-6.633545964854	5.16214223335412	4.59623075645282
2.11687236041545	-2.78793048384318	-0.252024488036213	-0.210509463041227	-6.50794506410929	5.48929395935868	4.45637456585162
2.12687236041545	-2.84939430987642	-0.201329511685976	-0.169468987909629	-5.75378523326083	4.58784071411122	3.7213907868317
2.13687236041545	-2.90295123584137	-0.160428436508613	-0.136044837712412	-4.97001602318704	3.61362107539647	2.98106974625359
2.14687236041545	-2.94913487945417	-0.128443357577249	-0.109435896080115	-4.2842140693865	2.81457329430779	2.3651222018601
2.15687236041545	-2.98896888009409	-0.103529325623618	-0.0883288645313418	-3.69747641874267	2.19531943664731	1.87543543401764
2.16687236041545	-3.0233427579549	-0.084071832183879	-0.0715673731133339	-3.1886944109919	1.71692094629583	1.49188270846184
2.17687236041545	-3.05294207144216	-0.0688274705160755	-0.0582289167372511	-2.73969816024737	1.34729472120753	1.18812955651323
2.18687236041545	-3.07828788162839	-0.0568513935215782	-0.0475974827955209	-2.33599957914527	1.05968025956373	0.947690197536481
2.19687236041545	-3.09977813179833	-0.0474234841468706	-0.0391125133259343	-1.9670953417999	0.834962951024853	0.756777264247237
2.20687236041545	-3.11771960634134	-0.0399898145930566	-0.0323334460913588	-1.62516382776568	0.65893959468314	0.604687504989698
2.21687236041545	-3.13235061977288	-0.0341211110624145	-0.0269127633696716	-1.3042252597004	0.520682633972432	0.483421664269089
2.22687236041545	-3.14385733577101	-0.0294828252561933	-0.0225756910743335	-0.999588430181487	0.41148312870385	0.38730707578555
2.23687236041545	-3.15238542439255	-0.0258142080566717	-0.0191028046592428	-0.707920049060419	0.325608678792339	0.310192968111215
2.24687236041545	-3.15804950602644	-0.022910262706851	-0.0163206209323228	-0.426385496802104	0.257832000163122	0.248563148809681
2.25687236041545	-3.16093968837077	-0.0206101647968919	-0.0140905643466651	-0.152857403881717	0.204386785845074	0.199107765594544
2.26687236041545	-3.16112699353543	-0.0187870755058618	-0.012302541331398	0.114431488441747	0.162013414556116	0.159741883232995
2.27687236041545	-3.15866728078703	-0.0173412616717935	-0.0108681727445639	0.37675781431416	0.128533252787148	0.128169817817363
2.28687236041545	-3.15360462624473	-0.0161937807006313	-0.00971710738118981	0.635188547652362	0.102024917975316	0.102931301609985
2.29687236041545	-3.14597379566463	-0.0152822550434844	-0.0087929037714741	0.890520924044046	0.0811007758790806	0.0826577900618183
2.30687236041545	-3.13580236188962	-0.0145571524887438	-0.0080504738561073	1.14339883160146	0.0645790395801164	0.0664164908262875
2.31687236041545	-3.12311234857718	-0.0139791457128991	-0.00745358076303422	1.39429364314528	0.0515883371869751	0.0533661901793044
2.32687236041545	-3.1079216699577	-0.0135167978315893	-0.00697325993277467	1.64358377952887	0.0413336522331891	0.0430244655258675
2.33687236041545	-3.09024524721517	-0.0131450754217189	-0.00658599331630785	1.8914840839577	0.0333496215144864	0.0347348234927159
2.341265915317	-3.08169642686961	-0.0130050785398667	-0.00644026938964931	2	0.0304496361007348	0.0316257779265295
2.351265915317	-3.06046470210982	-0.0127293610521782	-0.00615481349995195	2.24614641701295	0.0249505770686113	0.0256801130443753
2.361265915317	-3.03677741554111	-0.0125015845457706	-0.00592251775165717	2.4911126010214	0.0208069580203584	0.020966787004348
2.371265915317	-3.01064653971452	-0.0123095555852109	-0.00573206559063354	2.73484786258116	0.017770284982619	0.0172696428010483
2.381265915317	-2.98208494869517	-0.0121432034334854	-0.00557420932486652	2.97722832677062	0.0156452466383499	0.0144184347775274
2.391265915317	-2.9511071306094	-0.0119941229692023	-0.00544133345152314	3.21805637772211	0.0142891786309675	0.0122609365831809
2.401265915317	-2.91772988257523	-0.0118552040759759	-0.00532712907435195	3.45706504425113	0.0135944152399775	0.0106699040499563
2.411265915317	-2.88197299203204	-0.0117203382441874	-0.00522634366135984	3.69392330366551	0.0134675740886798	0.00955978350364313
2.421265915317	-2.8438599013353	-0.0115842095506906	-0.00513455367094064	3.92823348993405	0.0138356031142447	0.0088615524708272
2.431265915317	-2.80341836376803	-0.011442133215743	-0.00504799050183039	4.15953071508793	0.0146464857288442	0.00850947114126188
2.441265915317	-2.76068109111923	-0.0112899249045294	-0.00496342302437856	4.38728731320189	0.0158552847533378	0.00845499636924612
2.451265915317	-2.71568638232306	-0.0111238130058932	-0.0048780556443178	4.61091454872283	0.0174217894680644	0.00866277826360717
2.461265915317	-2.66847872809287	-0.0109403821712065	-0.00478944570831072	4.82976395092586	0.0193125150529015	0.00910074657145216
2.471265915317	-2.61910938477818	-0.0107365366901119	-0.00469544619150914	5.04313090001361	0.0214989007699774	0.00973785613356987
2.481265915317	-2.56763690725671	-0.0105094786380088	-0.00459417121003349	5.25026089536378	0.0239507341502539	0.010550956257028
2.491265915317	-2.51412762628179	-0.0102567061720593	-0.00448396579750081	5.45035499852238	0.0266367592015645	0.0115203318761375
2.501265915317	-2.45865605889113	-0.0099760237723985	-0.00436338568982066	5.64257646738456	0.0295260374226035	0.0126247569720629
2.511265915317	-2.40130523917421	-0.00966555890287149	-0.00423118897433769	5.82605957981032	0.0325868607705299	0.0138414120537598
2.521265915317	-2.34216695592871	-0.00932378195990238	-0.00408633810359609	5.99992073730883	0.0357828384348721	0.0151512579245783
2.531265915317	-2.28134188223669	-0.0089495330750483	-0.00392799987229962	6.16326928792489	0.0390743510010295	0.0165359064630228
2.541265915317	-2.21893958599909	-0.00854204987549021	-0.00375554744989467	6.31521925893775	0.0424209450179881	0.0179734771376159
2.551265915317	-2.15507841201127	-0.00810099120771814	-0.00356856733916486	6.45490281877015	0.0457812530637382	0.0194391877410553
2.561265915317	-2.08988522795163	-0.00762645407236299	-0.00336687085644648	6.5814854238444	0.0491096602132764	0.0209119503914704
2.571265915317	-2.02349502737866	-0.00711898889360669	-0.00315049695456231	6.69417953079289	0.0523589068909816	0.0223712987486337
2.581265915317	-1.95605038970622	-0.00657960763605891	-0.00291971194606733	6.79225804486774	0.0554834612420284	0.0237933532335104
2.591265915317	-1.88770080075404	-0.0060097808934698	-0.00267500969807352	6.87506814256193	0.0584401395158043	0.0251517105517144
2.601265915317	-1.81860184123748	-0.00541142210301631	-0.00241711340511333	6.94204546149833	0.0611845223627902	0.0264256253939925
2.611265915317	-1.74891425195994	-0.00478686717404085	-0.00214696387441813	6.99272482089966	0.063674386860707	0.0275963228596457
2.621265915317	-1.678802893119	-0.00413884353390497	-0.00186570455901908	7.02674951396144	0.0658720206450196	0.028645159024918
2.631265915317	-1.60843561657306	-0.00347043094088992	-0.0015746603570914	7.04387812142788	0.0677476738474013	0.0295496918855935
2.641265915317	-1.53798207592683	-0.00278500762479817	-0.00127532311425751	7.04399151986555	0.0692743184437592	0.0302942765136892
2.651265915317	-1.46761249611673	-0.00208619429298173	-0.000969325357341228	7.02709545429877	0.0704283286891164	0.0308702879248042
2.661265915317	-1.3974964304449	-0.00137779315006834	-0.000658410529508287	6.9933203469077	0.071190193266526	0.0312759207241739
2.671265915317	-1.32780152909753	-0.000663733854195934	-0.00034438333490398	6.94291432345247	0.071558544641909	0.0314929584289948
2.681265915317	-1.25869235578554	5.20051279168245e-05	-2.90979166121729e-05	6.87624282462351	0.0715336560829867	0.0315150010135538
2.691265915317	-1.19032926812545	0.000765467042992893	0.000285567603352743	6.7937827589023	0.0711109262311824	0.0313583163762545
2.701265915317	-1.12286738071617	0.00147276601105535	0.000597768773376799	6.69610692843953	0.0702994547178962	0.0310296789361176
2.711265915317	-1.05645563899921	0.00217014291216586	0.000905733250813879	6.58387087092077	0.0691267745948077	0.0305173874970615
2.721265915317	-0.991236024192387	0.00285404339529542	0.00120775071234846	6.4578091796118	0.0676077774327004	0.0298428244201364
2.731265915317	-0.927342878879737	0.00352114623246509	0.00150223360302416	6.31871369300643	0.0657706043072684	0.0290149985873136
2.741265915317	-0.864902381795799	0.00416841397730695	0.0017877243714495	6.16742289561736	0.0636439587161505	0.0280504643909017
2.751265915317	-0.804032161586784	0.00479312431824838	0.00206291851726368	6.00480666547239	0.061259730454194	0.0269671257075699
2.761265915317	-0.744841052886367	0.00539289903487601	0.00232667406346262	5.83175357231835	0.0586484222867068	0.0257902052121324
2.771265915317	-0.687428978583045	0.00596569544922418	0.00257806685277427	5.64914716272976	0.0558733690972554	0.0244923148464799
2.781265915317	-0.631886986877731	0.00650988366225251	0.00281628225271805	5.45788041688427	0.0529420361220611	0.0231424492771825
2.791265915317	-0.578297361915063	0.00702417780972377	0.00304073831725507	5.25881640197347	0.0498992838126933	0.0217459080490093
2.801265915317	-0.526733868154258	0.00750766347888951	0.00325103004210142	5.05279118809278	0.0467854353396899	0.0203140171777108
2.811265915317	-0.477262075420767	0.0079597931091967	0.00344691352889576	4.84060804814171	0.0436279915233943	0.0188769062077177
2.821265915317	-0.429939748131438	0.0083803436629234	0.00362834221375028	4.62302030918486	0.0404758433624539	0.0174242012255369
2.831265915317	-0.384817312966286	0.00876943332431806	0.00379539190109172	4.40074102103758	0.0373496799757586	0.0159883294078863
2.841265915317	-0.341938350750854	0.00912746576236711	0.00394830023662593	4.1744268231587	0.0342824092986597	0.0145750895820394
2.851265915317	-0.301340139474487	0.00945513641688711	0.00408739424475187	3.94468893685755	0.0312742826846829	0.0132392845418869
2.861265915317	-0.26305418507855	0.00975333340360598	0.00421319194271672	3.7120644336597	0.0283833809509039	0.0119305862160193
2.871265915317	-0.227106806896096	0.01002319229928	0.00432623899236199	3.47705029953952	0.0256120162579966	0.0106863430397772
2.881265915317	-0.193519678497092	0.0102660099190064	0.00442718399949044	3.24008269046901	0.0229775390224106	0.00951116465818963
2.891265915317	-0.162310378398347	0.0104832266038403	0.00451673693331418	3.00154429144693	0.0204928797751141	0.00841005627422571
2.901265915317	-0.133492917880159	0.0106763932064443	0.0045956548531766	2.76176608404473	0.0181678406546203	0.00738639642078641
2.911265915317	-0.107078244933592	0.010847140068497	0.00466472646966793	2.52103009549387	0.0160089880106633	0.00644238835395275
2.921265915317	-0.0830747190438402	0.0109971470759952	0.00472475795321724	2.2795724999557	0.0140198592579198	0.00557905203999084
2.931265915317	-0.0614885530019223	0.011128115321304	0.00477655973788432	2.03758706459845	0.0122011821605152	0.00479624980858612
2.941265915317	-0.0423242187646122	0.0112417406001856	0.00482093438769982	1.79522886063782	0.0105510894164342	0.00409275661985541
2.951265915317	-0.0255848151329494	0.0113396888697155	0.00485866559351494	1.5526181630805	0.00906534505451458	0.0034663303174354
2.961265915317	-0.0112723956523075	0.0114235737498491	0.00489050828625435	1.30984448655092	0.00773756485825736	0.00291379769310536
2.971265915317	0.000611744362811348	0.011494936095183	0.00491717981636923	1.06697071821502	0.00655940902993836	0.00243118113169985
2.981265915317	0.0100668224514126	0.0115552254190321	0.00493935245542891	0.824037242647106	0.00552098125332889	0.00201345829785773
2.991265915317	0.0170923656030366	0.0116057834577156	0.00495764652465633	0.581066180447442	0.00461095002718295	0.00165477143425163
3.001265915317	0.0216880490902974	0.0116478297093156	0.00497262418414687	0.338065699223728	0.00381647646097646	0.00134893689971367
3.011265915317	0.0238535777075579	0.0116824486697463	0.00498478405582977	0.0950343266710598	0.00312314999773954	0.00108991128141003
3.021265915317	0.0235886096729785	0.0117105779841836	0.00499455771252073	-0.14803499918852	0.00251579533223824	0.00087074615690255
3.031265915317	0.0208927229505598	0.0117329983285783	0.00500230633375478	-0.391150767874253	0.0019789089289601	0.000683146646440445
3.041265915317	0.0157654235144666	0.0117503266137813	0.00500831461150522	-0.634317952268292	0.00149451741460051	0.000521380257090896
3.051265915317	0.0082061975330502	0.0117630060999015	0.00501279249614919	-0.877534779296356	0.00104571673075658	0.000376525896774911
3.061265915317	-0.00178539499854814	0.0117713017044987	0.00501587069156799	-1.12078792144305	0.000615009579917909	0.000239537874760059
3.071265915317	-0.0142095839623325	0.0117752966851137	0.00501759616876067	-1.36404759908104	0.00018235402188445	0.000104813098884295
3.081265915317	-0.0290662085429978	0.0117748853177989	0.00501793704512496	-1.60726476902507	-0.000269893102211723	-3.79630335709512e-05
3.091265915317	-0.0463544960618713	0.0117697735449434	0.00501677646668568	-1.85036566667439	-0.000760836002083841	-0.000196985915861202
3.101265915317	-0.0660727972583647	0.0117594769930848	0.00501391381246396	-2.09324798697202	-0.00130959275331068	-0.00038048892957269
3.111265915317	-0.0882182801458653	0.0117433218194692	0.00500906431236348	-2.33577663650325	-0.00193547194444987	-0.000596104327864487
3.121265915317	-0.11278658266396	0.0117204464574118	0.00500186077551501	-2.57777994435781	-0.00265696864272525	-0.000852174665314125
3.131265915317	-0.139771425972565	0.0116898061998507	0.00499185472665973	-2.81904572298103	-0.00349175832003987	-0.0011573087617614
3.141265915317	-0.169164190094637	0.0116501802335281	0.00497851826156629	-3.05931751791956	-0.00445677697255655	-0.00151972418077384
3.151265915317	-0.200953454530871	0.0116001814554072	0.00496124677129899	-3.29829112323909	-0.00556838709390808	-0.00194637187856589
3.161265915317	-0.235124507027583	0.0115382684972333	0.00493936421960702	-3.5356118117174	-0.00684144510417814	-0.00244384774306505
3.171265915317	-0.271658825326832	0.0114627615993793	0.00491212896554722	-3.77087187008128	-0.00828896576869676	-0.00301821993466508
3.181265915317	-0.310533537263166	0.0113718621289125	0.00487874115212302	-4.0036087545324	-0.00992172483913364	-0.00367489734604526
3.191265915317	-0.351720865942303	0.0112636760616297	0.00483835169070515	-4.2333039616617	-0.0117479020626576	-0.00441837976064572
3.201265915317	-0.395187567973715	0.0111362415442179	0.00479007304265598	-4.45938276221422	-0.0137727168478506	-0.00525199168893016
3.211265915317	-0.440894374044425	0.0109875605431344	0.004732991941302	-4.68121494302361	-0.0159980253190313	-0.00617768068700788
3.221265915317	-0.488795442444427	0.0108156344969362	0.00466618403861318	-4.89811667469691	-0.0184219303610071	-0.00719582711733789
3.22826493389242	-0.5235987755983	0.0106804216721968	0.00461314843081807	-5.04660288072989	-0.0202316864344165	-0.00796590079565565
3.23826493389242	-0.581964405995561	0.0159862814855467	0.0472548450219025	-6.97390729679295	2.40180405764784	5.77967387782996
3.24826493389242	-0.663791564889073	0.0641487975400308	0.101715902205188	-8.91544876840834	6.14361074769668	5.47489760951122
3.25826493389242	-0.753177724878213	0.124334195115199	0.154110015723815	-8.83322530738399	5.64769529234217	4.87039468430173
3.26826493389242	-0.839565107333566	0.175393291509111	0.198254829390656	-8.44044227214871	4.55581300241712	3.96482629617516
3.27826493389242	-0.92217868797034	0.215830748353185	0.23374490488355	-8.09668191636008	3.56019210556919	3.15813419485292
3.28826493389242	-1.00179578210136	0.247204288002742	0.261906979106545	-7.84089202808665	2.74449652280342	2.49676764254516
3.29826493389242	-1.07924605316584	0.271262264586353	0.28411875669881	-7.66033909123163	2.09254749419836	1.9642665359171
3.30826493389242	-1.15519352642995	0.289505217349697	0.301550929661317	-7.53728069525119	1.57607796434165	1.53881975487267
3.31826493389242	-1.23013555051096	0.303162126193099	0.315165604621645	-7.45688176261751	1.17122650905494	1.19823796352172
3.32826493389242	-1.30443215617243	0.313232110549724	0.325741976307398	-7.40650258291941	0.856008915786034	0.927790881767835
3.32888135031043	-1.30899693899575	0.313754623082038	0.326309199737752	-7.40410135420403	0.838959048677515	0.913358425067696
3.33888135031043	-1.37646249824447	0.315592279083678	0.293397715885517	-5.76142743762541	-1.63693645345119	-5.00934682318388
3.34888135031043	-1.42268576534205	0.274398899459925	0.245511663268571	-3.89915002491408	-5.62022938850677	-4.93889222919213
3.35888135031043	-1.46131427291398	0.217387454028464	0.197308908127109	-3.98859120003033	-5.47297931418084	-4.54048978268195
3.36888135031043	-1.50391638986609	0.167687125420592	0.156009999447777	-4.54922075483931	-4.43731342078482	-3.70250252036634
3.37888135031043	-1.55221913668143	0.128496315529127	0.122947934679184	-5.09428779455423	-3.43331659818119	-2.92940640450894
3.38888135031043	-1.60541502955353	0.0983281607517797	0.0969056711121148	-5.52489045423197	-2.63550377941057	-2.30303612656649
3.39888135031043	-1.66234750858885	0.0751616162303425	0.07642229525818	-5.84464494858075	-2.02577148881292	-1.81385181590691
3.40888135031043	-1.72200158368335	0.0573223298479306	0.0602745812928338	-6.07269188002085	-1.56246042864346	-1.43273594231897
3.41888135031043	-1.78355143929355	0.043534652087569	0.0475079776490415	-6.22619062002539	-1.21093716376844	-1.13284028138912
3.42670596683976	-1.83259571459405	0.0349388534654957	0.0393969073155959	-6.30393227979832	-0.994042065320157	-0.945852997876189
3.43670596683976	-1.88837729969974	0.0187567756707057	-0.010018290300828	-4.48764005236581	-3.61464580845462	-6.0738819536553
3.44670596683976	-1.92360601114788	-0.037558104284999	-0.0683410964238709	-3.09937096624841	-6.45500527560028	-5.81736961299726
3.45670596683976	-1.95602994618281	-0.0990993767512204	-0.122934407279958	-3.47644012508869	-5.67992719487249	-5.00922595725967
3.46670596683976	-1.99362418426218	-0.150158493965665	-0.168152083183585	-4.03377435408332	-4.54323633224188	-4.04958685979837
3.47670596683976	-2.03633848417123	-0.190538771730132	-0.204431737893277	-4.48719551782753	-3.56762056811776	-3.23496701901273
3.48670596683976	-2.08293445589913	-0.222199099174222	-0.233385136485594	-4.81161624315496	-2.79631800874997	-2.58050600609134
3.49670596683976	-2.13219997089755	-0.247032133886037	-0.256502398515348	-5.02411370779356	-2.19744871074629	-2.06019353393397
3.50670596683976	-2.18311956599608	-0.266576207759875	-0.274992825249991	-5.14573723050596	-1.73263107559035	-1.65168708696993
3.51670596683976	-2.23486917191887	-0.282036346390429	-0.289825972767249	-5.19308281940239	-1.37519149904458	-1.32727775461925
3.52670596683976	-2.28678310016084	-0.294354779049938	-0.301765570950411	-5.18081581558149	-1.10062844936629	-1.07062928924848
3.53670596683976	-2.33832631467757	-0.304261863766149	-0.311417770805998	-5.12052741660905	-0.890733824093716	-0.866666637724384
3.54670596683976	-2.38906921778462	-0.31232319333915	-0.319258778691819	-5.02220557940752	-0.729211977727078	-0.706885249247385
3.55670596683976	-2.43866871293412	-0.318970998850315	-0.325668106314016	-4.89314529789578	-0.605825724538482	-0.579906447478924
3.56670596683976	-2.48685054445549	-0.324536197140049	-0.330942867514183	-4.73958991188665	-0.511389451744808	-0.478880369584821
3.57670596683976	-2.53339606905609	-0.329270057823479	-0.335316397075752	-4.56660428520846	-0.438603913017275	-0.398706440107478
3.58670596683976	-2.57813136409034	-0.333361919898872	-0.338972311033024	-4.37816185726069	-0.382122645711912	-0.334851842888588
3.59600711842643	-2.6179938779915	-0.336716560678087	-0.341855485153745	-4.19178472563247	-0.340717608413953	-0.286791096797007
3.60600711842643	-2.6630437250822	-0.339057643421635	-0.303763980306187	-5.14685433919127	1.11007567591703	5.23749044332811
3.61600711842643	-2.72312778111259	-0.305905602904618	-0.256016570646397	-6.72788586316272	5.16636239778745	4.59644606632685
3.62600711842643	-2.7907361853371	-0.250736395524249	-0.209832990408166	-6.59040509956085	5.47238989360722	4.44526708988814
3.63600711842643	-2.8530070373953	-0.200240662403439	-0.168901217847862	-5.83384910273783	4.56733312442786	3.71011095209693
3.64600711842643	-2.90736690516895	-0.159535824483594	-0.135582092422746	-5.05080006815245	3.59541363420395	2.97116716221001
3.65600711842643	-2.95436433233277	-0.127718167339169	-0.109062274283247	-4.36620947034418	2.79932851773859	2.35709968779393
3.66600711842643	-2.99502435851641	-0.102941988722075	-0.0880287045578738	-3.7804784519252	2.18232245464681	1.8697380337398
3.67600711842643	-3.0302346898549	-0.0835980499916456	-0.0713258426431903	-3.27279485138603	1.70660578274468	1.48671778657792
3.68600711842643	-3.06067947055738	-0.0684463200053214	-0.0580352689407705	-2.8246429744103	1.3389415736565	1.18382417837197
3.69600711842643	-3.08687830274991	-0.0565457291146933	-0.0474427221822229	-2.42163466924768	1.0528669144224	0.944224890918078
3.70600711842643	-3.10922799517655	-0.0471792014918965	-0.0389891715260265	-2.05332424252572	0.829425934239314	0.753992771064272
3.71600711842643	-3.12803446703516	-0.0397952499867308	-0.0322354450783946	-1.71190333648188	0.654433425595987	0.602496459032257
3.72600711842643	-3.14353534807163	-0.0339666700537988	-0.0268351277260453	-1.39141230879705	0.517009249712453	0.481738636077484
3.73600711842643	-3.15591624269961	-0.0293607256084573	-0.0225142339061672	-1.08720477504984	0.408580309408281	0.385884025088223
3.74600711842643	-3.16532243271711	-0.025718004021413	-0.0190543103211633	-0.795909494004379	0.323283113728615	0.309062052598584
3.75600711842643	-3.17186817650093	-0.0228347793099587	-0.0162824300966346	-0.514717035127276	0.255975039194886	0.247660865794807
3.76600711842643	-3.17564328065329	-0.0205512484737861	-0.0140605542632995	-0.241501477825721	0.202902796265265	0.198389136699677
3.77600711842643	-3.17671848344518	-0.0187414206343276	-0.0122790476426594	0.025508697050829	0.160807713847988	0.159194424515716
3.78600711842643	-3.17514933583765	-0.0173063074617324	-0.0108498522932169	0.287582582454866	0.127557844640967	0.127730225059561
3.79600711842643	-3.17097957587202	-0.0161675591453898	-0.00970293603514513	0.545796186815472	0.101230260174784	0.102562627548581
3.80600711842643	-3.16424356556947	-0.0152632923577193	-0.00878212746500479	0.80095876538224	0.0804323610912617	0.082351194859407
3.81600711842643	-3.15496837920013	-0.0145444032139687	-0.00804254139195482	1.05372270401181	0.0639953554866466	0.0661573158473398
3.82600711842643	-3.14317542866635	-0.0139719250917243	-0.00744811073787716	1.3045704409774	0.0510585391569928	0.0531350741943386
3.83600711842643	-3.12888188336492	-0.0135147191467795	-0.00697002506191332	1.55389652668863	0.0408268144280008	0.0428132691117392
3.84600711842643	-3.11210176082244	-0.0131480134507941	-0.00658488152600804	1.80193026671244	0.032846051479777	0.0345255034676128
3.85402551350731	-3.09685861571325	-0.0129057312867174	-0.00633043515083166	2.0000000000007	0.0277569727411101	0.0291123915857753
