=========================== Parameters =====================================
l1 [m]	l2 [m]	l3 [m]	c1 [m]	c2 [m]	c3 [m]	m1 [kg]	m2 [kg]	m3 [kg]
0.22	0.22	0.2458	0.022	0.198	0.17206	0.1564	0.23764	0.1564
============================== Data ========================================
t [s]	th1 [rad]	th2 [rad]	th3 [rad]	th1d [rad/s]	th2d [rad/s]	th3d [rad/s]
0	0	0	0	0	0	0
0.01	-0.00138648129992164	0.000603808333436084	0.000535834983582342	-0.253700941023022	0.0842201851475642	0.0917471966509328
0.02	-0.004907462026051	0.0014800252154241	0.00154315580843554	-0.446620896023059	0.086425225123839	0.102397133140932
0.03	-0.010280772392078	0.00228781824346144	0.00250921004513899	-0.627277979278796	0.0742451933756897	0.0893165792523232
0.04	-0.0174487105664414	0.00296055147148723	0.00331899988542422	-0.806404627654383	0.060456439659477	0.0726908887906797
0.05	-0.0264128375057186	0.00350217107162299	0.00396923370256663	-0.986704725540803	0.0482562070632079	0.0577469453927942
0.06	-0.0371880812446183	0.00393245536330613	0.00448300048355437	-1.16861659169855	0.0381681691179196	0.0454280692930729
0.07	-0.0497899641968019	0.00427192024353159	0.00488596681122537	-1.35197368541627	0.0300141097207626	0.0355410697683044
0.08	-0.0642314110681623	0.00453819448459059	0.00520045479429742	-1.5364721589717	0.0234644758968609	0.0276664478072757
0.09	-0.0805222240684491	0.00474559274712557	0.00544456964290116	-1.72179946800527	0.018194987187129	0.0213997886510836
0.1	-0.0986692199723456	0.00490549338651109	0.00563263093839692	-1.90766656916808	0.0139323229265582	0.0163989075133774
0.11	-0.118676465204641	0.00502685303970178	0.00577583663224344	-2.09380831004338	0.0104579053680064	0.012384857252723
0.12	-0.140545459264369	0.00511667889244938	0.00588287908138193	-2.2799745570545	0.00759798428950089	0.00913433936570564
0.13	-0.164275235207382	0.00518041894730292	0.00596045872923843	-2.46592218283717	0.00521607561889169	0.00646871596789747
0.14	-0.189862382679151	0.00522227820103759	0.00601369566923894	-2.65140676295638	0.00320383333300741	0.00424603067784603
0.15	-0.217301004265421	0.00524547256102448	0.00604645569172107	-2.83617474126487	0.00147170801414707	0.00235575646585943
0.16	-0.246582614146114	0.00525242760313917	0.00606161112403011	-3.01995998190702	-5.21816977039522e-05	0.000710578676579913
0.17	-0.277695992141122	0.00524493863361162	0.00606124709799187	-3.20248026087068	-0.00142443356247783	-0.000759096858184602
0.18	-0.310627002069954	0.00522430021206657	0.00604682515156805	-3.38343387806886	-0.00268956238376237	-0.0021085812928838
0.19	-0.345358381348309	0.00519140936933959	0.00601931504728743	-3.56249818567082	-0.00388014406803239	-0.00338310530054364
0.2	-0.381869512197165	0.00514685422141175	0.00597929798225289	-3.73932528323106	-0.00502409747334727	-0.00461647311729071
0.21	-0.4201361771206	0.00509098293984582	0.00592705282750846	-3.91354164518414	-0.00614462226351075	-0.00583370996529061
0.22	-0.460130307137867	0.00502396015774464	0.00586262740382482	-4.08474885121263	-0.00725890640301181	-0.00705392527662228
0.23	-0.50181972944001	0.00494581350303426	0.00578589816018944	-4.25252529577024	-0.00837592212396194	-0.00829331583310803
0.235071464279697	-0.523598775598299	0.00490190776762002	0.00574221050267783	-4.33616313883501	-0.00893844194380315	-0.00893746977649305
0.245071464279697	-0.591430624396996	0.0467794588285307	0.00284830902937413	-7.89732919931572	5.60701299513659	0.992537705361067
0.255071464279697	-0.67195027461805	0.0971279877789647	0.036519617988274	-8.2828273550825	4.6613029518274	5.51375370403825
0.265071464279697	-0.757232504336001	0.145124544610126	0.0964064859232564	-8.56403635597078	4.70065180516438	6.0236055935955
0.275071464279697	-0.841114744377837	0.188662855683019	0.152813895150935	-8.17572377259328	3.96703809696873	5.17535856006846
0.285071464279697	-0.920547747155057	0.224262120047274	0.199454576912601	-7.71741338609521	3.1631385951071	4.16039165510367
0.295071464279697	-0.995700395770672	0.252257107808096	0.236425259597809	-7.32842593809733	2.45780384463323	3.25794584948001
0.305071464279697	-1.06739032189483	0.273788652205539	0.265172831529057	-7.02392905021348	1.86936786257478	2.51676986189336
0.315071464279697	-1.13643995941314	0.290028453219517	0.287240875942101	-6.79755413101756	1.39579074686037	1.9196038557808
0.325071464279697	-1.20355206732489	0.302028689475936	0.303976586917853	-6.63430022355971	1.0192334388355	1.44619369206556
0.335071464279697	-1.26929231732166	0.310684831078556	0.316505110073425	-6.5209066208957	0.723999814896494	1.07518872732967
0.341184370490359	-1.30899693899575	0.314654486164632	0.322495532955564	-6.47166655869764	0.578626943442847	0.889673113414969
0.351184370490359	-1.35385850017084	0.284731931651682	0.333365937020063	-3.2089401613829	-5.00222619342753	0.183403337022021
0.361184370490359	-1.38431546389969	0.238947881071794	0.309439805207177	-2.82854346095628	-4.27497886246528	-4.82688301461878
0.371184370490359	-1.40916212450334	0.192341036519394	0.254135299943787	-2.37557832112257	-4.76102758547893	-5.79062835409847
0.381184370490359	-1.43493343182797	0.147636778748643	0.198710950030982	-2.85757911221253	-4.08610761212644	-5.15779389150232
0.391184370490359	-1.46695474391656	0.111292498633365	0.152229243825931	-3.54630900224427	-3.1903080258352	-4.12533770770736
0.401184370490359	-1.50561401082974	0.0834621944286336	0.115877246495844	-4.16405291175518	-2.40549156947739	-3.17347848986784
0.411184370490359	-1.54976227411875	0.0625495223981421	0.0881280155212529	-4.64372203962009	-1.80413392285346	-2.41017232594217
0.421184370490359	-1.59807699696285	0.0468755428630884	0.0670622706701387	-5.00055119213844	-1.35311461413662	-1.8301051413949
0.431184370490359	-1.64944408585474	0.0351025936387329	0.0510472202451546	-5.2586342082674	-1.01741191050006	-1.39403096973091
0.441184370490359	-1.70298802370669	0.026231067302299	0.0388300164510612	-5.43900605640365	-0.768773577554122	-1.06508063915218
0.451184370490359	-1.75802573799191	0.0195210639302852	0.0294752803619561	-5.55955248188238	-0.58245773381155	-0.81727355102439
0.461184370490359	-1.81402078377583	0.0144271348918194	0.0222836423371178	-5.63232454194307	-0.443112346646119	-0.629659469429981
0.464477649563556	-1.83259571459405	0.0130310516000012	0.0202956583027507	-5.64752984151548	-0.405293997704993	-0.57843262504087
0.474477649563556	-1.86598028668132	-0.0314305492952746	0.0168230274284014	-2.40279496508196	-5.62475759009143	-1.72417926873536
0.484477649563556	-1.88906843706383	-0.0821466552815997	-0.0232836727220577	-2.09686665003179	-4.85769926611202	-5.84313712902034
0.494477649563556	-1.9092328027917	-0.130939052119158	-0.0843584967941615	-2.11754694650834	-4.69397836606669	-6.00705897048867
0.504477649563556	-1.93313298556017	-0.174042068742369	-0.140054830016364	-2.68571232193588	-3.90268900601262	-5.07188806448084
0.514477649563556	-1.96294031956212	-0.209011097916078	-0.185606386602582	-3.26123251393441	-3.10828146093319	-4.0545653540789
0.524477649563555	-1.99798402581371	-0.236627833027337	-0.221666532229974	-3.72692935462689	-2.43807252740246	-3.18690397592772
0.534477649563555	-2.03706989396093	-0.258231564952063	-0.249915420182267	-4.07085673540997	-1.90422975699077	-2.48988856071093
0.544477649563555	-2.0790502236482	-0.275090930251183	-0.27197295318118	-4.30864568689292	-1.48595579678721	-1.94375768697506
0.554477649563555	-2.12294787956712	-0.288267686606038	-0.289198238850389	-4.45715473675536	-1.16452675748657	-1.51873469438087
0.564477649563556	-2.16795816646744	-0.298624589734971	-0.302679785195751	-4.53398643134358	-0.918490329086583	-1.1916218895562
0.574477649563556	-2.21343312782086	-0.306841564602417	-0.313281419364626	-4.55225405336828	-0.734084900102426	-0.939611449066582
0.584477649563556	-2.25885328627399	-0.313454283085169	-0.321675761070763	-4.52493280013323	-0.595354126167275	-0.747865870308821
0.594477649563556	-2.3038092705256	-0.318871350209276	-0.328388403277512	-4.46079781376864	-0.493501532277012	-0.601118771889731
0.604477649563556	-2.3479776299717	-0.323407189974518	-0.333820984454287	-4.36863881717926	-0.417675928375147	-0.4903906957978
0.614477649563556	-2.3911072150215	-0.327294107508803	-0.33828337476316	-4.2539533752325	-0.362748131305618	-0.40581065811026
0.624477649563556	-2.43300145973141	-0.330706611963827	-0.342008448318701	-4.12224411371165	-0.322144754186741	-0.34186514645359
0.634477649563556	-2.47350860079855	-0.333770569761512	-0.345172926024042	-3.97718978298981	-0.29225169176424	-0.293124549337163
0.644477649563556	-2.51251098935561	-0.336576874103691	-0.347908779743569	-3.82185027884582	-0.269914047114894	-0.255800689732593
0.654477649563556	-2.54991787339789	-0.339189357701051	-0.350314600463815	-3.65843870399525	-0.253145567012846	-0.226708935901169
0.664477649563556	-2.585659062978	-0.341652448406858	-0.352463165601745	-3.48878185449891	-0.240240460489203	-0.203654862557477
0.673969625898682	-2.6179938779915	-0.343880346404422	-0.354312831309017	-3.32357323904023	-0.229711896652255	-0.186466436887642
0.683969625898682	-2.66402923926186	-0.322560794529216	-0.354936796889377	-5.92360336762506	4.58835730439657	0.0110085231797422
0.693969625898682	-2.72618650310166	-0.274222331183485	-0.338454828132813	-6.23476723579119	4.48659374533499	3.69928527894117
0.703969625898683	-2.78973346476934	-0.22928543297359	-0.287624414234835	-6.46555717361311	4.70623181396795	5.67045931618563
0.713969625898683	-2.85237999385934	-0.18364758312786	-0.23182720371194	-5.96063957508619	4.28887802864214	5.31778504723671
0.723969625898683	-2.90794030265447	-0.144768616788526	-0.183082726409495	-5.13875075210228	3.47334521383082	4.39754223535378
0.733969625898683	-2.95526856330133	-0.113999821748285	-0.143885252130282	-4.34382397648017	2.70365259898955	3.46071413807244
0.743969625898683	-2.99520736729435	-0.0901873026803875	-0.113321122997938	-3.6645448119178	2.08564491842607	2.68158387942088
0.753969625898682	-3.02893721086395	-0.071805169289554	-0.0896775863684716	-3.09841357109278	1.61231723822281	2.07361684726712
0.763969625898682	-3.05747433155414	-0.0575634285944319	-0.0713776449424351	-2.622358162989	1.25320127632646	1.60648453997716
0.773969625898682	-3.08160039502041	-0.0464769416803596	-0.0571753447856347	-2.21292459083953	0.977093859691374	1.24907979727814
0.783969625898682	-3.10189966620715	-0.0378131395396765	-0.0461218570345606	-1.85414963505802	0.76467855500866	0.973526508096871
0.793969625898682	-3.11881148705279	-0.0310215474822742	-0.0374997958293428	-1.53362963717157	0.600338109155858	0.760044382524774
0.803969625898682	-3.13266916507156	-0.025684676169406	-0.0307631619134256	-1.24212082834221	0.472309644323986	0.594217424704762
0.813969625898682	-3.14372785621289	-0.0214829809963639	-0.0254931992508652	-0.972827884260652	0.372009329784036	0.465186693788615
0.823969625898683	-3.1521842781341	-0.0181701321993402	-0.0213666885256305	-0.720810788509874	0.293357190179341	0.364499923900023
0.833969625898683	-3.15819096774578	-0.0155550338097758	-0.0181330951130379	-0.482369676671527	0.231862852256026	0.285615958629163
0.843969625898683	-3.16186687914587	-0.0134883197168519	-0.015597904595342	-0.254354182354629	0.183422355863974	0.223927644055523
0.853969625898682	-3.16330479841575	-0.011853337851961	-0.0136094325125835	-0.0344348374116711	0.145095990443746	0.175723760888746
0.863969625898682	-3.16257717719846	-0.0105588636000744	-0.0120491069829703	0.179028977515061	0.114965514730385	0.137890420052297
0.873969625898682	-3.15974087167804	-0.00953295552806846	-0.0108243943785992	0.38751150205016	0.0911162672660686	0.108276695025834
0.883969625898682	-3.15484036745802	-0.00871917134409875	-0.00986273571122905	0.592023390482017	0.0723508536519449	0.0850147161491917
0.893969625898682	-3.14791064903247	-0.00807288657785186	-0.00910733847613468	0.793435338944292	0.0575517210051976	0.066763383369442
0.903969625898682	-3.13897928185985	-0.0075588098203079	-0.00851366711315225	0.992451594878481	0.0457804026535906	0.0525158185779279
0.913969625898682	-3.12806802401177	-0.00714913925032786	-0.00804665177039792	1.18951977020915	0.0365026034807948	0.0413550484694936
0.923969625898682	-3.11519428478895	-0.00682177372801468	-0.00767873695113582	1.38501685847153	0.0292126660173659	0.0326193350559417
0.933969625898682	-3.10037219830039	-0.00655914766616753	-0.00738820673195077	1.57922062579821	0.0235121701144614	0.0257918052987725
0.943969625898682	-3.08361354720378	-0.00634723989671717	-0.00715792573441518	1.77234374922954	0.0190491668482449	0.0204931584395601
0.953969625898683	-3.06492850626304	-0.00617486352707938	-0.00697431042319399	1.96450982203559	0.0155784486610188	0.0164065418389835
0.95582185062907	-3.0612569116382	-0.00614653195994216	-0.00694451760280825	2	0.0150373087046548	0.0157561166558183
0.96582185062907	-3.0403005928251	-0.00600953036010105	-0.0068024151974727	2.19110977165099	0.0124936606271764	0.0127915696894959
0.97582185062907	-3.01743763363794	-0.00589467438083931	-0.0066861658602955	2.38132823277884	0.0105774256119214	0.0105644313344589
0.98582185062907	-2.99267713427119	-0.00579632007138966	-0.00658912296535886	2.57060875885514	0.00917046131041248	0.00893302117231963
0.99582185062907	-2.96602889402794	-0.00570985979148363	-0.00650590343089571	2.75885889863379	0.0081821504222519	0.00778534717772748
1.00582185062907	-2.93750384338296	-0.00563150111498254	-0.00643210951674992	2.94594465129422	0.00754054449557106	0.00703450403908825
1.01582185062907	-2.90711445268108	-0.00555809497217835	-0.00636411069089241	3.13169248585424	0.00718793558927852	0.00661338804416878
1.02582185062907	-2.87487512550865	-0.00548699862590837	-0.00629887559720498	3.31589277576311	0.00707323442415382	0.0064731705352731
1.03582185062907	-2.8408025744437	-0.00541597882340264	-0.00623383560112983	3.49829525388537	0.00716153402334296	0.00657202263523787
1.04582185062907	-2.80491619053259	-0.0053431290445355	-0.00616678489244594	3.67861143649679	0.00742900037951508	0.00687434693732992
1.05582185062907	-2.76723840403521	-0.00526680241383379	-0.00609580683033616	3.85651947720069	0.00785301404208598	0.00735389576171984
1.06582185062907	-2.72779503121687	-0.00518556597046026	-0.00601921551325733	4.0316645710349	0.00841249213307084	0.00799097746150358
1.07582185062907	-2.68661560827439	-0.00509816680219849	-0.0059355128671506	4.20365977619355	0.00908810865699699	0.00877024731914118
1.08582185062907	-2.64373370948141	-0.00500350762706538	-0.00584335815693837	4.37208731888323	0.00986241529296753	0.00967897919484198
1.09582185062907	-2.59918724432017	-0.00490063303746721	-0.0057415453842986	4.53649808859955	0.0107249056087311	0.0107024873835141
1.10582185062907	-2.55301873316914	-0.00478871617275897	-0.00562899210352866	4.69641571786604	0.0116684119564304	0.0118254140104939
1.11582185062907	-2.50527555485489	-0.00466704809481464	-0.0055047356602417	4.85134260235295	0.0126825850908834	0.0130351293006575
1.12582185062907	-2.45601016186364	-0.00453502616405625	-0.00536793710681518	5.00076976330684	0.0137404259205887	0.014329808639973
1.13582185062907	-2.40528024102967	-0.0043921759559553	-0.00521786870032228	5.14416436105725	0.0148340630874964	0.0156949261506418
1.14582185062907	-2.35314884242232	-0.00423814499395634	-0.00505392318307812	5.28097973319258	0.0159634990427129	0.0171102218823541
1.15582185062907	-2.29968445933374	-0.00407269244603971	-0.00487562788595332	5.41066957326941	0.0171176891339444	0.0185617442756917
1.16582185062907	-2.24496104465201	-0.00389569473951461	-0.0046826495498215	5.53269101429831	0.0182805190366377	0.0200379550196436
1.17582185062907	-2.18905796782725	-0.00370714784951303	-0.00447480117488192	5.64651033389504	0.0194320952915424	0.0215289591574978
1.18582185062907	-2.13205990504838	-0.00350717374268012	-0.00425204511250024	5.75160533797736	0.0205578862361872	0.0230207635196186
1.19582185062907	-2.07405666055861	-0.00329602940401838	-0.00401449257144087	5.84746519910602	0.0216637937912557	0.0244857863418673
1.20582185062907	-2.01514293479168	-0.0030740815429616	-0.00376242264941949	5.93361462893935	0.0227392049072821	0.0259069716674718
1.21582185062907	-1.95541801983898	-0.00284178863978195	-0.00349629348444506	6.00963139133165	0.0237341754080435	0.0272928387148671
1.22582185062907	-1.89498539108835	-0.00259976041979969	-0.00321669993700975	6.07510526456439	0.0246617021386934	0.0286119068615307
1.23582185062907	-1.8339522869545	-0.00234870440499452	-0.00292440029037607	6.12967862014569	0.0255240688227812	0.0298405724426247
1.24582185062907	-1.77242920902729	-0.00208941510312718	-0.00262031159453041	6.17305382691433	0.0263091325706813	0.0309658886394504
1.25582185062907	-1.71052936391998	-0.00182277408149377	-0.00230549419751687	6.20499084252746	0.0270061011276868	0.0319757636728638
1.26582185062907	-1.64836806971309	-0.00154972894894946	-0.00198114629492504	6.22531857116873	0.0275899189749362	0.0328693715893704
1.27582185062907	-1.5860621077848	-0.00127131242319167	-0.0016485693938625	6.23391494260372	0.0280706219507149	0.0336256319677587
1.28582185062907	-1.5237290713985	-0.000988613582697164	-0.00130916181988607	6.23072061605924	0.0284682441599023	0.0342196422382732
1.29582185062907	-1.46148671736155	-0.000702711720077352	-0.000964434097567665	6.21577877474912	0.028729305503644	0.0346767199246067
1.30582185062907	-1.39945225536776	-0.000414737969876644	-0.00061594030416974	6.18917941505887	0.0288456393181964	0.0349959169162429
1.31582185062907	-1.33774167796755	-0.000125869002958127	-0.000265252226513549	6.15105261123581	0.0288656758739627	0.0351428116142278
1.32582185062907	-1.27646914306011	0.00016274821172547	8.60223789409224e-05	6.10161171855512	0.0287962146786187	0.0351128459082124
1.33582185062907	-1.21574635385695	0.000449999326445071	0.000436267857106638	6.04114261389675	0.02861771712565	0.034921403544897
1.34582185062907	-1.15568197236056	0.000734789379366271	0.000783898232683068	5.96998061904969	0.0283240257471921	0.0345780806051766
1.35582185062907	-1.09638109589098	0.0010160582165511	0.0011273748455484	5.88850838745083	0.0279154121449283	0.0340909953211205
1.36582185062907	-1.03794478867836	0.00129279199458949	0.00146522455389185	5.79715097528397	0.0273962850190886	0.0334680467228219
1.37582185062907	-0.980469663753484	0.00156400849125447	0.00179607243533635	5.69635190454413	0.0268126411840034	0.0326925110083121
1.38582185062907	-0.924047575215948	0.00182883662669682	0.00211861101292597	5.58661921395135	0.0261387330779393	0.0317958286327983
1.39582185062907	-0.868765315832408	0.00208646002118602	0.00243165418015839	5.46847196724167	0.0253769421518256	0.030792900640444
1.40582185062907	-0.814704416872493	0.00233613112739961	0.00273414247019958	5.342439686232	0.0245441691603061	0.0296905418342752
1.41582185062907	-0.761941016058052	0.00257718471625092	0.00302514548034578	5.20906235172696	0.0236573570885396	0.0284964901519625
1.42582185062907	-0.710545792939813	0.00280905417115134	0.00330385924143442	5.06889363347819	0.0227127184881527	0.0272324757163135
1.43582185062907	-0.660583949129588	0.00303124969507491	0.00356962494614535	4.92247728485987	0.0217233879131597	0.0259096283550123
1.44582185062907	-0.612115263026161	0.0032433716509768	0.00382192193512639	4.77035076580705	0.0206997273417944	0.0245408757984357
1.45582185062907	-0.565194191647906	0.0034451115965698	0.00406036570973824	4.61304114212761	0.0196473961720989	0.0231419075367861
1.46582185062907	-0.519870015063264	0.00363624383982352	0.00428470936887592	4.45105534875182	0.0185788042504715	0.0217235332984181
1.47582185062907	-0.4761870281768	0.00381663096075477	0.004494833601383	4.28488208879092	0.0175009536650151	0.0202992922782836
1.48582185062907	-0.434184761971371	0.00398621846697826	0.00469074153021934	4.1149870054261	0.0164190694145592	0.0188829112755322
1.49582185062907	-0.393898231374528	0.00414502602674174	0.00487255390530467	3.94180654747068	0.015344370405179	0.0174831237952716
1.50582185062907	-0.35535821029023	0.00429314959566024	0.00504049572173357	3.76575100189432	0.0142834667500183	0.0161103666334703
1.51582185062907	-0.318591517937867	0.00443075296266167	0.00519488841816483	3.58720075059538	0.0132435063923553	0.0147733525787388
1.52582185062907	-0.283621319201972	0.00455806623797342	0.00533613665770522	3.40650856442962	0.0122254988407251	0.0134832958352128
1.53582185062907	-0.250467423851974	0.00467536957428962	0.0054647239827435	3.22399179796296	0.0112403265474109	0.0122435371879395
1.54582185062907	-0.219146596706173	0.00478299774268189	0.0055811946406621	3.03994064197475	0.0102912318773928	0.0110608108237623
1.55582185062907	-0.189672856930384	0.00488132741415754	0.00568614643358621	2.85461416489512	0.00938330404725375	0.00993912617830817
1.56582185062907	-0.162057776222408	0.00497077560270336	0.00578021646339861	2.66824501697362	0.00851508518262033	0.00888519998485482
1.57582185062907	-0.136310760667077	0.00505178310660658	0.0058640768453444	2.4810333777089	0.00769384460232103	0.00789864566190939
1.58582185062907	-0.112439329645042	0.00512481712105596	0.00593841851365628	2.29315525539201	0.0069205672226693	0.00698170555361784
1.59582185062907	-0.0904493742017129	0.00519035981024898	0.00600394467854057	2.10476053630152	0.00619733676079669	0.00613455594277157
1.60582185062907	-0.0703454038045122	0.00524890566725244	0.00606135931916924	1.9159775419053	0.00552108803382359	0.00535941037277216
1.61582185062907	-0.0521307707833212	0.00530094761858804	0.00611136372276746	1.72690922959075	0.00489554072716642	0.00465290658461255
1.62582185062907	-0.0358078839678349	0.00534697883408847	0.00615464373101886	1.53764087055737	0.0043187119479457	0.00401424413783953
1.63582185062907	-0.0213783976641539	0.00538748221447286	0.00619186580774232	1.34823847079621	0.00379042934049755	0.00344042780390395
1.64582185062907	-0.00884338573095835	0.00542292972835127	0.00622366763074728	1.15875425893037	0.00330478911157489	0.00293121851175709
1.65582185062907	0.00179651178632068	0.00545376554728533	0.00625066001047836	0.969219985240465	0.00286882757922183	0.00247718027675541
1.66582185062907	0.0105409471512667	0.00548042140166625	0.00627340886650009	0.77966375061485	0.00247076581367802	0.00208023924775753
1.67582185062907	0.0173897618924849	0.00550329298729702	0.00629244315142322	0.590097827245604	0.0021104996268901	0.00173410318369233
1.68582185062907	0.0223428907585366	0.00552274509100863	0.00630824501343968	0.400527409188959	0.00178520753164339	0.00143361620533919
1.69582185062907	0.0254002908095206	0.00553910659259595	0.00632124721614111	0.210951624823463	0.0014915598091534	0.00117340403840286
1.70582185062907	0.0265618897607685	0.00555266797841369	0.00633182960748174	0.0213661421502299	0.00122451008187341	0.000948718268450327
1.71582185062907	0.0258275558992053	0.00556367637006181	0.0063403178215789	-0.168236317147073	0.000980570893677763	0.000753383910074544
1.72582185062907	0.0231970862033982	0.00557233528550424	0.00634697949851816	-0.35786221796041	0.000754126243289064	0.000582233500887896
1.73582185062907	0.0186702167870515	0.00557880028945487	0.006352023705825	-0.547516732240287	0.000540781536768973	0.000428998991899217
1.74582185062907	0.012246652155878	0.0055831780899273	0.00635559864199789	-0.737200955541121	0.000335774579859732	0.000287386577519665
1.75582185062907	0.00392611514798272	0.00558552510422815	0.00635779017733702	-0.926909757977911	0.000133751648791925	0.000151269861849132
1.76582185062907	-0.00629158245650722	0.00558584556490001	0.00635862117999795	-1.11663022354341	-7.01910645134539e-05	1.4067156160395e-05
1.77582185062907	-0.0184064497772434	0.00558409158884512	0.00635805006861377	-1.30633890075002	-0.000282016256561866	-0.000130234792912815
1.78582185062907	-0.0324182053276623	0.00558016130673213	0.006355971142642	-1.49600076712052	-0.00050658613164064	-0.000288419749701501
1.79582185062907	-0.0483261464783471	0.00557389988695243	0.00635221360187186	-1.68556636430112	-0.000749447943865648	-0.000466831826358609
1.80582185062907	-0.0661289979335844	0.0055650989619177	0.00634654221335997	-1.87497045550154	-0.00101539354489084	-0.000672238738945037
1.81582185062907	-0.0858247412589865	0.00555349831132418	0.00633865722115634	-2.06412940710477	-0.00130981970366612	-0.000910882043549281
1.82582185062907	-0.107410424361339	0.00553878664848414	0.00632819560567198	-2.25293966915926	-0.00163782913807404	-0.00118897370409753
1.83582185062907	-0.130881952502307	0.00552060372442869	0.00631473237640119	-2.44127578272406	-0.00200448500568697	-0.00151243869378358
1.84582185062907	-0.156233861150898	0.00549854277390267	0.00629778263454306	-2.62898869803382	-0.00241458784996728	-0.00188695386135263
1.85582185062907	-0.183459071797822	0.00547215352962973	0.00627680437850272	-2.81590430614229	-0.00287224364006505	-0.002318109454142
1.86582185062907	-0.212548632010176	0.00544094571719689	0.00625120222957023	-3.00182232048338	-0.00337999981715618	-0.00281183718882919
1.87582185062907	-0.243491442211366	0.0054043947865584	0.00622033106394277	-3.18651428447861	-0.00394025360697519	-0.00337336197351006
1.88582185062907	-0.276273970655663	0.00536194862162034	0.00618350046813035	-3.36972170073422	-0.00455688554015879	-0.00400599825978162
1.89582185062907	-0.310879957950516	0.00531303279490694	0.00613998167712353	-3.55115613668814	-0.00523323590080713	-0.00471229644155328
1.90582185062907	-0.347290115432218	0.00525705726968585	0.00608901518963641	-3.73049921417913	-0.00597101534037764	-0.00549458206464533
1.91582185062907	-0.385481820442447	0.00519342370003545	0.00602981963838148	-3.90740314204206	-0.006768843308387	-0.00635573396863514
1.92582185062907	-0.425428812921029	0.0051215343279145	0.0059616012600404	-4.08149106741136	-0.0076220769432003	-0.00729913417885039
1.93582185062907	-0.467100899904849	0.0050408070565832	0.00588356094830447	-4.25235385613108	-0.00853130830354003	-0.00832303782716748
1.94582185062907	-0.510463666346541	0.00495068269646098	0.00579490779193942	-4.41955358930799	-0.00949756616847637	-0.00942353078553907
1.94877760618754	-0.523598775598299	0.00492216893263528	0.00576655708408523	-4.46820336588433	-0.0097976329384893	-0.00976047170625727
1.95877760618754	-0.592738142338513	0.0467655419407607	0.00287541971906974	-8.02885409815451	5.60537763282233	0.991289508813245
1.96877760618754	-0.674566476102585	0.0970884198162046	0.0365251959015057	-8.41229447650216	4.65663180175749	5.5101862078389
1.97877760618754	-0.761134240605045	0.1450181187189	0.0963848167741563	-8.69299837276278	4.69498464812666	6.01906286093564
1.98877760618754	-0.846291048362518	0.188470153942818	0.152750281527991	-8.30193604655774	3.95605757020246	5.17108279484884
1.99877760618754	-0.92698340007403	0.223958260213213	0.199332858060815	-7.84294477506809	3.15166492580769	4.15333611363829
2.00877760618754	-1.0033837660048	0.251828250346979	0.23622904326784	-7.45287065401509	2.4453102056083	3.24951477746685
2.01877760618754	-1.07631111041722	0.273228147255666	0.264891562470562	-7.14716521115024	1.85606012015232	2.5079744087172
2.02877760618754	-1.14658833489193	0.289335963352543	0.286870375031912	-6.91981998101598	1.38276718378397	1.91066633343601
2.03877760618754	-1.21491849598634	0.301210522682775	0.303517316683378	-6.75549567970587	1.00689174697136	1.4376977012133
2.04877760618754	-1.28186629938224	0.309751536602363	0.315962094151508	-6.64108947157777	0.713128536556179	1.06718566989233
2.05287391495895	-1.30899693899575	0.312466095199007	0.320068032077566	-6.60618325846979	0.613785318716704	0.939970756583679
2.06287391495895	-1.35499951923568	0.28251868266354	0.331518993599159	-3.33394301860631	-4.97535368686206	0.206334068766071
2.07287391495895	-1.3867014244424	0.237040871193479	0.30769262474059	-2.94589929386073	-4.25688985882829	-4.81268578172769
2.08287391495895	-1.41273693629731	0.190638625940359	0.252574685080979	-2.49679430489967	-4.73611203691883	-5.77011378295728
2.09287391495895	-1.43971862895838	0.146183400358889	0.197376132573065	-2.97825678117962	-4.06106604695194	-5.13475043738776
2.10287391495895	-1.47293168812481	0.110074636110034	0.151119305327682	-3.66515301612523	-3.16542491493353	-4.10592746423566
2.11287391495895	-1.51274950305309	0.0824524488238333	0.114961145066259	-4.27719237764971	-2.38806043518902	-3.1546567186866
2.12287391495895	-1.55801624892421	0.0617120542250646	0.0873746698444397	-4.75305453154224	-1.78971495629219	-2.39461242783374
2.13287391495895	-1.60741137524569	0.0461809950238963	0.0664425053483468	-5.10662527669743	-1.3403750803512	-1.81788727412211
2.14287391495895	-1.65982274249195	0.0345272986917534	0.0505358762675466	-5.36103906259094	-1.00708261812806	-1.38394715854678
2.15287391495895	-1.71437518344547	0.0257537338245023	0.038407043751488	-5.53824559772205	-0.759602207359607	-1.05733963103245
2.16287391495895	-1.77038683778653	0.0191247390512638	0.0291233021679787	-5.65519594316667	-0.575195075280467	-0.810889265431619
2.17287391495895	-1.82732132313181	0.0140966948942761	0.0219887164671796	-5.72455125617361	-0.437210292440679	-0.624559377888538
2.17379492684481	-1.83259571459421	0.0136989972574087	0.0214203033751019	-5.72893759823471	-0.426295015088535	-0.609924799460854
2.18379492684481	-1.86682265394333	-0.0309048515546705	0.0175714766878179	-2.49396089096233	-5.62367628924198	-1.77252183853345
2.19379492684481	-1.89081131277965	-0.081639046055862	-0.0229819382242667	-2.18411110014286	-4.87101249960987	-5.86487607562529
2.20379492684481	-1.91192482022538	-0.130472256362512	-0.0841329886929285	-2.21773810951204	-4.6916380996666	-6.00521169766201
2.21379492684481	-1.93685313891737	-0.173517236059941	-0.139771845228188	-2.7905068997647	-3.89401028007016	-5.06393311632566
2.22379492684481	-1.96771250999246	-0.208394748090208	-0.185229993537801	-3.36683962028131	-3.09833245038317	-4.04481123899601
2.23379492684481	-2.00380999368707	-0.23591302486431	-0.221191510117577	-3.83199916614361	-2.42831824553416	-3.17725143225847
2.24379492684481	-2.04394089212383	-0.257422871236571	-0.249348280637692	-4.17457910117714	-1.8955611716848	-2.48099482768284
2.25379492684481	-2.08695113534893	-0.274199625407089	-0.271324561030198	-4.41081278954823	-1.47822602374186	-1.93637738840219
2.26379492684481	-2.13186019099472	-0.287307563938856	-0.288481875562807	-4.55745478671365	-1.15801746558611	-1.51292275503849
2.27379492684481	-2.17786156533135	-0.297610118062693	-0.301909622159462	-4.63201088898569	-0.913856633651122	-1.18688250520399
2.28379492684481	-2.22430589384691	-0.305788369547009	-0.312470166018205	-4.6482336575104	-0.730663784138225	-0.936355757788429
2.29379492684481	-2.2706741698426	-0.312375971773344	-0.320835992786874	-4.61867233076467	-0.593534146600914	-0.745554183669482
2.30379492684481	-2.31655715330573	-0.317781078620305	-0.327530565896614	-4.55254774223062	-0.492734450007775	-0.599930691822739
2.31379492684481	-2.36163257623874	-0.322315885777051	-0.332954540916916	-4.45841311754054	-0.417999090492933	-0.490006635784675
2.32379492684481	-2.40565030971448	-0.326211274537069	-0.337416108299672	-4.34187746281536	-0.363983849119134	-0.406097815857929
2.33379492684481	-2.44841501368594	-0.329640185672935	-0.341146740778363	-4.20845502093617	-0.324116722820023	-0.342710801429807
2.34379492684481	-2.48977623275831	-0.332726969444123	-0.344321976444725	-4.06179154657582	-0.294878809815213	-0.294366272223632
2.35379492684481	-2.52961754286423	-0.335561371335674	-0.347072608030642	-3.904991527437	-0.273029877765758	-0.257379812759724
2.36379492684481	-2.56784942637677	-0.338206195438652	-0.349496266349635	-3.74028401471645	-0.256559671476324	-0.228619544481208
2.37379492684481	-2.60440295041472	-0.340704901204383	-0.351665022933643	-3.56946527369119	-0.243841672869418	-0.205853499032163
2.37763838509124	-2.6179938779915	-0.34163325295367	-0.352442202914374	-3.50262171499466	-0.239393414654498	-0.198581468757084
2.38763838509124	-2.66614708245313	-0.319762944393665	-0.353454013681416	-6.15240394470045	4.67519431023462	-0.0314213855666065
2.39763838509124	-2.73010132516505	-0.271642471928393	-0.336522154121621	-6.40680041018681	4.44564962971718	3.76883013628706
2.40763838509124	-2.79544246438602	-0.226847027056677	-0.285441276763779	-6.6373314225818	4.68981109681368	5.66227329628381
2.41763838509124	-2.85971746990691	-0.181477298434543	-0.229850824628729	-6.11701267615764	4.25456388686926	5.28904380390273
2.42763838509124	-2.91682454228523	-0.142949685203192	-0.18142710906484	-5.29264871155284	3.43810457058498	4.36471176989438
2.43763838509124	-2.96570287716932	-0.112509454979289	-0.1425463444763	-4.49951548988789	2.67182091744045	3.43198972807482
2.44763838509124	-3.00722040117811	-0.0889770953875319	-0.112252042267742	-3.82401739988741	2.06011029483179	2.65723885118053
2.45763838509124	-3.0425612418735	-0.0708251998910032	-0.0888286186766099	-3.26095206609457	1.59142274045155	2.05397670673987
2.46763838509124	-3.07273763510012	-0.0567714534132763	-0.0707056511285347	-2.78720313906522	1.23552528903102	1.59114466024386
2.47763838509124	-3.09852616808365	-0.0458393028896625	-0.0566444916534455	-2.3802152207617	0.963168003621049	1.2364884579405
2.48763838509124	-3.12050774944257	-0.0373012781002052	-0.0457039066224081	-2.02335144063221	0.753541006998676	0.963332328459425
2.49763838509124	-3.13911860460943	-0.0306119801379265	-0.0371719892961606	-1.7043368950387	0.591255559500104	0.751938055709103
2.50763838509124	-3.15468953311187	-0.0253581325902098	-0.0305070838115808	-1.41407138092903	0.464817565534498	0.587862918209573
2.51763838509124	-3.16747367561871	-0.0212236929231193	-0.0252939356768737	-1.1458814290043	0.36587471621786	0.460213000313601
2.52763838509124	-3.17766605019889	-0.0179654116458727	-0.0212120767279734	-0.895039939507445	0.288782422403924	0.360346559766865
2.53763838509124	-3.18541821969071	-0.0153938907757771	-0.0180137893688967	-0.657374216465411	0.228022311102575	0.282460689054958
2.54763838509124	-3.19084787164998	-0.0133621890662207	-0.0155062266400529	-0.430074949063234	0.180215779635331	0.221541855564205
2.55763838509124	-3.1940468867143	-0.0117553333114217	-0.0135392879255327	-0.210841111111716	0.142484672851663	0.173890682509895
2.56763838509124	-3.19508695483754	-0.0104834304286989	-0.0119957387464922	0.00199558912854534	0.112858568519205	0.13646981941526
2.57763838509124	-3.194024193051	-0.00947571825187752	-0.0107840900664816	0.209880997753471	0.0894972642309363	0.107115876483155
2.58763838509124	-3.19090243537045	-0.00867657958254906	-0.00983273213312275	0.413917577648596	0.0710261069872077	0.0841046727826716
2.59763838509124	-3.18575589587073	-0.00804224364648566	-0.00908553627621324	0.614929355855817	0.0564531985686248	0.0660382347319635
2.60763838509124	-3.17861132995588	-0.0075380738478327	-0.00849853988900766	0.813623398538557	0.0448652203806499	0.0519132640564619
2.61763838509124	-3.1694895844773	-0.00713680091125783	-0.0080371456960778	1.01046023488568	0.0357367940469374	0.0408231983825878
2.62763838509124	-3.15840702547551	-0.00681674693829549	-0.00767419516582146	1.20584469002746	0.0285444107775444	0.0321309680925481
2.63763838509124	-3.1453765663232	-0.00656070654056783	-0.00738829112422847	1.40007508719364	0.0228924202952689	0.0253286122672492
2.64763838509124	-3.13040856342791	-0.00635496671303837	-0.0071625538458191	1.59337910039765	0.0184483765355629	0.02003295723036
2.65763838509124	-3.11351153977534	-0.00618859266947406	-0.00698361288631635	1.7859007345255	0.0149795404212804	0.0159262090424291
2.66763838509124	-3.09469282902134	-0.00605281305695058	-0.00684085261978605	1.97772915085448	0.012296807381429	0.0127640917641148
2.668801701003	-3.09237914744956	-0.00603866849750193	-0.00682618617963636	2	0.0120329993398787	0.0124455446034331
2.678801701003	-3.07142309390298	-0.00592875687492984	-0.00671389568052538	2.19109943273723	0.0100477845701249	0.0101186405575499
2.688801701003	-3.04855936827935	-0.00583605287252269	-0.00662182741867125	2.38153332326572	0.00856408415552971	0.00838682074606367
2.698801701003	-3.02379488122339	-0.00575599846516232	-0.00654462040361738	2.57124151453281	0.00749875970480729	0.00713378420352664
2.708801701003	-2.99713731733055	-0.00568483568134247	-0.00647790246229627	2.76012829019969	0.00677718500174302	0.00627509709273536
2.718801701003	-2.96859552926389	-0.0056194419160131	-0.00641806520579758	2.94805846857317	0.0063409447111121	0.00574508156851973
2.728801701003	-2.93817992170853	-0.00555719542961753	-0.00636209213471826	3.13485821972003	0.00614512246961975	0.00549212124240125
2.738801701003	-2.9059028269373	-0.00549586890371558	-0.00630742614762182	3.32031672976502	0.00615371251367524	0.00547650983496459
2.748801701003	-2.8717788730352	-0.00543354838282775	-0.00625186634581386	3.50418641256205	0.00633828809653734	0.00566724491839637
2.758801701003	-2.83582534599584	-0.00536857265221888	-0.00619348804213484	3.6861819641912	0.00667947887562641	0.00603783079976841
2.768801701003	-2.79806254842633	-0.00529948303285523	-0.00613058513622058	3.86598300589788	0.00716125247721225	0.00656736781766325
2.778801701003	-2.75851415147909	-0.00522498500259252	-0.00606162818392787	4.04323717983737	0.00776489067451361	0.00724235077945312
2.788801701003	-2.71720753509455	-0.0051439247460069	-0.0059852315811904	4.21755973678117	0.00847131091849545	0.00805349493657696
2.798801701003	-2.67417411279476	-0.00505527976189491	-0.00590012675505259	4.38852891000202	0.00927339066921828	0.00898644128673416
2.808801701003	-2.62944964727776	-0.00495813982113631	-0.00580515366891063	4.55569345495823	0.010163290398406	0.0100288506352557
2.818801701003	-2.58307454124488	-0.00485170015422249	-0.00569925409308688	4.71857529849032	0.0111314716693877	0.0111701798879808
2.828801701003	-2.53509410114723	-0.00473525931365571	-0.00558146946067636	4.87667208670344	0.0121672266536599	0.0124006725891594
2.838801701003	-2.48555877005753	-0.00460821657719343	-0.00545094486526349	5.02946273491123	0.0132541234922453	0.0137137910245836
2.848801701003	-2.43452431857551	-0.00447007896049759	-0.00530693118008246	5.17640794677214	0.014377625371768	0.0151009432646799
2.858801701003	-2.38205198913065	-0.00432047397987228	-0.0051487864125276	5.31694799217367	0.0155399617583971	0.0165416624193672
2.868801701003	-2.32820860237914	-0.00415913602350912	-0.00497599579405261	5.45052093345474	0.0167324556669227	0.0180213356366686
2.878801701003	-2.27306660166627	-0.00398590516900297	-0.00478818444649363	5.57657218486486	0.0179276558410955	0.0195362701033616
2.888801701003	-2.21670402470294	-0.00380075029141825	-0.0045851139689226	5.69454623199142	0.0191107981645005	0.0210734965453994
2.898801701003	-2.15920441906948	-0.00360377117215769	-0.00436669122558337	5.80389349476188	0.0202796446586139	0.0226110490272321
2.908801701003	-2.10065669437267	-0.00339518761505265	-0.0041329833630013	5.9040860567267	0.0214259131639623	0.0241301897850483
2.918801701003	-2.04115489674087	-0.00317534163402606	-0.00388422156730288	5.99462271659116	0.0225399227524451	0.0256127274840626
2.928801701003	-1.98079791933837	-0.00294468188500593	-0.00362081287840373	6.07504580785845	0.0235899753723416	0.0270546744917023
2.938801701003	-1.91968912456334	-0.00270378454619998	-0.00334332469781129	6.14492959596811	0.0245623196289116	0.0284408753166815
2.948801701003	-1.85793590397329	-0.00245336049923341	-0.00305247405000359	6.20387704678526	0.0254823974881032	0.029731721601935
2.958801701003	-1.79564920644471	-0.00219419288434785	-0.00274915756342242	6.25156608055055	0.0263288055404107	0.0309190473173374
2.968801701003	-1.73294297219281	-0.00192715207583628	-0.00243442740615486	6.28773684781204	0.0270722553991809	0.0320014122964128
2.978801701003	-1.66993351934915	-0.00165320470048303	-0.00210946713560805	6.31218149285589	0.0277073539692902	0.0329639886764219
2.988801701003	-1.60673890429047	-0.00137339119068962	-0.00177558424663927	6.32475525881139	0.0282364693175008	0.0337893019766788
2.998801701003	-1.54347824778537	-0.00108881149023976	-0.00143419433084611	6.32537982723748	0.0286678812305933	0.0344587102577009
3.008801701003	-1.48027105387582	-0.000800585785158145	-0.00108681876583872	6.31406345741794	0.0289753597402172	0.0349786944167013
3.018801701003	-1.41723649353776	-0.000509876105513633	-0.000735041207526591	6.29087481635229	0.0291544499140162	0.0353447281992509
3.028801701003	-1.35449271000357	-0.000217873131937699	-0.000380485243586803	6.25594123160019	0.029223740238121	0.0355405534774062
3.038801701003	-1.29215615328772	7.4241983622775e-05	-2.48075748657931e-05	6.2094643657828	0.0291862096363481	0.0355631263967284
3.048801701003	-1.2303409315168	0.000365309375658111	0.000330325732412031	6.1517156596794	0.0290315727926224	0.0354210613287319
3.058801701003	-1.16915820054239	0.00065419898068482	0.000683264328951568	6.0830288821145	0.0287426616000253	0.0351304084825961
3.068801701003	-1.1087155871346	0.000939785421484216	0.00103241897722449	6.00376763746172	0.0283536379599135	0.0346769552532066
3.078801701003	-1.04911670389108	0.00122099676514226	0.00137625740798269	5.91434734198375	0.0278898261995603	0.0340548049353468
3.088801701003	-0.99046072774531	0.00149686317213822	0.00171329786770245	5.81525737359233	0.0273059907154455	0.0333059153425772
3.098801701003	-0.932841995189641	0.00176645493499219	0.00204217123369247	5.70700214075307	0.0265977239054901	0.0324479873762024
3.108801701003	-0.876349692887881	0.00202887255206526	0.00236164652911759	5.59008120067699	0.0258286548276825	0.0314566054435355
3.118801701003	-0.821067663737156	0.00228332950645881	0.00267059340814473	5.46503861606908	0.0250090929398525	0.0303431514734453
3.128801701003	-0.767074233955247	0.00252912640556542	0.00296801132275875	5.33243324690632	0.024144546716461	0.0291231816936029
3.138801701003	-0.714442139615069	0.00276568911678667	0.00325301400856401	5.19285741419706	0.023181078369771	0.0278513220382113
3.148801701003	-0.663238453304735	0.00299246508629641	0.00352490209280004	5.04685224757476	0.0221731152349313	0.0265127346804818
3.158801701003	-0.613524669984466	0.00320902868234095	0.00378309762357493	4.89497855141282	0.021118748012151	0.0251289966429854
3.168801701003	-0.565356766394792	0.00341500880772543	0.00402719015562607	4.73775798789342	0.020074413728115	0.0236838564070945
3.178801701003	-0.518785396148352	0.00361019942013361	0.00425686198662966	4.57575058727681	0.0189785033736529	0.0222366943393355
3.188801701003	-0.473856011717956	0.00379441880671626	0.00447197285611968	4.40944832992636	0.017870882431242	0.0207807336018203
3.198801701003	-0.430609129354331	0.00396759518843595	0.00467249633244792	4.23933702861901	0.0167528429584007	0.019333123883447
3.208801701003	-0.389080562013211	0.00412971760286898	0.00485854109799195	4.06586012070891	0.0156588583881125	0.0178884902261289
3.218801701003	-0.349301721623893	0.00428088329572892	0.00503030828777487	3.88945485595352	0.0145744143761241	0.0164717621119967
3.228801701003	-0.311299894839685	0.00442124923453792	0.00518810931495211	3.71051884866709	0.013504489117389	0.0150938987697138
3.238801701003	-0.275098557925041	0.00455104099907985	0.00533234565049255	3.52941993311686	0.0124503464401166	0.013766762835917
3.248801701003	-0.2407176821716	0.00467052621376144	0.00546351072644337	3.34648071604904	0.0114416900981696	0.0124823297653284
3.258801701003	-0.208174071220918	0.00478005160792054	0.00558215035220363	3.16201079760146	0.0104675494831688	0.0112572205685951
3.268801701003	-0.177481659763135	0.00488000158950667	0.00568887358090705	2.97628167777754	0.00953096015416121	0.0100974395290333
3.278801701003	-0.148651827703133	0.00497080238537534	0.00578433424981532	2.78953574608573	0.0086312836453985	0.00900979053184708
3.288801701003	-0.121693691443726	0.00505289637309148	0.00586923201412058	2.60197362287394	0.00779359423856895	0.00798296629323214
3.298801701003	-0.0966144133619668	0.00512678052155774	0.00594427247670285	2.41378903743915	0.00699663177712445	0.00703405720146802
3.308801701003	-0.0734194537406332	0.0051929512658554	0.00601018829503998	2.22513478637403	0.0062490152227531	0.00615947613247979
3.318801701003	-0.0521128409930907	0.00525192239528594	0.00606771389816489	2.0361426059851	0.00555016004794927	0.00536023622176449
3.328801701003	-0.0326974063264231	0.005304203487849	0.0061175864778038	1.84691388247995	0.0049140163019414	0.00462672935728161
3.338801701003	-0.015175021097283	0.00535032331624934	0.0061605188336426	1.65754343860449	0.00432206326807903	0.0039691247553918
3.348801701003	0.000453215461932925	0.00539078772712841	0.00619721541146397	1.46809479264139	0.00378054063576531	0.00338055867693751
3.358801701003	0.0141867817030632	0.00542609432244466	0.00622835261292203	1.2786171270727	0.0032883172652228	0.00285794462017232
3.368801701003	0.0260255704355129	0.00545672276556137	0.0062545757498771	1.08914402639716	0.00284392948074817	0.00239752547179278
3.378801701003	0.0359697436703405	0.00548313027472849	0.00627649353830426	0.899695782375608	0.00244500469350086	0.00199533295501635
3.388801701003	0.0440196069572214	0.00550574887077628	0.0062946723215307	0.71028271807799	0.00208551702727584	0.001649039677747
3.398801701003	0.0501755076691596	0.00552497513838833	0.00630963591929557	0.520902711893183	0.00176548618674279	0.00135178407044268
3.408801701003	0.0544377473929576	0.00554117359029558	0.00632185746291737	0.331548482548682	0.00147973481991483	0.00109949116577156
3.418801701003	0.0568065197515356	0.00555466927044137	0.00633175885933826	0.142206665679269	0.00122424317683075	0.000886842085504559
3.428801701003	0.0572818660951253	0.00556574572367593	0.00633970743370567	-0.0471394092993134	0.000994558099017351	0.000708360602467168
3.438801701003	0.0558636522736299	0.00557464136477707	0.00634601418493499	-0.236508371651711	0.000787261408355653	0.00055752200902334
3.448801701003	0.0525515643077454	0.0055815488840308	0.00635093061673767	-0.42591745924494	0.00059714094781654	0.000428628088814243
3.458801701003	0.0473451251755135	0.00558661293955327	0.0063546471607228	-0.615380661155117	0.000417565863776618	0.000316613044149178
3.468801701003	0.0402437332262023	0.00558992508502115	0.00635729385236984	-0.80490912742923	0.000245732561331528	0.000213705335574235
3.478801701003	0.0312467169565111	0.00559152732402912	0.00635893587731597	-0.994505434298711	7.4741226130578e-05	0.00011458081540356
3.488801701003	0.020353414312089	0.005591406889605	0.00635957522066631	-1.18416455598626	-9.99306275180133e-05	1.22327777476771e-05
3.498801701003	0.00756326937406011	0.00558949767551201	0.00635914847536193	-1.37387016955466	-0.000283955652411883	-9.97073998822302e-05
3.508801701003	-0.00712404912572978	0.00558567885168628	0.00635752694419122	-1.56359329999696	-0.000482661768526667	-0.000227884069055779
3.518801701003	-0.0237085095880052	0.00557977519847601	0.00635451616298987	-1.75328998997533	-0.000701638112155416	-0.000378771713982994
3.528801701003	-0.0421895587979407	0.00557155720906571	0.00634985615407149	-1.94289946793597	-0.000946299363192346	-0.000558892905869796
3.538801701003	-0.062565943297312	0.00556074196320379	0.00634322185552469	-2.13234212467927	-0.00122191298584551	-0.000774729557357585
3.548801701003	-0.0848355111387357	0.00554699465379595	0.00633422389230151	-2.32151743925039	-0.00153382087215378	-0.00103249826727212
3.558801701003	-0.108994994276231	0.00552993025135011	0.00632241013292555	-2.51030229782119	-0.00188694592949527	-0.0013383750399327
3.568801701003	-0.135039772570075	0.00550911587407488	0.00630726778770994	-2.69854935664041	-0.00228538385892456	-0.00169865248840741
3.578801701003	-0.162963620590045	0.00548407430488484	0.0062882258934738	-2.88608519846256	-0.0027326795494195	-0.00211944251911817
3.588801701003	-0.192758438621332	0.00545428889854782	0.00626465815935617	-3.07270818037216	-0.00323307934671068	-0.00260573660964605
3.598801701003	-0.224413968641334	0.00541920798323829	0.00623588752461117	-3.25818744864473	-0.0037906765504176	-0.00316181188783418
3.608801701003	-0.257917498063403	0.00537825033611997	0.00620119152959741	-3.44226202886688	-0.00440888417264797	-0.0037914150758537
3.618801701003	-0.293253553600064	0.00533081139342377	0.00615980881981935	-3.6246403075383	-0.00508965773519374	-0.0044980986686357
3.628801701003	-0.330403588156266	0.00527627000438228	0.00611094698057215	-3.80500009953157	-0.00583215945724099	-0.00528591148909104
3.638801701003	-0.369345665320061	0.00521399798113247	0.00605379029051421	-3.98298767785641	-0.00663445955569391	-0.0061581293998979
3.648801701003	-0.410054145521948	0.00514337248773962	0.0059875073570535	-4.15821574920787	-0.00749842573203398	-0.00711393337108547
3.658801701003	-0.452499374683763	0.00506378318737404	0.00591126378205346	-4.33026632517532	-0.00842515264087713	-0.00815119609712094
3.668801701003	-0.496647383830662	0.00497464136536573	0.00582423508400057	-4.49869312578929	-0.00941254351290704	-0.00926789678340689
3.67472798177087	-0.523598775598299	0.00491707627084679	0.0057672419107733	-4.59660620034455	-0.0100232093026447	-0.00996705184440429
3.68472798177087	-0.594024083019762	0.0467633734189091	0.0028679260903673	-8.156191015137	5.60321087144297	0.991372154429845
3.69472798177087	-0.677116675639663	0.0970485625275262	0.0365174662690526	-8.53802838005084	4.65141850765085	5.51073197336262
3.70472798177087	-0.764936113777148	0.144920473576768	0.0963623428866418	-8.81610653025812	4.68532388215491	6.01789170560885
3.71472798177087	-0.851324321086474	0.188281658325064	0.152690551589578	-8.42482688345828	3.94693399940117	5.16532366931537
3.72472798177087	-0.933234630308277	0.22365971461688	0.199211927790207	-7.96385758252211	3.13927058551031	4.14671124708842
3.73472798177087	-1.01084036430323	0.251404044605604	0.236031889174035	-7.57265175145446	2.43179119111064	3.24169484723864
3.74472798177087	-1.08496271544954	0.272671310746007	0.264608984519671	-7.26621401330664	1.8427549103024	2.49912898719158
3.75472798177087	-1.1564260041664	0.28864769111474	0.286498266609745	-7.03799737245011	1.3699118637035	1.90166858711374
3.76472798177087	-1.22593317441332	0.300397524029758	0.303056965825549	-6.87281856397694	0.995128008236863	1.4289117822446
3.77472798177087	-1.29404842336385	0.308825589931372	0.315418452628957	-6.75730806709411	0.702529230255326	1.05922203767653
3.77694350349033	-1.30899693899575	0.310320600717157	0.317686763950836	-6.73771855421241	0.648437104502905	0.988405592769487
3.78694350349033	-1.35614151349891	0.280408042372571	0.329658832610186	-3.45703903661529	-4.9470183512979	0.226801838955747
3.79694350349033	-1.3890566087757	0.235223766260825	0.305925527252458	-3.06067919017184	-4.23848583968176	-4.80116729232376
3.80694350349033	-1.416247506175	0.189008916027272	0.25099091422221	-2.61425675048538	-4.71405492793269	-5.748533847735
3.81694350349033	-1.44440906508584	0.144788046142373	0.196021609996162	-3.09563460697595	-4.0381498426688	-5.11070699032085
3.82694350349033	-1.4787863574279	0.108904621252774	0.149993165023525	-3.7805529006815	-3.14313107604958	-4.0850248495071
3.83694350349033	-1.51973584593428	0.0814804429880923	0.114033641664979	-4.38833480601857	-2.37020485756624	-3.13626827734809
3.84694350349033	-1.56609582831321	0.0609047150546117	0.0866136334813118	-4.86131527967915	-1.77297913810084	-2.38067610842289
3.85694350349033	-1.6165483056294	0.0455127563437606	0.0658165286189913	-5.21068681511037	-1.32743511280947	-1.80589281967404
3.86694350349033	-1.66998136354844	0.0339745490678074	0.0500198686978928	-5.46109756105122	-0.997366859997978	-1.3735521272115
3.87694350349033	-1.72552013879377	0.025295066834117	0.0379810863588681	-5.63542655391501	-0.750533006162851	-1.04961273082592
3.88694350349033	-1.78248457305255	0.0187442486255771	0.0287693991628277	-5.74874808857644	-0.568222374169684	-0.804391307003483
3.89561130569912	-1.83259571459405	0.014364822559024	0.0225324919475367	-5.80848414930179	-0.44728410592599	-0.641316602446286
3.90561130569912	-1.86764604626046	-0.0303816996905337	0.0183083045206703	-2.58318578457514	-5.62270918985215	-1.82078372933496
3.91561130569912	-1.89251544915682	-0.0811362312465899	-0.0226892841774507	-2.26954727925926	-4.8842696871544	-5.88631905315311
3.92561130569912	-1.9145593969737	-0.130010407216507	-0.0839148113555289	-2.31619320905156	-4.68897983174984	-6.00352732001916
3.93561130569912	-1.9404967399595	-0.172997755588186	-0.139495887668903	-2.89345729993979	-3.88521016364105	-5.05609705107205
3.94561130569912	-1.97238882450442	-0.207784386718595	-0.184860674920438	-3.47055910037467	-3.08834355577705	-4.03514936504575
3.95561130569912	-2.00952080115287	-0.235204707468252	-0.220723877075107	-3.93507062024802	-2.41877192304659	-3.16751420907452
3.96561130569912	-2.05067734893156	-0.256621490947766	-0.248788622240051	-4.27638359074771	-1.88694020438987	-2.47213502524959
3.97561130569912	-2.09469834286927	-0.273316232242125	-0.270683844513916	-4.51107996201258	-1.47053790374078	-1.9290247613264
3.98561130569912	-2.14059984261341	-0.286355906075967	-0.287773281665669	-4.655914333574	-1.15146626606254	-1.50718858058803
3.99561130569912	-2.18757375078396	-0.296604334806941	-0.301147398269029	-4.72817917980264	-0.909280709952377	-1.18212091653587
4.00561130569912	-2.23496922721805	-0.304744053735211	-0.311666826016828	-4.74241158245512	-0.727257032189631	-0.933088582609362
4.01561130569912	-2.28226788570994	-0.311306497928831	-0.320004053418884	-4.71064762124053	-0.591736373177531	-0.743199647735868
4.02561130569912	-2.32906062194923	-0.316699486642452	-0.326680312773744	-4.64260709541391	-0.49192813844574	-0.598724316088254
4.03561130569912	-2.3750264666744	-0.321232843872562	-0.332095396928292	-4.54654153549858	-0.418298395517576	-0.489566692000194
4.04561130569912	-2.41991626770803	-0.325136237743398	-0.33655565478081	-4.42825626686892	-0.365095388152516	-0.406389387422842
4.05561130569912	-2.46353602762968	-0.32858088275273	-0.340291307265782	-4.29320439361247	-0.325912674985607	-0.343583171785927
4.06561130569912	-2.50573666265183	-0.331689571231881	-0.34347676737127	-4.14497520750225	-0.297379648156387	-0.29557414363186
4.07561130569912	-2.54640296649978	-0.334551017416649	-0.346241575180938	-3.98675956138735	-0.276076003027812	-0.258860718883298
4.08561130569912	-2.58544665504701	-0.337227098843939	-0.34868233881032	-3.8208375745378	-0.25988770396332	-0.230431038927025
4.09429826012934	-2.6179938779915	-0.339434509513707	-0.350595692864522	-3.67174165549541	-0.248960913501909	-0.210514983053566
4.10429826012934	-2.66816090521208	-0.317022347972489	-0.351987350098664	-6.36543493895473	4.74959787841976	-0.0652910824533742
4.11429826012934	-2.73380577558622	-0.269134223421371	-0.334599380763681	-6.5693759467827	4.40568177774581	3.83727287528198
4.12429826012934	-2.80084524665067	-0.224468647017581	-0.283297020200055	-6.79934415163735	4.6735934230166	5.65304350273507
4.13429826012934	-2.86665414880943	-0.179363909384537	-0.227913925554124	-6.26498827236705	4.22242970077613	5.259712208077
4.14429826012934	-2.92521947811548	-0.1411784625051	-0.179804374425005	-5.43889520723018	3.40618400668469	4.33109950896974
4.15429826012934	-2.97556138035897	-0.11105632026498	-0.141232594582749	-4.64747993997853	2.64296090370159	3.4026857434707
4.16429826012934	-3.01857150547354	-0.0877939094455303	-0.111201968881607	-3.97477259527189	2.03534043214842	2.63355451123622
4.17429826012934	-3.0554358506067	-0.0698654984759443	-0.0879927181706564	-3.41497515660839	1.57168623482389	2.03449494131318
4.18429826012934	-3.08716370043627	-0.0559941249833173	-0.0700422837627273	-2.94352323865284	1.21893756455916	1.57580941237693
4.19429826012934	-3.11452693908391	-0.0452111486912135	-0.0561193120001947	-2.53847117347649	0.949168811447649	1.22449980493881
4.20429826012934	-3.13810252058339	-0.0367956790000722	-0.045288808444072	-2.18375622177881	0.742752978697872	0.953344133406541
4.21429826012934	-3.15832430488719	-0.0302060042445725	-0.0368449355187443	-1.86636693079276	0.582668601953997	0.743848623372515
4.22429826012934	-3.17552076395433	-0.025032919075885	-0.0302502284420406	-1.57735310926619	0.457702500235846	0.581529058631859
4.23429826012934	-3.18994307029586	-0.020964047540862	-0.0250926346605452	-1.31037508776335	0.360186680093813	0.455159330927946
4.24429826012934	-3.20178500781301	-0.0177585089379845	-0.0210547418498202	-1.06047088072561	0.283948938034373	0.356526618633515
4.25429826012934	-3.21119683655558	-0.0152296192356125	-0.0178908685446859	-0.823805014847431	0.224178299601995	0.279443432138503
4.26429826012934	-3.218295467291	-0.013232148134446	-0.015410194783691	-0.597435827596419	0.177203110956028	0.219145202771167
4.27429826012934	-3.2231720630953	-0.0116527637883574	-0.01346414591479	-0.37910584515419	0.140236188035178	0.171923622470608
4.28429826012934	-3.22589785974689	-0.0104026420760852	-0.0119369280008615	-0.166960759667697	0.110911989449454	0.135037580014725
4.29429826012934	-3.22652831516445	-0.00941245983728964	-0.0107378759574524	0.0401963733377915	0.0879342012258351	0.106007251820687
4.30429826012934	-3.22510684023201	-0.00862740346163989	-0.00979630086126581	0.243551923147565	0.0697640118084112	0.0832427333529289
4.31429826012934	-3.22166715916273	-0.00800446233917092	-0.00905676483513414	0.443932911638788	0.0554245502460148	0.06535971564334
4.32429826012934	-3.21623548090415	-0.00750963964430826	-0.0084758619271558	0.642044704222372	0.0440330206948364	0.0513543443051938
4.33429826012934	-3.20883203738062	-0.00711615763856371	-0.0080194740107464	0.838378494092248	0.0350303877654641	0.040357362840996
4.34429826012934	-3.19947244177537	-0.00680277913430987	-0.00766081348142347	1.03334416160723	0.027919493729143	0.03172739875405
4.35429826012934	-3.18816870710775	-0.00655265913224259	-0.00737879134891086	1.22725280379135	0.022319408852488	0.0249572983888467
4.36429826012934	-3.17493010994548	-0.00635238479632283	-0.00715678197465749	1.42034730262519	0.0179119642900876	0.0196630364363883
4.37429826012934	-3.1597638928043	-0.00619125962042806	-0.00698163349310791	1.61279833853458	0.0144587251361725	0.0155372780739307
4.38429826012934	-3.14267587630151	-0.00606071173737567	-0.00684291250124399	1.80472248019248	0.0117677754369141	0.0123430963568073
4.39429826012934	-3.1236709831246	-0.00595384690006119	-0.00673230096076781	1.99618247816533	0.00969649422220286	0.00989052642710606
4.39449790510035	-3.1232720741176	-0.00595191484380819	-0.00673033047171459	2.00000000000108	0.00966139468473126	0.00984755098480029
