=========================== Parameters =====================================
l1 [m]	l2 [m]	l3 [m]	c1 [m]	c2 [m]	c3 [m]	m1 [kg]	m2 [kg]	m3 [kg]
0.22	0.22	0.2458	0.066	0.088	0.14748	0.1564	0.23764	0.1564
============================== Data ========================================
t [s]	th1 [rad]	th2 [rad]	th3 [rad]	th1d [rad/s]	th2d [rad/s]	th3d [rad/s]
0	0	0	0	0	0	0
0.01	-0.00186067939155332	0.00127074849170992	0.000608926441507935	-0.339160273210261	0.194691728524006	0.112729131413731
0.02	-0.00645171672604895	0.00338766780447711	0.00189571471121116	-0.570263122174879	0.215498831164677	0.134476838547367
0.03	-0.0131694252502791	0.00543582285916566	0.00318678001978931	-0.771018098588501	0.190755625116054	0.121074854368913
0.04	-0.0218532022649779	0.00717562136963946	0.00429213511506499	-0.965587131160931	0.157002394707161	0.0997719957533178
0.05	-0.0324859116679427	0.00858381132039848	0.00518591922390419	-1.16141944622717	0.125399242160204	0.0793730543084612
0.06	-0.0450919469050028	0.0096997677934503	0.00589099438865642	-1.36033961251046	0.0986833821616514	0.0621780800957761
0.07	-0.0597031686160167	0.0105743445319984	0.00644030813931063	-1.56238531279543	0.077008749639277	0.0482115687660298
0.08	-0.0763483416650686	0.0112543474271416	0.00686461112549546	-1.76703157362852	0.0596403148016496	0.0370757378206111
0.09	-0.0950503942331229	0.0117786927932829	0.00718956226177619	-1.97365655471065	0.045734927357768	0.0282674313797993
0.1	-0.11582619267279	0.0121784174744698	0.00743569018430069	-2.18168980286743	0.0346119101306431	0.0212255011506731
0.11	-0.138687030964855	0.0124779012534701	0.0076189348317006	-2.3905837556788	0.0256079578546206	0.015613083835092
0.12	-0.163639114230656	0.0126959818028145	0.00775162642457785	-2.5998580019234	0.0182472006276691	0.0110809379512059
0.13	-0.190683974686443	0.0128470945876668	0.00784316506348221	-2.80906481347179	0.0121530132313628	0.00734858179136971
0.14	-0.219818731372436	0.0129421946733496	0.00790061005133356	-3.01776684037423	0.0070025099030621	0.00422692285513542
0.15	-0.251036199746121	0.0129894584157454	0.007929205951312	-3.22553577914864	0.00254992119210268	0.00155432876601919
0.16	-0.284324894925613	0.0129948705873858	0.00793276367649153	-3.43193900829413	-0.00139685733538223	-0.000798833759166686
0.17	-0.319668940968917	0.0129626904911334	0.0079139647562094	-3.63652981439173	-0.00499207490059214	-0.00293022709236819
0.18	-0.357047905156405	0.0128958163088359	0.00787461434024331	-3.83884361183096	-0.00835158657660938	-0.00492268628658013
0.19	-0.396436583071714	0.0127960940531641	0.00781582281779013	-4.03838860488123	-0.0115758215859435	-0.00682641043094462
0.2	-0.437804738071447	0.0126645430567304	0.00773818605809103	-4.23465008592925	-0.0147292881865243	-0.0086960670712814
0.21	-0.481116826498102	0.0125015680754143	0.00764189674637663	-4.42708309267353	-0.0178643941396156	-0.0105667176805382
0.219407121691995	-0.523598775598299	0.0123195383070094	0.00753419589328543	-4.60409674690178	-0.0208396940300764	-0.0123378139666705
0.229407121691995	-0.576298905325632	0.0115989243551067	0.0406912367937121	-6.11567268677323	0.597858747817278	5.53463476282037
0.239407121691995	-0.650214790493898	0.0416934691048884	0.0911786913843244	-8.60518107532724	5.26458331126936	4.67344301280629
0.249407121691995	-0.740543210672444	0.0996457020789392	0.140891284648446	-9.18717618500452	5.89577137584381	5.00262435582918
0.259407121691995	-0.831126569402088	0.155291393734872	0.188018727090902	-8.86725024615536	5.13821545772702	4.35211537151931
0.269407121691995	-0.917404254207261	0.2016649153381	0.227424590943181	-8.38701293804011	4.13489454749955	3.530004128904
0.279407121691995	-0.999044011376398	0.238297065833139	0.258829949432178	-7.9543902703525	3.21367306110739	2.77011575765307
0.289407121691995	-1.07678743616306	0.266432685464521	0.283246014196861	-7.60947841360116	2.43993507453026	2.13290974773665
0.299407121691995	-1.1515140544565	0.287585771984818	0.301898149074002	-7.3488797598018	1.81422706557346	1.61632021784263
0.309407121691995	-1.22400106907383	0.303156052110478	0.315918824233835	-7.15883450494261	1.31923614364779	1.20479620163577
0.319407121691995	-1.29487851953711	0.314343779784297	0.326279213376247	-7.02454937055406	0.93411813370429	0.881798665212423
0.321420083807347	-1.30899693899575	0.316157731063998	0.32799679715927	-7.00309693477441	0.868275168784043	0.825852017909404
0.331420083807347	-1.37376060904752	0.324237583688318	0.304923240593215	-5.82305694088143	0.318832659447564	-4.7941226189563
0.341420083807347	-1.42025046017124	0.303758106786588	0.260422707694074	-3.45704988567813	-4.43197460123001	-4.10116069763647
0.351420083807347	-1.44931820547322	0.250735017058866	0.214857308122061	-2.64087865976065	-5.70502836544231	-4.77850132474546
0.361420083807347	-1.4766909623267	0.195222394120723	0.168707155438946	-2.94098289616752	-5.23750980243192	-4.33504329304896
0.371420083807347	-1.50929125041782	0.14768563283691	0.129319955299624	-3.59909713417684	-4.24242124668188	-3.52294686619095
0.381420083807347	-1.54864859456071	0.110305651660944	0.0981620736127156	-4.25769106767169	-3.25603546522093	-2.72783799141798
0.391420083807347	-1.59403433620926	0.0819495459295744	0.0742878181068305	-4.79659052781512	-2.44852036633652	-2.07311344000054
0.401420083807347	-1.64413366334737	0.0607016559768461	0.0561858366084215	-5.2021438959915	-1.83067021824579	-1.57048514328874
0.411420083807347	-1.69769219463034	0.0448055467680698	0.0424682632961365	-5.49240122626173	-1.37150825905743	-1.19136924533944
0.421420083807347	-1.75367675418417	0.0328735878913677	0.0320385840749616	-5.69112613100195	-1.03167486751987	-0.908795353778076
0.431420083807347	-1.8112731488125	0.0238678118918083	0.024066702339057	-5.81773470017026	-0.781600345354049	-0.696476162145401
0.435074926753769	-1.83259571459405	0.0211487408074333	0.0216397320315522	-5.84919494973387	-0.707648991211123	-0.632776231126228
0.445074926753769	-1.88541614821471	0.014987121965289	-0.0172074518945168	-4.48055629455134	-1.44774334493711	-5.72609049460306
0.455074926753769	-1.918538256915	-0.0227761357813417	-0.0693764134931553	-2.3029607899905	-5.69983477768033	-5.01355080625387
0.465074926753769	-1.9393391613237	-0.0829077382568685	-0.121134352469831	-2.08865523058028	-5.97541026538192	-5.08969472705644
0.475074926753769	-1.96268245295568	-0.138702322275993	-0.168558166954078	-2.62699005785892	-5.11083189027327	-4.34430650689671
0.485074926753769	-1.99212136459747	-0.184703646389123	-0.207756995765744	-3.25236885573999	-4.09826098625886	-3.50519894012331
0.495074926753769	-2.02738719449346	-0.221103396796938	-0.239019933607039	-3.77993546541079	-3.2078106829633	-2.77189724783047
0.505074926753769	-2.06727387047403	-0.249451709806154	-0.26362997624135	-4.17600058716381	-2.48912412283583	-2.1734571371692
0.515074926753769	-2.11050272479064	-0.271402414561368	-0.282915022505829	-4.45080900929733	-1.92560148634315	-1.70187896275357
0.525074926753769	-2.15594949187983	-0.288389648588511	-0.298024998635945	-4.62297281078113	-1.49147768616864	-1.33543786842642
0.535074926753769	-2.20268177381827	-0.301581613146557	-0.309898697386026	-4.71104575318769	-1.16198425911006	-1.05209648131791
0.545074926753769	-2.24994536991043	-0.311904522216819	-0.31928235395033	-4.73176633966981	-0.914320224867513	-0.834649661398643
0.555074926753769	-2.29713920628611	-0.320079259200564	-0.326761189666787	-4.69931622330139	-0.72917737929172	-0.669464716672884
0.565074926753769	-2.34378975388901	-0.326656760363924	-0.332791627074181	-4.62466186234119	-0.593190018269796	-0.542467494612249
0.575074926753769	-2.38952581909736	-0.33205620407136	-0.337720753799517	-4.51768253952247	-0.492176578383843	-0.447316023064607
0.585074926753769	-2.43405951827142	-0.336588147627886	-0.341815789979057	-4.38533650620348	-0.418102083026586	-0.374876485163439
0.595074926753769	-2.47716784464842	-0.340482237400077	-0.345277082752955	-4.23346995144789	-0.363512432108948	-0.319807610882321
0.605074926753769	-2.51867890436776	-0.343905162286944	-0.348254954180387	-4.06653249648389	-0.323112680996849	-0.277520735293039
0.615074926753769	-2.55846036954436	-0.346976625859339	-0.350860914332259	-3.88802094464666	-0.292767129557323	-0.244768999211251
0.625074926753769	-2.59641050174941	-0.349781321841584	-0.353177198154137	-3.70064524428709	-0.269370979463131	-0.21917156971135
0.630998416401414	-2.6179938779915	-0.351341742027166	-0.354437929264811	-3.58634579284043	-0.257830981947376	-0.206644861398842
0.640998416401414	-2.65544475710085	-0.35896416885775	-0.325462097384329	-4.0417165692699	-0.747264314329062	5.22083351224
0.650998416401414	-2.70341234295544	-0.348554845421155	-0.277369366683379	-5.56130553873242	2.87136181204511	4.34100436646135
0.660998416401414	-2.76584928417932	-0.303765559528806	-0.236343628656186	-6.66666683898694	5.46627139594352	4.25347344147264
0.670998416401414	-2.83195419681079	-0.248040366833805	-0.193251188491452	-6.41215019911791	5.45751067509762	4.21165860614733
0.680998416401414	-2.89241045239741	-0.197231861502572	-0.153981058126309	-5.63911219996721	4.64150407697288	3.59627071833363
0.690998416401414	-2.94447657524157	-0.15563715445483	-0.121637750304357	-4.77962307561812	3.6849667517975	2.87636839821789
0.700998416401414	-2.98828755353755	-0.123115552326638	-0.0961648667306906	-4.00151647577545	2.84768511364602	2.23775323394742
0.710998416401414	-3.02489631633147	-0.0981090418055756	-0.0764434806365146	-3.33944747230107	2.18268947031966	1.72652085056532
0.720998416401414	-3.05542228131504	-0.0789493284181851	-0.0612385264410906	-2.78135460328433	1.67272681895309	1.33152172736667
0.730998416401414	-3.08079635348057	-0.0642469281911502	-0.0495044751060586	-2.30524889716571	1.28518768554176	1.02918539990876
0.740998416401414	-3.10173519083869	-0.0529321016860104	-0.0404261025775201	-1.89139348458084	0.990927839187219	0.796955061738275
0.750998416401414	-3.11877879002358	-0.044198556777843	-0.0333849338049074	-1.52407568025658	0.765931233086171	0.618840578896227
0.760998416401414	-3.13233304668338	-0.0374409186801389	-0.0279117209312138	-1.19185295409957	0.593175121645583	0.481674088125921
0.770998416401414	-3.14270472144106	-0.0322020963924306	-0.0236494275649828	-0.88633421847232	0.460311907642074	0.37533024038875
0.780998416401414	-3.15012725932773	-0.0281343065982319	-0.0203255128447812	-0.601127802860289	0.357645870446068	0.292915917717063
0.790998416401414	-3.1547791641913	-0.0249718815369047	-0.0177302620904471	-0.331519292934173	0.278205168071927	0.228826329364349
0.800998416401414	-3.15679759106878	-0.0225106644151288	-0.0157020013016378	-0.073884563862573	0.216535738718818	0.179040626475508
0.810998416401414	-3.15628816933871	-0.0205934894730591	-0.0141152823330054	0.17445011227641	0.168800164111419	0.140062679133153
0.820998416401414	-3.15333255202663	-0.0190986210679164	-0.0128730203538481	0.41563067097578	0.131723258743718	0.109657173508293
0.830998416401414	-3.1479939370171	-0.0179317083115338	-0.0118996682673588	0.651301015894327	0.102801870613282	0.0860834266766118
0.840998416401414	-3.14032128979903	-0.0170196903093567	-0.0111360013928948	0.882615218436081	0.0804808858258833	0.0675001581663169
0.850998416401414	-3.13035282621632	-0.016305394782725	-0.0105361161043747	1.11057298518372	0.0631472136532124	0.0530327196107161
0.860998416401414	-3.11811848625927	-0.0157442586295655	-0.0100639693852485	1.33589765816042	0.0496729784940644	0.0418454340895501
0.870998416401414	-3.10364199078397	-0.0153014727840653	-0.00969114916520946	1.55908666457902	0.0393279729095361	0.0331017656045183
0.880998416401414	-3.0869425478882	-0.0149495873332732	-0.00939540381965423	1.78053385551442	0.0314189931785961	0.0263243427178411
0.890975194769605	-3.06808261694021	-0.0146675110189157	-0.00915964556211878	2.00000000000016	0.0254198415508555	0.0211564798604622
0.900975194769605	-3.04698829469344	-0.0144367785568066	-0.00896878827440148	2.21865259662476	0.020954772200621	0.0172003359932995
0.910975194769605	-3.02371372324039	-0.0142443263476491	-0.00881229640282326	2.43605467928623	0.0177204241952436	0.0142465526952878
0.920975194769605	-2.99827139148263	-0.0140790253009796	-0.00868118814339857	2.65219752879839	0.0154906346205027	0.0120957805851478
0.930975194769605	-2.9706742138199	-0.0139317789110006	-0.00856818311617066	2.86700546651675	0.0140841977349118	0.0106033421288829
0.940975194769605	-2.94093619174676	-0.0137950596079068	-0.00846730949869337	3.08033826875788	0.0133643083970873	0.00965400487206827
0.950975194769605	-2.90907302819599	-0.0136625452871181	-0.00837360829991813	3.29199570463209	0.0132279579133369	0.00915573735244758
0.960975194769605	-2.8751027063507	-0.0135288365826522	-0.00828291109517298	3.50172294762492	0.0135906560948749	0.00904402236977275
0.970975194769605	-2.8390460361399	-0.0133892556281729	-0.00819165191264844	3.7092090091898	0.0143946542027176	0.00925827285976486
0.980975194769605	-2.80092718448713	-0.0132396742680884	-0.00809675282999487	3.91409519136186	0.0155822904702863	0.00976725877354483
0.990975194769605	-2.76077417398827	-0.0130764220678512	-0.00799549300630316	4.11596696562283	0.0171276088026985	0.0105190561554083
1.00097519476961	-2.71861937822831	-0.0128961667094537	-0.00788548612663284	4.314372862579	0.0189752145955484	0.0115160058457085
1.01097519476961	-2.6744999676645	-0.0126959127237912	-0.00776455742888232	4.50880359896905	0.0211191401474488	0.0127047005310001
1.02097519476961	-2.62845835840643	-0.0124729170960892	-0.00763077713502753	4.69871754254739	0.0235226698737331	0.0140785614172973
1.03097519476961	-2.58054260339238	-0.012224709005108	-0.00748239166807689	4.88352863553603	0.0261712512134228	0.0156042383795415
1.04097519476961	-2.53080676826494	-0.0119490398834048	-0.0073178761033314	5.06263140351535	0.0289992257260462	0.0173165566239361
1.05097519476961	-2.47931121961234	-0.0116439862028369	-0.00713580538378696	5.23536430397016	0.0320340444286626	0.0191247950630384
1.06097519476961	-2.42612292049695	-0.0113078438863001	-0.00693501895052794	5.40106843267396	0.0352119474973677	0.021056508392954
1.07097519476961	-2.37131560082516	-0.0109392436082916	-0.00671450252582845	5.55905244094079	0.0385230002092843	0.023063752274374
1.08097519476961	-2.31496990178765	-0.010537110838403	-0.00647348274066558	5.70862740985386	0.0419158403642544	0.025149367915935
1.09097519476961	-2.25717341043804	-0.010100733372653	-0.00621138081037596	5.84909560188357	0.0453656347264891	0.0272765882465021
1.10097519476961	-2.19802063354271	-0.00962973931572299	-0.00592788349067104	5.97977846382021	0.0488079233219353	0.0294574039940922
1.11097519476961	-2.13761284152087	-0.00912420452665405	-0.00562283639656485	6.09998704067498	0.0522746638483028	0.0315723134556139
1.12097519476961	-2.07605789278814	-0.00858448991938765	-0.00529648818270296	6.20910900614205	0.0556259305059417	0.0337281761112197
1.13097519476961	-2.01346983602563	-0.00801150402813143	-0.00494915792336013	6.30650694663225	0.0589385899236482	0.035742462396465
1.14097519476961	-1.94996856807713	-0.00740642404005725	-0.00458160971557462	6.39165071877293	0.0620805036254098	0.0377109988344299
1.15097519476961	-1.88567926211593	-0.00677087592133516	-0.00419480195274958	6.46404503749269	0.064995673723562	0.0396302071694696
1.16097519476961	-1.82073175105036	-0.00610694752848473	-0.00378984341560319	6.52322615017188	0.0677468919518438	0.0413419371933135
1.17097519476961	-1.7552598931735	-0.00541696753850786	-0.00336824541322491	6.56885676662553	0.0702135159511212	0.0429369751560211
1.18097519476961	-1.68940075091356	-0.00470367442465789	-0.00293164005713472	6.60064570922	0.0723948568105614	0.0443529658562138
1.19097519476961	-1.62329379316684	-0.00397008747055586	-0.00248188115694817	6.61839373232863	0.0742699436123448	0.0455622412587392
1.20097519476961	-1.55708002656239	-0.00321946048554548	-0.00202102292350164	6.62199896532216	0.0757922775468101	0.0465799071211113
1.21097519476961	-1.4909010795996	-0.00245529185280857	-0.00155121376358028	6.61143389530065	0.0769776479983957	0.0473479321576103
1.22097519476961	-1.42489831749512	-0.00168118094824189	-0.00107478681601606	6.58678631893146	0.0777632809857433	0.0479231089047745
1.23097519476961	-1.35921189215212	-0.000900925745532992	-0.000594024753946307	6.54819189706918	0.0782377271459873	0.0481716681364236
1.24097519476961	-1.29397993235272	-0.000118210206752611	-0.000111467888687081	6.49594426787786	0.0782471391122535	0.0482930125121928
1.25097519476961	-1.22933759778793	0.00066309810854982	0.000370588901710254	6.43033643214277	0.0779304124028867	0.0481078299102172
1.26097519476961	-1.16541637676577	0.00143930660940487	0.000849723708037615	6.35178880212905	0.0772522022113329	0.0476787597922848
1.27097519476961	-1.10234332750209	0.0022068206300549	0.00132358930379802	6.26078638316129	0.0761952966600575	0.0470539240041079
1.28097519476961	-1.04024042473926	0.00296215299193295	0.0017899925359429	6.15785447949815	0.0748154064188581	0.0461932616453134
1.29097519476961	-0.979224036110437	0.00370207360001858	0.00224677876255093	6.04359692636676	0.0730758320548759	0.0451874616040226
1.30097519476961	-0.919404407377095	0.00442345683151563	0.00269210806385508	5.91860368169138	0.0711347437188105	0.0438748383648778
1.31097519476961	-0.860885384987336	0.00512360871722491	0.00312408241683565	5.78357077974546	0.0688931653787718	0.0424413472696085
1.32097519476961	-0.803764079234893	0.00580003907387396	0.00354109935403891	5.63917971983548	0.0663797192793436	0.0409077159129721
1.33097519476961	-0.748130709234904	0.0064505230842797	0.00394180877529127	5.48610650847943	0.0636854434083633	0.0392149412655685
1.34097519476961	-0.694068555538297	0.00707320775102803	0.00432499826817843	5.32505340599833	0.0608213527270656	0.0374125406001857
1.35097519476961	-0.641653953344535	0.00766655027302132	0.00468969025239425	5.15671022094304	0.057823304161756	0.0355179506347155
1.36097519476961	-0.590956388728948	0.00822933074684534	0.00503512921683646	4.98175134491169	0.054735336339391	0.0335376045750728
1.37097519476961	-0.542038678476768	0.00876070118619615	0.00536071023630269	4.80085183656144	0.0515298623569211	0.0315720722357671
1.38097519476961	-0.494957157232388	0.00926003769743563	0.00566615970027516	4.61462027891287	0.0483206067497749	0.02953195570094
1.39097519476961	-0.44976200831366	0.00972710353223431	0.00595129408579082	4.42367065790407	0.0450954649669571	0.0274923664964642
1.40097519476961	-0.406497557744225	0.0101619295121421	0.00621614701774634	4.22857302693498	0.0418742814927242	0.0254823949369345
1.41097519476961	-0.365202632416112	0.0105647959890711	0.00646095493777232	4.02985098069917	0.0387071118611506	0.0234868393560248
1.42097519476961	-0.325910959940512	0.0109362701722462	0.00668606393312169	3.82800541844922	0.0355841538488078	0.0215655251064779
1.43097519476961	-0.288651540414312	0.0112770860842599	0.00689204168127422	3.62347109573605	0.0325822836495228	0.0196580632396392
1.44097519476961	-0.253449089842761	0.0115882412730097	0.00707949819900283	3.41666955083944	0.0296790318958674	0.017831010840666
1.45097519476961	-0.220324426075504	0.011870885851113	0.00724918078654759	3.20797215404648	0.0268814422211755	0.0161063492471235
1.46097519476961	-0.189294875239421	0.0121262967231304	0.00740195472403528	2.99770129089495	0.0242243352991212	0.0144637434348777
1.47097519476961	-0.160374678355717	0.0123558851423744	0.00753873961142354	2.78614667696587	0.021717687822003	0.0129105592970661
1.48097519476961	-0.133575371841646	0.012561162160317	0.00766050239011843	2.57356351183046	0.0193586291875573	0.0114660171140542
1.49097519476961	-0.108906144391369	0.0127436839295399	0.00776827855830817	2.36016186411852	0.0171751401219227	0.0101032423947315
1.50097519476961	-0.0863741979115187	0.0129050839640323	0.00786307972229042	2.14613402368956	0.015138683286666	0.00886568843395646
1.51097519476961	-0.0659850494836716	0.0130469818707738	0.00794596782304457	1.93162743740366	0.0132668484619414	0.00773087784467393
1.52097519476961	-0.0477428392131058	0.0131710008329414	0.00801798750662764	1.7167648733169	0.0115623365096506	0.00669184331464218
1.53097519476961	-0.0316506000479553	0.0132787462482408	0.0080801531433946	1.50164704577731	0.0100133784585273	0.00575687768336497
1.54097519476961	-0.0177104960052498	0.0133717716519676	0.00813345587351075	1.28634908351499	0.00861588107123201	0.0049203979631095
1.55097519476961	-0.00592403770235297	0.0134515654785628	0.00817884614237684	1.07092549458094	0.00736623880743608	0.00417282338377434
1.56097519476961	0.00370772986263528	0.013519542854404	0.00821721270272793	0.855416685677364	0.00624887887150889	0.0035174546446722
1.57097519476961	0.0111840760084841	0.0135770131719555	0.00824939690961883	0.639844216261333	0.00526306905287996	0.00293512191903229
1.58097519476961	0.0165044512308491	0.0136251877687548	0.00827615665183725	0.4242229845553	0.00439088506620975	0.00242707827309731
1.59097519476961	0.0196683936469739	0.0136651535521253	0.00829817837324827	0.208557876944078	0.00361923346108476	0.00198598117562251
1.60097519476961	0.0206754601028074	0.0136978646035439	0.00831606782412196	-0.00715228925171938	0.00293651881356044	0.00160058046084511
1.61097519476961	0.0195251866530568	0.0137241354491791	0.00833034106572228	-0.222910644069339	0.00232869404503668	0.00126120943143178
1.62097519476961	0.0162170792968361	0.0137446329858486	0.00834141956309255	-0.438719249112698	0.00177916307229325	0.000960137327300053
1.63097519476961	0.0107506350884396	0.0137598667255197	0.00834962967685124	-0.654577306864437	0.00127295382649835	0.000686229905370983
1.64097519476961	0.00312539154438179	0.0137701846952569	0.00835519670034224	-0.870477360906196	0.00079391638207037	0.000428878380459699
1.65097519476961	-0.00665899395781035	0.0137757692209144	0.00835824105429289	-1.08640200584179	0.000323704613048265	0.000179553321872743
1.66097519476961	-0.0186026341746606	0.0137766305349513	0.00835877937576917	-1.3023220143612	-0.000154310572876998	-7.31978226259812e-05
1.67097519476961	-0.0327052733850435	0.0137726051084002	0.008356721389406	-1.51819288053002	-0.000656650983280671	-0.000341398241303791
1.68097519476961	-0.0489661192864901	0.0137633553379932	0.00835186716886545	-1.73395129596031	-0.00120161970293536	-0.000634902428326102
1.69097519476961	-0.067383644806669	0.013748367859969	0.00834390860658369	-1.94951281334258	-0.00180715227902365	-0.000964002865259208
1.70097519476961	-0.0879553612867084	0.0137269543263862	0.00833243026713674	-2.16476909939846	-0.00249025238330472	-0.00133989902562807
1.71097519476961	-0.110677563429737	0.0136982540334264	0.0083169107751048	-2.37958514747262	-0.00326681016183316	-0.00177462076901323
1.72097519476961	-0.135545047559084	0.0136612408221902	0.00829672191600057	-2.59379551143876	-0.0041551762058312	-0.00227591393418897
1.73097519476961	-0.162550802060266	0.013614726177055	0.00827113662424643	-2.80720323640814	-0.00517084333112983	-0.00285390489408399
1.74097519476961	-0.19168567419745	0.0135573674318027	0.008239334520604	-3.0195777419141	-0.00632541831785339	-0.00352201085502077
1.75097519476961	-0.222938016822775	0.0134876859303021	0.00820039904396914	-3.23064969745289	-0.00763688992427259	-0.00428277534048776
1.76097519476961	-0.256293311031621	0.0134040720272219	0.00815333737864454	-3.44011318021298	-0.00911562121630771	-0.00514594257982172
1.77097519476961	-0.291733775996855	0.013304804280673	0.00809708730415248	-3.6476233059571	-0.0107673739513268	-0.00612383916528227
1.78097519476961	-0.329237969175619	0.0131880797837651	0.00803051536275107	-3.85279081615262	-0.0126084696342542	-0.00721058008061844
1.79097519476961	-0.368780371167051	0.0130520188877361	0.00795245544506885	-4.0551898423293	-0.0146369473597028	-0.00841978251204811
1.80097519476961	-0.410330978967067	0.0128947071648668	0.00786170438512268	-4.254351422024	-0.0168553864159941	-0.00975356561289256
1.81097519476961	-0.453854900522503	0.0127142274456704	0.00775703708984458	-4.44976345704437	-0.0192737209387579	-0.0111981810065005
1.82097519476961	-0.499311953645238	0.0125086672136669	0.0076372604628814	-4.64088355157749	-0.0218699266535428	-0.0127757262680273
1.82615412332262	-0.523598775598299	0.0123917475320485	0.00756888936254041	-4.73798190415172	-0.023293255350188	-0.0136287518719339
1.83615412332262	-0.5776328603989	0.0116370988088526	0.0407144375970541	-6.24840585524378	0.593108893073549	5.5338829775592
1.84615412332262	-0.65286710446873	0.0416688442108606	0.0911904706166706	-8.73708226085659	5.25936908576572	4.66956819624904
1.85615412332262	-0.7445179776673	0.0995740749905484	0.140864893354815	-9.3194950567084	5.89132325682001	4.99793755148801
1.86615412332262	-0.836417736200852	0.15515959409857	0.187946820325673	-8.99771909950012	5.12914121928482	4.34939302299005
1.87615412332262	-0.923997348946768	0.201445412542942	0.227298058111556	-8.51686623282703	4.12630891758341	3.52206593090624
1.88615412332262	-1.00692546208916	0.237972111812295	0.258631868358055	-8.08256030630538	3.20248908488865	2.76221673466487
1.89615412332262	-1.08594320752084	0.26598935481457	0.282966880213851	-7.73599815904878	2.42697287955098	2.12549848854712
1.90615412332262	-1.16192971633875	0.287017568351233	0.3015353149471	-7.47427709682602	1.80215585124592	1.60730814884861
1.91615412332262	-1.23566210981431	0.302465273726957	0.315472012723659	-7.2828487006363	1.30811638723488	1.19541306897731
1.92615412332262	-1.30776923283318	0.313538619712883	0.325751982924727	-7.14679304081708	0.923653214691215	0.873491452971364
1.92632593076198	-1.30899693899585	0.313696815599994	0.325901637722554	-7.14485700775242	0.917882320356011	0.868658582096574
1.93632593076198	-1.37509530510102	0.322125783210701	0.30322771189142	-5.94834136944617	0.339435171816828	-4.75713716721052
1.94632593076198	-1.42276130639606	0.301731160989884	0.259038377360269	-3.57061316120531	-4.42540597621708	-4.08482720713445
1.95632593076198	-1.4530064903075	0.248880311121596	0.213593929820758	-2.76085511541694	-5.6830921117908	-4.76397725981813
1.96632593076198	-1.48158759633339	0.193610292613672	0.167605303594314	-3.06210350889546	-5.21165166163041	-4.31833686190608
1.97632593076198	-1.51538932672572	0.146325508773876	0.128388040906975	-3.71784798520096	-4.21853861407516	-3.505939921374
1.98632593076198	-1.55591732480167	0.109171667667272	0.0973860388384213	-4.37289888718849	-3.23497514522671	-2.7135976598224
1.99632593076198	-1.60243450495748	0.0810070530034229	0.0736437781862592	-4.90769176007808	-2.43111545955209	-2.06111759426222
2.00632593076198	-1.65362443253189	0.0599168633077107	0.0556507510106475	-5.30916380940155	-1.81650076612834	-1.56057992286086
2.01632593076198	-1.70823336706422	0.0441490367773804	0.0420220803965973	-5.5954763128388	-1.35994863157932	-1.18343406509113
2.02632593076198	-1.76522911891991	0.0323207808769868	0.0316640886736741	-5.79027808421031	-1.02250951392274	-0.902235279718768
2.03632593076198	-1.82379814689398	0.0233978276205416	0.0237499822690151	-5.91312603393166	-0.774119891313206	-0.691471174284174
2.0378120591374	-1.83259571459405	0.0222705164064749	0.0227421408459579	-5.92608513467329	-0.743799352271048	-0.664283317796166
2.0478120591374	-1.88615584461417	0.0156716505588781	-0.0163583012124489	-4.54961822550077	-1.50715031727089	-5.73224598259601
2.0578120591374	-1.91998241364855	-0.0226437053598861	-0.0686280196102426	-2.38602099403552	-5.72502982664115	-5.04089813904502
2.0678120591374	-1.94172003433191	-0.0828653750140714	-0.120541985107543	-2.19000803187704	-5.97245853998369	-5.09753645434558
2.0778120591374	-1.96611042905159	-0.138586140295301	-0.167986229649354	-2.73408920876182	-5.10011722580156	-4.34263650565835
2.0878120591374	-1.99663085264565	-0.18446385796896	-0.207153361335185	-3.36108782181574	-4.08497839953656	-3.50092163235561
2.0978120591374	-2.03298311702109	-0.220730383791159	-0.238368414368295	-3.8880913494795	-3.19539007766776	-2.76590633394972
2.1078120591374	-2.07394720985682	-0.248953628166793	-0.262927598415725	-4.2827448875236	-2.47825679065854	-2.16722029213991
2.1178120591374	-2.11823687211404	-0.270795992572909	-0.282164021993494	-4.55617300052887	-1.91480412018466	-1.69850982960814
2.1278120591374	-2.16472451315336	-0.287692022687528	-0.297234600672655	-4.7261144538051	-1.48278291676996	-1.33265787278953
2.1378120591374	-2.21247529997175	-0.300811484568553	-0.309078542988313	-4.81159457089823	-1.15615299951165	-1.04894728041443
2.1478120591374	-2.26073369122693	-0.311081445983003	-0.318440375204724	-4.83004689637673	-0.909984364389588	-0.832818733083391
2.1578120591374	-2.3088990390579	-0.319219841367812	-0.3259068683437	-4.79515705794926	-0.726870861347364	-0.667916218893809
2.1678120591374	-2.35649804086901	-0.325777014770485	-0.331931721933085	-4.71848576487545	-0.591544401871489	-0.542678105833052
2.1778120591374	-2.40316106244308	-0.331168159997939	-0.336863444037161	-4.6092375380961	-0.492242096207788	-0.44744787198714
2.1878120591374	-2.44860102645044	-0.335703263946407	-0.340965981715597	-4.47500550869791	-0.418814481497045	-0.375982359563917
2.1978120591374	-2.49259658325061	-0.339609037241845	-0.344439861158788	-4.32128669881739	-0.365052863694283	-0.321276124933445
2.2078120591374	-2.53497717140179	-0.343050723009539	-0.347433942186346	-4.15266872832828	-0.325218451215391	-0.279389238918111
2.2178120591374	-2.57561194737105	-0.346146306615326	-0.35005910425239	-3.97258215903039	-0.295423381162551	-0.246783855407819
2.2278120591374	-2.61440052902003	-0.348979370753789	-0.352396594654459	-3.78380643333662	-0.272337736910101	-0.221433047725048
2.22876403681856	-2.6179938779915	-0.349237786505352	-0.352606278504826	-3.76550894434067	-0.270242971384383	-0.219547135908855
2.23876403681856	-2.65733628483632	-0.356796339838506	-0.32376706267461	-4.2435695658037	-0.710227937032031	5.18785703133589
2.24876403681856	-2.70740885028944	-0.345838532300504	-0.276001193757497	-5.77992560971072	2.9428345567242	4.31029694021647
2.25876403681856	-2.77194857713619	-0.300561792865228	-0.235006505711218	-6.85332346618029	5.46575733117948	4.27017147111975
2.26876403681856	-2.83977125689746	-0.245052683680687	-0.191903173902089	-6.5731336263002	5.42180905265815	4.19904176379889
2.27876403681856	-2.90178090644942	-0.194678216339816	-0.152804721579076	-5.79102479398937	4.59384436686504	3.57633618932906
2.28876403681856	-2.95536492070813	-0.153546779654319	-0.120676763474692	-4.9317010347016	3.63955668456128	2.85640247551283
2.29876403681856	-3.00071481064759	-0.121438489650298	-0.0954018096982823	-4.15745695490967	2.81073508005929	2.21831809545866
2.30876403681856	-3.03890008790843	-0.0967735793164915	-0.0758473691782415	-3.49902497017009	2.15206432277342	1.71141040340333
2.31876403681856	-3.07103904721578	-0.0778901590998868	-0.0607760735743834	-2.94423254666679	1.64772739689846	1.32005342448769
2.32876403681856	-3.09805734383942	-0.0634097556444041	-0.0491467519589245	-2.47116313777393	1.26574651529842	1.01943943744084
2.33876403681856	-3.12066665871297	-0.0522715983382515	-0.0401514094071029	-2.05954937126127	0.975065251898268	0.789784599584687
2.34876403681856	-3.13940218348084	-0.0436790264750612	-0.0331749650228938	-1.69417702571197	0.753246151684231	0.613318275673865
2.35876403681856	-3.154666212459	-0.0370336518435578	-0.0277520058015529	-1.36365285229692	0.583292566441027	0.477123344107725
2.36876403681856	-3.16676277617359	-0.0318836355308561	-0.0235290788358513	-1.05945150723713	0.452276463361205	0.372074616186501
2.37876403681856	-3.17592287510234	-0.0278864283341967	-0.0202352235572066	-0.775495537905661	0.351512885259682	0.290113615059066
2.38876403681856	-3.18232335261249	-0.0247795543034758	-0.0176634175255657	-0.506854069080341	0.273221582737169	0.2268543454156
2.39876403681856	-3.18609973613558	-0.0223623702220199	-0.0156529646938958	-0.250119570668978	0.212669597311161	0.177431825720079
2.40876403681856	-3.18735643654253	-0.0204800198878319	-0.0140799571730673	-0.00254438359311175	0.165750464974873	0.138801357822033
2.41876403681856	-3.18617396484925	-0.0190128366386243	-0.0128483258481368	0.238004327433143	0.129241064101552	0.108734395345832
2.42876403681856	-3.18261440872965	-0.0178682778576895	-0.0118831990559646	0.473115126850573	0.100854012440257	0.0852650881519272
2.43876403681856	-3.17672570446794	-0.0169744977330942	-0.0111262581306541	0.704019712023161	0.0788029984617121	0.0669099266006351
2.44876403681856	-3.16854489386155	-0.0162755820720265	-0.0105319950991388	0.931673883260636	0.0616808322188517	0.0525610903541776
2.45876403681856	-3.15810065598685	-0.0157279281858078	-0.0100647915975396	1.15680463573483	0.0484135489898598	0.041344141456501
2.46876403681856	-3.14541532307405	-0.0152974019528162	-0.00969674308998524	1.37997140771994	0.0381344381198747	0.0326307584619496
2.47876403681856	-3.13050646649352	-0.0149572401668865	-0.00940584962921807	1.60157120339848	0.0302302535924151	0.025858798019676
2.48876403681856	-3.11338821647475	-0.0146863293843901	-0.00917474695330248	1.821885880616	0.0242234460560301	0.0205979234762846
2.49688507135339	-3.09786891665341	-0.0145055803088116	-0.00902150412222533	2.00000000000062	0.0204437559175818	0.0172589654335513
2.50688507135339	-3.07677600062421	-0.0143197599713464	-0.00886568265948831	2.21842194961639	0.0169069207125416	0.0140573356930021
2.51688507135339	-3.05350367182326	-0.014164065062386	-0.00873763301561472	2.43588381413868	0.0143834654403742	0.0116765097798838
2.52688507135339	-3.0280616045062	-0.0140293300564681	-0.00862992450643618	2.6523596319812	0.0126893195577258	0.00996561160848826
2.53688507135339	-3.00046005505037	-0.0139079877068435	-0.00853647856178246	2.86776068508126	0.0116837533522882	0.00880801112476243
2.54688507135339	-2.97071046537655	-0.0137936964232748	-0.00845225429240235	3.08193782438648	0.0112655076094827	0.0081055440342794
2.55688507135339	-2.93882603730241	-0.0136810375271031	-0.00837302699498426	3.29469024427702	0.0113444608205745	0.00779975365104398
2.56688507135339	-2.9048222721561	-0.0135653179718757	-0.00829517276853091	3.50575736753087	0.011870869776212	0.0078200210951036
2.57688507135339	-2.86871750791759	-0.0134423742165502	-0.00821556735315664	3.71483356433062	0.0127847704048001	0.00814057104078277
2.58688507135339	-2.83053342627981	-0.013308474119985	-0.0081314467225082	3.92155867840175	0.0140497515179411	0.00872734080391858
2.59688507135339	-2.79029555388915	-0.0131602272310926	-0.00804033011277307	4.1255200544487	0.0156475440924789	0.00953859603369951
2.60688507135339	-2.7480337542807	-0.0129945047421726	-0.0079399893182863	4.32626273368012	0.0175455491116748	0.0105628217408134
2.61688507135339	-2.70378269251018	-0.0128084157489092	-0.00782839082517117	4.52328521097223	0.0197164060355428	0.0117884220226233
2.62688507135339	-2.65758227865844	-0.0125992979337831	-0.0077036571913477	4.71603733452908	0.0221523663946044	0.0131811582310009
2.63688507135339	-2.60947809661831	-0.012364675918182	-0.00756410227743677	4.90393938108539	0.0248086479089665	0.0147567387089091
2.64688507135339	-2.55952177059633	-0.0121023247537801	-0.00740815121758889	5.08636087767723	0.0276897285303139	0.0164638798490006
2.65688507135339	-2.50777132089633	-0.0118102286841791	-0.00723441856971798	5.26264998286766	0.0307629669931712	0.0182975540108942
2.66688507135339	-2.45429144669649	-0.0114866192010534	-0.00704169510040374	5.43213184254725	0.0339834439871071	0.0202647791772134
2.67688507135339	-2.39915374209066	-0.0111300371940785	-0.00682891202025101	5.59409913511256	0.0373493228739421	0.0223102509690586
2.68688507135339	-2.34243686948177	-0.0107393022325016	-0.00659523393728738	5.74784509277759	0.0408127508392301	0.0244345238884122
2.69688507135339	-2.28422662617486	-0.0103135802105052	-0.00634002238329765	5.89265435310092	0.0443404845721255	0.0266134397524413
2.70688507135339	-2.22461593738609	-0.00985240497878463	-0.00606285802017844	6.02781394264823	0.0479072092053843	0.0288074332473773
2.71688507135339	-2.1637047676134	-0.00935565715277738	-0.00576361394475555	6.15264213316305	0.0514289110665294	0.0310509025335321
2.72688507135339	-2.10159988869872	-0.00882369546110949	-0.00544231713663213	6.26644876281876	0.0549362048432192	0.0332227133659488
2.73688507135339	-2.03841462320374	-0.00825721594475897	-0.00509936013097873	6.36861223366761	0.0583426876736138	0.0353555859497921
2.74688507135339	-1.97426841240508	-0.00765735896478943	-0.00473536936230421	6.45854479324354	0.0616018064416837	0.0374289261902713
2.75688507135339	-1.90928631371599	-0.00702570462408538	-0.00435120644777909	6.53570289916889	0.0647059470440581	0.039371635477553
2.76688507135339	-1.84359842667329	-0.00636417427171197	-0.0039480780498847	6.59963449289039	0.0675551864172797	0.0412383324274925
2.77688507135339	-1.77733915725088	-0.00567517657887645	-0.00352730391167688	6.64991464211242	0.0702113343161075	0.0428731169415764
2.78688507135339	-1.71064652145787	-0.00496133371628586	-0.00309062716920344	6.68626042440815	0.0725246721104588	0.0444075877131374
2.79688507135339	-1.64366123616948	-0.00422570769550005	-0.00263984443725463	6.70842213248874	0.0745338614795406	0.0457303867145185
2.80688507135339	-1.57652587854105	-0.00347159991249235	-0.00217699008845418	6.71625696059016	0.0762256934557673	0.046807977390703
2.81688507135339	-1.50938396428727	-0.00270250249473175	-0.00170430741235917	6.70973211081046	0.0775342536119194	0.0476867584233434
2.82688507135339	-1.44237897604664	-0.00192215544119618	-0.00122407031785988	6.68887792630856	0.0785074735131524	0.0482722926089622
2.83688507135339	-1.37565348337544	-0.00113428223951169	-0.000738826639986393	6.65387878964824	0.0789880110441829	0.0487541904829718
2.84688507135339	-1.30934811594465	-0.000342898313953886	-0.000250876418131417	6.60491070654263	0.0791686763542426	0.0488675793600405
2.85688507135339	-1.24360079543293	0.000448154983427568	0.000237220147275642	6.54231640782846	0.0789679071721816	0.0487236065916433
2.86688507135339	-1.17854584510599	0.00123506707781162	0.000722942776114911	6.46651259208321	0.0783312355869023	0.0484081346814945
2.87688507135339	-1.1143131958082	0.00201401386869348	0.00120397479797644	6.37794025813082	0.077378027718209	0.0477859895792887
2.88688507135339	-1.05102776560894	0.00278143670347833	0.00167792984289536	6.27715710804581	0.0760501206560366	0.0469674750861967
2.89688507135339	-0.98880880813	0.00353389622610872	0.00214263530519306	6.1647447952601	0.0744013410255237	0.0459223648081094
2.90688507135339	-0.927769448423116	0.00426823691167888	0.00259599230379337	6.04135395604858	0.0724057909422637	0.0447337961639254
2.91688507135339	-0.868016240780119	0.0049814707757002	0.00303619791055688	5.90762838749134	0.0701853966128518	0.0432944694959553
2.92688507135339	-0.809648930852871	0.00567100911234296	0.00346149246262559	5.76428428989651	0.0676981117183573	0.041720102188601
2.93688507135339	-0.752760215259579	0.00633452676342015	0.00387038329154236	5.61203143693888	0.0649766818733385	0.0400306383785023
2.94688507135339	-0.697435645886296	0.0069699832157775	0.0042616474454174	5.45156619390932	0.0621191519402716	0.0381616401814679
2.95688507135339	-0.643753671794243	0.00757579541969567	0.00463412043307982	5.28363428953867	0.0590390641354158	0.036295318891682
2.96688507135339	-0.591785637133459	0.00815055617652072	0.00498707775636072	5.10889780147745	0.0558993493443644	0.034282332970502
2.97688507135339	-0.541596025935823	0.00869333988027736	0.00531982406586688	4.9280627880218	0.0526429297823518	0.0322650227775468
2.98688507135339	-0.493242619476608	0.00920346574893294	0.00563199400392219	4.74177235308563	0.0493425188929374	0.0302112089123171
2.99688507135339	-0.446776803254087	0.00968057817341167	0.00592342191910362	4.55064167583202	0.0460602285682717	0.0281000572367828
3.00688507135339	-0.402243912094294	0.0101246916936823	0.00619405063943573	4.35528029294896	0.0427550458973668	0.0260443904608008
3.01688507135339	-0.359683550336952	0.0105360162388709	0.00644412576296341	4.15622056023886	0.039520041532496	0.0239745657686579
3.02688507135339	-0.319130033737973	0.010915106422968	0.00667395300437116	3.95399032572512	0.036321294032338	0.0219852093532637
3.03688507135339	-0.280612760653064	0.0112626967929423	0.00688406904249663	3.74904980538425	0.033212132189039	0.0200498719030509
3.04688507135339	-0.244156655829672	0.0115797507837705	0.00707512458689931	3.54182366560332	0.0302190126496545	0.0181725435981776
3.05688507135339	-0.209782597504008	0.0118674386726528	0.00724785975279985	3.332703186104	0.027333911468296	0.0163976075036718
3.06688507135339	-0.177507821367044	0.0121270451815022	0.00740317192300103	3.1220184718888	0.0246130325136689	0.0146784811852946
3.07688507135339	-0.147346364192345	0.0123600452261508	0.00754195956345246	2.91008497495384	0.02201891201164	0.0130876551769127
3.08688507135339	-0.119309432232586	0.0125679649104931	0.00766525253842688	2.697156199435	0.0195903621029115	0.0115907550053614
3.09688507135339	-0.0934058053117498	0.0127524279233138	0.00777409700594817	2.48345777008974	0.017330711899284	0.0101953596903291
3.10688507135339	-0.0696421948419248	0.012915114249581	0.00786955901214539	2.2691829422423	0.0152311793924559	0.00892013927474156
3.11688507135339	-0.0480235746372026	0.0130577060189981	0.00795274767522793	2.05448218036888	0.0133156775072444	0.00773552531669633
3.12688507135339	-0.0285535108091822	0.0131819190262063	0.00802472717330212	1.83948986278074	0.0115571081138538	0.00667534855985118
3.13688507135339	-0.0112344319418077	0.0132894205769174	0.0080865831511561	1.62430061339366	0.00996930337084549	0.00571486665697807
3.14688507135339	0.00393209908080486	0.0133818510607791	0.00813935431851629	1.40899049182097	0.0085432661313623	0.00485590260715918
3.15688507135339	0.0169451576610251	0.0134607915352202	0.00818403924753099	1.19361385123118	0.00726824827651499	0.00409914042620482
3.16688507135339	0.0278042573681169	0.0135277385863865	0.00822159678304009	0.978202702763421	0.00614423849994629	0.0034278427805252
3.17688507135339	0.036509171028577	0.0135841085868986	0.00825291055501915	0.762778279242526	0.00515208875230469	0.00284790270265898
3.18688507135339	0.0430597930475262	0.0136312021503377	0.0082788095517637	0.547344479337011	0.00428668784947701	0.00234401976919872
3.19688507135339	0.0474560202736602	0.0136702078541747	0.00830003935654518	0.331897880540013	0.00353251196848512	0.0019125016900591
3.20688507135339	0.0496976695231053	0.0137021821743671	0.00831726774791732	0.116426720864147	0.00287753263237789	0.00154302712611323
3.21688507135339	0.0497844208443691	0.0137280435072798	0.00833107407278233	-0.0990845093006784	0.00230760303449954	0.00122635327952551
3.22688507135339	0.047715791267214	0.0137485637084203	0.00834194423276072	-0.314652083818643	0.00180643404785095	0.00095456999667404
3.23688507135339	0.0434911387597337	0.0137643581027166	0.0083502698452108	-0.530291209772986	0.00135958381721309	0.000715997958563747
3.24688507135339	0.0371096941648387	0.013775881835159	0.00835634094669317	-0.746011864488725	0.000950352134741036	0.000500842301988399
3.25688507135339	0.0285706235899655	0.0137834241544554	0.00836034332420428	-0.961815963568047	0.000560328042418204	0.000300649212988685
3.26688507135339	0.0178731212480415	0.0137871008912457	0.00836236009144936	-1.17769573884633	0.000174174247318949	0.00010212310278441
3.27688507135339	0.00501652988817988	0.0137868553657684	0.00836236386842192	-1.39362884134591	-0.000226957423262199	-0.000103927999489328
3.28688507135339	-0.00999950683352021	0.0137824527330096	0.00836021961804333	-1.60957677006694	-0.00066043527878213	-0.000329033377831482
3.29688507135339	-0.0271748635659497	0.013773479965816	0.00835568204296078	-1.82548132222424	-0.00114406145908959	-0.000584297594446162
3.30688507135339	-0.0465087224538131	0.0137593454471935	0.00834839579504391	-2.04126177515649	-0.00169551035974152	-0.000880904381551294
3.31688507135339	-0.0679993333802217	0.0137392808944697	0.00833789517418484	-2.25681169564302	-0.00233319948332445	-0.0012286808900321
3.32688507135339	-0.091643744732912	0.01371234198123	0.00832360854039151	-2.471997083594	-0.00307274418364888	-0.00164049602797113
3.33688507135339	-0.117437508169142	0.0136774169471837	0.00830485550117106	-2.68665190879611	-0.00393282011261829	-0.00212409750843456
3.34688507135339	-0.145374354571345	0.0136332293477939	0.00828085579356925	-2.90057726165008	-0.00492893756816573	-0.00268997518067218
3.35688507135339	-0.175445846376667	0.0135783473216556	0.00825073394700403	-3.11353886504233	-0.00607356558140822	-0.0033507257600191
3.36688507135339	-0.207641008750422	0.0135112004993641	0.0082135187675207	-3.32526263113446	-0.00738390459787245	-0.00411018982412975
3.37688507135339	-0.241945937304773	0.0134300869834712	0.00816816151592242	-3.53543613703889	-0.00887014982197932	-0.00497848374283139
3.38688507135339	-0.27834339246923	0.0133331935190162	0.00811354257949109	-3.74370607782055	-0.0105390707945278	-0.00596661774901301
3.39688507135339	-0.316812383663891	0.0132186252093886	0.0080484718431827	-3.94967344867371	-0.0124070922111714	-0.00706844021179745
3.40688507135339	-0.35732773849047	0.0130844106786487	0.007971728374346	-4.15290152817541	-0.0144707472580208	-0.00829925874473771
3.41688507135339	-0.399859681492868	0.0129285475747953	0.00788205329619213	-4.35290834628603	-0.0167332859157828	-0.00965977426992362
3.42688507135339	-0.444373413324063	0.012749033148393	0.00777816913990815	-4.54916787810957	-0.0192034334326337	-0.0111370772168266
3.43688507135339	-0.490828696791787	0.0125438759776195	0.00765883057130896	-4.74112167459298	-0.0218606323448994	-0.0127502757906524
3.4437045249912	-0.5235987755983	0.0123882845804125	0.00756794526918539	-4.86924513039872	-0.0237858330066624	-0.0139128036033016
3.4537045249912	-0.578941080382704	0.0116201293319185	0.0407121674664423	-6.3787107042034	0.590884007118698	5.53358353674537
3.4637045249912	-0.655468510744155	0.0416122965259785	0.091182512531123	-8.86607621160747	5.25595935486654	4.66564135015536
3.4737045249912	-0.748408326729233	0.0994792146088909	0.140821423829195	-9.44785520047328	5.88601539369633	4.99526511642224
3.4837045249912	-0.841586954507503	0.155005124237922	0.187863177185471	-9.12540671280146	5.1236326839407	4.34234965981065
3.4937045249912	-0.930431767679313	0.201209014804928	0.227155607425021	-8.64243478029258	4.11625777136261	3.51639705082799
3.5037045249912	-1.01460995032402	0.237631724556284	0.258418931556478	-8.20666564890626	3.19066217520317	2.75549400509256
3.5137045249912	-1.09486334829082	0.265531039639258	0.282675645193236	-7.85912615745493	2.41568988775256	2.11618328173421
3.5237045249912	-1.17207211840791	0.286438170370462	0.301159224908247	-7.59571232020269	1.78974932071382	1.59918150304539
3.5337045249912	-1.24701229885325	0.301766514889497	0.315012208022709	-7.40267919140287	1.29580620877236	1.18814005220763
3.54214910570314	-1.30899693899595	0.311266279491794	0.323832714469675	-7.28358453857756	0.966412224792285	0.910439860283122
3.55214910570314	-1.3764056337031	0.320054268797905	0.301519666547895	-6.0713679443047	0.361492107949505	-4.72440607475197
3.56214910570314	-1.42522001578474	0.299735976882643	0.257638417073506	-3.68168659051408	-4.41926475403369	-4.0685239177301
3.57214910570314	-1.45661837999143	0.247052535325942	0.212318363150136	-2.87849185413272	-5.66155282479905	-4.74905000253823
3.58214910570314	-1.4863849355944	0.19202157141745	0.166495170252804	-3.18104522939407	-5.18586807391521	-4.30160540434312
3.59214910570314	-1.52136602089685	0.144986168708183	0.127450466768179	-3.83438920775297	-4.19499345778617	-3.48858120449578
3.60214910570314	-1.56304302840066	0.108055967548355	0.096606573889751	-4.48597352597033	-3.2141254717171	-2.69919600621996
3.61214910570314	-1.61067051471747	0.0800807269290193	0.0729978880047464	-5.01670885467506	-2.41389262131303	-2.04900644646384
3.62214910570314	-1.6629304195054	0.059146425777786	0.055114948221858	-5.41413972487881	-1.80252592092153	-1.55054337823437
3.63214910570314	-1.7185696451143	0.0435052521254473	0.0415760905999414	-5.69657889035093	-1.34850272244471	-1.17547080829419
3.64214910570314	-1.7765570785462	0.0317793886430714	0.0312903394523584	-5.88749113715169	-1.01352824961767	-0.895544465131363
3.65156878312554	-1.83259571459422	0.0233871931273598	0.0238351273760139	-6.00124015591661	-0.779712034103506	-0.696165122960074
3.66156878312554	-1.88687697215503	0.0163496689848657	-0.0155178122850488	-4.6167643283094	-1.56684597997277	-5.73820507316904
3.67156878312554	-1.92138942705408	-0.0225188015235733	-0.0678885024526457	-2.46748550460456	-5.74965008691413	-5.06879540527122
3.68156878312554	-1.94404657705834	-0.0828288956864408	-0.119958885207819	-2.28935828406442	-5.97031134624941	-5.10415943037485
3.69156878312554	-1.96946628699514	-0.13847601625127	-0.167422026093107	-2.83948091293669	-5.08915990271468	-4.34117942210597
3.70156878312554	-2.00105057708166	-0.184229546226373	-0.206557328454631	-3.4679934021489	-4.07179519414374	-3.49643891471104
3.71156878312554	-2.03847135076502	-0.220363064710641	-0.237723625254821	-3.99460385750615	-3.18247480700071	-2.76053361814862
3.72156878312554	-2.08049495307245	-0.248461435328384	-0.262231330624284	-4.38796583257529	-2.46649788109734	-2.1621552845514
3.73156878312554	-2.12582796894215	-0.270194396302556	-0.281420322912572	-4.65961219429799	-1.90454293671683	-1.69439486564224
3.74156878312554	-2.17333908650975	-0.286998554115603	-0.296452179920849	-4.82710424871506	-1.47547940814941	-1.32796946475747
3.75156878312554	-2.22209063877249	-0.300046900650288	-0.30826417483914	-4.91060874760514	-1.14969021633275	-1.04661653449339
3.76156878312554	-2.27132698670613	-0.31026335614627	-0.317604470964638	-4.92667878074827	-0.905538272132683	-0.831080887662158
3.77156878312554	-2.32044724846975	-0.318365437435741	-0.325057905245152	-4.8895169440535	-0.724031135984657	-0.667013177254432
3.78156878312554	-2.3689789518031	-0.324901059465578	-0.331077917941684	-4.81056535461456	-0.590447684806167	-0.542036479149727
3.79156878312554	-2.41655325707436	-0.33028428215113	-0.336010543053189	-4.69946605374426	-0.491618388367847	-0.448387781232365
3.80156878312554	-2.46288486947367	-0.334821371949873	-0.340120744695084	-4.56322211931081	-0.419488136609579	-0.376984632056281
3.81156878312554	-2.5077535853854	-0.33873805405756	-0.343606582919399	-4.40773510320057	-0.366502412212904	-0.322688441389208
3.82156878312554	-2.55099043719885	-0.342197412747713	-0.346616446570847	-4.23745066081047	-0.327439900146969	-0.280897976990898
3.83156878312554	-2.59246593805169	-0.345316333955962	-0.3492597632219	-4.05596618612222	-0.297859569456847	-0.24887839360863
3.8379572524945	-2.6179938779915	-0.347169385892286	-0.350794989414395	-3.93536065437655	-0.282737429514574	-0.232077733950169
3.8479572524945	-2.65912768270706	-0.354690414595078	-0.322051862941866	-4.43537299066865	-0.675915609431594	5.15888199564173
3.8579572524945	-2.7112106264686	-0.343187942105129	-0.27461221414864	-5.98904744280392	3.01379075634866	4.27958473786769
3.8679572524945	-2.7777489382025	-0.297448839018984	-0.233645248046514	-7.02996648129236	5.46415196768142	4.28480563303514
3.8779572524945	-2.84719732053932	-0.24215416000334	-0.190548028151438	-6.72485684804872	5.38476521241336	4.18844881494443
3.8879572524945	-2.91067674213262	-0.192204194884996	-0.151622715361172	-5.93529478069251	4.54899842486995	3.55441395052432
3.8979572524945	-2.96569949934631	-0.151520929342943	-0.11970992619619	-5.07642261349194	3.59736500343668	2.83425306299656
3.9079572524945	-3.01251047930144	-0.1198096590296	-0.0946342043969951	-4.30523579110689	2.77402918215453	2.20047699299999
3.9179572524945	-3.05219343988696	-0.0954743857414169	-0.0752452762967955	-3.65045551015253	2.12170487441916	1.69750638923623
3.9279572524945	-3.08586562632088	-0.0768587878167649	-0.0603050393181272	-3.09948476714046	1.62478081840986	1.30707624208494
3.9379572524945	-3.11444866905444	-0.0625913690797	-0.0487815757930254	-2.628891734751	1.24634021126294	1.01060633392021
3.9479572524945	-3.13864830280863	-0.0516241888662887	-0.0398683404045348	-2.21973635497048	0.95986938739606	0.782477308681531
3.9579572524945	-3.15899576055902	-0.043167829104517	-0.0329562748444897	-1.85641316849345	0.74140890818189	0.607260645708853
3.9679572524945	-3.17589006861535	-0.0366303087442583	-0.0275841246276383	-1.52744625417266	0.573527829164524	0.472891055713026
3.9779572524945	-3.18963235551096	-0.0315662370960815	-0.0234000758554501	-1.22479719861087	0.444876632901883	0.36836175291106
3.9879572524945	-3.2004518519882	-0.0276365739094464	-0.0201367658534647	-0.942026511821088	0.345425766795851	0.287576878282641
3.9979572524945	-3.20852360503131	-0.0245831633437991	-0.0175881414376813	-0.674544599791039	0.268522966009053	0.224787681185841
4.0079572524945	-3.21398196225982	-0.0222080148464684	-0.0155954529378275	-0.418835483157546	0.209021206670994	0.175791454259915
4.0179572524945	-3.21693031297547	-0.0203586425128651	-0.0140361101207391	-0.172146526944093	0.162779568807949	0.13767963785779
4.0279572524945	-3.21744822435965	-0.0189175613173125	-0.0128147963771415	0.0675579892125498	0.126913246059281	0.107847120976476
4.0379572524945	-3.21559700592544	-0.0177937467032718	-0.0118576113897191	0.301910108550393	0.0990003318494028	0.0845667691385017
4.0479572524945	-3.21142379494804	-0.0169167007817667	-0.0111068946310201	0.532137830115877	0.0772990221618312	0.066344376663469
4.0579572524945	-3.20496479392641	-0.0162316106008349	-0.0105176869924391	0.75920295428141	0.0604268206863162	0.0520785544826424
4.0679572524945	-3.19624776087936	-0.0156957375406505	-0.0100548806882514	0.98386315328879	0.0472616764566625	0.0409905565771829
4.0779572524945	-3.1852939191339	-0.0152758167381068	-0.00969078927522035	1.2066426327705	0.0371303215339454	0.0322203570050425
4.0879572524945	-3.17211961000074	-0.0149456079735967	-0.00940386111786531	1.42800389169547	0.0292742374625753	0.0254197016968865
4.0979572524945	-3.15673748220221	-0.0146845146457934	-0.00917700232849399	1.64825609670939	0.0232144079910455	0.0201769213882361
4.1079572524945	-3.13915754991493	-0.0144762673775875	-0.00899660573967062	1.86759226383036	0.0186549946717229	0.0160757325678301
4.11401094935845	-3.12745078904247	-0.0143702377940137	-0.00890537067705084	2	0.0164514207246399	0.0141073416464369
