=========================== Parameters =====================================
l1 [m]	l2 [m]	l3 [m]	c1 [m]	c2 [m]	c3 [m]	m1 [kg]	m2 [kg]	m3 [kg]
0.22	0.22	0.2458	0.022	0.11	0.19664	0.1564	0.23764	0.1564
============================== Data ========================================
t [s]	th1 [rad]	th2 [rad]	th3 [rad]	th1d [rad/s]	th2d [rad/s]	th3d [rad/s]
0	0	0	0	0	0	0
0.01	-0.0016436860671857	0.000929587412305505	0.000665960811013605	-0.303004939500634	0.146059902397207	0.118790892225199
0.02	-0.00578345018633223	0.00256302695145668	0.00204189316517773	-0.51677877370782	0.170119479632344	0.146362549402098
0.03	-0.0118823295650656	0.00420963898078324	0.00346819476623124	-0.700301798653835	0.15567500442259	0.135745194751022
0.04	-0.0197628658663952	0.00564392553139827	0.00472005019227383	-0.875290495566966	0.130515827768125	0.114014657478276
0.05	-0.0293874197120553	0.00681941359593104	0.0057469730306227	-1.04992030375016	0.105052262332283	0.0915482654860601
0.06	-0.0407687572565348	0.00775418559765049	0.00656196469929057	-1.22686862381161	0.0826816193629116	0.0718602987473224
0.07	-0.0539340776045886	0.00848491694752594	0.00719699100746039	-1.40669126608736	0.0641769776943414	0.0556414771537348
0.08	-0.0689112578559278	0.00904948205695701	0.00768586249378397	-1.5891565011546	0.0493309927238452	0.0425905399123124
0.09	-0.085724136050858	0.00948118286516079	0.00805831769566465	-1.7737354403522	0.0374855485763791	0.0322836441103121
0.1	-0.104391242247699	0.00980726289619856	0.00833881959218494	-1.95990340491239	0.0280786242861122	0.0241488038928527
0.11	-0.124925892603071	0.0100493324924755	0.00854671995366871	-2.14716178072674	0.0205949519272333	0.0176994395108829
0.12	-0.14733662594682	0.0102242071598207	0.00869700782312006	-2.33505288377915	0.0145886230713889	0.0125529608652596
0.13	-0.171627661345925	0.0103447899081087	0.00880113046519967	-2.52316007019578	0.00969538432072088	0.0084087319866125
0.14	-0.197799260847424	0.0104208517898903	0.00886773161908946	-2.71110379059854	0.00564267594134492	0.0050129690887086
0.15	-0.22584797956445	0.0104597024316696	0.00890324145277023	-2.89852328894023	0.00221756960518171	0.0021654956193218
0.16	-0.25576679824908	0.0104667236260521	0.00891235724215908	-3.08506449235802	-0.000749405260090724	-0.0002869266423218
0.17	-0.287545156999426	0.0104457905791297	0.00889842674146996	-3.27037157041202	-0.00339291812313677	-0.00246091264237562
0.18	-0.321168909052084	0.0103996027169523	0.00886375251379516	-3.45408157150787	-0.00581575073008728	-0.00444876712208018
0.19	-0.356620214322708	0.0103299495354132	0.00880982748079209	-3.63581811587059	-0.0080976967927091	-0.00632125478039433
0.2	-0.393877385898374	0.0102379204384529	0.0087375227341855	-3.81518758528605	-0.010299929965957	-0.00813234501160555
0.21	-0.432914703641027	0.0101240728631308	0.00864723698840645	-3.99177651195896	-0.0124684805761037	-0.00992274192678663
0.22	-0.473702206829149	0.00998856827278468	0.00853901665243828	-4.16515004633143	-0.0146370172270745	-0.0117224761134023
0.23	-0.516205476516756	0.00983128321641248	0.00841265364216854	-4.33485152009843	-0.0168287775957461	-0.0135531058894046
0.231699965801443	-0.523598775598299	0.00980235858582348	0.00838934261104134	-4.36330096070573	-0.0172047565136394	-0.0138686051868227
0.241699965801443	-0.576961573034943	0.0198678430720807	0.022228090289184	-6.30157996441225	2.01584208431537	2.78588391911485
0.251699965801443	-0.649604274674581	0.0504490733906984	0.0631619623560776	-8.36570490565413	4.59050145159186	4.77580286057889
0.261699965801443	-0.739181785827192	0.10374741668254	0.114889019219438	-9.20877091867225	5.53488633913353	5.38746364741313
0.271699965801443	-0.830460211051561	0.15688572341863	0.16668938272588	-8.96015624301069	4.97772448795209	4.87051626738879
0.281699965801443	-0.917583830692478	0.2022928858134	0.211224103419993	-8.45215605462362	4.08775426741718	4.02199493589553
0.291699965801443	-0.999545295022821	0.23872639269141	0.247167086411618	-7.95009940728229	3.21319600152147	3.18082276224397
0.301699965801443	-1.07685549748995	0.266949357445032	0.275205334529018	-7.5268006862485	2.45300268324597	2.44780483793184
0.311699965801443	-1.15037964660073	0.288229120622226	0.296544336243493	-7.19225383279779	1.82418644405352	1.84116139510168
0.321699965801443	-1.2209707219005	0.303850586550837	0.312417694816314	-6.93870975964301	1.32064819229736	1.3508125430998
0.331699965801443	-1.28937078796712	0.314977919833015	0.323932453369516	-6.75167673824111	0.922140828274967	0.967304809282347
0.334616324162834	-1.30899693899575	0.317524188111765	0.326611404689669	-6.70793884315313	0.823852063983005	0.872696439960548
0.344616324162834	-1.36708174686328	0.31323698555678	0.324327755017613	-4.90809563458259	-1.6439505265415	-1.38565397642465
0.354616324162834	-1.40698065707238	0.285138733535131	0.297740821741974	-3.07506390101966	-3.9101916908304	-4.0387823411259
0.364616324162834	-1.43138489488094	0.238185109963704	0.2490628935853	-2.04754492901337	-5.19779395237806	-5.30047287135545
0.374616324162834	-1.45182936517117	0.186278234519969	0.196418924556625	-2.17676962015449	-5.00696193866894	-5.07548879849839
0.384616324162834	-1.47657508891874	0.140079793523697	0.149600935769396	-2.8169336570882	-4.17575772645533	-4.24428770118309
0.394616324162834	-1.50846054436011	0.103079384964187	0.11185994514692	-3.55512263509981	-3.23206792452985	-3.31297304941683
0.404616324162834	-1.54735374853046	0.0750017103137715	0.0829366465723833	-4.20149588670387	-2.41127401280185	-2.50016076959684
0.414616324162834	-1.5920045939315	0.0542347798611378	0.0612871780362127	-4.70537157325857	-1.76963624358503	-1.86069158106758
0.424616324162834	-1.64100139430973	0.0390333422187413	0.0452214222827187	-5.0743760815466	-1.29239306595549	-1.37925087264645
0.434616324162834	-1.69311563784379	0.0279295228178462	0.033308441387006	-5.33281527969751	-0.945262760491553	-1.02347414556637
0.444616324162834	-1.74736856515707	0.0197978418495927	0.0244448963457984	-5.50536792324038	-0.694414956451166	-0.763163616352606
0.454616324162834	-1.80300368497996	0.0138089164648705	0.0178109025163931	-5.61195955669152	-0.513501198379038	-0.573324827557993
0.459872001958642	-1.83259571459405	0.0113100454021926	0.0150084801379194	-5.64679804655376	-0.439652900401562	-0.495148737018173
0.469872001958642	-1.88035465435496	-0.00258626630160645	-0.00378368157500434	-3.90994938315171	-2.32740115626052	-3.26446652916908
0.479872001958642	-1.91051246970479	-0.0365529211849449	-0.0481422086361563	-1.97904645758155	-4.99507689553856	-4.90480277617514
0.489872001958642	-1.92647960491178	-0.0912790368056538	-0.101106994691086	-1.48859336382325	-5.5789558418747	-5.40742976684621
0.499872001958642	-1.94329179025384	-0.144306591871519	-0.152599865291783	-1.94671936292386	-4.93402671261017	-4.79972738020853
0.509872001958642	-1.96602939465762	-0.189157782069004	-0.196310368812867	-2.60397352997264	-4.03090089123926	-3.93499287495763
0.519872001958642	-1.99517888153043	-0.225115666777791	-0.231500084414219	-3.20840611040325	-3.18007234285247	-3.12179273877621
0.529872001958642	-2.0297836081537	-0.253233348830233	-0.259172418876126	-3.69105604692121	-2.4675232945195	-2.43620426319003
0.539872001958642	-2.06857785199274	-0.27493969094459	-0.280680478075637	-4.0477286972367	-1.89600453684738	-1.88735646864202
0.549872001958642	-2.11035735297515	-0.291586787762326	-0.297304499565743	-4.29120768616544	-1.45152257089448	-1.45696190186858
0.559872001958642	-2.15408085821394	-0.304333609472306	-0.310135735520779	-4.43899394962345	-1.11407726407154	-1.12361710122354
0.569872001958642	-2.19888467245279	-0.3141326408634	-0.320061974565428	-4.51000605113509	-0.858845043707728	-0.872805968609605
0.579872001958642	-2.2440730468995	-0.321736498868146	-0.327796674626981	-4.51854136134663	-0.671559679091932	-0.683470884358187
0.589872001958642	-2.28909339342871	-0.32773378437409	-0.333894216854656	-4.47842948006185	-0.535163966406967	-0.543273515828043
0.599872001958642	-2.33351489991186	-0.33257122781989	-0.338782372005605	-4.40039739140879	-0.437768472746505	-0.439789284943331
0.609872001958642	-2.37700542272998	-0.336582921023297	-0.342783649260375	-4.29349819093059	-0.36866678772442	-0.364367149825594
0.619872001958642	-2.41931211920194	-0.340012447404801	-0.346138618375745	-4.16461483773825	-0.320321486539554	-0.309310836663795
0.629872001958642	-2.46024389201369	-0.343034690575813	-0.349022796771113	-4.01936019998293	-0.286175364520042	-0.269579199039969
0.639872001958642	-2.49965771133286	-0.345771237554986	-0.351563589037792	-3.86166395182166	-0.26242518409168	-0.240151533038481
0.649872001958642	-2.53744661600744	-0.348305718230708	-0.353850682795985	-3.69480261611303	-0.245379642764551	-0.218300147448585
0.659872001958642	-2.5735310866289	-0.350693372804312	-0.355946884942396	-3.52114572246398	-0.232636907162825	-0.201749467021194
0.669872001958642	-2.60785207993779	-0.352969323569856	-0.357895366336624	-3.34241849605227	-0.222626941753907	-0.188722969942153
0.672931688707984	-2.61799387799149	-0.353646786043326	-0.358466919589821	-3.28687113887949	-0.220103576077782	-0.185048599967801
0.682931688707984	-2.65519689203708	-0.351370517123184	-0.347236209152408	-4.15548255116879	0.688288000923475	2.41814436864674
0.692931688707984	-2.70132924650698	-0.339248188887821	-0.310570968837789	-5.16615329893437	2.03596410315627	4.57173667412089
0.702931688707984	-2.76140109021742	-0.301004907958814	-0.267610688419727	-6.63007608591984	5.08480529029503	4.40122230651118
0.712931688707984	-2.82843782162616	-0.24780099075471	-0.221170461049305	-6.61553447570289	5.33968958994405	4.69920866400499
0.722931688707984	-2.89152805087624	-0.197109719921272	-0.176255934630106	-5.93719355032064	4.71189199627822	4.20297402082033
0.732931688707984	-2.94652793904329	-0.154414743839751	-0.138003199420903	-5.05434315072988	3.81607427344374	3.43310734902688
0.742931688707984	-2.99273949649998	-0.12062287972298	-0.107524598412297	-4.20437927977545	2.96508176441324	2.67578725867238
0.752931688707984	-3.03099339600731	-0.0946414386659056	-0.0840283285425246	-3.46792732657071	2.26008895119496	2.04528540068498
0.762931688707984	-3.06250597169773	-0.0748892208561719	-0.0661601987553143	-2.85349399961713	1.71486139010863	1.55018014334605
0.772931688707984	-3.08840254899384	-0.0599056678173224	-0.0526272350831578	-2.34084880038956	1.30133645119944	1.17395009303168
0.782931688707984	-3.10958563870886	-0.0485220354143365	-0.0423730333963329	-1.90709766528374	0.989984416864958	0.890442969395615
0.792931688707984	-3.1267420886054	-0.0398491828232707	-0.034587183903883	-1.53265810810198	0.755513856081746	0.6768415995185
0.802931688707984	-3.14038544522657	-0.0332221090067113	-0.0286616700427266	-1.20234660748815	0.578120137822743	0.515735703872404
0.812931688707984	-3.15089853558582	-0.0281449930086316	-0.0241422508231214	-0.904993174342882	0.443406530892352	0.393791869519067
0.822931688707984	-3.15856772274078	-0.0242467357820846	-0.0206890502492313	-0.63237793775301	0.340787670273543	0.301142706610496
0.832931688707984	-3.16360830608516	-0.0212480644756927	-0.0180467525090131	-0.378398081076017	0.262350928418126	0.230593125125899
0.842931688707984	-3.16618291261712	-0.0189378044434287	-0.0160225987507419	-0.138544371259646	0.202298873749703	0.176710693065835
0.852931688707984	-3.16641490769323	-0.017155466958549	-0.0144705438955671	0.0905781112603225	0.156236947327387	0.135492152995887
0.862931688707984	-3.16439820780526	-0.015778507680143	-0.0132796643700815	0.311598524020289	0.120641321175434	0.104150390871027
0.872931688707984	-3.16020433662843	-0.0147135119228628	-0.0123649935298623	0.526301065338127	0.0934544862455089	0.079951136578828
0.882931688707984	-3.15388810816183	-0.0138884103198313	-0.01166196675939	0.736248713869246	0.0724856131568579	0.0614706622427596
0.892931688707984	-3.14549149036907	-0.01324790875499	-0.0111209483814045	0.942535384767839	0.0563357599953283	0.0473482571654506
0.902931688707984	-3.13504678787458	-0.0127493428125315	-0.0107038281011577	1.14598871653193	0.0439303978534131	0.0365544992586992
0.912931688707984	-3.12257904126165	-0.0123596920224296	-0.0103812827396945	1.3472340220196	0.0344290640754785	0.0283240441406101
0.922931688707984	-3.10810789328631	-0.0120533202457591	-0.0101306836755368	1.5467348035643	0.0271782546868795	0.0220836146219524
0.932931688707984	-3.09164905998089	-0.011810260062638	-0.00993449410209193	1.74481774110187	0.0216909752955186	0.0173819349463171
0.942931688707984	-3.07321551968632	-0.0116148738240521	-0.0097790735930653	1.94170602090239	0.0175869029968392	0.0138823976047142
0.945903043316991	-3.0673593954511	-0.0115641161144851	-0.0097391097682538	2	0.0165898675694582	0.0130338519676279
0.955903043316991	-3.04638092566678	-0.0114126122055675	-0.00962101557380865	2.19552806333604	0.013858914851443	0.0107186672005996
0.965903043316991	-3.02345215273698	-0.0112841855553816	-0.00952244793139904	2.39006191020078	0.0119451483589787	0.00910190144082346
0.975903043316991	-2.99858307169771	-0.0111714892993874	-0.00943713372143929	2.58358137836805	0.0106905275963595	0.00804771589503786
0.985903043316991	-2.97178416218568	-0.0110685489428652	-0.00935999981693163	2.77601127975489	0.00997516222855537	0.00745232878665633
0.995903043316991	-2.9430669078741	-0.0109704404192966	-0.00928687916726565	2.96722501550506	0.00971259148383407	0.00723197435970742
1.00590304331699	-2.91244427745309	-0.0108730328754141	-0.00921429919258036	3.15705366658627	0.00982675787087391	0.00733361679159564
1.01590304331699	-2.87993116716898	-0.0107728123637869	-0.00913930221242773	3.34528221912092	0.0102660270993495	0.00771027875561646
1.02590304331699	-2.84554482483249	-0.0106667367784393	-0.00905932360239027	3.53165376542839	0.010992778210024	0.00832387398841845
1.03590304331699	-2.80930525586925	-0.0105521245156628	-0.00897210541197247	3.71587485639022	0.0119693875195347	0.00915349231518454
1.04590304331699	-2.77123560777437	-0.0104265872984745	-0.00887561946087133	3.89761195486491	0.0131709644083593	0.0101773505307289
1.05590304331699	-2.73136254205697	-0.0102879757509468	-0.00876802066001423	4.07649341224415	0.0145822492969873	0.0113721559011371
1.06590304331699	-2.68971659317599	-0.0101343314668369	-0.0086476278466792	4.25211795372266	0.0161760552233251	0.0127323667737813
1.07590304331699	-2.64633249929545	-0.00996388007592084	-0.00851288920397054	4.42404828100912	0.017937237819675	0.0142430161470586
1.08590304331699	-2.60124951641814	-0.0097750176562728	-0.00836237576323001	4.59181497212153	0.0198574296228519	0.0158832895188351
1.09590304331699	-2.55451170965332	-0.00956629378592158	-0.00819479484537336	4.75492750532106	0.0219101772628684	0.0176507979776344
1.10590304331699	-2.50616820118499	-0.00933643514005	-0.00800897407724643	4.9128666182738	0.0240834325506859	0.0195269040409645
1.11590304331699	-2.45627339240149	-0.00908433949034857	-0.00780388517063867	5.06509646217234	0.0263549384912748	0.0215014151605018
1.12590304331699	-2.40488713441169	-0.0088090981544947	-0.00757864445478064	5.21106306185929	0.0287102871137381	0.0235534270389656
1.13590304331699	-2.35207485665504	-0.00850999921185688	-0.00733253686701593	5.35020509874191	0.031126129898446	0.0256684526219049
1.14590304331699	-2.29790763618966	-0.00818654524604184	-0.0070650261061397	5.4819573143993	0.0335771233821305	0.0278312322590485
1.15590304331699	-2.2424622057198	-0.00783847461341923	-0.00677576017050222	5.60575203607209	0.0360500559930915	0.0300113208459821
1.16590304331699	-2.18582090717957	-0.00746575120387759	-0.00646460660477637	5.72103788358503	0.0385081459438031	0.0322003843931518
1.17590304331699	-2.12807156244409	-0.00706859545190545	-0.00613164050339656	5.82727419063655	0.0409286997200817	0.034373792902515
1.18590304331699	-2.06930728077505	-0.00664748976859266	-0.00577715293501712	5.92393817247423	0.0433034541025036	0.0364909321055978
1.19590304331699	-2.00962620644815	-0.00620314381528519	-0.00540169371691067	6.01055258480188	0.0455780926241056	0.0385585149738817
1.20590304331699	-1.94913116473522	-0.00573654457814674	-0.00500601843893905	6.08666328362313	0.0477406886643837	0.0405399629012752
1.21590304331699	-1.88792926173713	-0.00524893139585873	-0.00459110450835868	6.151856221846	0.0497918850147072	0.042387116192278
1.22590304331699	-1.82613142920466	-0.00474173308669362	-0.0041581976114276	6.2057928232361	0.05165899658502	0.0441299332408254
1.23590304331699	-1.76385186043946	-0.00421664384333844	-0.00370870601790553	6.24816436964205	0.0533494426805858	0.045718681653768
1.24590304331699	-1.70120743861642	-0.00367555733007058	-0.00324423331827531	6.27872305677592	0.0548734626884086	0.0471046422245761
1.25590304331699	-1.63831712394479	-0.00312048504574913	-0.00276661996819484	6.2973189842004	0.0561463361461766	0.0483419169950191
1.26590304331699	-1.57530124380434	-0.0025536555244267	-0.00227779134603607	6.30383280755986	0.0571981471862142	0.0493711190370175
1.27590304331699	-1.51228082666577	-0.00197740852476634	-0.00177981249510964	6.29822111941213	0.0580443248591498	0.0501537059648745
1.28590304331699	-1.44937691395032	-0.00139411620069086	-0.0012749109558271	6.28054452365386	0.0586040588071702	0.0507566704051625
1.29590304331699	-1.38670981033477	-0.000806286004451323	-0.000765309059933951	6.25089181350379	0.058924403857649	0.0511210052511274
1.30590304331699	-1.32439842382259	-0.000216431879832269	-0.000253294595472341	6.20943296831364	0.0590170451054833	0.0512305443177202
1.31590304331699	-1.26255960292111	0.000372974151497254	0.000258791523228663	6.15642601578916	0.0588289431199385	0.0511422338779685
1.32590304331699	-1.20130746961796	0.000959432210878189	0.000768688359419068	6.09215694273426	0.0584091256422763	0.0508134674742348
1.33590304331699	-1.14075286148946	0.00154053340511756	0.00127415043726069	6.01698547336487	0.0577573076685726	0.050258299018379
1.34590304331699	-1.08100278667452	0.00211395399795079	0.00177300850859943	5.93132107135518	0.0568778870219681	0.0494912026654536
1.35590304331699	-1.02215995135266	0.00267748067695598	0.0022631936721496	5.83561706695375	0.0557780300476298	0.0485285648633799
1.36590304331699	-0.964322349523722	0.00322901989597498	0.00274277275943972	5.73035682697699	0.0544880611814949	0.0473670523667423
1.37590304331699	-0.907582938225469	0.0037666489930425	0.00320993479159514	5.61606469403388	0.0530072395619648	0.0460390833288978
1.38590304331699	-0.85202936325061	0.00428859927182485	0.00366304166798649	5.49328024353147	0.0513584709907196	0.0445556309237736
1.39590304331699	-0.797743773087047	0.0047932828574966	0.00410062725720651	5.36255890379871	0.0495647033190348	0.0429299902198732
1.40590304331699	-0.744802702200572	0.00527931141118579	0.00452139849096201	5.22446992867117	0.0476338644396134	0.041192710128051
1.41590304331699	-0.693277012721342	0.00574548277278884	0.00492426323675751	5.07957839249753	0.0455924426707721	0.0393562408862152
1.42590304331699	-0.643231911748678	0.00619079911448975	0.00530831938204755	4.92844700608231	0.0434614321478132	0.0374391961091691
1.43590304331699	-0.594727020260141	0.006614460413688	0.0056728634801203	4.77162619901329	0.0412688798260527	0.0354527998764983
1.44590304331699	-0.547816504016087	0.0070158817713494	0.00601736913948339	4.60965971759708	0.0390180734456436	0.0334332385609373
1.45590304331699	-0.502549234565617	0.00739465875284569	0.00634151394621646	4.44306306873919	0.0367385660802237	0.0313884064717352
1.46590304331699	-0.458969007717132	0.00775058223748863	0.00664515049928177	4.27233174257792	0.0344505416541638	0.0293343048417488
1.47590304331699	-0.417114788297522	0.00808363023568845	0.00692829706063991	4.09793832137469	0.0321643020183338	0.027295179548485
1.48590304331699	-0.377020977050378	0.0083939443400917	0.00719114043499806	3.9203226315328	0.0299024444227964	0.0252802542317109
1.49590304331699	-0.338717706458234	0.00868183029440791	0.00743401085602134	3.73989695004414	0.0276790871700451	0.0233049315958829
1.50590304331699	-0.302231145027936	0.00894773998968538	0.00765737356571196	3.55704209048046	0.0255080158320327	0.0213821491090711
1.51590304331699	-0.267583811953853	0.00919225746511826	0.00786181432536985	3.37210685930022	0.0234024069901238	0.0195224995934609
1.52590304331699	-0.234794895934441	0.00941608574018158	0.00804802268883733	3.18540890117835	0.0213718714060101	0.0177371776059547
1.53590304331699	-0.203880572646977	0.00962003185097907	0.00821677627952426	2.99723526059948	0.0194216330979483	0.0160387681266131
1.54590304331699	-0.174854315030751	0.00980498474728751	0.00836893208577936	2.80783946682037	0.0175631875354667	0.0144302123635508
1.55590304331699	-0.147727197596193	0.00997190011517956	0.00850541067668061	2.61744287032721	0.015813261870203	0.0129059118127648
1.56590304331699	-0.122508193103638	0.0101217960566949	0.00862716967126255	2.42624227690401	0.0141748305484976	0.0114714249251565
1.57590304331699	-0.0992044515364713	0.0102557370104783	0.00873519019434713	2.23441101810276	0.012638348118583	0.0101422902423267
1.58590304331699	-0.0778215593066581	0.0103748058191865	0.00883047670183372	2.04209327677451	0.0112036112694869	0.00892154445155792
1.59590304331699	-0.0583637861329805	0.0104800909373038	0.00891404249887522	1.84940673182306	0.00987727273891333	0.00780243805410881
1.60590304331699	-0.0408343154574888	0.0105726802415765	0.00898688996310379	1.65644863186914	0.00866047307218705	0.0067813849502827
1.61590304331699	-0.0252354526540639	0.010653647200188	0.00905000032962875	1.46329721947652	0.00755056583104576	0.00585634915406234
1.62590304331699	-0.0115688129972591	0.0107240373715867	0.00910432487385939	1.27001293418219	0.0065436789776485	0.0050243727469873
1.63590304331699	0.000164510499995719	0.0107848570422671	0.00915077565934236	1.07664037496089	0.0056351364736255	0.00428131821685174
1.64590304331699	0.0099638000435981	0.0108370630207195	0.0091902168668729	0.883210448254523	0.00481940610370227	0.00362209893708999
1.65590304331699	0.01782858711802	0.0108815532909912	0.009223456979274	0.68974252658286	0.00409006256727984	0.00304088928136942
1.66590304331699	0.0237585478135773	0.0109191583825707	0.00925124191290949	0.49624653957427	0.00343997613535486	0.00253109477863862
1.67590304331699	0.0277534195711006	0.0109506331752313	0.00927424931189756	0.302724849864662	0.00286215195318225	0.00208464130018835
1.68590304331699	0.0298129388552624	0.0109766506499896	0.00929308235645677	0.109174779771571	0.00234863332250811	0.00169325729659601
1.69590304331699	0.0299368000756857	0.0109977966399724	0.00930826397390744	-0.0844087235850728	0.00188899207569408	0.00135017402957453
1.70590304331699	0.028124636575431	0.0110145631362925	0.00932023389297217	-0.278031638717891	0.00147243941578144	0.00104807362027995
1.71590304331699	0.0243760228736578	0.0110273425862407	0.00932934594255368	-0.471699246741056	0.00108942318511179	0.000777560965791462
1.72590304331699	0.0186904976722182	0.0110364246910184	0.00933586397302229	-0.665413472673593	0.000730146989317277	0.000528813262086373
1.73590304331699	0.0110676084924822	0.0110419931993046	0.00933995894613124	-0.859170589746174	0.000384179085319348	0.000292099535799427
1.74590304331699	0.0015069778650846	0.0110441230149696	0.00934170684690186	-1.05295910692683	4.06154008444874e-05	5.77267895615739e-05
1.75590304331699	-0.0099916090786352	0.0110427781368792	0.00934108689348614	-1.24675755729751	-0.000312048501299193	-0.000183710118355258
1.76590304331699	-0.0234280954444571	0.0110378099263469	0.00933798061094138	-1.44053249082947	-0.000685442178858923	-0.000441696246011938
1.77590304331699	-0.0388020220425604	0.0110289561670148	0.00933217136775727	-1.63423644259301	-0.00109094038867972	-0.000726055997587882
1.78590304331699	-0.0561123757037956	0.0110158412311105	0.00932334416664532	-1.8278057454612	-0.00153979356989512	-0.00104667137886261
1.79590304331699	-0.075357416532894	0.0109979769754484	0.0093110862306342	-2.02115845782641	-0.00204299802277365	-0.00141345248534323
1.80590304331699	-0.0965344846180453	0.0109747648707934	0.00929488805010297	-2.21419219536844	-0.0026115802054934	-0.00183585955467176
1.81590304331699	-0.119639786517607	0.0109454987549362	0.00927414573756713	-2.4067822939007	-0.00325608185176413	-0.00232322834703924
1.82590304331699	-0.144668162569742	0.0109093691075241	0.00924816400410449	-2.59877989392207	-0.00398653698213096	-0.00288456162665156
1.83590304331699	-0.171612835950609	0.0108654685986469	0.00921616027357168	-2.79001019024773	-0.0048123019175552	-0.00352844611229738
1.84590304331699	-0.200465144895681	0.010812799187609	0.00917726991598892	-2.9802708008236	-0.00574197540436366	-0.00426284954740477
1.85590304331699	-0.231214259774921	0.0107502807944361	0.00913055283890967	-3.16933035304704	-0.00678323082282382	-0.0050949832070676
1.86590304331699	-0.263846887140555	0.0106767616237517	0.00907500159640747	-3.35692735042693	-0.00794250190219859	-0.00603129324826099
1.87590304331699	-0.298346963397151	0.0105910304529403	0.00900955089790811	-3.54276924277668	-0.00922489167860581	-0.00707720322567324
1.88590304331699	-0.334695341116812	0.0104918308441885	0.008933088706968	-3.72653180556356	-0.0106341414070822	-0.00823678326774658
1.89590304331699	-0.372869471556884	0.0103778772799235	0.00884446900211224	-3.90785888897374	-0.0121726376536912	-0.00951237713723485
1.90590304331699	-0.412843087416492	0.0102478730412705	0.00874252636048057	-4.08636266841404	-0.013841227166159	-0.0109044361924006
1.91590304331699	-0.454585890400111	0.010100529618002	0.00862609243989534	-4.26162450846097	-0.0156386661432671	-0.0124117522058538
1.92590304331699	-0.498063248751928	0.00993458764316702	0.008494014088166	-4.43319639326245	-0.0175609963968223	-0.0140318008584306
1.93160131084387	-0.523598775598299	0.00983124532278344	0.00841132463316581	-4.5291312123888	-0.0187095118795594	-0.0150041768660744
1.94160131084387	-0.578612203784064	0.0198660870563348	0.0222447120474616	-6.46561588247857	2.01075537142184	2.78602608910009
1.95160131084387	-0.65287909065321	0.0503693349199152	0.0631777902783359	-8.52776952660938	4.5838745645707	4.77119897299869
1.96160131084387	-0.74408165339942	0.103609966680103	0.114853015410905	-9.37111033236275	5.52852503227429	5.38241089187255
1.97160131084387	-0.836976821811958	0.15667293924196	0.166593401040914	-9.12084578015246	4.96831989551307	4.8638835860985
1.98160131084387	-0.925698109137621	0.201972344476947	0.211047334000609	-8.61097729339262	4.07564109027348	4.01249016561466
1.99160131084387	-1.00923732438892	0.238270017546565	0.246885896439666	-8.10677696297932	3.19806880622558	3.16977634614705
2.00160131084387	-1.08810595562354	0.266335958077125	0.27480308526162	-7.68210522929309	2.4377173215333	2.43387902084901
2.01160131084387	-1.16317167830716	0.28745075654784	0.296008485338637	-7.34542352947026	1.80707387638078	1.8280359050715
2.02160131084387	-1.23528742799577	0.302905986378434	0.311746826525518	-7.09038746331795	1.30437687688579	1.33735586105466
2.03160131084387	-1.30519599563156	0.313875678363742	0.323130730787375	-6.90172628112726	0.907106562963661	0.954567473448662
2.03215237708116	-1.30899693899575	0.314370408535509	0.323651551706762	-6.89308138090455	0.888208467186771	0.936000512561455
2.04215237708116	-1.36876825267902	0.310394908928839	0.322098390566407	-5.06075984971679	-1.64409242722092	-1.30446425147256
2.05215237708116	-1.4100581398596	0.282058496456997	0.296334857557142	-3.22189651182378	-3.89766750306246	-4.01285438652055
2.06215237708116	-1.43600155262281	0.235440414219387	0.247733353536098	-2.20309755899969	-5.16018527938728	-5.29187770365787
2.07215237708116	-1.45800514928734	0.183917670240509	0.195210205863766	-2.33180645660948	-4.97065889388928	-5.05809903932696
2.08215237708116	-1.48429722347531	0.138093709059155	0.148556902904763	-2.971171470048	-4.13630587348512	-4.2308560296238
2.09215237708116	-1.51769191553515	0.10143376671466	0.110979559018474	-3.70446092852889	-3.19781457201584	-3.30006590817651
2.10215237708116	-1.55804265322297	0.0736465795285675	0.0822019458672452	-4.34472926442263	-2.38409941353912	-2.48744453812722
2.11215237708116	-1.60409591018036	0.053120215055634	0.06067527409611	-4.84248324276589	-1.74906727217452	-1.84833670554196
2.12215237708116	-1.65444074779186	0.0381145100614875	0.0447110934152652	-5.20606361020647	-1.27621000122606	-1.36864865905151
2.13215237708116	-1.70785059001555	0.0271683230433651	0.0328810138135906	-5.45974640651444	-0.931399124328542	-1.01581315268881
2.14215237708116	-1.76334889126979	0.0191635590191146	0.0240831088562466	-5.62741201962382	-0.683177616504587	-0.757270853387331
2.15215237708116	-1.8201804825759	0.0132756069918795	0.0175005856564239	-5.7292142332428	-0.504517854486076	-0.568832792538444
2.15431647499804	-1.83259571459421	0.012218589390575	0.0163059256422394	-5.74403232719992	-0.47328162752883	-0.53504368204398
2.16431647499804	-1.88130861126765	-0.00204424396387944	-0.00288970112542597	-4.00389281131032	-2.36621060090566	-3.30552214518437
2.17431647499804	-1.9123702866796	-0.0365092149138424	-0.0475337615658456	-2.07559673274424	-5.03360008634531	-4.93404904682522
2.18431647499804	-1.92947686383416	-0.0913472712278318	-0.10070373606838	-1.6134233503677	-5.57606928688961	-5.41491338248424
2.19431647499804	-1.94759405241439	-0.144276682652143	-0.152194322597914	-2.08141154849252	-4.91892749644488	-4.79419965035125
2.20431647499804	-1.97169717485716	-0.18895567254149	-0.195818406394417	-2.74172948679339	-4.01223180041757	-3.92430363938996
2.21431647499804	-2.00222655001961	-0.224722880912653	-0.230893754296348	-3.34606995980705	-3.16160599019853	-3.10935098094383
2.22431647499804	-2.03820274346316	-0.252657287991133	-0.258447948352118	-3.82742294303814	-2.44972194072154	-2.42500392539908
2.23431647499804	-2.07834826115207	-0.274198304273101	-0.279847908015988	-4.18148610037353	-1.88088023952805	-1.87698540024821
2.24431647499804	-2.12145145173833	-0.290704768918716	-0.29637910130214	-4.42180968934384	-1.43950808427697	-1.44778249690803
2.25431647499804	-2.16646671710836	-0.3033393089925	-0.309134139474178	-4.56673855875243	-1.10356966198963	-1.11763976147331
2.26431647499804	-2.21252956189074	-0.313051816753058	-0.319004308002683	-4.63415020424882	-0.851771874723755	-0.867826483395111
2.27431647499804	-2.25894350473113	-0.320595450053855	-0.326700043482994	-4.6394569784959	-0.66676466308082	-0.680389719080098
2.28431647499804	-2.30515733876497	-0.326555383611772	-0.332775060797679	-4.59617937006351	-0.532626491948074	-0.541606704379485
2.29431647499804	-2.35074193814279	-0.331375653785727	-0.337654621750626	-4.5152734771428	-0.436907139346728	-0.439600738008011
2.30431647499804	-2.39536745044947	-0.335386870263449	-0.341659256308275	-4.40569925347918	-0.369260766769221	-0.365321600123784
2.31431647499804	-2.43878333869106	-0.338829676647089	-0.345027136887155	-4.2744167535312	-0.321957484450537	-0.311320674889048
2.32431647499804	-2.48080099986454	-0.341875720564613	-0.347932206730749	-4.12684157774241	-0.28905327807103	-0.271943524733366
2.33431647499804	-2.52127948355497	-0.344644690354474	-0.350499492118481	-3.96713238774451	-0.266053501236278	-0.242999533585021
2.34431647499804	-2.56011400716171	-0.347217992771684	-0.352817375752878	-3.79847013403633	-0.249550524513197	-0.221520956359448
2.35431647499804	-2.59722703650413	-0.349649157387892	-0.354947490384686	-3.62318930842836	-0.237240212568237	-0.205191277783077
2.36013161595836	-2.6179938779915	-0.351011513976043	-0.356117209450658	-3.51889841376851	-0.231428219651286	-0.197292444539075
2.37013161595836	-2.65768643848541	-0.348519749116329	-0.345090310163843	-4.42136908874807	0.74413609102824	2.38737789361317
2.38013161595836	-2.70664317807111	-0.335483090295141	-0.308858884771594	-5.46179916296153	2.15270237491637	4.52875836058997
2.39013161595836	-2.76959908184396	-0.296317763140768	-0.265941673437999	-6.87988318695555	5.0906444313548	4.45192456412274
2.40013161595836	-2.83889971045861	-0.243341591537767	-0.21926307053118	-6.82329089057804	5.29541295660107	4.69931941140036
2.41013161595836	-2.90395356449344	-0.193223571752941	-0.174481559619577	-6.12566947787405	4.64631870265116	4.1793657692787
2.42013161595836	-2.96081293008232	-0.151196675020924	-0.136514233297665	-5.23964386031555	3.75038046052149	3.40171686752282
2.43013161595836	-3.00889365251217	-0.118026932552365	-0.106343412326506	-4.39303074753772	2.90540026985754	2.64829245432184
2.44013161595836	-3.04906983798548	-0.0925760156661208	-0.0831156460344532	-3.66340735138128	2.21241496415769	2.02060399950146
2.45013161595836	-3.08256715482367	-0.0732551774801423	-0.0654660757145133	-3.05516383380508	1.67697357451629	1.53009940627184
2.46013161595836	-3.11050503344618	-0.0586164169579523	-0.0521047634438479	-2.54757121231645	1.27086487611585	1.15866450227544
2.47013161595836	-3.13377665133338	-0.0475070911662468	-0.04198266153913	-2.11812741647516	0.965928248400296	0.878584262655718
2.48013161595836	-3.15306043022614	-0.0390516249796301	-0.0342978583136993	-1.74720038429591	0.736568143942497	0.667686615163711
2.49013161595836	-3.16886285237539	-0.0325965333281954	-0.0284491737015031	-1.41976789639276	0.563240729183489	0.50868393908081
2.50013161595836	-3.18156118356232	-0.027655141377773	-0.0239879470379872	-1.12472543080318	0.431548984419461	0.388584697666616
2.51013161595836	-3.19143735201555	-0.0238638840508146	-0.0205784756371588	-0.854020444984071	0.331253151824371	0.297437878102528
2.52013161595836	-3.19870314507544	-0.0209495966967846	-0.0179686538301677	-0.601717436578496	0.254826311260465	0.22786523780156
2.53013161595836	-3.20351847078303	-0.0187058011883264	-0.0159684730408203	-0.363316887248956	0.196421444726182	0.174655899165355
2.54013161595836	-3.20600452428696	-0.0169757085223375	-0.0144341507113556	-0.135380121559304	0.151463809127862	0.134127997529937
2.55013161595836	-3.20625328423827	-0.0156401557474228	-0.013256147107299	0.0845388410917937	0.11694965658269	0.103064176712201
2.56013161595836	-3.20433475712963	-0.0146080038962589	-0.0123510589739196	0.29833660375779	0.0904822623557579	0.0791669784639997
2.57013161595836	-3.20030226928671	-0.013809320949513	-0.0116552578961451	0.507504785137605	0.0700974891299578	0.0608469297533585
2.58013161595836	-3.19419640559973	-0.0131904127708628	-0.0111199850685727	0.713158217057985	0.0543648118544861	0.0468308010033019
2.59013161595836	-3.18604804219295	-0.0127099671726884	-0.0107077728877732	0.916116847323783	0.0422782546556556	0.036061945258499
2.60013161595836	-3.17588072109708	-0.0123359991693225	-0.0103898780852874	1.11704226066196	0.0329485471205392	0.0278602218505857
2.61013161595836	-3.16371240399428	-0.0120437964930991	-0.0101440570436572	1.3163900477245	0.0258173941895859	0.02158150291353
2.62013161595836	-3.14955694102211	-0.011814091709515	-0.00995314275224014	1.51451960090462	0.0203834387781277	0.0168113297398712
2.63013161595836	-3.13342518762608	-0.011631828609771	-0.00980379056649924	1.71168542969551	0.0162666526637459	0.0132303287915483
2.64013161595836	-3.11532592317939	-0.0114851903321266	-0.00968554798748879	1.90804518139204	0.013212178415522	0.0105585255810728
2.64482722299528	-3.1061505386594	-0.0114258862004006	-0.00963835771845977	2	0.0120799458549715	0.00956268442981088
2.65482722299528	-3.08517327784166	-0.011315124260231	-0.00955143151527831	2.19533996398518	0.0101872977365078	0.00791754689214882
2.66482722299528	-3.0622459830262	-0.0112200996722071	-0.00947826370864144	2.3900052776964	0.00890753729260542	0.00679680791164866
2.67482722299528	-3.03737556073182	-0.0111352846025737	-0.00941408575047403	2.58395456715378	0.00812916349518669	0.00610611295941423
2.68482722299528	-3.01056957669847	-0.011056104796127	-0.00935497168292485	2.77709892028252	0.00776889028145194	0.00577320364304329
2.69482722299528	-2.98183670969934	-0.0109787075514828	-0.00929762903680411	2.9693053146524	0.00776398609258417	0.00574361839560866
2.70482722299528	-2.95118718037755	-0.0108997857752085	-0.00923923970643365	3.16039876144147	0.00806710250119976	0.0059765453128082
2.71482722299528	-2.91863316291143	-0.0108164453559895	-0.00917734009295291	3.35016378153663	0.00864231270098391	0.00644150762761878
2.72482722299528	-2.88418918444309	-0.010726106552118	-0.00910973185139038	3.53834543413484	0.00946217162042754	0.00711558917009712
2.73482722299528	-2.8478725150235	-0.0106264322382477	-0.00903441660690969	3.7246500799256	0.0105056593118662	0.00798097363735659
2.74482722299528	-2.80970354909429	-0.0105152772317983	-0.0089495498052402	3.90874617469147	0.011756482228116	0.00902306203927135
2.75482722299528	-2.7697061780898	-0.0103906538366263	-0.00885341034143354	4.09026554054812	0.0132007182266666	0.0102300074284235
2.76482722299528	-2.72790815216305	-0.0102507104324726	-0.00874438268047667	4.26880510938959	0.0148241072832557	0.0115931983111605
2.77482722299528	-2.68434142743751	-0.010093722001821	-0.00862094739870701	4.44392834051583	0.0166116206612551	0.0131058529355644
2.78482722299528	-2.63904249476268	-0.00991809033869182	-0.00848167825005577	4.61516642495263	0.018549198639592	0.0147597543783053
2.79482722299528	-2.59205268571124	-0.00972235031585505	-0.00832524598856109	4.78202034546765	0.0206246640760016	0.0165431614634062
2.80482722299528	-2.54341845051713	-0.00950517995696155	-0.00815042826419636	4.94396421921916	0.0228266923005408	0.0184410111398281
2.81482722299528	-2.49319160246413	-0.00926541133139476	-0.00795612601316875	5.10045084371158	0.0251392015957365	0.0204401086477511
2.82482722299528	-2.44142952001942	-0.0090020480567555	-0.00774137794629934	5.25091549492013	0.027542985232788	0.0225270613206405
2.83482722299528	-2.38819530161758	-0.00871428420785401	-0.00750537627256984	5.39478023299659	0.0300178601402073	0.0246858952161415
2.84482722299528	-2.33355786725279	-0.00840152206313493	-0.00724748420859022	5.53145951366023	0.0325428803570229	0.0268978770808651
2.85482722299528	-2.27759200071519	-0.008063388189565	-0.00696725381185081	5.66036675983081	0.0350954962615348	0.0291426176574872
2.86482722299528	-2.2203783273674	-0.00769974606668087	-0.00666444415856658	5.78092230187324	0.0376482188681974	0.031401931269715
2.87482722299528	-2.16200322241606	-0.00731070590945096	-0.00633903750793419	5.89256174446004	0.0401652930937603	0.0336638442615806
2.88482722299528	-2.10255864290572	-0.0068966408864425	-0.00599124246789444	5.9947390647297	0.0426159661897554	0.0359095789465641
2.89482722299528	-2.04214188343739	-0.00645820286512591	-0.00562149003226639	6.08692782989909	0.0449938154245626	0.0380943821896324
2.90482722299528	-1.98085526472817	-0.0059963084136159	-0.00523045180626995	6.16863658005725	0.0472938435583311	0.0401721048137656
2.91482722299528	-1.91880575028466	-0.00551211227162642	-0.00481906198320005	6.23942838664102	0.0494765499450979	0.0421332947748399
2.92482722299528	-1.85610448327286	-0.00500700059066535	-0.00438850937592928	6.29892621465912	0.0514731250424421	0.0440007780113039
2.93482722299528	-1.79286623298421	-0.00448264996299845	-0.0039401519709133	6.34677810803364	0.0533085720379311	0.0457032765609292
2.94482722299528	-1.72920883431257	-0.00394092389584967	-0.00347559051606918	6.38271047589908	0.0549601541511992	0.0472226577635217
2.95482722299528	-1.66525253875126	-0.00338387486682572	-0.00299662455625601	6.40651889341929	0.0563991529342303	0.0485515445090259
2.96482722299528	-1.60111933010285	-0.00281372369275579	-0.00250522455352986	6.41806866224193	0.0576003281303884	0.049684215076479
2.97482722299528	-1.53693220953612	-0.00223283655523657	-0.00200350024645877	6.41729394972278	0.0585520294694621	0.0506066997471448
2.98482722299528	-1.47281446565445	-0.0016436901483524	-0.00149367647280623	6.40420118643646	0.0592498022327946	0.0513038027068112
2.99482722299528	-1.40888893882642	-0.00104883635854189	-0.000978066122082771	6.37887068820822	0.0596913332700822	0.051764588255962
3.00482722299528	-1.3452772920615	-0.000450869462812684	-0.000459038633358494	6.34145524174678	0.059876495430714	0.0519824450978926
3.01482722299528	-1.28209930237496	0.000147606780062209	6.10117668778221e-05	6.29217756985667	0.059806913569239	0.0519555001918479
3.02482722299528	-1.21947219073493	0.000744029029563879	0.000579679221683869	6.23133661431974	0.059455704517199	0.0517177370002923
3.03482722299528	-1.15750996886706	0.00133584260617251	0.00109464150622512	6.159267649526	0.0588715101075729	0.0512311328154768
3.04482722299528	-1.09632288627534	0.0019206064359255	0.00160361046414933	6.07637935981225	0.0580505586069018	0.0505175475507672
3.05482722299528	-1.0360168996776	0.00249597793501956	0.00210440213114241	5.98312400548667	0.0570057591626064	0.0495867914813628
3.06482722299528	-0.976693227597957	0.00305974506422042	0.00259495282598529	5.87999502011636	0.0557524218292776	0.0484508306120658
3.07482722299528	-0.918447976693495	0.00360985169786207	0.0030733362710751	5.76752210972403	0.0543003217560887	0.0471313786009975
3.08482722299528	-0.861371843300709	0.00414441864069194	0.00353777888084162	5.64626545305415	0.0526479243949207	0.0456652178316493
3.09482722299528	-0.805549881872534	0.00466173312479808	0.00398670102679899	5.51679397465885	0.0508240818764365	0.044060415452328
3.10482722299528	-0.751061361480012	0.00516027281411327	0.00441871587809469	5.379684987188	0.0488666356957274	0.0423177719261356
3.11482722299528	-0.697979694821297	0.00563872575802883	0.00483262570005477	5.23552367346989	0.0468024937733199	0.0404507525720643
3.12482722299528	-0.646372433916941	0.00609600089355614	0.00522742132407969	5.08489946313563	0.0446383326001653	0.0384944528217003
3.13482722299528	-0.596301321331971	0.00653121120582819	0.00560230354447014	4.92838928449052	0.0423920675582621	0.0364724385379975
3.14482722299528	-0.547822405730712	0.00694367377475717	0.00595668104371249	4.76655254191308	0.0400913087429265	0.0343977614555052
3.15482722299528	-0.500986212543591	0.00733291911423582	0.00629015311766812	4.5999335001777	0.0377518126439806	0.0322947047743967
3.16482722299528	-0.45583795014164	0.00769867240656268	0.0066025163635376	4.42904996316512	0.0353988836323215	0.030176169747577
3.17482722299528	-0.412417761783381	0.0080408586447358	0.00689374207868992	4.25439735600215	0.0330450467246275	0.0280663339309779
3.18482722299528	-0.370760999061477	0.00835958067216709	0.0071639776945434	4.07643938355626	0.0307098004659229	0.0259798571544423
3.19482722299528	-0.330898524310559	0.00865511295712311	0.00741352854803632	3.89560916420035	0.0284101867347056	0.0239313233966545
3.20482722299528	-0.292857027453538	0.00892788739396774	0.00764284511093955	3.71230731876092	0.0261623177004921	0.0219334139178929
3.21482722299528	-0.256659355153297	0.00917848293357321	0.0078525040824822	3.52690344153434	0.0239745693008884	0.0200037570736915
3.22482722299528	-0.222324840323737	0.00940760002865391	0.0080432035916581	3.33973005615314	0.0218647269770845	0.0181470691394509
3.23482722299528	-0.189869638787416	0.00961605493646556	0.00821573684273885	3.15108854333088	0.0198428716849814	0.0163727750362167
3.24482722299528	-0.159307057998624	0.00980476201762343	0.00837097767472768	2.96124892890773	0.0179137666826089	0.01469251597264
3.25482722299528	-0.130647875832883	0.00997470935334929	0.00850987302381264	2.77044632904311	0.016090241521961	0.0131063311860992
3.26482722299528	-0.103900655433875	0.0101269551041534	0.0086334143540828	2.57888929273772	0.0143720180760483	0.011624615223002
3.27482722299528	-0.079072036617347	0.0102625944894457	0.00874264028007186	2.38675170196233	0.012774226179717	0.0102387287782468
3.28482722299528	-0.0561670273771034	0.0103827740139966	0.00883859144828732	2.19419116668036	0.0112775919043505	0.00897263313855527
3.29482722299528	-0.0351892530701914	0.0104886317470361	0.00892234328602684	2.00132565841487	0.00990345625748955	0.00780546699090988
3.30482722299528	-0.0161412149700459	0.0105813216111439	0.00899495345892819	1.80825708359266	0.00864934428339023	0.00673833825069701
3.31482722299528	0.00097548671121222	0.0106619909545517	0.0090574593714412	1.61506822723717	0.00750409739198058	0.00577885664560307
3.32482722299528	0.0161599505860211	0.0107317574645685	0.00911087819660417	1.42181889369952	0.00646557685422409	0.00492301270218058
3.33482722299528	0.0294117884535018	0.0107916993781592	0.00915619501693136	1.2285490570456	0.00553760719245835	0.00415852730178572
3.34482722299528	0.040730957272967	0.0108428568807292	0.00919434128095335	1.03528780651799	0.0047097300039796	0.00348597397215507
3.35482722299528	0.0501176202683564	0.0108862108937172	0.00922619848561343	0.84204907834381	0.00397634472034333	0.00289916799164862
3.36482722299528	0.0575720244067807	0.0109226774489391	0.00925258752127818	0.648835651047285	0.00333124783655971	0.00239098703955774
3.37482722299528	0.0630944000582765	0.0109531003628432	0.00927426146602623	0.455641700197864	0.00276645604167374	0.00195475270252815
3.38482722299528	0.0666848825068201	0.0109782430837359	0.00929190082893384	0.262454423247274	0.00227378521903566	0.00158275121833281
3.39482722299528	0.0683434542366397	0.0109987827704775	0.00930610796444227	0.0692564809540902	0.0018439822094462	0.00126727375795299
3.40482722299528	0.0680699089417314	0.0110153036395332	0.00931740361369224	-0.123972382970441	0.00146829239043214	0.000999126769104783
3.41482722299528	0.065863835990329	0.0110282932743158	0.00932622164145259	-0.317252437931844	0.00113619685043848	0.00077009346858178
3.42482722299528	0.0617246269565243	0.0110381370767924	0.00933290686855726	-0.51060246481211	0.000837329278282201	0.000571064093591801
3.43482722299528	0.0556515028421468	0.011045115040882	0.0093377115916157	-0.704037283938331	0.000560513810094837	0.000393137186961116
3.44482722299528	0.0476435633183514	0.0110493970329647	0.00934079469014534	-0.897566445597917	0.000296283856937767	0.000225117060526156
3.45482722299528	0.0376998558593859	0.0110510431307702	0.00934221651226793	-1.09119039324691	3.18961496407329e-05	5.87714860996895e-05
3.46482722299528	0.0258194683162484	0.0110499986743426	0.00934194026235521	-1.28489992597152	-0.000243805885357792	-0.000116093852934004
3.47482722299528	0.0120016416689231	0.0110460939560962	0.00933982965275965	-1.47867339404283	-0.000542263793493847	-0.000309589466530728
3.48482722299528	-0.00375409512848783	0.0110390429534169	0.00933564869708305	-1.67247480762099	-0.00087435226867973	-0.000532502340248108
3.49482722299528	-0.0214477695929366	0.0110284451597962	0.00932905957454705	-1.86625062526499	-0.00125347711484801	-0.000792957883159155
3.50482722299528	-0.0410787869714949	0.0110137828108255	0.00931962668574236	-2.05992961185518	-0.00168958191927605	-0.00110246447967976
3.51482722299528	-0.0626457326702872	0.0109944257647759	0.00930681443285351	-2.25341895251205	-0.00219439892870054	-0.00147030939596919
3.52482722299528	-0.0861461523774446	0.0109696324795359	0.00928999090174749	-2.44660320690244	-0.002778391028542	-0.00190652144071513
3.53482722299528	-0.111576313272229	0.0109385553469457	0.00926842916302668	-2.63934156094127	-0.00345298627833687	-0.002419332344379
3.54482722299528	-0.138930945084609	0.0109002440542087	0.00924131305661155	-2.83146705432772	-0.00422723328739639	-0.00301838026342824
3.55482722299528	-0.16820296447191	0.0108536537776629	0.00920774065308585	-3.02278406134512	-0.00511006970485366	-0.00371207503256421
3.56482722299528	-0.199383182863826	0.0107976539481908	0.00916673018560037	-3.21306656473974	-0.00611075106671111	-0.0045068407602188
3.57482722299528	-0.23245999992018	0.0107310381236893	0.00911722810143609	-3.402057023094	-0.00723817114444005	-0.00540747525670699
3.58482722299528	-0.267419082917951	0.0106525285898161	0.00905812612135205	-3.589469540716	-0.00848817058021496	-0.00642990960370313
3.59482722299528	-0.304243046846831	0.0105608109130861	0.00898825103893823	-3.77497763265247	-0.00987768990979109	-0.00756550828832603
3.60482722299528	-0.342911113742722	0.0104545240054881	0.00890640441895723	-3.95822851539854	-0.0114010466930092	-0.00882589694960208
3.61482722299528	-0.383398785187563	0.0103322946496028	0.00881136015051919	-4.13883395741162	-0.013057330684589	-0.0102142474506196
3.62482722299528	-0.425677515594084	0.0101927656742114	0.00870187235664193	-4.31636627129325	-0.0148639599170165	-0.0117108925681439
3.63482722299528	-0.4697143785019	0.0100345790397902	0.00857673345727905	-4.49038117605706	-0.0167918510332815	-0.0133400310366803
3.64482722299528	-0.515471775369115	0.0098564440013408	0.0084347473726115	-4.66039428697764	-0.018840502115195	-0.0150917969123319
3.64656563456208	-0.523598775598432	0.0098233562967602	0.00840825336097572	-4.68950031331681	-0.0192192056811621	-0.0153972023747947
3.65656563456208	-0.580208728740772	0.0198386696088955	0.0222430513969997	-6.6242947022679	2.0069034956687	2.78677447793103
3.66656563456208	-0.656044547992589	0.0502706126589514	0.0631883263105385	-8.68028567799768	4.56737467395155	4.7766365349599
3.67656563456208	-0.748807254010441	0.103445382733161	0.114819556126429	-9.52977459334681	5.52970131970521	5.36958251584549
3.68656563456208	-0.843259184956503	0.156439009400199	0.166495256226723	-9.27626736239859	4.96171158922733	4.85453378809955
3.69656563456208	-0.93351821454624	0.201637089342327	0.21086443340916	-8.76295196368149	4.06162251767969	4.00534638116389
3.70656563456208	-1.01857379392791	0.237801258325397	0.24660007160367	-8.25732272521409	3.18319964875922	3.15891257192968
3.71656563456208	-1.09894024740353	0.2657148095004	0.274396404957432	-7.83102133606943	2.42188803033403	2.42111875109704
3.72656563456208	-1.17548663966772	0.286667857832279	0.295471100523126	-7.492830781677	1.79123073252363	1.8142282389708
3.73656563456208	-1.24906761707411	0.301963416745638	0.311074753426195	-7.23553337080714	1.28691403975759	1.32599229073134
3.74494678058473	-1.30899693899575	0.311287565009819	0.320762978554273	-7.07283392126099	0.950546580933553	0.996917475795564
3.75494678058473	-1.37040350395327	0.307608810322562	0.319914883428605	-5.20855034525432	-1.64523945934668	-1.22596855790247
3.76494678058473	-1.41304465484021	0.279047291604322	0.294928441517312	-3.36259461365376	-3.89224433346578	-3.97964363983982
3.77494678058473	-1.44048767826684	0.232754478152276	0.246416010791106	-2.35408585750187	-5.12539779152376	-5.28039913221168
3.78494678058473	-1.46401194598121	0.18160952458041	0.194016579766793	-2.48260339598303	-4.93616471886959	-5.03939971785951
3.79494678058473	-1.49181321988957	0.136157311725607	0.147523621051291	-3.11907045911466	-4.10503183734965	-4.20966964805394
3.80494678058473	-1.5266788055187	0.0998299840835917	0.11011003708481	-3.84825353100459	-3.16956339977631	-3.28170499410806
3.81494678058473	-1.56844952002297	0.0723254303836317	0.0814788040193811	-4.48371420994995	-2.35931006009439	-2.47294752431279
3.82494678058473	-1.61586926265678	0.0520339788587684	0.0600744144887927	-4.97595072657406	-1.72935418776057	-1.83567708470604
3.83494678058473	-1.66752761603162	0.037219778172663	0.0442108820687934	-5.334373851229	-1.26036712588025	-1.35817635163126
3.84494678058473	-1.72219989995437	0.0264282172119799	0.0324624275686767	-5.58326496055389	-0.918270710807606	-1.0077894616918
3.85494678058473	-1.77891138474837	0.0185472694949863	0.0237297570268419	-5.74638333997185	-0.671969037629739	-0.751674816856932
3.86420835532453	-1.83259571459405	0.0131285813947861	0.0176188174746983	-5.83800510053171	-0.507342163517359	-0.575775345575985
3.87420835532453	-1.88222942227767	-0.00150554821054028	-0.00198973403974245	-4.09448490634683	-2.4055102379462	-3.34764434954208
3.88420835532453	-1.91416843617835	-0.0364540144908372	-0.0469487377602736	-2.17020505440226	-5.07013232036291	-4.96434493818949
3.89420835532453	-1.93238880057781	-0.0914014985513952	-0.10031824270157	-1.73529399707041	-5.57397943062955	-5.42093551503008
3.90420835532453	-1.95178346262572	-0.144233673654802	-0.151800537885893	-2.21342899966658	-4.90360635439137	-4.7885022125679
3.91420835532453	-1.9772236492147	-0.188742730438923	-0.195332544870433	-2.87763416258527	-3.9907526858376	-3.91632186539739
3.92420835532453	-2.00910558022487	-0.22431719666569	-0.230293594036525	-3.48041345629553	-3.14466265283218	-3.09511926634084
3.93420835532453	-2.04642462782933	-0.252069541257254	-0.257727031794808	-3.9606661402615	-2.43281892472589	-2.41273691806907
3.94420835532453	-2.08789268086548	-0.273446698059266	-0.279016528427156	-4.31243221304021	-1.8657229252585	-1.86659096777895
3.95420835532453	-2.13229105213431	-0.289813645267232	-0.295453218666813	-4.54977574450279	-1.42698884234009	-1.43911251784981
3.96420835532453	-2.17857018287029	-0.302335978616443	-0.308131621542637	-4.69160748809621	-1.09338639344375	-1.11127286803031
3.97420835532453	-2.22586444228591	-0.311962468235019	-0.317944739949511	-4.75548521019533	-0.84497107102366	-0.862498504944792
3.98420835532453	-2.27347681756004	-0.31944662846825	-0.32560003754641	-4.75787056966121	-0.661503040519974	-0.677737440942647
3.99420835532453	-2.3208580664807	-0.325368824387748	-0.331651961331425	-4.71135522412654	-0.530065396920777	-0.539847312796727
4.00420835532453	-2.36758047793616	-0.330171554968864	-0.336521931991258	-4.62766374223702	-0.436012235075832	-0.439287465306299
4.01420835532453	-2.41331672805476	-0.334181525641041	-0.340528929601643	-4.51546927973678	-0.369940152329817	-0.365976375029957
4.02420835532453	-2.45781866885237	-0.337636450969525	-0.343908717361053	-4.38180786160026	-0.3239274610132	-0.31271445976876
4.03420835532453	-2.50090008473206	-0.340705305065591	-0.346833068686168	-4.2321387528121	-0.291912092747762	-0.27403925651224
4.04420835532453	-2.5424223389296	-0.343505391702124	-0.349425201980184	-4.0706180731049	-0.269407469851106	-0.24582345292633
4.05420835532453	-2.58228292886273	-0.346115801461613	-0.351772342430646	-3.90027571019061	-0.253457074672899	-0.22467542820799
4.06356146426144	-2.61799387799171	-0.348431998318792	-0.353799641100458	-3.73506245295303	-0.242358840174615	-0.209356476912311
4.07356146426144	-2.66001537567009	-0.345725037493655	-0.342973094423648	-4.67100753143514	0.79949402246945	2.35720594365705
4.08356146426144	-2.71163347822527	-0.331780534631313	-0.307170050220635	-5.74085250368851	2.26779430635223	4.4873018605638
4.09356146426144	-2.77728511851962	-0.291757581758281	-0.264264249063784	-7.11172154661811	5.09404596637344	4.4986212194883
4.10356146426144	-2.8486827307137	-0.239018111065144	-0.217375539298	-7.01499161504565	5.25006727491021	4.69927793288905
4.11356146426144	-2.91555178590169	-0.18946324769049	-0.172733192712187	-6.30021874486641	4.5831957725954	4.15501328439807
4.12356146426144	-2.97413278028288	-0.148083888718699	-0.13504703201817	-5.41203529679835	3.68875405545708	3.36911434723765
4.13356146426144	-3.02394873492625	-0.11551305220357	-0.105176998916229	-4.56863992199433	2.84890416312473	2.62054138391168
4.14356146426144	-3.06591332557241	-0.0905716559559424	-0.0822110388326618	-3.84531917218521	2.16629016343282	1.99692009406378
4.15356146426144	-3.10126017169072	-0.0716651002770617	-0.0647744322809303	-3.24284282630467	1.63941730586531	1.51174117645277
4.16356146426144	-3.1311025360565	-0.0573584620950921	-0.0515797026922221	-2.74046079398566	1.24121215495161	1.14412134261911
4.17356146426144	-3.15632516878401	-0.0465130411538018	-0.0415865309601572	-2.31520727509315	0.942285199936418	0.867512289723671
4.18356146426144	-3.17759833498189	-0.038266821902589	-0.0340005541318477	-1.94773336030975	0.717717893448676	0.6593614763845
4.19356146426144	-3.19542191529183	-0.0319773031975561	-0.0282271613654725	-1.6231644334239	0.548185185469928	0.502530765037981
4.20356146426144	-3.21016793233702	-0.0271668550232678	-0.0238227263656553	-1.3306329157665	0.419801030882925	0.38382562608172
4.21356146426144	-3.22211436800783	-0.0234788368356208	-0.0204558437202911	-1.0620927135965	0.322191414216728	0.2936952146629
4.22356146426144	-3.231469968574	-0.0206456480198621	-0.0178777874561741	-0.811613625421425	0.247730485843401	0.225069439011858
4.23356146426144	-3.23839223563225	-0.0184654633575646	-0.0159010381504974	-0.574795692467378	0.190785716320517	0.172678088137046
4.24356146426144	-3.24300045675988	-0.0167853412665335	-0.014383684116211	-0.34833095462442	0.147116908082159	0.132622412490588
4.25356146426144	-3.24538517370958	-0.0154889934805196	-0.0132179071384152	-0.129745127522833	0.113604369781687	0.101907982630993
4.26356146426144	-3.2456152041759	-0.0144876306850608	-0.0123216457457409	0.0828705936735106	0.0878034390774783	0.0783692308344748
4.27356146426144	-3.24374279890396	-0.0137133593345777	-0.011632197636293	0.29094506807582	0.0679429440273144	0.0602829045682944
4.28356146426144	-3.23980757659579	-0.0131140573586109	-0.0111016235640566	0.495592214176126	0.052616876608398	0.0464029017261986
4.29356146426144	-3.23383945815601	-0.0126496616323545	-0.0106931401769087	0.697652429787936	0.0407943968890217	0.035740064374919
4.30356146426144	-3.22586093793216	-0.0122892851675607	-0.0103784714702991	0.89776488051612	0.0317020693804343	0.0275276474237585
4.31356146426144	-3.21588885078461	-0.0120089979375496	-0.0101358714552106	1.09643854846722	0.0246836560726671	0.0212491183545342
4.32356146426144	-3.20393571308722	-0.0117902638557523	-0.00994848860021273	1.29403405638757	0.0193063793727526	0.0164399557380288
4.33356146426144	-3.19001083549093	-0.0116186113431724	-0.00980325926711596	1.49082549016043	0.0152145972467756	0.0127721258088144
4.34356146426144	-3.17412120214939	-0.0114826775717667	-0.00968999890556483	1.68701248589966	0.0121208898313185	0.0100125342845396
4.35356146426144	-3.15627219185227	-0.0113734948530757	-0.00960068721345635	1.88271825925575	0.00983096730012712	0.00795858966030813
4.35956439891373	-3.14461827078287	-0.0113177566460804	-0.00955587563736101	2.00000000000001	0.00877324358740028	0.00700526192593009
