=========================== Parameters =====================================
l1 [m]	l2 [m]	l3 [m]	c1 [m]	c2 [m]	c3 [m]	m1 [kg]	m2 [kg]	m3 [kg]
0.22	0.22	0.2458	0.088	0.066	0.02458	0.1564	0.23764	0.1564
============================== Data ========================================
t [s]	th1 [rad]	th2 [rad]	th3 [rad]	th1d [rad/s]	th2d [rad/s]	th3d [rad/s]
0	0	0	0	0	0	0
0.01	-0.00190335052499585	0.00131709825264216	0.000285661289629772	-0.347158045705649	0.184814148988175	0.0508610088260531
0.02	-0.006699464509018	0.00314188848311567	0.000811075216794444	-0.608476408943662	0.172043314202564	0.0506104353279212
0.03	-0.014050512077717	0.00470778162116945	0.00127295952171215	-0.861700890416738	0.141078141003003	0.0416426183682524
0.04	-0.0239387165214592	0.00597579809394398	0.00164619321122406	-1.11629923579478	0.113362623317098	0.033271895956601
0.05	-0.0363836782062561	0.0069919687840974	0.00194350975114494	-1.37302542589169	0.0906656834634921	0.0264419079475646
0.06	-0.0514051378905331	0.0078035774511349	0.00217953620542464	-1.63152274892341	0.0723032149782466	0.0209730020596024
0.07	-0.0690185367666945	0.00844972624524884	0.0023664743515909	-1.89133706875168	0.0574375943594668	0.0165939759843463
0.08	-0.0892348485592815	0.00896167981591369	0.00251406002994945	-2.15203627994059	0.0453609212005511	0.0130581706175498
0.09	-0.112060814488666	0.00936425052904061	0.00262991675699212	-2.41319985665219	0.0354752869711214	0.0102176292854078
0.1	-0.13749904417527	0.00967697650447969	0.00272007754949486	-2.67442056555574	0.0273234297790186	0.00789273925171079
0.11	-0.165547998938898	0.00991517938480358	0.00278918913089845	-2.93527352517195	0.0205154627043341	0.00598597575633123
0.12	-0.196201811079886	0.0100907366603077	0.00284085772551392	-3.19531521389378	0.0147476473128309	0.00439115107393147
0.13	-0.229450006181399	0.0102127532982141	0.00287781252725437	-3.45406680580065	0.00976903709002742	0.00303381708414899
0.14	-0.265277120260729	0.0102880798526098	0.00290209258253258	-3.71100819480659	0.00537894381383868	0.0018478983514701
0.15	-0.303662243372535	0.0103217464737868	0.00291516984825076	-3.96556941979821	0.00141315069559522	0.000784548123275198
0.16	-0.344578499629068	0.0103173120668457	0.0029180634119006	-4.21712606542594	-0.00226078591564736	-0.000195066666114441
0.17	-0.387992483027033	0.0102771533261458	0.00291143237000522	-4.46499618106033	-0.00574730806942721	-0.001125082529015
0.18	-0.433863667677423	0.0102027112659438	0.00289564341501711	-4.70843754674865	-0.00912982260014907	-0.00202987451920303
0.19	-0.482143806602906	0.0100946946344593	0.00287083972407033	-4.94664861878778	-0.0124709146448007	-0.00293199911836851
0.198220843485994	-0.523598775598299	0.00998087668450364	0.00284367339673316	-5.13795625619893	-0.0152221820063995	-0.00367782375218358
0.208220843485994	-0.583510763149677	0.0223569916323987	0.0489143705015475	-7.12245920969512	3.48639112671822	6.08395654083199
0.218220843485994	-0.664196419123827	0.0772603347106991	0.106680633149427	-8.49553237847345	6.25174160308805	5.59929759646986
0.228220843485994	-0.748600820354314	0.136240955558153	0.158482137912375	-8.32191841940939	5.3997331599544	4.71605844863524
0.238220843485994	-0.83036149163866	0.184637789035191	0.201053858234588	-8.03803877118129	4.29891529773893	3.81748990253407
0.248220843485994	-0.90959562603846	0.222789577571533	0.235377725288155	-7.82180627824182	3.364240310477	3.07116471210275
0.258220843485994	-0.987033529782436	0.252534837058866	0.262945511706446	-7.67617448599608	2.61288986038958	2.46396987571176
0.268220843485994	-1.06329880274111	0.275555475306959	0.285048843000141	-7.58483498452395	2.01507551747868	1.97187302879755
0.278220843485994	-1.13885515597864	0.293233344667432	0.302738615130276	-7.53204776205686	1.53968459813011	1.57859111824188
0.288220843485994	-1.21402886384667	0.306682023210088	0.316877543066485	-7.50630908946933	1.16506138309441	1.26053521203467
0.298220843485994	-1.28903795901339	0.316802742592371	0.328157983488408	-7.49769136330737	0.871238641685887	1.00456800518798
0.300882964372856	-1.30899693899575	0.319032136174599	0.33075316597703	-7.49722371449722	0.804474261928379	0.945535390121977
0.310882964372856	-1.37671770915107	0.313439531203163	0.294121194130659	-5.78649243129469	-2.81241831528573	-5.3323092705209
0.320882964372856	-1.42599808218463	0.264451679759118	0.242960479031062	-4.55134146047422	-5.81080468284138	-5.0207012511001
0.330882964372856	-1.47265792339147	0.208711772273317	0.19617829612226	-4.86309642502521	-5.14920066465021	-4.27632908613187
0.340882964372856	-1.52374436710951	0.16257848927234	0.157549750289871	-5.34887149819477	-4.08852475746524	-3.46443494422576
0.350882964372856	-1.57935897496958	0.126362058565006	0.126451081886068	-5.75702218799269	-3.18989088298245	-2.77790951163851
0.360882964372856	-1.6385569577937	0.0981319905772871	0.1015127678733	-6.0669035789282	-2.48642436243612	-2.22964580871594
0.370882964372856	-1.70041014538494	0.0760986583483716	0.081497311971982	-6.29073624424279	-1.94345949570943	-1.79008839761397
0.380882964372856	-1.76413441154842	0.0588549456931852	0.0654151147215137	-6.443333875255	-1.52300600382042	-1.43977876407453
0.390882964372856	-1.82907743228209	0.0453213066696877	0.0524757107521701	-6.53626355042257	-1.19722334558848	-1.15911414379503
0.391421094412509	-1.83259571459405	0.0446810877287106	0.0518557655104196	-6.53977273968727	-1.1819017393275	-1.1457615644284
0.401421094412509	-1.89015009376332	0.019733637684773	-0.00207798527387177	-4.68521773579403	-4.81716781401703	-6.45984133469918
0.411421094412509	-1.93072188251858	-0.0425414257472071	-0.0642409786856105	-3.90422786939789	-6.51763644343397	-5.94269597671828
0.421421094412509	-1.97161171852217	-0.102864312144337	-0.118691606537184	-4.3097055123709	-5.46164702767609	-4.9289209472891
0.431421094412509	-2.01689928203166	-0.151703356766242	-0.163121575598045	-4.73124218400019	-4.33744402695869	-3.98225968581547
0.441421094412509	-2.06586050800109	-0.190317279293902	-0.198954950190046	-5.04159611547501	-3.42199890761128	-3.21038174354582
0.451421094412509	-2.11737367857094	-0.220801157964073	-0.227835578853783	-5.24452365819721	-2.70475484036745	-2.58736441067931
0.461421094412509	-2.17045614525601	-0.244929908847003	-0.251128971447714	-5.35839634974141	-2.14468256181756	-2.08840353138233
0.471421094412509	-2.22429982581642	-0.264102981460806	-0.269938833232956	-5.39931247987855	-1.7083495824091	-1.68754969869421
0.481421094412509	-2.27824538711215	-0.279415941271334	-0.285148518098723	-5.38075043073553	-1.36886639622548	-1.36499811815384
0.491421094412509	-2.33175572446284	-0.291725339266269	-0.297464003009017	-5.31399065787275	-1.10432155220712	-1.10686011845631
0.501421094412509	-2.38439450595002	-0.301697341645859	-0.307455216649705	-5.20780439902668	-0.89891153238463	-0.898306228276275
0.511421094412509	-2.43580681567697	-0.309851332742582	-0.315575101454797	-5.06983901670826	-0.738682073175577	-0.731360593999635
0.521421094412509	-2.48570507850065	-0.316588625410557	-0.322189765511717	-4.90599539456024	-0.613751437325339	-0.596847449939887
0.531421094412509	-2.53385622827719	-0.322219315475011	-0.327592285784907	-4.72114220617199	-0.516219063776955	-0.487863906188855
0.541421094412509	-2.58007150566282	-0.32698268087259	-0.332016162918897	-4.51941524022301	-0.439389956915439	-0.400288193142218
0.549984756311789	-2.6179938779915	-0.330512147960066	-0.335170888174011	-4.335658841894	-0.386591571651923	-0.338457162347296
0.559984756311789	-2.66565971519383	-0.325575409650071	-0.294432805446101	-5.44962792412161	2.29789290328236	5.38054597460684
0.569984756311789	-2.72711182242234	-0.282375062246831	-0.244395541489749	-6.48734365221067	5.48290118894969	4.84493467144118
0.579984756311789	-2.78999839824444	-0.228642417750254	-0.198866920693809	-5.99085439146881	5.03409784804153	4.18735476524546
0.589984756311789	-2.84628399590514	-0.183229973204356	-0.160923639082044	-5.26780775855473	4.04954780057686	3.41115675888157
0.599984756311789	-2.89557418103336	-0.147195328505256	-0.130247649055333	-4.60437454490253	3.18747608440032	2.74851806294379
0.609984756311789	-2.93865814421003	-0.118854282442495	-0.105567776602087	-4.02530646084629	2.50874601605627	2.20720694100642
0.61998475631179	-2.97630536962942	-0.0965338525075998	-0.0857205904218161	-3.51436143613433	1.97782168766071	1.77671175404373
0.629984756311789	-3.00912097165346	-0.0789151614180614	-0.0697448265574721	-3.05649636764166	1.56283788371417	1.43093034925796
0.639984756311789	-3.03757131658211	-0.0649797746653598	-0.0568770305014465	-2.63946294330208	1.23702943865788	1.15331532634221
0.649984756311789	-3.06201676548625	-0.0539409138846636	-0.0465054274421492	-2.25431125164749	0.980996930802785	0.9288518696081
0.659984756311789	-3.08273853282573	-0.0451846854272057	-0.0381440632930949	-1.89376532384004	0.778432853836869	0.749343159590568
0.669984756311789	-3.09995657053313	-0.0382322270328153	-0.0313999948643639	-1.55266492723491	0.618143247937168	0.605042436758107
0.679984756311789	-3.11384395665622	-0.0327077075307156	-0.0259573243180214	-1.22706600972522	0.491629252705595	0.487784036376555
0.689984756311789	-3.12453775421421	-0.0283139301120691	-0.0215651466185608	-0.913488964237063	0.391006031591523	0.394015120746364
0.699984756311789	-3.13214600621835	-0.0248176723091219	-0.0180185590230287	-0.609608248453393	0.311388860726594	0.317831766304432
0.709984756311789	-3.13675463490109	-0.0220335741168666	-0.0151549929124146	-0.313275838968661	0.247954405366226	0.25683980031012
0.719984756311789	-3.13843156068572	-0.0198155619067527	-0.0128419017574136	-0.023008542244645	0.197586102612281	0.207507139772138
0.729984756311789	-3.13723076454219	-0.0180475515729736	-0.0109731088008991	0.262449818117825	0.157566479157097	0.167618571881043
0.739984756311789	-3.13319514315375	-0.0166373249809912	-0.00946311195660944	0.54410368973059	0.125708972565837	0.135491345275812
0.749984756311789	-3.12635881921063	-0.015511676187236	-0.00824262585762068	0.822698122997262	0.1004195776786	0.10945878102648
0.759984756311789	-3.11674917378085	-0.0146121256549422	-0.00725609845291918	1.09885772940469	0.0802829138054261	0.0885481658147155
0.769984756311789	-3.10438833947305	-0.0138921365308867	-0.00645830293295968	1.37300657304063	0.0643310062864497	0.0716210074203711
0.779984756311789	-3.08929463437371	-0.013314398337303	-0.00581282158364704	1.64546674651062	0.0517403727463735	0.0579011112281306
0.789984756311789	-3.07148373820253	-0.0128488688249337	-0.00529037133270673	1.91647508786238	0.0417822180353433	0.0469475711077551
0.793077112947473	-3.06542813615581	-0.0127237484283814	-0.00514981628103364	2	0.0391739035723271	0.0439892107537575
0.803077112947473	-3.04408085503884	-0.0123694318170335	-0.00475286686704655	2.26923515477152	0.0319948431804632	0.0357007375496389
0.813077112947473	-3.02004790406229	-0.0120783339543587	-0.00443036411039297	2.53712619615401	0.0264736645562819	0.0290460627353538
0.823077112947473	-2.99334310505339	-0.0118354234152492	-0.0041675238446739	2.80358195873424	0.0223162476943031	0.0237172301747336
0.833077112947473	-2.96398160057713	-0.0116282946848021	-0.00395230081728668	3.06843106402097	0.0192850780053572	0.0194814917303017
0.843077112947473	-2.93198066480609	-0.0114466166557785	-0.00377482516817238	3.33141946356466	0.0171985540200134	0.016140094232135
0.853077112947473	-2.89736050808979	-0.0112816845823553	-0.0036269811157572	3.59221240913345	0.0159166486820053	0.013527259459279
0.863077112947473	-2.86014507840941	-0.0111260586256665	-0.00350209399508604	3.85039927633751	0.0153185395892031	0.0115347983876789
0.873077112947473	-2.82036284505124	-0.0109733218937404	-0.0033945880698643	4.10548529397531	0.0153233133935157	0.0100410929313675
0.883077112947473	-2.77804759413096	-0.0108178438733505	-0.00329983482413931	4.35690181188711	0.0158545262344523	0.00897570894904567
0.893077112947473	-2.73323919616306	-0.010654647180022	-0.0032139259028486	4.60400097849191	0.0168571109060717	0.00826490379868281
0.903077112947473	-2.68598436521213	-0.0104792814706979	-0.0031335643085701	4.84606235192835	0.0182804146632149	0.00785904779548376
0.913077112947473	-2.636337380897	-0.0102877536608666	-0.00305593513496634	5.08229390205308	0.0200834289577331	0.00771030213121491
0.923077112947473	-2.58436077144086	-0.0100764722914177	-0.00297863467293464	5.31183895964303	0.0222263020845045	0.00778432943819123
0.933077112947473	-2.53012593500601	-0.00984222462605953	-0.00289959647284353	5.53378169401406	0.0246721135229095	0.0080493786386842
0.943077112947473	-2.47371368726149	-0.00958216640567804	-0.00281704841018889	5.74715625487205	0.0273830214688104	0.00848005705245131
0.953077112947473	-2.41521471410987	-0.00929383011816162	-0.00272947293002358	5.95095639858905	0.030321071411345	0.00905128263063906
0.963077112947473	-2.35472991365832	-0.00897514005744997	-0.002635587207593	6.14414816597299	0.0334455201132677	0.00974156348520051
0.973077112947473	-2.29237060695792	-0.00862443836681817	-0.00253432238948793	6.32568305592925	0.0367144912505022	0.0105271602242918
0.983077112947473	-2.22825860367122	-0.00824050935674287	-0.00242482139505297	6.49451443326267	0.0400817687668297	0.0113885591405638
0.993077112947473	-2.16252610455858	-0.00782260974535573	-0.00230642858429041	6.6496135294593	0.0434993608290835	0.0123044168014823
1.00307711294747	-2.09531543241866	-0.00737049190965741	-0.00217869207488604	6.78998773350215	0.0469161780865584	0.0132553941352307
1.01307711294747	-2.02677858159388	-0.00688442488896439	-0.00204136003744046	6.91469839806833	0.0502801412045661	0.0142207419329815
1.02307711294747	-1.95707658523739	-0.00636520490517105	-0.00189438305801711	7.02287946120087	0.0535379338822227	0.0151810408482715
1.03307711294747	-1.88637870171186	-0.00581415805960465	-0.00173791050039987	7.1137548504205	0.0566369634943832	0.0161162684660992
1.04307711294747	-1.81486142991385	-0.00523313039658566	-0.00157228795654753	7.18665514705356	0.059526056230808	0.0170072139315191
1.05307711294747	-1.74270736773581	-0.00462446628843439	-0.00139805052524915	7.24103232563442	0.0621566832073235	0.0178358085991421
1.06307711294747	-1.67010393419985	-0.00399097513244818	-0.00121591122255777	7.27647197074184	0.0644847536631956	0.0185841710646729
1.07307711294747	-1.5972419819483	-0.00333588440860685	-0.00102674955838164	7.29270320932186	0.0664706096623326	0.0192376792221928
1.08307711294747	-1.52431432898163	-0.00266278478846546	-0.000831589606512475	7.28960452277975	0.0680817181887091	0.0197814201580307
1.09307711294747	-1.45151424545276	-0.0019755621575848	-0.000631583388256963	7.26720727754369	0.0692913684112829	0.0202055241589211
1.10307711294747	-1.37903392845808	-0.00127832702760005	-0.000427980320789185	7.22569419590987	0.0700817294875031	0.0204997167112629
1.11307711294747	-1.30706300395112	-0.000575333985782211	-0.000222106044253669	7.16539584501424	0.0704416251792915	0.0206595985726102
1.12307711294747	-1.23578708753114	0.0001290961362137	-1.53276232774096e-05	7.08678212011903	0.0703691487573307	0.0206809043736556
1.13307711294747	-1.16538643963301	0.000830658644693029	0.000190971028312618	6.99045212817332	0.0698693845726593	0.0205645344115413
1.14307711294747	-1.09603474105431	0.00152514115739207	0.000395421889173576	6.87712030025238	0.068955502876354	0.0203130575770451
1.15307711294747	-1.0278980142927	0.00220849694527275	0.000596699975799692	6.74760100174012	0.0676477742931606	0.0199314659140852
1.16307711294747	-0.961133708291198	0.00287691215979588	0.000793546645645082	6.60279184510028	0.0659717354899698	0.0194294937365534
1.17307711294747	-0.895889957238607	0.00352686091537426	0.000984799633220507	6.44365483674606	0.0639602459072427	0.0188143339846937
1.18307711294747	-0.832305023020755	0.00415515884862849	0.00116940044813994	6.27119976800897	0.0616474143502407	0.0181022578440767
1.19307711294747	-0.770506915096982	0.00475899427905891	0.00134642732937927	6.08646394986721	0.059074895163198	0.0173009434297079
1.20307711294747	-0.710613191597652	0.00533596546454843	0.00151508436939955	5.89049800947594	0.0562814276011697	0.0164311690869419
1.21307711294747	-0.652730920196414	0.00588408716368226	0.00167473451018148	5.68434644295016	0.0533127356831282	0.015500728351324
1.22307711294747	-0.596956798583377	0.00640180947765397	0.00182487567869165	5.46903676620467	0.0502091041123232	0.0145308447048846
1.23307711294747	-0.543377404054326	0.00688800521701201	0.00196516439427271	5.24556350370006	0.0470148680035029	0.0135315202797694
1.24307711294747	-0.492069566647287	0.00734196674315455	0.0020953947987626	5.01487967046889	0.0437703548887367	0.0125180165835338
1.25307711294747	-0.44310083759702	0.00776338575587654	0.00221549448411774	4.77788742279251	0.0405126748786279	0.0115073983794483
1.26307711294747	-0.396530035401103	0.00815232208953746	0.002325532466282	4.53542889312801	0.037282297404977	0.0105010691078583
1.27307711294747	-0.3524078591111	0.00850919164015907	0.00242566255076778	4.28828703592312	0.0341038724741071	0.00952907707865919
1.28307711294747	-0.31077752798183	0.00883470096385055	0.00251618791541774	4.03717210291052	0.0310182944318775	0.00857329779810148
1.29307711294747	-0.271675469985286	0.00912985591625121	0.00259743612280348	3.78273465687058	0.0280358469987574	0.00767746309111227
1.30307711294747	-0.235131989078479	0.00939586917926412	0.00266987541716664	3.52554796188829	0.0251909364596	0.00681772284154833
1.31307711294747	-0.20117196011507	0.0096341665990544	0.00273398890387864	3.26612372817915	0.0224952193951114	0.0060131867725348
1.32307711294747	-0.169815486586373	0.00984632258425515	0.00279032178499513	3.00490600666747	0.0199633469885051	0.00526532239249898
1.33307711294747	-0.141078543945866	0.0100340286267971	0.00283945288840189	2.74227619751021	0.0176064280804361	0.00457326446568175
1.34307711294747	-0.114973588122801	0.0101990572198694	0.00288197413214116	2.47855744595014	0.015429539459375	0.00394118801035556
1.35307711294747	-0.0915101246663312	0.0103432250048209	0.00291848705613776	2.21401795690425	0.0134347680760892	0.00337086015083548
1.36307711294747	-0.0706952340818462	0.010468359378461	0.00294959314990191	1.94887549081141	0.0116218099957247	0.00286087205653231
1.37307711294747	-0.0525340484709722	0.0105762657444528	0.00297588322101642	1.68330212889671	0.00998859341630365	0.00240712739018047
1.38307711294747	-0.0370301810451073	0.0106687060327337	0.00299792411923391	1.41743064880198	0.00852804938308235	0.00200907468731626
1.39307711294747	-0.0241860983844568	0.0107473680899048	0.00301625505822171	1.15135891757604	0.00723112872039037	0.00166508772101564
1.40307711294747	-0.0140034406552864	0.0108138422070309	0.0030313862501343	0.885154842932198	0.00608873828519442	0.00136798856872953
1.41307711294747	-0.00648328866383445	0.0108696061675795	0.00304378122396266	0.618863549178297	0.00508677079123913	0.00111732989371086
1.42307711294747	-0.00162637187273467	0.010916001471524	0.00305386566569812	0.352511109268066	0.00421211588586475	0.00090601855388874
1.43307711294747	0.00056677618782895	0.0109542217602706	0.0030620142027324	0.0861114009328472	0.00344888001997316	0.000729692941151833
1.44307711294747	9.57203616145141e-05	0.0109852973987607	0.00306855129600452	-0.180328850880602	0.00278035418223968	0.000582642817606949
1.45307711294747	-0.00303991844624303	0.0110100845786828	0.00307374654139239	-0.446804190899782	0.0021883414570644	0.000459842662769751
1.46307711294747	-0.00884044894899268	0.0110292546812011	0.00307781374606685	-0.713304992446203	0.0016538869857042	0.000355672660091026
1.47307711294747	-0.0173060391788673	0.0110432860186631	0.00308090856950183	-0.979811762287534	0.00115721265240505	0.000264461906832999
1.48307711294747	-0.0284365897803554	0.0110524566433391	0.00308312746350095	-1.24628957543525	0.000678058957936179	0.000180068883972948
1.49307711294747	-0.0422315511177432	0.0110568387987043	0.00308450652935739	-1.51268246330719	0.000195856747938782	9.58513120924902e-05
1.50307711294747	-0.0586896843870122	0.0110562951879278	0.00308501989180838	-1.77890772121966	-0.000310423306568439	5.40632375078376e-06
1.51307711294747	-0.0778087669891704	0.0110504768511705	0.00308457837868263	-2.04485026149422	-0.000862415375689716	-9.66856498550425e-05
1.52307711294747	-0.0995852424875961	0.0110388217788426	0.00308303077579949	-2.31035735995729	-0.00148151404293508	-0.000216362712345372
1.53307711294747	-0.124013816631338	0.0110205556879509	0.00308016495807404	-2.57523347354948	-0.00218821219246978	-0.000361079220083886
1.54307711294747	-0.151087001662296	0.0109946968921578	0.00307570540375979	-2.83923470188687	-0.00300316908417648	-0.000536710245764603
1.55307711294747	-0.180794610288199	0.0109600622874065	0.00306931474870675	-3.10206400715533	-0.00394675791117	-0.000747914547654476
1.56307711294747	-0.21312320255603	0.0109152744224594	0.00306060000441147	-3.36336738987128	-0.00503680651950218	-0.0010025169042277
1.57307711294747	-0.24805549246719	0.0108587772063626	0.0030491083129114	-3.62272901486781	-0.00629121268209763	-0.001304536939006
1.58307711294747	-0.285569716799789	0.0107888502601584	0.00303433517138542	-3.87966858036628	-0.00772552547216255	-0.00165874724988502
1.59307711294747	-0.325638975594274	0.0107036288758684	0.00301573061820285	-4.13363907986292	-0.00935182247093369	-0.00207207790150037
1.60307711294747	-0.36823055424198	0.010601132788521	0.00299269789425236	-4.38402431626646	-0.0111814281514681	-0.00254612713761546
1.61307711294747	-0.413305234569987	0.0104792936491106	0.0029646069022134	-4.63013944468086	-0.0132217668409201	-0.00308312249623367
1.62307711294747	-0.460816610295119	0.0103359898649225	0.002930804091087	-4.87123216044407	-0.0154754324389656	-0.00368674228154826
1.63307711294747	-0.510710420959247	0.0101690878262058	0.00289062089315658	-5.10648499204861	-0.0179406078804027	-0.0043598565107817
1.63558675673058	-0.523598775598372	0.0101232492644601	0.00287945324527141	-5.16450585323843	-0.0185928145849993	-0.00453760274352691
1.64558675673058	-0.583772222492728	0.0224528562882532	0.0489721492354011	-7.14870930731195	3.48230171471354	6.08330691716116
1.65558675673058	-0.664748288695054	0.0773820452197843	0.106725196244586	-8.52348655158837	6.25157717922119	5.59951502081704
1.66558675673058	-0.749424763866201	0.136343846073173	0.158523369517705	-8.3486189294079	5.39660331175251	4.71620326460058
1.67558675673058	-0.831452278902949	0.184710111468423	0.201090094232038	-8.06482253796395	4.2962888876037	3.81579456400417
1.68558675673058	-0.91095268370232	0.2228322223163	0.235406304477858	-7.84841756722064	3.36141868573434	3.07018830009388
1.69558675673058	-0.988655735319817	0.252548989245635	0.262967268837896	-7.70262392298595	2.61016007941706	2.463236805789
1.70558675673058	-1.06518463811746	0.275543830328376	0.285062332679907	-7.6108236066351	2.01176756300109	1.97320107137918
1.71558675673058	-1.14100143001893	0.293196231486058	0.302749315536475	-7.55807072214114	1.53770594022907	1.57719810373448
1.72558675673058	-1.21643259789982	0.306623568800616	0.316881909241366	-7.53180316405632	1.16290460102049	1.26032998493796
1.73558675673058	-1.29169459659854	0.316725090652463	0.328157970996267	-7.52272452633868	0.869433840612939	1.00421725062978
1.73788686362563	-1.30899693899575	0.318657681919836	0.330408388080345	-7.52215518625625	0.811528876875252	0.953086503658295
1.74788686362563	-1.37695594968578	0.313110286753694	0.293848183760216	-5.80922693370571	-2.8102479633672	-5.32642602203613
1.75788686362563	-1.42646534276633	0.264151632015211	0.242733288755919	-4.57462861531752	-5.806690848956	-5.01660744639861
1.76788686362563	-1.47335777932652	0.208454808864607	0.195990403378325	-4.88625005199596	-5.14483874046937	-4.27286457724704
1.77788686362563	-1.52467310412787	0.162361880589119	0.157395147234172	-5.37149379888495	-4.08477850597343	-3.46142012045541
1.78788686362563	-1.58051101930414	0.126179745680574	0.126324102638064	-5.77907133425505	-3.18672395840669	-2.77549057288619
1.79788686362563	-1.63992644079603	0.097978392163023	0.101408270166563	-6.0883508200212	-2.48379991740872	-2.22763577046626
1.80788686362563	-1.70199103161089	0.0759689294384135	0.0814112024303994	-6.31157527486007	-1.94127121283119	-1.78847160412273
1.81788686362563	-1.76592051060318	0.0587450056525637	0.0653439527719497	-6.46354251797872	-1.52120018891995	-1.43845746651412
1.82788686362563	-1.83106236251717	0.0452276740096823	0.0524167044377392	-6.55582348819892	-1.19574182056454	-1.15803599073497
1.82812073092941	-1.83259571459414	0.0449487479673043	0.0521467058613846	-6.55735843741452	-1.18904074760921	-1.15227435255602
1.83812073092941	-1.89031912589854	0.0199107807363567	-0.00182074826352666	-4.7016263947896	-4.82746852573623	-6.46176907768666
1.84812073092941	-1.93108501330541	-0.0423940619236502	-0.0640141364808528	-3.92454611888662	-6.51846900852138	-5.94473946515992
1.85812073092941	-1.97218027225025	-0.102719504490016	-0.11848008783632	-4.33044016158305	-5.46133469983586	-4.93053043148352
1.86812073092941	-2.01767507703954	-0.151555139889128	-0.162919907143379	-4.75217252387727	-4.33634799260989	-3.98452774128328
1.87812073092941	-2.06684371902819	-0.19016242082803	-0.198762465869118	-5.0623064443361	-3.42123545308362	-3.21130864766507
1.88812073092941	-2.11856287800423	-0.220639652451394	-0.227648799153237	-5.26511782648588	-2.7038206515749	-2.58853226037254
1.89812073092941	-2.17184942148237	-0.244761677277602	-0.250947467976202	-5.37868951288655	-2.14401846034698	-2.08894629739778
1.90812073092941	-2.22589448282767	-0.263929079585231	-0.269761136645399	-5.41931437682849	-1.70780040441281	-1.68798421226869
1.91812073092941	-2.28003835382042	-0.279237516288794	-0.284973948246842	-5.40042350550682	-1.36845488142101	-1.36533948374987
1.92812073092941	-2.33374364344845	-0.291543609415178	-0.297292206829942	-5.33329516190698	-1.10410363903393	-1.10699518961576
1.93812073092941	-2.3865737862508	-0.301513679615683	-0.307285592900965	-5.22675628245004	-0.898788089997479	-0.898488947852829
1.94812073092941	-2.43817382734743	-0.309666871502299	-0.315407572985204	-5.08841339748154	-0.738707709935045	-0.731433057876266
1.95812073092941	-2.48825615469802	-0.316404461385699	-0.322024115110061	-4.92419835364763	-0.613900719161412	-0.596846411191234
1.96812073092941	-2.53658773833307	-0.322036459088473	-0.327428203332519	-4.73900102977208	-0.51641537110496	-0.487954639200887
1.97812073092941	-2.58297992942485	-0.326801979013545	-0.331853416515926	-4.53695616420364	-0.439575110634322	-0.400587780092926
1.98598327615807	-2.6179938779915	-0.330061052020546	-0.334770550719481	-4.36829665128166	-0.390839424347815	-0.343217250438105
1.99598327615807	-2.66600041210341	-0.325131833901026	-0.294096533052589	-5.4850691541827	2.30056842564397	5.37305617972437
2.00598327615807	-2.72781929871863	-0.281874312840264	-0.244118384377518	-6.52100031535585	5.48136134075305	4.84273315998198
2.01598327615807	-2.79102430302852	-0.228194930963156	-0.198633955466543	-6.02094579203134	5.02433121873186	4.18821617963076
2.02598327615807	-2.84761572259846	-0.182861278067105	-0.160728984812748	-5.29844192953735	4.04198000485865	3.40755703926991
2.03598327615807	-2.89721456676037	-0.146894903922539	-0.130089736627827	-4.63542480329675	3.18121525247139	2.74524532030561
2.04598327615807	-2.94061118162717	-0.118609969903033	-0.105441453039436	-4.05656561527228	2.50308450142728	2.20574448375334
2.05598327615807	-2.97857420603288	-0.0963362325295109	-0.0856185255616789	-3.5459792807059	1.97325179190362	1.7753561500598
2.06598327615807	-3.01170844122552	-0.0787556129937769	-0.0696628849379704	-3.08834680827385	1.55897811355637	1.43011534871659
2.07598327615807	-3.04047947920362	-0.064851985405905	-0.056809917730984	-2.67170117493073	1.23438022792471	1.15147714541046
2.08598327615807	-3.0652477900464	-0.0538381717441771	-0.0464523146777735	-2.28660057813677	0.978494542763819	0.928175682370108
2.09598327615807	-3.08629383565302	-0.0451026830806151	-0.0381013756107121	-1.92621990277269	0.776432562289511	0.748727236646401
2.10598327615807	-3.10383745540714	-0.0381670972580129	-0.0313655580329042	-1.58528091030543	0.616622016535177	0.604319474057821
2.11598327615807	-3.11805161996578	-0.0326560466234143	-0.0259299068574546	-1.25976941281551	0.49033960069798	0.487349770902601
2.12598327615807	-3.12907319783159	-0.0282730895620665	-0.0215434379040017	-0.946261896115786	0.389877484051301	0.393879825085329
2.13598327615807	-3.13701006379655	-0.0247856658570738	-0.0180011135698567	-0.642487851033664	0.310526949730159	0.31761900908252
2.14598327615807	-3.14194809392196	-0.0220086580539731	-0.015140977602532	-0.34624625296635	0.247301943900089	0.256575824940429
2.15598327615807	-3.14395512082379	-0.0197963064599627	-0.0128307341931706	-0.0560432672504949	0.197059558044794	0.207297740237977
2.16598327615807	-3.14308500024238	-0.0180328737461071	-0.0109642170939051	0.229360911443826	0.157143843179738	0.167440258577013
2.17598327615807	-3.13938051271955	-0.0166263492708381	-0.00945612493736584	0.51098444056436	0.125337248023342	0.135405528881542
2.18598327615807	-3.13287560043501	-0.0155038022587717	-0.00823710252720513	0.789553465530271	0.100120286278073	0.109362543504479
2.19598327615807	-3.1235974581814	-0.0146068863330633	-0.00725176726763701	1.06570913939084	0.0800425702911909	0.0884290332591752
2.20598327615807	-3.11156797722488	-0.0138891871810555	-0.00645501001562453	1.33988786966818	0.0641167859669111	0.0715187836394545
2.21598327615807	-3.09680516547807	-0.0133135259608639	-0.00581044581083085	1.6124150613664	0.0515309961665018	0.0578343098030412
2.22598327615807	-3.07932431848857	-0.012849994242311	-0.00528876684611663	1.88352518299007	0.0415881779348089	0.0468650822428651
2.23029453553565	-3.07095279301444	-0.0126785656406459	-0.00509560724992567	2.00000000000076	0.0379979075448167	0.0428137657823685
2.24029453553565	-3.04960548997379	-0.0123348570546767	-0.00470935379908549	2.26925182030904	0.0310310930971	0.03475118929689
2.25029453553565	-3.02557207963156	-0.0120524687241305	-0.00439555294755883	2.53721317980442	0.0256801664198259	0.0282685900318896
2.26029453553565	-2.99886583975801	-0.0118167755009843	-0.00413983155248277	2.80379515320869	0.021651539886181	0.0230874340132939
2.27029453553565	-2.96950136592572	-0.0116157084871172	-0.00393044334617785	3.06882441765884	0.0187219546920046	0.0189662610476249
2.28029453553565	-2.93749538297198	-0.0114391982145625	-0.00375777129907408	3.33204752562447	0.0167162305104401	0.0157110692835915
2.29029453553565	-2.90286754546956	-0.0112787390522874	-0.00361392077305746	3.59313303022191	0.0154921140808496	0.0131772862741903
2.30029453553565	-2.86564122818881	-0.0111270651076903	-0.00349235346412074	3.85166772437631	0.0149447205778326	0.0112323849455834
2.31029453553565	-2.82584432267064	-0.010977873344562	-0.00338765331458932	4.10716179213252	0.0149845571167436	0.00978526523319868
2.32029453553565	-2.78351001971735	-0.0108256367861538	-0.00329528147072463	4.35904547841087	0.0155446880458246	0.00875185227501117
2.33029453553565	-2.73867758912641	-0.0106654451616634	-0.00321142496584092	4.60667330561197	0.0165672694858641	0.00807159139838606
2.34029453553565	-2.69139313355168	-0.0104929088827384	-0.00313284349510523	4.84932341795925	0.018008886499055	0.0076853256928252
2.35029453553565	-2.64171032819625	-0.0103040566855519	-0.00305679251969397	5.08620691566926	0.0198201422762197	0.00756632997845306
2.36029453553565	-2.58969109007759	-0.0100953369248275	-0.00298088313851971	5.31646216121465	0.0219752601915919	0.00765384359112204
2.37029453553565	-2.53540622681355	-0.00986353877148774	-0.00290310029802665	5.53917468915736	0.0244292983740149	0.00793752708702569
2.38029453553565	-2.47893597730416	-0.00960582767363841	-0.00282167844464447	5.75337407231289	0.0271522942620333	0.00837614850846691
2.39029453553565	-2.42037048225311	-0.00931972666924077	-0.00273512772236634	5.9580522986437	0.0301023135624414	0.0089561243752215
2.40029453553565	-2.35981012938055	-0.00900315173545813	-0.00264217078230284	6.15217044601826	0.0332416323326855	0.00965055830457718
2.41029453553565	-2.29736577742602	-0.00865442716925647	-0.00254175182013702	6.334675683466	0.036526240758562	0.0104420098455624
2.42029453553565	-2.2331588284928	-0.00827232016880065	-0.00243301398252061	6.50451484813855	0.0399116356780428	0.0113078471888585
2.43029453553565	-2.16732114232003	-0.00785606417072907	-0.00231530907514828	6.66065307507337	0.0433472230685559	0.0122333609137939
2.44029453553565	-2.09999477244751	-0.00740539390713549	-0.00218817587269792	6.80208883927257	0.0467855131633498	0.013191003653885
2.45029453553565	-2.03133152754962	-0.00692055429879249	-0.00205136776364177	6.92787602474493	0.0501711366687803	0.0141675990344832
2.46029453553565	-1.96149234085641	-0.00640232512759076	-0.00190482543436289	7.03713860512016	0.053453511080044	0.01513692858547
2.47029453553565	-1.89064646472847	-0.00585201373061482	-0.00174869915790422	7.12909165770564	0.0565779746880769	0.0160831287126204
2.48029453553565	-1.81897048637344	-0.00527145348590644	-0.00158332918374975	7.20305586222584	0.059493966953244	0.0169846412736116
2.49029453553565	-1.7466471881889	-0.00466297914238026	-0.00140924826112533	7.25847364688398	0.0621525165476147	0.0178233430852862
2.50029453553565	-1.67386426829946	-0.00402939423650628	-0.00122716986986593	7.29492156871674	0.0645082575085605	0.0185830901041231
2.51029453553565	-1.60081294816167	-0.00337392783421166	-0.00103796952391206	7.31211944616152	0.0665226796196857	0.0192452569331019
2.52029453553565	-1.52768650037461	-0.00270017313052524	-0.00084267847747095	7.30993847498041	0.0681602511636927	0.0198005859910005
2.53029453553565	-1.45467872418625	-0.00201202944988495	-0.000642443975010614	7.2884018195086	0.0693970363495962	0.0202313669100005
2.54029453553565	-1.38198241448134	-0.00131361835927897	-0.000438529364980418	7.24768737216646	0.0702107525131611	0.0205364857551019
2.55029453553565	-1.30978784728572	-0.000609218460237835	-0.000232255973406225	7.18811941470869	0.070594230233534	0.0207009862145428
2.56029453553565	-1.23828133348622	9.68303524769005e-05	-2.50091342264949e-05	7.11016568705313	0.0705406755143015	0.0207310599555885
2.57029453553565	-1.16764385525014	0.000800192395092117	0.000181827868620293	7.01442177615456	0.0700589142734208	0.0206180070671488
2.58029453553565	-1.09804983292713	0.00149662848781721	0.000386870536537197	6.90160209450807	0.0691591232198081	0.020370788422976
2.59029453553565	-1.02966602987729	0.0021820599146981	0.000588784311742764	6.77252125361547	0.0678619441153215	0.0199931459074111
2.60029453553565	-0.962650624900427	0.00285263757077238	0.000786306088406195	6.62807760622496	0.066195691770865	0.0194880632818259
2.61029453553565	-0.897152463127223	0.00350481011493719	0.000978244598721686	6.46923824873272	0.0641858440537815	0.0188801495402184
2.62029453553565	-0.833310478591244	0.00413534833697462	0.00116356025461166	6.29701267493912	0.0618793474478277	0.018155688826703
2.63029453553565	-0.771253321145725	0.00474142819593076	0.00134127565334402	6.11244871625383	0.0592991437167258	0.0173667781851254
2.64029453553565	-0.71109912710603	0.00532059539707472	0.00151064016803258	5.9165947870955	0.0565076740850727	0.0164790412253477
2.65029453553565	-0.652955503203491	0.00587086408542958	0.00167094472543843	5.71050945092995	0.0535244753111304	0.0155624923006374
2.66029453553565	-0.596919611884311	0.00639063729237243	0.00182173321195196	5.49521896734444	0.0504131566608034	0.0145843702093794
2.67029453553565	-0.543078445310644	0.00687877981347146	0.00196262393657757	5.27172819134847	0.0472052956393028	0.0135854918999254
2.68029453553565	-0.491509180465665	0.00733456103977067	0.00209341697940898	5.04099472091537	0.0439467025725609	0.0125692264498623
2.69029453553565	-0.442279655914969	0.00775765955945436	0.00221403274213179	4.80392715568305	0.040673772858797	0.0115551531113641
2.70029453553565	-0.395448918087613	0.00814812784089797	0.00232452642547377	4.56137477532206	0.0374232608580261	0.010554726805643
2.71029453553565	-0.351067832181116	0.00850636269987596	0.00242508122987428	4.31412205649494	0.0342330442318495	0.00956705021128396
2.72029453553565	-0.309179738189249	0.00883308232224897	0.00251595868680073	4.06288967062243	0.0311276484279805	0.00861394731455964
2.73029453553565	-0.269821125753356	0.00912927634080146	0.00259752288323128	3.80832800557913	0.0281331239333019	0.00770290106989203
2.74029453553565	-0.233022324955892	0.009396172983215	0.00267021178006661	3.55101875617877	0.0252708477708374	0.00684126628666701
2.75029453553565	-0.198808190662969	0.00963519550282954	0.00273452771707316	3.29147497367213	0.0225601278231848	0.00603091074495689
2.76029453553565	-0.167198775239659	0.00984792728160649	0.00279101525365371	3.03014430988865	0.0200143732187792	0.00527669850477771
2.77029453553565	-0.138209974125361	0.0100360701466313	0.00284025170715075	2.76741122216923	0.0176432576927165	0.00458225517863147
2.78029453553565	-0.111854140160857	0.0102014071775313	0.00288283771187391	2.50360034172431	0.0154537253274078	0.00394732200638086
2.79029453553565	-0.0881406587370792	0.0103457678768142	0.00291937952265645	2.23898122811855	0.0134482377724538	0.00337329588244284
2.80029453553565	-0.0670764785884823	0.0104709936255606	0.00295048353166934	1.97377240573127	0.0116269009130253	0.00285846529876125
2.81029453553565	-0.0486665954945433	0.0105789085097925	0.00297674234318815	1.70814686659895	0.00998594312187546	0.0024023974342785
2.82029453553565	-0.0329144843781158	0.0106712898505333	0.00299872945600465	1.44223683614444	0.00851930524987302	0.00200292463764241
2.83029453553565	-0.0198224791633129	0.0107498429700406	0.00301699105695304	1.17613922197578	0.00721858991375269	0.0016570250439652
2.84029453553565	-0.00939209844867863	0.0108161782415565	0.00303203999109892	0.909921033856977	0.00607345302365769	0.00136057128073887
2.85029453553565	-0.00162431629677628	0.0108717910126167	0.0030443495161226	0.64362500815889	0.00507154516932776	0.00110916347290758
2.86029453553565	0.00348022262420115	0.0109180434560729	0.00305434921508839	0.377275107659003	0.00419896625335965	0.000897663438160218
2.87029453553565	0.00592104345010159	0.0109561495142198	0.00306241947932166	0.110882329360161	0.00343979747377696	0.000721861687582356
2.88029453553565	0.0056977380271635	0.010987160291172	0.00306889034718724	-0.155549975267341	0.0027771953164016	0.000576434580222809
2.89029453553565	0.00280991746445287	0.011011952716738	0.00307403762217467	-0.422020329776705	0.0021930733889871	0.000456151982162486
2.90029453553565	-0.00274277887978777	0.0110312190787844	0.00307808136212752	-0.688523613894806	0.00166858514924924	0.000355174570227961
2.91029453553565	-0.0109606183336365	0.0110454586129539	0.00308118365285399	-0.955045387382866	0.00118411875722417	0.000267454211437865
2.92029453553565	-0.021843653470287	0.0110549702828053	0.00308344736440333	-1.22155629895064	0.000719563499639948	0.000186484856176356
2.93029453553565	-0.0353915445661829	0.0110598475797752	0.00308491389093237	-1.4880063196149	0.000254009419094493	0.000106367878587653
2.94029453553565	-0.0516033256875506	0.0110599741878611	0.00308556256416665	-1.75431918124973	-0.000233956669795784	2.14930257015798e-05
2.95029453553565	-0.0704771148097932	0.01105502097427	0.00308531082355035	-2.02038692166833	-0.00076573862640675	-7.42500987982253e-05
2.96029453553565	-0.0920097686410564	0.011044444745634	0.0030840145150466	-2.28606448217663	-0.00136227611110998	-0.000188072928477315
2.97029453553565	-0.11619648348881	0.0110274900569454	0.00308146600033205	-2.55116408107984	-0.00204466518592739	-0.000326324356223823
2.98029453553565	-0.143030343215714	0.0110031927267726	0.00307739396018931	-2.81544994165682	-0.00283422621625068	-0.000493755166267495
2.99029453553565	-0.172501816013498	0.0109703836681259	0.00307146855251545	-3.07863396331118	-0.0037504292340896	-0.000697617948126422
3.00029453553565	-0.204598205083272	0.010927699200249	0.00306329939229101	-3.34037069005571	-0.00481216799030135	-0.000943899529804855
3.01029453553565	-0.239303056015074	0.0108735934749188	0.00305243737791944	-3.60025318046696	-0.00603770444052184	-0.00123656699752651
3.02029453553565	-0.276595525883976	0.0108063516143148	0.00303838389733585	-3.857810423288	-0.00744171733766045	-0.00158330918278625
3.03029453553565	-0.316449724394253	0.0107241138122177	0.00302058677528279	-4.11250354169806	-0.0090386015599415	-0.00198679695576379
3.04029453553565	-0.358834031518788	0.0106248974695115	0.00299845176085729	-4.36372494383753	-0.0108395054693751	-0.00245028702817678
3.05029453553565	-0.403710404863909	0.0105066259173041	0.00297135169076067	-4.6107981072876	-0.0128509582607076	-0.00297947369680491
3.06029453553565	-0.451033689740338	0.0103671657061706	0.00293862958252141	-4.85297764163946	-0.0150768019919426	-0.00357669057031669
3.07029453553565	-0.500750944191548	0.0102043663049103	0.00289960919572423	-5.08945166786856	-0.0175176058802357	-0.0042409699615163
3.07473870440996	-0.523598775598446	0.0101239679208348	0.00288006571400031	-5.19248669474407	-0.0186714455019688	-0.00455484283779959
3.08473870440996	-0.584051074022114	0.0224502111009512	0.0489766599400514	-7.17652563779511	3.48184924389663	6.08346747864707
3.09473870440996	-0.665302121010199	0.0773679024837925	0.106728609926	-8.5513463425911	6.25136088083386	5.59888364294547
3.10473870440996	-0.750255462904138	0.136322993003302	0.158526802299687	-8.37660210989442	5.39695233384131	4.71351801955536
3.11473870440996	-0.832558961541756	0.184682222263576	0.201086109834049	-8.09189946980871	4.29412329293078	3.8180333731309
3.12473870440996	-0.912331696741358	0.222790123292094	0.235402957146185	-7.87571090435804	3.36047296301234	3.06877164432075
3.13473870440996	-0.990305052674336	0.252492619726698	0.262959587405252	-7.7295284903301	2.60873354587263	2.46263681495941
3.14473870440996	-1.06710111161706	0.275472062582368	0.285050759023392	-7.63736821793701	2.01021885774355	1.97279957263219
3.15473870440996	-1.14318148273985	0.293109341196953	0.302733180881852	-7.58411856988907	1.53588021315073	1.57761686586571
3.16473870440996	-1.21887175055242	0.306521848132304	0.316862423629034	-7.55740837058269	1.16127358660476	1.26053017246787
3.17473870440996	-1.29438772397667	0.316609721172848	0.328135538913764	-7.54782800766348	0.868104918619	1.00404185372918
3.17667434209321	-1.30899693899575	0.318242357476917	0.330036826869283	-7.5472339031571	0.819281512520773	0.960599363865451
3.18667434209321	-1.37719383808577	0.312740533546227	0.293570577343167	-5.83209760236339	-2.80742466541162	-5.32038834665073
3.19667434209321	-1.42695167773398	0.263860242180347	0.242500307410699	-4.59878232082777	-5.80038114048882	-5.01162389410067
3.20667434209321	-1.47407869294641	0.208212575294926	0.195804985277978	-4.90976316711635	-5.13904518586183	-4.27275368076155
3.21667434209321	-1.52562156735521	0.162159487841479	0.157240066021243	-5.3938840566761	-4.08134877856537	-3.45832990827673
3.22667434209321	-1.58168026803544	0.126007955527721	0.126198616052309	-5.80114117350066	-3.18305539337327	-2.77491466270114
3.23667434209321	-1.64131125062919	0.0978337041706582	0.101303298143213	-6.10958192202875	-2.48142833768338	-2.22553941516798
3.24667434209321	-1.70358515912785	0.0758458048428715	0.0813255401955844	-6.33233646747621	-1.93890140398329	-1.78768063191754
3.25667434209321	-1.76771814620737	0.0586405388883028	0.0652723927664699	-6.48357120177518	-1.51953869607032	-1.43710492466155
3.26660417035979	-1.83259571459405	0.0452221421668124	0.052438769906503	-6.57478404764521	-1.19629043631596	-1.15889825048877
3.27660417035979	-1.89049014709313	0.0201053536876579	-0.00160375167281448	-4.71766359194379	-4.838425880416	-6.46338722796553
3.28660417035979	-1.93144371741299	-0.0422425651334652	-0.0638213326987173	-3.94442397169151	-6.52023391929691	-5.94544773462926
3.29660417035979	-1.97274215289656	-0.102574270642177	-0.118294270285686	-4.35133301213034	-5.46025213455942	-4.93353068200517
3.30660417035979	-2.01844353505754	-0.151405976381053	-0.162740447128318	-4.77304918939232	-4.33516021523401	-3.98654747043957
3.31660417035979	-2.06781859315671	-0.190007129554418	-0.198586642710006	-5.08311520387423	-3.41988717014025	-3.21326863997847
3.32660417035979	-2.11974304504159	-0.220477175761036	-0.227476488494105	-5.28564017159133	-2.70283626715542	-2.58950994672773
3.33660417035979	-2.17323267381553	-0.244592820336788	-0.250776767777629	-5.39900692830223	-2.14299168276466	-2.09014288390771
3.34660417035979	-2.22747826726282	-0.263754410772382	-0.269592350129044	-5.43928759695126	-1.70705606334382	-1.68870957573388
3.35660417035979	-2.28181952506148	-0.27905841813926	-0.284806252307377	-5.42008565664526	-1.36779173410799	-1.36615884977912
3.36660417035979	-2.33571890515504	-0.291361125393057	-0.297126044053935	-5.35255565235621	-1.10374356520366	-1.10736400799476
3.37660417035979	-2.38873951936729	-0.301329315391643	-0.307120300670909	-5.24567254496472	-0.898500423155407	-0.898988743498379
3.38660417035979	-2.44052649351075	-0.309481524838546	-0.315243898097166	-5.10689340860167	-0.738765505904542	-0.731336847564009
3.39660417035979	-2.49079204220554	-0.316219449310605	-0.321861442889666	-4.9423160029729	-0.614061176998467	-0.596745935579933
3.40660417035979	-2.53930328172171	-0.321852670285869	-0.327266673660214	-4.75675035428685	-0.51671065083809	-0.487729236831195
3.41660417035979	-2.58587164058799	-0.326620257418333	-0.331692910914975	-4.55436505712575	-0.439942844895608	-0.400362032620716
3.42377747702912	-2.61799387799151	-0.329610570098705	-0.334372420512608	-4.40057497876431	-0.395124233925487	-0.347792851377728
3.43377747702912	-2.66633731713217	-0.324689913410823	-0.29375875855595	-5.5201355518008	2.30315835354162	5.36583364076365
3.44377747702912	-2.72849024910693	-0.281445999511517	-0.243830876889601	-6.55245147342584	5.47564776298363	4.83746741227557
3.45377747702912	-2.79200519628193	-0.227832086640545	-0.198395577111349	-6.05191778995257	5.01811552110119	4.18225249899317
3.46377747702912	-2.84890556162183	-0.182561595760331	-0.160535696815368	-5.32946051145231	4.03614799691474	3.40330981998141
3.47377747702912	-2.89881588654315	-0.146649089685549	-0.129934307143817	-4.66655027042153	3.17577913406078	2.74306578500944
3.48377747702912	-2.94252637151881	-0.118410071842286	-0.105314526373614	-4.08811448950311	2.4990191908719	2.20291407976624
3.49377747702912	-2.98080579854285	-0.09617396582232	-0.0855157769104025	-3.57775347154291	1.96992574982333	1.77296524538512
3.50377747702912	-3.01425846844005	-0.0786242840153655	-0.0695801329108425	-3.12026439629592	1.55613156298433	1.42841673445672
3.51377747702912	-3.04334952207362	-0.0647463525162671	-0.0567428516405375	-2.70381445337321	1.23217407222188	1.14978898984539
3.52377747702912	-3.06843931910315	-0.0537534151273663	-0.0463984040620326	-2.31882132802054	0.976639686284235	0.926925224362589
3.53377747702912	-3.08980814799191	-0.0450346570739085	-0.0380588349044189	-1.95843894456992	0.774569116072751	0.748544499366317
3.54377747702912	-3.10767530592138	-0.0381135373167138	-0.0313301610089319	-1.61778154701394	0.615627067247519	0.60296401461915
3.55377747702912	-3.12221426840734	-0.0326132852725681	-0.0259023976249279	-1.292221720778	0.489150486840022	0.487161161767141
3.56377747702912	-3.13356120860841	-0.0282398568064426	-0.0215203486753971	-0.978944717065923	0.38935577604876	0.392707636500752
3.57377747702912	-3.14182445923142	-0.02475942824158	-0.0179831373225233	-0.675156396039895	0.309882341682535	0.317206441956562
3.58377747702912	-3.14708950409346	-0.0219882669177695	-0.015126565967853	-0.378985009434237	0.246789594959001	0.25623247948671
3.59377747702912	-3.14942419073274	-0.019780648555928	-0.0128191034110898	-0.0888562020350754	0.196687661732496	0.206926876396763
3.60377747702912	-3.14888233494245	-0.0180209580662099	-0.010955008990576	0.196509902703726	0.156803870562467	0.167230951099954
3.61377747702912	-3.14550656167057	-0.016617561639747	-0.00944869704239107	0.478080353762295	0.125094415812188	0.135150144906417
3.62377747702912	-3.13933072971345	-0.0154975422877803	-0.00823128410121748	0.756635544370338	0.0998831274689945	0.109229142190474
3.63377747702912	-3.13038182100085	-0.0146028175976876	-0.00724719425867123	1.03278455247302	0.0798380266911373	0.0883154702531535
3.64377747702912	-3.11868150350125	-0.013887087539064	-0.00645141023410508	1.30697276977299	0.0639628593408301	0.0713498213525754
3.65377747702912	-3.10424753311406	-0.0133131721816973	-0.00580785493007269	1.57956597061072	0.0513399195869589	0.0577874291725328
3.66377747702912	-3.08709480246146	-0.0128514098216089	-0.00528690226023934	1.85075678594019	0.0414283799966052	0.0467559869657063
3.66930053012827	-3.0764606546175	-0.0126354600844657	-0.00504296121516838	2.00000000000077	0.036882792454147	0.0416612936283083
