=========================== Parameters =====================================
l1 [m]	l2 [m]	l3 [m]	c1 [m]	c2 [m]	c3 [m]	m1 [kg]	m2 [kg]	m3 [kg]
0.22	0.22	0.2458	0.176	0.132	0.17206	0.1564	0.23764	0.1564
============================== Data ========================================
t [s]	th1 [rad]	th2 [rad]	th3 [rad]	th1d [rad/s]	th2d [rad/s]	th3d [rad/s]
0	0	0	0	0	0	0
0.01	-0.00184866672804014	0.00127871735149455	0.000595017088166019	-0.34170444152503	0.203070873483619	0.117870868315425
0.02	-0.0065276537168905	0.00359116993043475	0.0020371017768896	-0.584527947930965	0.245248006563627	0.15907073793554
0.03	-0.0134155666350706	0.00600067198369429	0.00362749349080004	-0.78939483120493	0.231319417789351	0.154360377416646
0.04	-0.0222720863704901	0.00815300568779553	0.00507281276343885	-0.980885036897935	0.197698277155081	0.133292965973332
0.05	-0.0330258873238902	0.00994490402806947	0.00628155013367954	-1.16993613012887	0.160783451281119	0.108533987606132
0.06	-0.0456776619137697	0.0113803706218244	0.00724835784329951	-1.3608886447145	0.1270344030833	0.0853847794655533
0.07	-0.0602546085925107	0.012503062712304	0.00800073599658631	-1.55507859057096	0.098444842700421	0.065664129347353
0.08	-0.0767899793571978	0.013366152131061	0.00857489123613672	-1.75252039074759	0.075045163536353	0.0497148666251993
0.09	-0.0953143744902046	0.0140195401102475	0.00900598204136145	-1.95277350596151	0.056340752292646	0.0370087060699028
0.1	-0.115852691157702	0.0145058913963966	0.0093240104616981	-2.15519349997561	0.0414964483903293	0.0270097315826819
0.11	-0.138423297644752	0.0148597136215687	0.00955327442851455	-2.35912521155304	0.0297102148620748	0.0191665029515353
0.12	-0.163038202162968	0.0151080417892821	0.00971278098098053	-2.56395553280457	0.0202948484931315	0.0129799519670527
0.13	-0.189703513649902	0.015271600184869	0.00981702334380312	-2.76911886436098	0.0126801609543769	0.00804110919275788
0.14	-0.218419904494045	0.0153659956345853	0.00987681171371614	-2.97408664610378	0.00639387442102263	0.00404189306230261
0.15	-0.249182950626855	0.0154027230760499	0.00990009649580992	-3.17836790953048	0.0010897084893713	0.000707767781131941
0.16	-0.281983369589954	0.0153901008914396	0.00989254009514562	-3.38148165425297	-0.00351803998440124	-0.00215415662567053
0.17	-0.316807108182283	0.0153339589170787	0.00985806809466546	-3.58295261721385	-0.00764484739534522	-0.00469879409983574
0.18	-0.353635334007327	0.0152382206867502	0.00979926494974679	-3.78229861667097	-0.0114590644922981	-0.00704014881948079
0.19	-0.39244433728758	0.0151053536460876	0.00971770013792003	-3.97902390856963	-0.0150897514901664	-0.00926248604654849
0.2	-0.433205368056556	0.0149367233579233	0.00961418847662588	-4.17261528772166	-0.0186300495544841	-0.0114325608206072
0.21	-0.475884431317879	0.0147328811672049	0.0094889893555321	-4.3625383932752	-0.022144336798785	-0.0136032932527472
0.22	-0.520442057699536	0.0144938005657782	0.00934195909302122	-4.54823441405254	-0.025678286990509	-0.0158107804501694
0.220693085355474	-0.523598775598299	0.0144759218365967	0.00933094221880459	-4.56093160267881	-0.0259305705800665	-0.0159584886169562
0.230693085355474	-0.575557816373214	0.0174906233571686	0.0295949284850397	-5.82774201176616	0.626825343664213	4.06096057106226
0.240693085355474	-0.641876435350628	0.0340842203372259	0.0794942607795558	-7.60378844757887	3.37219952844589	4.86231937052492
0.250693085355474	-0.726257816738373	0.0825831898968248	0.126059773934075	-8.94118384837369	5.5822841928967	4.7903046463941
0.260693085355474	-0.816429490074775	0.138176842674369	0.173629908654262	-8.98222914378832	5.37155947712896	4.58688484259959
0.270693085355474	-0.904600529021332	0.188030055971944	0.216340060899661	-8.62213580089308	4.5564675943818	3.91471989329454
0.280693085355474	-0.988633279425021	0.228969139052674	0.251654431878645	-8.18477214721737	3.63334873341596	3.15073499025377
0.290693085355474	-1.06843562872995	0.260960063779028	0.279541490837633	-7.78663172270263	2.78477661452851	2.44039107982092
0.300693085355474	-1.14459801430496	0.285063757485113	0.300848595129737	-7.45876940521793	2.0596974768631	1.83803609548909
0.310693085355474	-1.21785738857792	0.302603612926352	0.316670410261985	-7.20490391408181	1.47028463631284	1.34400469612384
0.320693085355474	-1.28891390102345	0.31488212340987	0.328071361525185	-7.01652535054035	1.00526622361331	0.951629178381744
0.323564394791698	-1.30899693899575	0.317604525233115	0.330664830691762	-6.97277784007733	0.891846851820451	0.856843833421133
0.333564394791698	-1.37327304807211	0.321462412107711	0.320476019406503	-5.87669871770222	-0.101179580600765	-2.93009563968618
0.343564394791698	-1.42513034583198	0.311257087701194	0.278313107776069	-4.29093695295776	-2.66738916267745	-4.41854876124684
0.353564394791698	-1.45936572247863	0.267931930245721	0.235100226616227	-2.85745559500191	-5.29296792915958	-4.59247878188586
0.363564394791698	-1.48657351276482	0.213052736347326	0.1881343563627	-2.72365843745123	-5.47274704572632	-4.64296850971048
0.373564394791698	-1.51577988645753	0.161375753177358	0.144344689262572	-3.17642772557489	-4.77764927771219	-4.049145985801
0.383564394791698	-1.55071882024983	0.118375521823732	0.107810162542243	-3.82043202533666	-3.8099696126448	-3.25069612027667
0.393564394791698	-1.59208230680397	0.0849945520696818	0.0792099536551862	-4.43811458519875	-2.88645651136533	-2.48828450880308
0.403564394791698	-1.63909746479884	0.0600885336610373	0.0576143531084745	-4.94345224232117	-2.12540384634504	-1.85447373067731
0.413564394791698	-1.69052828733277	0.041906337903826	0.0416212394604336	-5.32194733969505	-1.5398491229644	-1.36612898522662
0.423564394791698	-1.74515511927206	0.0287779306219563	0.0298762686443596	-5.58597433077173	-1.1090979313722	-1.00101913906221
0.433564394791698	-1.80193845853196	0.0193271730222737	0.0212667577399306	-5.75685939556494	-0.798615825121832	-0.734962634038775
0.438860854033832	-1.83259571459405	0.015441007836165	0.017673448943248	-5.81645136682003	-0.67273270174878	-0.625050954615541
0.448860854033832	-1.88554121455957	0.0064144442486775	-0.00907120275098902	-4.77080967129108	-1.13799868744698	-4.70755008394097
0.458860854033832	-1.92556347840791	-0.0170779256503697	-0.0614311426922175	-3.10280094596833	-4.09610772672021	-4.92450338957252
0.468860854033832	-1.95027968356789	-0.0697529212620194	-0.10962326465162	-2.17712376428409	-5.72782692816933	-4.93724929208335
0.478860854033832	-1.97266623559262	-0.125782323484422	-0.157711377857761	-2.3934863509552	-5.33934119315269	-4.57169822435486
0.488860854033832	-1.99914792623045	-0.175019344847804	-0.199917220595181	-2.9212914171209	-4.47906834914562	-3.84464351231796
0.498860854033832	-2.03112916455428	-0.215235924261797	-0.23455520007941	-3.46541213370389	-3.57435981441605	-3.09286143301593
0.508860854033832	-2.06814713337783	-0.246892284460231	-0.262062192764496	-3.91980860208111	-2.77999042164847	-2.42723192841047
0.518860854033832	-2.10914500725849	-0.271307392618604	-0.283513552279717	-4.26057880922008	-2.12725643945265	-1.88297834451566
0.528860854033832	-2.15298663192188	-0.289915302738179	-0.300085267679266	-4.49058507975424	-1.61559446080084	-1.44992400119451
0.538860854033832	-2.19863452364339	-0.304027167225586	-0.312833022224976	-4.62439911171184	-1.22486994738727	-1.11485959440453
0.548860854033832	-2.24520786546487	-0.314745986456494	-0.32264789564914	-4.67838700257325	-0.933407239193252	-0.860459250066545
0.558860854033832	-2.29198749032383	-0.322960237645159	-0.330252038421738	-4.66805569181136	-0.720916802771589	-0.669851397487761
0.568860854033832	-2.33840139864008	-0.329364291797427	-0.336212745023926	-4.60734611115006	-0.568615909052684	-0.529541114921051
0.578860854033832	-2.38400475788583	-0.33448382909175	-0.340968330649185	-4.50763509042202	-0.461902865606323	-0.426808592539854
0.588860854033832	-2.42845687539461	-0.338708910638234	-0.344847344525959	-4.37851399202712	-0.387837161422809	-0.352902314988755
0.598860854033832	-2.47150139325794	-0.342318995694321	-0.348094661323318	-4.22716108078221	-0.337649574473724	-0.29918082355298
0.608860854033832	-2.51294682501559	-0.345511842583007	-0.350885494311501	-4.05956538541347	-0.303224139470099	-0.260927939851384
0.618860854033832	-2.55265245618011	-0.348420354116812	-0.353346902952452	-3.87980662724344	-0.280088184922394	-0.232586039094925
0.628860854033832	-2.59051467565645	-0.351133747725966	-0.355565257607905	-3.69137390907355	-0.263570166870032	-0.211981193675029
0.636456276928542	-2.61799387799149	-0.353098887949404	-0.357126121332548	-3.54382697695448	-0.254165871232714	-0.199483498532844
0.646456276928542	-2.65539184749109	-0.356105805212853	-0.340188713228567	-3.9356942257429	-0.34268026862272	3.58347403647504
0.656456276928542	-2.69812568560133	-0.354587920805247	-0.293509897791429	-4.78711483853833	1.32741997517322	4.70556478286041
0.666456276928542	-2.75195937052973	-0.326305470736018	-0.250952960869075	-5.98271535959034	4.33335295249091	3.82188915050617
0.676456276928542	-2.81470559463828	-0.275511052798412	-0.211693296708174	-6.34587694001876	5.38453228114458	4.09445611189293
0.686456276928542	-2.87636495845895	-0.22264415686847	-0.171362501267643	-5.90567848430386	5.06724902446894	3.87437807812231
0.696456276928542	-2.93179382833896	-0.175771782307898	-0.135323932719127	-5.15549108736658	4.27071928720746	3.29825831710117
0.706456276928542	-2.97930976814511	-0.137487216106501	-0.105647766356248	-4.35196290131446	3.39249213144771	2.63865144949564
0.716456276928542	-3.01905383188217	-0.107597203753111	-0.0823337602936885	-3.61219484013164	2.60838615034594	2.04007675009966
0.726456276928542	-3.05188900738046	-0.0848192744669734	-0.064485471363528	-2.97169505136644	1.97208573738646	1.54886551122581
0.736456276928542	-3.07881172389109	-0.0676699947359073	-0.0510017373791757	-2.42770273979213	1.47982262205693	1.16490246643666
0.746456276928542	-3.10071069601387	-0.0548254787730618	-0.0408789388454238	-1.96398217074192	1.10675199453512	0.873379150153452
0.756456276928542	-3.11830130773928	-0.0452214793440429	-0.0332953046976486	-1.56326008824991	0.82761352451502	0.653904380073917
0.766456276928542	-3.13213411141082	-0.0380386677184029	-0.0276150386407196	-1.21026626691272	0.619518519556432	0.489635023961064
0.776456276928542	-3.1426236146974	-0.0326601763753451	-0.0233576139368188	-0.892818512526311	0.464034809958766	0.367467784561639
0.786456276928542	-3.15007857402593	-0.0286272082411957	-0.0201622322515993	-0.601932028273863	0.348084136683965	0.276184134814285
0.796456276928542	-3.15472849846432	-0.0255986423963691	-0.0177603863211178	-0.330833585088568	0.261696372597502	0.207638558780019
0.806456276928542	-3.1567440068419	-0.0233206158333619	-0.0159526932120046	-0.0743893002386134	0.197113881108797	0.15624833465528
0.816456276928542	-3.15625198957225	-0.0216041944985289	-0.0145905825135916	0.171205799854284	0.148583387618951	0.117899325517518
0.826456276928542	-3.15334684886424	-0.0203088678759592	-0.0135625982854708	0.40865642882418	0.112223647649896	0.0890690902274843
0.836456276928542	-3.14809912622408	-0.0193293163611235	-0.012785625755532	0.640029642543837	0.0849452426500629	0.0674153247016229
0.846456276928542	-3.14056159790088	-0.0185866391679565	-0.012197186950822	0.866830169329118	0.064539151604967	0.0510902368061458
0.856456276928542	-3.13077396960707	-0.0180213576693431	-0.0117504178680313	1.09019853500402	0.0492604801158799	0.0388471294688763
0.866456276928542	-3.11876628458242	-0.0175886188620568	-0.0114098742359656	1.31095353810103	0.0378642439993415	0.0296869670199769
0.876456276928542	-3.10456158529864	-0.0172543796401482	-0.0111487467576366	1.52969318060586	0.0293956968376002	0.0228974126297951
0.886456276928542	-3.08817789210013	-0.0169927873985661	-0.0109465120328591	1.74680906975058	0.0232339306688883	0.0178307435695776
0.896456276928542	-3.06962985544242	-0.0167838730916524	-0.0107876291295099	1.96259291675503	0.0188009910727497	0.0141486344611739
0.898195541105908	-3.06618385175532	-0.0167517219348205	-0.0107634809047612	2.00000000000015	0.0181791793854566	0.0136216623031741
0.908195541105908	-3.04511084976899	-0.0165852616485687	-0.0106403181894826	2.21441509416036	0.01530255168367	0.0111617951041866
0.918195541105908	-3.0218992340783	-0.0164422069875006	-0.0105376640064172	2.4277253708033	0.0134573926141544	0.00949075916274303
0.928195541105908	-2.99656009997421	-0.0163133452968948	-0.0104484350137158	2.63990768736884	0.0124392603276765	0.00844817011751703
0.938195541105908	-2.96910512615048	-0.0161912088772154	-0.010366961674	2.85087298096096	0.0120904809410555	0.00792299662230409
0.948195541105908	-2.93954720796984	-0.0160696457909749	-0.0102885905185307	3.06046563275773	0.0123112596841552	0.00781189284056512
0.958195541105908	-2.9079010553773	-0.0159434366352096	-0.0102094690836594	3.26848035769493	0.013008917153423	0.00806250752283841
0.968195541105908	-2.87418372476057	-0.0158080857367152	-0.0101262937122758	3.47465459571972	0.0141270550840312	0.00862061058727284
0.978195541105908	-2.83841513941043	-0.0156596194120944	-0.0100361882367101	3.67867673605048	0.0156207293862874	0.00944927412802763
0.988195541105908	-2.80061857761692	-0.0154944672581203	-0.00993658552194782	3.88018559030128	0.017460666422361	0.0105141080310671
0.998195541105908	-2.7608211485352	-0.015309358206902	-0.00982517329355889	4.07877673017792	0.0196149770951598	0.0117990810254635
1.00819554110591	-2.71905424093927	-0.0151012733134902	-0.00969983313280093	4.274002081027	0.0220544494272201	0.0132941342936508
1.01819554110591	-2.67535395089827	-0.0148674225426329	-0.00955859938436536	4.46536994986324	0.0247579124153816	0.0149839493948716
1.02819554110591	-2.62976148637966	-0.014605234787687	-0.00939964063801513	4.6523471133198	0.0277126440512052	0.0168439823091401
1.03819554110591	-2.58232354781078	-0.0143123432802252	-0.00922127729387772	4.83436674291258	0.0308975417439368	0.0188591083407566
1.04819554110591	-2.53309266595987	-0.0139866042901366	-0.00902198022256431	5.0108309758324	0.0342867638729032	0.021017028038338
1.05819554110591	-2.48212749950972	-0.0136261145814509	-0.00880038792790515	5.18111676303292	0.0378451656547463	0.0233126316050881
1.06819554110591	-2.42949307496131	-0.0132292574728971	-0.00855529912317387	5.34457616782069	0.0415451672678433	0.0257257417261349
1.07819554110591	-2.37526097389838	-0.0127947319739201	-0.00828569335622514	5.50054285443606	0.0453657954569594	0.0282218708970708
1.08819554110591	-2.31950945903531	-0.012321565217877	-0.00799077517834882	5.64834409333599	0.0492760474267398	0.0307732463613545
1.09819554110591	-2.262323523628	-0.0118091328911686	-0.00767000664145433	5.78731094561726	0.0532269126513186	0.0333692654497503
1.10819554110591	-2.20379485461187	-0.0112571958150795	-0.00732311404218665	5.91678379909988	0.0571611845815034	0.0360047791337968
1.11819554110591	-2.14402169786306	-0.0106659712866182	-0.00695004208069623	6.03610761290074	0.0610594909188182	0.0386228349393946
1.12819554110591	-2.08310866502836	-0.0100360921949684	-0.00655103846886975	6.144656372645	0.0648898180262876	0.041179833340629
1.13819554110591	-2.02116643414545	-0.00936860463071478	-0.00612667624431742	6.24184521892316	0.068598818703599	0.0436580073872015
1.14819554110591	-1.95831135587668	-0.00866496281813518	-0.00567786392614324	6.32714101293318	0.072108142756809	0.0460716821373703
1.15819554110591	-1.89466493756511	-0.00792712040436201	-0.00520571720735565	6.40004400639026	0.075406412769155	0.04835254422911
1.16819554110591	-1.83035329634081	-0.00715742757675295	-0.00471165919129416	6.46011949067326	0.0784721182144356	0.0504489348597565
1.17819554110591	-1.76550651125279	-0.0063585910246678	-0.00419742456038302	6.50700924942089	0.0812613527244668	0.0523430119543667
1.18819554110591	-1.70025790615477	-0.00553362204184786	-0.00366506289749087	6.54044307282981	0.083691823458302	0.0540725017684877
1.19819554110591	-1.63474322654907	-0.00468593475599785	-0.00311673777887938	6.56020622667423	0.0857699648414842	0.0555711365475495
1.20819554110591	-1.56909984376952	-0.00381919399147024	-0.00255483035098055	6.56617212477759	0.0874950585211569	0.0567911264224737
1.21819554110591	-1.50346590153993	-0.00293724783456186	-0.00198192597081682	6.55830913110139	0.0888445874801389	0.0577225566652524
1.22819554110591	-1.43797945178304	-0.00204404289372614	-0.00140081550397914	6.53668956436486	0.0897466258837939	0.0584289176829983
1.23819554110591	-1.37277753308732	-0.00114373477088033	-0.000814245070089915	6.50144333435387	0.0902317680729657	0.0588551041047304
1.24819554110591	-1.30799535318426	-0.000240510450376966	-0.000225028758438461	6.45278834204812	0.0903226539042107	0.0589672833397324
1.25819554110591	-1.24376547263486	0.000661478831479128	0.000363977525236503	6.39102945001244	0.0900233447965623	0.0587661193878412
1.26819554110591	-1.18021704731696	0.00155821616946308	0.000949858949371919	6.31656516700489	0.0892780620783765	0.0583385471156518
1.27819554110591	-1.11747506410938	0.00244568406655083	0.00152991481685397	6.22983024861001	0.088140104649756	0.0576433078290317
1.28819554110591	-1.05565974515009	0.0033200445467641	0.0021015252265086	6.13132423638583	0.0866497911776709	0.0566646280801814
1.29819554110591	-0.994885994032585	0.00417767969939874	0.00266218567595052	6.02160239398177	0.0848355591100364	0.0554098685559539
1.30819554110591	-0.935262950204412	0.00501529242152261	0.0032094551989338	5.90128393239858	0.0826554350747397	0.0539825601782231
1.31819554110591	-0.876893557571687	0.00582973903185633	0.00374123338006943	5.77098829075836	0.0801782784497175	0.0523518682606199
1.32819554110591	-0.819874329865564	0.00661820014840325	0.0042555973049612	5.63136520239341	0.077451188992405	0.0505192755649206
1.33819554110591	-0.764295158870999	0.00737817749667416	0.00475084764416717	5.48307901191961	0.074520671439629	0.0484906131894062
1.34819554110591	-0.710239245923752	0.00810759666519608	0.00522540855510691	5.32682388426316	0.0713518193005943	0.0463772132727803
1.35819554110591	-0.65778302928546	0.00880460570656359	0.00567810184311403	5.1632580856423	0.068020203102584	0.0441518903653396
1.36819554110591	-0.606996299810243	0.00946773617143535	0.00610795060968996	4.99303935245483	0.0645679815075251	0.0418300195587178
1.37819554110591	-0.557942324859929	0.0100958492364523	0.00651424531041382	4.81680376678097	0.0610517833125689	0.0394079035395495
1.38819554110591	-0.510678084804429	0.0106882457101327	0.00689639192909144	4.63519158232226	0.0574364732911819	0.0369963401377672
1.39819554110591	-0.465254462067752	0.0112444338200283	0.00725418552273815	4.44878169451164	0.0537976509512662	0.0345634434923644
1.40819554110591	-0.421716592890166	0.0117642902178903	0.00758757700844543	4.25813546518094	0.0501613886766176	0.032136786893313
1.41819554110591	-0.380104175510845	0.0122479533501923	0.00789677294486392	4.06376926175136	0.0465855095867096	0.0296998473477529
1.42819554110591	-0.340451871788909	0.0126959386473653	0.00818204741160513	3.86618930143801	0.0430352738654719	0.0273488637967459
1.43819554110591	-0.302789624021594	0.0131089055626778	0.00844399115266686	3.66583283882228	0.0395751182274314	0.0250496640440344
1.44819554110591	-0.267143089451189	0.0134877813344616	0.00868330402093281	3.46310807790684	0.0362325437380351	0.0228096595912542
1.45819554110591	-0.233534035873799	0.0138337395836596	0.00890076928929528	3.25839544609812	0.0329935017557097	0.0206834352530264
1.46819554110591	-0.201980701834297	0.0141480668931223	0.00909736767781048	3.05201918194019	0.0298990152409522	0.0186503180690065
1.47819554110591	-0.172498207481073	0.0144322232993248	0.00927414490086989	2.84427248850763	0.0269642855634309	0.0167167253939083
1.48819554110591	-0.145098925061597	0.0146878075868191	0.00943219972556843	2.63541716560669	0.0241845972053562	0.01490872706789
1.49819554110591	-0.11979282089208	0.014916479914733	0.00957272689921567	2.42567186432819	0.0215804740113483	0.0132149824275419
1.50819554110591	-0.0965878083454604	0.0151199850558975	0.00969693378009136	2.21522795175595	0.0191514236584447	0.0116454621019918
1.51819554110591	-0.0754900567467252	0.0153001002215588	0.00980605453147393	2.00424476744702	0.0168993970937985	0.0102019642250708
1.52819554110591	-0.0565042838946839	0.0154586070889729	0.00990133605435992	1.79285135597651	0.0148311807436227	0.00887533395115206
1.53819554110591	-0.0396340321259709	0.0155972931459681	0.00998398920838705	1.58115601240695	0.0129350874158446	0.00767526762436422
1.54819554110591	-0.0248819013494706	0.0157178969151495	0.010055214429078	1.36924017672471	0.0112103505899302	0.00659339599554542
1.55819554110591	-0.0122497687548002	0.0158220995229078	0.0101161716100278	1.15716464563787	0.00965553436958699	0.00561826954970346
1.56819554110591	-0.0017389822086917	0.0159115210991738	0.0101679468151437	0.944976743442867	0.00825387555895865	0.00475425068998903
1.57819554110591	0.00664948673809591	0.0159876757286243	0.0102115751177507	0.732705725473807	0.00699810797824817	0.00399039161004635
1.58819554110591	0.0129149062627407	0.0160519662705359	0.0102480158857897	0.520368669871242	0.00588024251143328	0.0033136817868252
1.59819554110591	0.0170566757828802	0.0161056803526453	0.0102781294235715	0.307976297661943	0.00488160363474772	0.00272197720958298
1.60819554110591	0.0190742542845404	0.0161499581869287	0.010302692660394	0.0955306502553098	0.00399013854169825	0.00220235983700172
1.61819554110591	0.018967107774507	0.0161857918677846	0.0103223775369412	-0.116969008092466	0.00319020347171296	0.00174434173439919
1.62819554110591	0.0167346890832348	0.0162140118769801	0.0103377481338029	-0.329524143710349	0.00246524855486376	0.0013367380206398
1.63819554110591	0.0123764444250813	0.0162352793004506	0.0103492534220862	-0.542133744491607	0.0017966347127991	0.000969400444415639
1.64819554110591	0.00589184985238989	0.0162500736614068	0.01035722778884	-0.754792636022029	0.00116755179583234	0.000628503733216316
1.65819554110591	-0.00271952704856143	0.0162586918983339	0.0103618798611129	-0.967487105799654	0.000557942388073918	0.000303212215791714
1.66819554110591	-0.0134579339956026	0.0162612376952593	0.0103632960288765	-1.18019352287129	-5.05429035330475e-05	-2.03569488243281e-05
1.67819554110591	-0.026323315315885	0.0162576211272555	0.0103614332736666	-1.39287450108385	-0.00067781727158581	-0.000354742016548364
1.68819554110591	-0.0413151635815926	0.0162475545736225	0.0103561192953397	-1.60547647563903	-0.00134392838319673	-0.000712681357127924
1.69819554110591	-0.0584323435644666	0.0162305511141368	0.0103470522500985	-1.81792703643861	-0.00206850508187592	-0.00110752680175031
1.70819554110591	-0.0776728890276831	0.0162059262791981	0.0103337992648098	-2.03013183622052	-0.0028717390517094	-0.00155168435663123
1.71819554110591	-0.0990337714530457	0.0161727987015473	0.0103157996760798	-2.24197235592891	-0.00377267986864947	-0.00205841743648271
1.72819554110591	-0.12251064312323	0.0161300955146712	0.0102923660317676	-2.45330302119544	-0.00478996850347937	-0.00264052139985636
1.73819554110591	-0.148097554440179	0.0160765589051604	0.0102626878383895	-2.66394874629426	-0.00594151877720767	-0.00331028113281741
1.74819554110591	-0.175786647361909	0.0160107556880525	0.0102258361939924	-2.87370250657435	-0.00724461406996813	-0.00407885149551726
1.75819554110591	-0.205567826509136	0.0159310892308339	0.0101807706790053	-3.0823232422499	-0.00871556258495885	-0.00495614408847091
1.76819554110591	-0.237428410356034	0.0158358142490029	0.0101263483615544	-3.28953407514441	-0.0103691530318105	-0.00595091643119821
1.77819554110591	-0.271352765233218	0.0157230541316736	0.010061335821582	-3.49502105452997	-0.0122173911192273	-0.00707172638451036
1.78819554110591	-0.307321925663649	0.0155908209593711	0.00998442440094743	-3.69843250598421	-0.0142674929682471	-0.00832879219272894
1.79819554110591	-0.345313207024153	0.0154370443055943	0.00989424128690951	-3.89937742898459	-0.0165245749943719	-0.0097298882860736
1.80819554110591	-0.385299814238183	0.0152596048544836	0.0097893615172863	-4.09742410130634	-0.0189954208228121	-0.0112748724518402
1.81819554110591	-0.427250448975029	0.0150563621492345	0.00966833435338688	-4.29210185634108	-0.0216836581442961	-0.0129611049549616
1.82819554110591	-0.471128925130943	0.0148251876456947	0.00952970958653141	-4.48290300345076	-0.0245867332460036	-0.0147866398187295
1.83819554110591	-0.516893798514553	0.0145639989148845	0.00937206841110572	-4.66928599063333	-0.0276912432052694	-0.0167555726690079
1.83962748155534	-0.523598775598359	0.0145240161143427	0.00934786750572753	-4.69558219360335	-0.0281442353947636	-0.0170583050532732
1.84962748155534	-0.576899356463876	0.0175068580951478	0.0296027612752698	-5.96133262134374	0.622678468573123	4.05992786487628
1.85962748155534	-0.644550546952019	0.0340663498676585	0.0794544532808667	-7.73494730269065	3.36317122133201	4.86259688928565
1.86962748155534	-0.730241811457725	0.0824810169963619	0.125996648742567	-9.07296703185029	5.57614011114236	4.78561802902984
1.87962748155534	-0.821729298098294	0.138007547413409	0.173522165189063	-9.11366488740669	5.36489719327725	4.58110355332008
1.88962748155534	-0.911205661010005	0.187775455870359	0.21617697017917	-8.75184711552599	4.54656036327056	3.90862692123282
1.89962748155534	-0.996526901888747	0.228603682671678	0.25142229689764	-8.31284393211007	3.62151060387849	3.14259743033023
1.90962748155534	-1.07760022079542	0.260464745673182	0.279224767674601	-7.91285218985131	2.77109848858237	2.43127649963385
1.91962748155534	-1.15501589410886	0.284426770430205	0.300437124301478	-7.58318747494953	2.0451064325965	1.82840782223004
1.92962748155534	-1.2295110857417	0.301821553163828	0.316160265440106	-7.32764205881322	1.45596857677024	1.33403452292293
1.93962748155534	-1.30178624760417	0.313960513672671	0.327463410451645	-7.13746391058672	0.991632085245868	0.942324088410628
1.94063890522037	-1.30899693899575	0.314942309684188	0.328399713310159	-7.12154809425926	0.951374492449859	0.90744501658929
1.95063890522037	-1.37468526747529	0.319253399789944	0.318706931884551	-6.01041504772218	-0.0697385921869315	-2.88157768246228
1.96063890522037	-1.42781779219534	0.30927687153754	0.27694530668068	-4.41266253162533	-2.65130974862088	-4.38931420322819
1.97063890522037	-1.46323521026126	0.266087934168413	0.233932105890713	-2.97632690834578	-5.27385510629145	-4.58117855586913
1.98063890522037	-1.49163452902569	0.211418521570964	0.187081890654123	-2.84205381039539	-5.45318728884681	-4.62724721054111
1.99063890522037	-1.52202596165723	0.159960279286277	0.143429805582611	-3.29442697221198	-4.7550548311746	-4.03604016281609
2.00063890522037	-1.55813162352065	0.11717478269565	0.107030228506951	-3.93586318369066	-3.7889423443433	-3.23818487223266
2.01063890522037	-1.60063174685004	0.0839880703676459	0.0785531752476958	-4.54988114810967	-2.86883916130639	-2.47609817345662
2.02063890522037	-1.64874715569977	0.0592487693442064	0.0570653351046148	-5.05132726490324	-2.11091940636552	-1.84354735943984
2.03063890522037	-1.70123918374212	0.041204750243881	0.0411643361485383	-5.42614042776562	-1.52720017944444	-1.35793373416969
2.04063890522037	-1.7568877317441	0.0281892594873966	0.029495127403511	-5.68645177096116	-1.09801654644585	-0.995424695681016
2.05063890522037	-1.81465373307373	0.0188307716505053	0.0209444650209154	-5.85314878600266	-0.79042375825613	-0.729727024702265
2.05369471042437	-1.83259571459421	0.0165317233754862	0.0188161854957339	-5.88861356460249	-0.715708093592647	-0.664183486702209
2.06369471042437	-1.88624787681979	0.00704873255819201	-0.00832304593977217	-4.8400270569675	-1.18646784100928	-4.7463892734854
2.07369471042437	-1.92690753498657	-0.0171269423641847	-0.060789417700246	-3.16411739708103	-4.17289512233447	-4.92341252607134
2.08369471042437	-1.95241937441937	-0.0701529682502947	-0.109178467761437	-2.27240736133851	-5.73385781718821	-4.95503782871616
2.09369471042437	-1.97583497600631	-0.126132272881384	-0.157346831582227	-2.50210220629758	-5.32600803862695	-4.57249238785052
2.10369471042437	-2.00343112544577	-0.175196391256824	-0.199516798623751	-3.03450666109933	-4.45952962671529	-3.83733505498476
2.11369471042437	-2.03655145899693	-0.215204754599971	-0.234071292024525	-3.57950646823697	-3.55302721836791	-3.08379862182358
2.12369471042437	-2.07470455878604	-0.246654561314551	-0.261483489479871	-4.03262122688085	-2.75991077219396	-2.41807994899951
2.13369471042437	-2.11681893680222	-0.270882485695675	-0.282844985270293	-4.37090546862952	-2.11015722488288	-1.8741053800391
2.14369471042437	-2.16175037539933	-0.289332100717207	-0.299337294807326	-4.59814804235984	-1.60112602272631	-1.44290422776832
2.15369471042437	-2.20845827538105	-0.303315533395719	-0.312021635335655	-4.72878976074854	-1.21374345472699	-1.10908102230411
2.16369471042437	-2.25606028203572	-0.313936634426383	-0.321788438971302	-4.77968980830709	-0.925110947525486	-0.856407381274026
2.17369471042437	-2.30383784007788	-0.322081079281527	-0.329360103541136	-4.76632361725034	-0.715333283720161	-0.667205534934383
2.18369471042437	-2.3512203035226	-0.328440348814682	-0.335302058583075	-4.70279033225038	-0.565292429313291	-0.528258274580408
2.19369471042437	-2.39776495116367	-0.333536241322922	-0.34005097874923	-4.60045895857496	-0.460530920296085	-0.426597956382102
2.20369471042437	-2.44313338140345	-0.337755230879801	-0.343933164613182	-4.46897279979943	-0.387998905572068	-0.353626231942406
2.21369471042437	-2.48707167141672	-0.341373148378657	-0.347191646712765	-4.31547810305582	-0.339060373705521	-0.30058356163707
2.22369471042437	-2.52939062652413	-0.344584739745205	-0.349999687283832	-4.14597649382998	-0.305560646378573	-0.262884855601058
2.23369471042437	-2.56995172579251	-0.3475201847259	-0.352482877805096	-3.96451165111273	-0.283137740912506	-0.23491740484202
2.24369471042437	-2.60865332182405	-0.350266617071858	-0.354726178627272	-3.77457571170516	-0.267095019148471	-0.214628007957195
2.24618524932549	-2.61799387799151	-0.350927842076689	-0.355255213902429	-3.72619269047326	-0.263939604839393	-0.210246988372181
2.25618524932549	-2.65729974768141	-0.353882907959166	-0.338403627365385	-4.13479573374553	-0.321954105940641	3.57581411673331
2.26618524932549	-2.70212808574245	-0.351902030400523	-0.29195348441065	-5.0059137089491	1.39657124646775	4.67150196729338
2.27618524932549	-2.75821816206398	-0.32278377539124	-0.249720096267228	-6.21580216208887	4.43287927623374	3.7907469679686
2.28618524932549	-2.82294009928115	-0.271818288362441	-0.210259380826075	-6.52322432707258	5.36794726279557	4.1063475127701
2.29618524932549	-2.88625549128763	-0.21927924342017	-0.169941217476292	-6.06156014289093	5.02009981318884	3.86547446584421
2.30618524932549	-2.94320284476272	-0.172914271066712	-0.134076026045647	-5.30457930855496	4.2173355637871	3.27641514435926
2.31618524932549	-2.99220738068111	-0.135154414489586	-0.104633800925782	-4.50064863024215	3.33941744610299	2.61816006094819
2.32618524932549	-3.0334608331588	-0.105741830540173	-0.0815399003498597	-3.76510092379929	2.56437851887039	2.01943124934986
2.33618524932549	-3.06784772664196	-0.0833631101070538	-0.0638816113391055	-3.12919941587071	1.93637256973355	1.53138280430403
2.34618524932549	-3.09636659070246	-0.0665358722818309	-0.0505518962818667	-2.58928784874121	1.45076286503097	1.15176326979145
2.35618524932549	-3.11990100127089	-0.0539480799147486	-0.0405475235625601	-2.12939984212328	1.08434165389428	0.86264337836867
2.36618524932549	-3.13916082149749	-0.0445447823629276	-0.033055346154379	-1.73160475440474	0.809771247695118	0.646164427156817
2.37618524932549	-3.15469027911584	-0.0375187181687698	-0.0274437236261786	-1.38104982481078	0.605462899592225	0.4840633988297
2.38618524932549	-3.16689870311633	-0.0322625849049002	-0.0232366680528115	-1.06575049546249	0.453493208733979	0.362897610754612
2.39618524932549	-3.17609105022861	-0.0283240463200178	-0.0200788487958529	-0.77651811953443	0.339957128006134	0.27278486692344
2.40618524932549	-3.18249349144696	-0.025368214321163	-0.017704821126881	-0.50669793890399	0.255164587783606	0.205471455730254
2.41618524932549	-3.18627382895657	-0.0231467172568269	-0.015916966426565	-0.251387925878876	0.192049195362018	0.154701188830456
2.42618524932549	-3.18755688263415	-0.0214743074639722	-0.0145689516067178	-0.00677703838043855	0.144783132054084	0.116616109949879
2.43618524932549	-3.18643540050062	-0.0202131719549171	-0.0135513646975185	0.229912670351371	0.10921297852705	0.0881667433326516
2.44618524932549	-3.18297830836974	-0.0192607098287677	-0.012781964610749	0.460655360826866	0.0825567176800085	0.0667229570961165
2.45618524932549	-3.17723701385494	-0.0185398400826327	-0.0121993839246845	0.686981731405895	0.0625359286431814	0.0506044043337204
2.46618524932549	-3.16924981232423	-0.0179927746150357	-0.0117573268102437	0.909994519691634	0.0475679999423667	0.0384212971546375
2.47618524932549	-3.15904536055288	-0.0175758293099562	-0.0114210249539939	1.13053962697606	0.0363694506989586	0.0292720429610142
2.48618524932549	-3.14664518086972	-0.0172559812442432	-0.0111641016191424	1.34922234809208	0.0280279063546653	0.0224286850159794
2.49618524932549	-3.13206564560953	-0.0170080911148582	-0.0109665178992157	1.5664783522947	0.0218549356183493	0.0173586999908734
2.50618524932549	-3.1153194801551	-0.0168129711151176	-0.0108128672224757	1.78258817459207	0.0174017335384947	0.0135835861892686
2.51618524932549	-3.09641703192609	-0.0166556941748213	-0.0106914153538347	1.99775496283692	0.0142440952377974	0.010860928952733
2.51628979916085	-3.09620804969416	-0.0166542061174122	-0.0106902814233011	2	0.0142167599035969	0.0108373014927652
2.52628979916085	-3.07513581189244	-0.0165233929131046	-0.0105920290739512	2.21430829784994	0.0121048873126116	0.00892361764148892
2.53628979916085	-3.05192458968592	-0.016409500534734	-0.0105095225388402	2.42779547206246	0.0108010261170409	0.00766710085600538
2.54628979916085	-3.02658279774885	-0.0163051313472923	-0.0104369865101379	2.64041178933075	0.0101717476660204	0.00692064298398668
2.55628979916085	-2.99911960360055	-0.0162041715589594	-0.0103697417696169	2.85205331973705	0.010105110156631	0.00659365005129584
2.56628979916085	-2.96954549822563	-0.0161014540446032	-0.0103039068087819	3.06256304977673	0.0105117374181242	0.0066292577263797
2.57628979916085	-2.93787282511861	-0.0159925252398241	-0.0102361548475678	3.27172696106813	0.0113403683498963	0.00696832330767108
2.58628979916085	-2.90411630132029	-0.0158734215727345	-0.01016360309615	3.47928565024335	0.0125399657837979	0.00758497209048824
2.59628979916085	-2.86829349930543	-0.015740571659882	-0.0100836501267013	3.68492536494465	0.0140902269358001	0.00843822460245222
2.60628979916085	-2.83042534130373	-0.0155906504818487	-0.0099939623963896	3.88829352501799	0.0159501379362459	0.0095297516655235
2.61628979916085	-2.79053654801826	-0.0154205790801359	-0.00989234036410316	4.08898307490239	0.0181116135707454	0.0108300464958092
2.62628979916085	-2.74865610367984	-0.015227450866307	-0.00977673068397029	4.28654408779132	0.0205631216363926	0.0123198700913442
2.63628979916085	-2.70481769913411	-0.0150084988569282	-0.00964522773560563	4.48049003942354	0.0232728018222392	0.014007991188794
2.64628979916085	-2.65906013261989	-0.0147611535938028	-0.0094959923238357	4.67028411784029	0.026240463250973	0.0158624695052069
2.65628979916085	-2.61142772239328	-0.0144829875011905	-0.00932734015717795	4.8553605582524	0.0294347766064248	0.0178879497111719
2.66628979916085	-2.56197065587398	-0.014171772819377	-0.00913770564257993	5.03511824858364	0.0328259530405138	0.0200825804071975
2.67628979916085	-2.51074529443912	-0.0138255607540742	-0.00892559350757218	5.20891124348099	0.0364316594310212	0.0223786682705635
2.68628979916085	-2.45781448604925	-0.0134425773808091	-0.00868977268415032	5.3760913599909	0.0401916937470585	0.0248005703520227
2.69628979916085	-2.40324774674295	-0.0130213711865233	-0.00842915689475483	5.53598362704408	0.0440704053889856	0.0273346562757585
2.70628979916085	-2.34712141312773	-0.0125608397433731	-0.0081428401274636	5.68789564953236	0.048048636292426	0.0299395272533907
2.71628979916085	-2.28951873004659	-0.0120602262934558	-0.00783016817077413	5.83113554013842	0.0520898072018738	0.0325893369753074
2.72628979916085	-2.23052985748158	-0.0115191126082274	-0.00749080971021233	5.96503070211108	0.0561056436912069	0.0353179430596723
2.73628979916085	-2.17025171567225	-0.010937657366799	-0.00712450617949546	6.08887873862057	0.0601511333464201	0.0379730737355278
2.74628979916085	-2.10878790521827	-0.0103162676364919	-0.00673152969260217	6.20205179489112	0.0641075456640333	0.0406189907184737
2.75628979916085	-2.04624834528378	-0.00965588793343537	-0.00631234314986045	6.30393052297273	0.067936422545559	0.0432164492221102
2.76628979916085	-1.98274891919076	-0.00895793290260753	-0.00586769595569788	6.39393294854569	0.0716160941667505	0.0457047560598187
2.77628979916085	-1.91841102314829	-0.00822421610817859	-0.00539870737965411	6.47154171422859	0.0750828549744821	0.048078028820752
2.78628979916085	-1.85336096715498	-0.00745705781526867	-0.00490670498081377	6.53627950016766	0.0783438838969568	0.0502440472939335
2.79628979916085	-1.78772940316425	-0.00665900662890132	-0.00439353433837023	6.58778651857728	0.0812460892452857	0.0523186300296467
2.80628979916085	-1.72165048219105	-0.00583320332958004	-0.00386103839207215	6.62571962712595	0.0838383586748356	0.0541687077759602
2.81628979916085	-1.65526114959078	-0.00498305560518643	-0.00331139396117865	6.64983599036689	0.0861121389081358	0.0557421912739237
2.82628979916085	-1.58870030467279	-0.00411218590076074	-0.00274708858112428	6.65999906028556	0.0879970368003423	0.057074761154544
2.83628979916085	-1.52210788085594	-0.00322451571940303	-0.00217071381364918	6.65614439695082	0.0894853314216353	0.0581332465887388
2.84628979916085	-1.4556239818471	-0.00232408965987956	-0.00158507946175669	6.63831368454666	0.0905225533399935	0.0589548161740944
2.85628979916085	-1.38938792305151	-0.00141520231913981	-0.00099293905172849	6.60660384649056	0.0911761467254346	0.0594338900302303
2.86628979916085	-1.32353742671577	-0.000502056391204376	-0.00039730612452402	6.56124197572157	0.0913773189354297	0.0596490005361069
2.87628979916085	-1.25820767854349	0.000411012706905392	0.000198946056294785	6.50250437268349	0.0911787613018201	0.0595364229563416
2.88628979916085	-1.19353059487499	0.00131985856130504	0.000792790659618043	6.43078343022664	0.0905125627871507	0.0591961629536236
2.89628979916085	-1.12963397360653	0.00222025001194326	0.00138150137042478	6.34649170873715	0.0894881666434566	0.0585142103157402
2.90628979916085	-1.066640926533	0.00310828908220856	0.00196222438300359	6.25015439728995	0.0880562900083	0.0575870752969195
2.91628979916085	-1.0046691960441	0.00398015910420697	0.00253238831748983	6.14231966198397	0.0862790316164707	0.056378979718237
2.92628979916085	-0.943830724563027	0.00483240851271044	0.00308942696893358	6.02361568948975	0.0841071858821841	0.0550025938654025
2.93628979916085	-0.884231149517776	0.00566166081200026	0.00363121599515953	5.89465258772497	0.0816753187003258	0.0533444521166309
2.94628979916085	-0.825969607285557	0.00646502447294182	0.00415561320714589	5.75611646705605	0.0789537204159739	0.051504225690397
2.95628979916085	-0.769138437668988	0.0072398395222186	0.00466082494373712	5.60868460072882	0.0759993738697015	0.0494759128459443
2.96628979916085	-0.713823123335422	0.00798388698768508	0.00514517592825551	5.45306861460261	0.0727799862733017	0.0473693016174497
2.97628979916085	-0.660102180195669	0.00869512908739185	0.00560745965712111	5.28993202861392	0.0694201930659536	0.0450972381287604
2.98628979916085	-0.608047301478116	0.00937201289512059	0.00604656564573277	5.11996352470723	0.065929331875648	0.042718997075625
2.99628979916085	-0.557723440377758	0.0100133115752378	0.00646167963469742	4.9438265509465	0.0623456464470625	0.0402567565896885
3.00628979916085	-0.509189037668384	0.0106182214547548	0.00685215106097258	4.76218082065104	0.0586431203918354	0.0378124932650507
3.01628979916085	-0.462496214828473	0.0111861477810965	0.00721774389639015	4.57562124649891	0.0549176547528247	0.0353315052621509
3.02628979916085	-0.417691133048337	0.0117168801469373	0.00755838721363508	4.38472509731419	0.0512145274928118	0.0328199573556781
3.03628979916085	-0.374814327550124	0.0122105536881648	0.00787418855487315	4.19004277655071	0.0475475825187921	0.0303199345860098
3.04628979916085	-0.333901078476046	0.0126676311219788	0.00816541526353996	3.9920959797136	0.0438968071234073	0.0279119069301698
3.05628979916085	-0.294981761658841	0.01308874637576	0.00843264497290584	3.79133974615398	0.0403294959984738	0.0255609398533645
3.06628979916085	-0.258082288860782	0.0134748026610722	0.00867659074385233	3.58819518403726	0.0368876480223105	0.0232588260049249
3.07628979916085	-0.22322452169672	0.0138269632148195	0.00889805852106652	3.38305410489267	0.0335716475071027	0.0210444912505413
3.08628979916085	-0.190426665290575	0.0141465765763865	0.00909798553796635	3.17626670110076	0.0303827373629411	0.0189500754866008
3.09628979916085	-0.159703658890079	0.014435113494664	0.00927746264075931	2.96813312776689	0.0273541991573735	0.016961421416408
3.10628979916085	-0.13106758425674	0.0146942011184377	0.00943763367181477	2.75892208858042	0.0244937272875808	0.0150910209261632
3.11628979916085	-0.104528032726501	0.0149255708946773	0.00957970451122075	2.54886621449527	0.0218046794226594	0.0133512158954388
3.12628979916085	-0.080092453358167	0.0151310064441136	0.00970495336576391	2.3381575949612	0.0193078302322663	0.0117268331862596
3.13628979916085	-0.0577665011484944	0.0153123638522349	0.00981465147018606	2.12696305311458	0.0169978908475534	0.0102304311880004
3.14628979916085	-0.0375543391693186	0.0154715172730665	0.00991008062027533	1.91541893173051	0.0148691864429137	0.00887006133926923
3.15628979916085	-0.0194589219203109	0.0156103264707838	0.00999252577071379	1.70363163435179	0.0129225479229627	0.00764083601811708
3.16628979916085	-0.0034822558003646	0.0157306166605806	0.0100632549909801	1.49168123168543	0.0111622760838845	0.00652909424647968
3.17628979916085	0.0103743618288655	0.0158341781334684	0.0101234778417946	1.27963007798209	0.00957658291247062	0.00553747629834249
3.18628979916085	0.0221101445159233	0.0159227224315176	0.0101743618475092	1.06751918999858	0.00815910307959688	0.00465803509084805
3.19628979916085	0.031724635678555	0.015997875764113	0.0102170052737614	0.855374347979854	0.00689796905118182	0.00388639234481934
3.20628979916085	0.039217561358649	0.0160611544635237	0.0102524358233549	0.643206868312097	0.00578274409031977	0.00321328929143422
3.21628979916085	0.0445887069278065	0.0161139555152088	0.0102815935234857	0.431018044990654	0.00479909661491805	0.00263163235582474
3.22628979916085	0.047837825503476	0.0161575363498194	0.0103053301121764	0.218800251512707	0.00393463544159141	0.00212940499512561
3.23628979916085	0.0489645709574242	0.0161930075036925	0.0103243950724658	0.00654114282313709	0.00317436799330262	0.00169569075618249
3.24628979916085	0.0479684604919345	0.0162213214829803	0.0103394291120749	-0.205773555755822	0.00250087586428256	0.0013207116216859
3.25628979916085	0.0448488659748555	0.01624326046506	0.0103509616439123	-0.418157937716912	0.00189675944118441	0.000992977753528366
3.26628979916085	0.039605032289207	0.0162594287292908	0.0103594046488332	-0.630622853652825	0.00134391028906707	0.000700440688597721
3.27628979916085	0.0322361240150216	0.0162702455347977	0.0103650482571369	-0.843173055454735	0.000823491298401015	0.000430741018440985
3.28628979916085	0.0227413003501742	0.0162759389854037	0.0103680572805171	-1.05580438995899	0.000316105309846987	0.000171215254099411
3.29628979916085	0.0111198182740193	0.0162765410999809	0.0103684684318421	-1.26850098754887	-0.00019802983974783	-9.11026376230113e-05
3.30628979916085	-0.00262883604058948	0.0162718842646771	0.0103661880723698	-1.48123241279549	-0.00073901930909636	-0.000369326517436682
3.31628979916085	-0.0185047875022836	0.0162615988993142	0.0103609908358698	-1.69395085187175	-0.00132711287242331	-0.000676692787043764
3.32628979916085	-0.0365075842238577	0.0162451126488673	0.0103525189551237	-1.90658829631081	-0.00198257981626634	-0.00102644200949393
3.33628979916085	-0.0566359816403957	0.0162216509448889	0.0103402827814765	-2.11905382528434	-0.00272534640790396	-0.0014319673610294
3.34628979916085	-0.0788876993847136	0.0161902402247064	0.010323661251197	-2.33123071240415	-0.00357538217963993	-0.00190597474455298
3.35628979916085	-0.103259150966364	0.0161497119194561	0.0103019051106789	-2.5429739618793	-0.00455190384672038	-0.00246109073939885
3.36628979916085	-0.129745147961941	0.0160987098200852	0.010274140132137	-2.75410767200461	-0.00567352406447775	-0.00310922256824587
3.37628979916085	-0.158338579540718	0.0160356992402254	0.0102393728473362	-2.96442277401768	-0.00695765156276117	-0.00386180869352725
3.38628979916085	-0.189030069299137	0.0159589787050428	0.0101964984538031	-3.17367507655237	-0.00841954020903659	-0.00473045644844997
3.39628979916085	-0.22180761212539	0.0158666956179589	0.0101443096358686	-3.38158335486883	-0.0100720487539917	-0.00572662605063782
3.40628979916085	-0.256656194571028	0.0157568678875751	0.0100815043020829	-3.58782707596141	-0.0119276940508028	-0.00685836229419073
3.41628979916085	-0.293557400577097	0.0156274057860015	0.010006699914606	-3.79204544622109	-0.0139975916210403	-0.00813092623115742
3.42628979916085	-0.332489007831785	0.0154761373157034	0.00991845060033143	-3.99383700124461	-0.0162901476774976	-0.00954771753540022
3.43628979916085	-0.373424579710361	0.0153008366713744	0.00981526771128245	-4.19275993873899	-0.0188090968270266	-0.0111120208125666
3.44628979916085	-0.416333058368529	0.0150992547582798	0.00969564507511647	-4.38833353409651	-0.0215500205910832	-0.012830695370087
3.45628979916085	-0.461178369094315	0.0148691631643094	0.00955807422250799	-4.58003755205025	-0.0245059380009236	-0.0147064339799885
3.46628979916085	-0.50791904078854	0.0146084029789296	0.00940105972536615	-4.76731195525501	-0.0276745259730708	-0.0167280364890601
3.46955816019231	-0.523598775598431	0.0145161779597855	0.00934528093454207	-4.82746041727662	-0.0287554062747216	-0.0174179066067364
3.47955816019231	-0.578213587011765	0.017484192188406	0.0295978899093293	-6.09223320707605	0.620334291324138	4.05951674463376
3.48955816019231	-0.64716467851798	0.0340043848921019	0.0794440950647824	-7.86374888986555	3.35711129048893	4.86194941297134
3.49955816019231	-0.734141330743211	0.0823614166469965	0.125957604048857	-9.20174360961969	5.5713436264409	4.78118908956942
3.50955816019231	-0.826912005336152	0.137831223536491	0.17343622880361	-9.24124059357144	5.35769858885414	4.57644390026694
3.51955816019231	-0.917656731545224	0.18751621137997	0.21603369709714	-8.87783320782824	4.53695607574984	3.90202969516417
3.52955816019231	-1.00422874720122	0.228235833446901	0.251205097295808	-8.43697241552861	3.6093717805908	3.13461028352379
3.53955816019231	-1.08653471935703	0.259967801293875	0.278919879593305	-8.03523575386884	2.75746776517871	2.42193529295745
3.54955816019231	-1.16516560157152	0.283789242214164	0.300035104128871	-7.7038701750951	2.03082026537236	1.81836013954583
3.55955816019231	-1.24085913927765	0.301040979083557	0.315657498258644	-7.44663873637791	1.4418039515339	1.3240028094851
3.56882558126453	-1.30899693899575	0.312315065419024	0.326169202824191	-7.26679076923859	1.0081811711207	0.958532912335364
3.57882558126453	-1.37606325071262	0.317054282203621	0.316976858887106	-6.14080848430713	-0.0406042849766312	-2.83266543586298
3.58882558126453	-1.43044092025385	0.307293797198448	0.275607030191903	-4.5314297815191	-2.63649337115904	-4.36082249060453
3.59882558126453	-1.4670358991084	0.264281792515528	0.232767289736276	-3.09424126660455	-5.25310255461277	-4.5683560548034
3.60882558126453	-1.49661156156382	0.209827115781367	0.186048228387612	-2.95954488284473	-5.43044666990024	-4.61464532062536
3.61882558126453	-1.52816913009326	0.158590080530782	0.142532573945247	-3.41020658576037	-4.73301498487727	-4.02263343936267
3.62882558126453	-1.56541947751685	0.116015657122446	0.106265269837968	-4.0485252486954	-3.77009996720598	-3.22384640340912
3.63882558126453	-1.60903263183376	0.0830148920765218	0.077911687415531	-4.65943859181385	-2.851593586622	-2.46448325191125
3.64882558126453	-1.65822551810228	0.0584354044425208	0.0565303823034889	-5.15735078624778	-2.09580333872208	-1.83435716667256
3.65882558126453	-1.71175759935638	0.0405258526660898	0.040717652219532	-5.52823939615125	-1.51497578298967	-1.34997187568596
3.66882558126453	-1.76840770946554	0.0276203689393065	0.0291210018286792	-5.78464110682708	-1.08827004289352	-0.988749072157868
3.67882558126453	-1.82713666179438	0.0183500725774811	0.0206289830457244	-5.94750898466911	-0.782633736953841	-0.724451204290931
3.67974259872377	-1.83259571459405	0.017643032122702	0.0199739746771394	-5.95849800812208	-0.759521109890822	-0.704227388394152
3.68974259872377	-1.88693104059659	0.00769390578875352	-0.00756885768361473	-4.90695256763352	-1.23555710109739	-4.78681885496681
3.69974259872377	-1.9282028223425	-0.0171799059656392	-0.0601454022674976	-3.22335272149712	-4.24989239494488	-4.92395821726004
3.70974259872377	-1.95446088712099	-0.0706219882228896	-0.108722714222191	-2.36469519086118	-5.74162378049721	-4.97521404971727
3.71974259872377	-1.97888407533144	-0.126556002535474	-0.156985690841624	-2.60949015231526	-5.31126845156142	-4.57523089600788
3.72974259872377	-2.00758296702504	-0.175437275061812	-0.199124406797488	-3.14674791809909	-4.4387486602212	-3.8301468201996
3.73974259872377	-2.04183350966107	-0.215223770255401	-0.233595562212503	-3.69241998123552	-3.5313859932702	-3.07326197038852
3.74974259872377	-2.08111205797674	-0.246456718276163	-0.260907684531792	-4.14469029965945	-2.73801200495693	-2.40948146390732
3.75974259872377	-2.12433334972128	-0.270485772159784	-0.282177702966981	-4.48011631180275	-2.09233909697222	-1.86462663031426
3.76974259872377	-2.17034362873715	-0.288768581535458	-0.298587704428862	-4.70455398707278	-1.5859399490961	-1.43556493931509
3.77974259872377	-2.21809968843708	-0.302616823601305	-0.311206241740873	-4.83199718517207	-1.2018932920475	-1.10325404093311
3.78974259872377	-2.26671802783468	-0.313134399773669	-0.320923754923263	-4.87967514532282	-0.916500895413908	-0.851989721423687
3.79974259872377	-2.31548056818238	-0.321205205619563	-0.328461058583372	-4.86336383027225	-0.709156238618941	-0.664724702326103
3.80974259872377	-2.36381875631503	-0.327515919202463	-0.334383722944457	-4.79691744968983	-0.561745634523521	-0.526776969738036
3.81974259872377	-2.41129173845146	-0.332585768097223	-0.339124643701771	-4.69207954630207	-0.458675052406436	-0.426610969246123
3.82974259872377	-2.45756403191705	-0.33679597782322	-0.343009703099175	-4.5581823821033	-0.387988537183324	-0.354217363971748
3.83974259872377	-2.50238390313199	-0.340419939801365	-0.346278272233236	-4.40266614901398	-0.340090933788302	-0.302155646088651
3.84974259872377	-2.54556492864648	-0.343648103301039	-0.349103160442277	-4.23125473687629	-0.307751657984818	-0.264717881107849
3.85974259872377	-2.58697058872419	-0.3466088385282	-0.351607169083189	-4.04819546987148	-0.285916806964747	-0.237293320355396
3.86754883419486	-2.61799387799151	-0.348789708564476	-0.353394292043994	-3.89937090209501	-0.273460786480985	-0.221079438638492
3.87754883419486	-2.6591150046013	-0.351692069047104	-0.336628854813645	-4.32456417366304	-0.301315379665725	3.56818449107649
3.88754883419486	-2.70594515059074	-0.349246283776257	-0.290413107689322	-5.21528139997731	1.46527660655949	4.63769529211831
3.89754883419486	-2.76419449854168	-0.319305909694005	-0.248491616778608	-6.43400192695096	4.51674686891599	3.77384151637424
3.90754883419486	-2.83076598132265	-0.268239470821169	-0.208822808322023	-6.69010737312313	5.34921204571605	4.11613172723834
3.91754883419486	-2.8956441187376	-0.216029977024334	-0.16853765400092	-6.20822865989772	4.97160217702004	3.85823819332294
3.92754883419486	-2.95402826228527	-0.170161153843301	-0.132847608426077	-5.44575527572518	4.16511866073284	3.25535580902141
3.93754883419486	-3.0044442227889	-0.132912369648853	-0.103629408049929	-4.64318163481387	3.29263208768008	2.59263339767413
3.94754883419486	-3.04713402269453	-0.103954349769959	-0.0807549675127812	-3.91091832635709	2.52330476343044	1.99792505265556
3.95754883419486	-3.08299850206693	-0.0819563912519074	-0.0632834922316107	-3.27910658391666	1.90190459969176	1.51474930064503
3.96754883419486	-3.11303758806757	-0.065438301540185	-0.0501023273403704	-2.74343208716218	1.42352637914352	1.13825164261467
3.97754883419486	-3.13813100298181	-0.0530956706187349	-0.0402138681243368	-2.28714593250007	1.06299376687811	0.852068287563974
3.98754883419486	-3.15898274232109	-0.0438846081816237	-0.0328106175428519	-1.8922776497807	0.792930148892541	0.638314741002869
3.99754883419486	-3.17613139424816	-0.0370083997036107	-0.0272661801819653	-1.54411507897789	0.592111839832587	0.478490971517715
4.00754883419486	-3.18998150062268	-0.0318688041977994	-0.0231089925314286	-1.23085148387375	0.44305750397009	0.358886914690619
4.01754883419486	-3.20083424023819	-0.0280206769713348	-0.0199876417737011	-0.943390222422097	0.332026476390413	0.269687849482054
4.02754883419486	-3.2089129232356	-0.0251345559505805	-0.0176402794469523	-0.675051312875943	0.249128312250529	0.203128478363988
4.03754883419486	-3.21438303155594	-0.0229666935918978	-0.0158717672073795	-0.420988506527026	0.187397948525096	0.15301611391422
4.04754883419486	-3.21736756683762	-0.0213354926852679	-0.0145377621994774	-0.177422231402807	0.141056385060106	0.115584927443743
4.05754883419486	-3.21795768495086	-0.0201064681650383	-0.0135298738552322	0.0582893545846007	0.106374867977456	0.0873701155580316
4.06754883419486	-3.21622116442687	-0.0191790494842631	-0.0127674361248968	0.288186005424331	0.0803438895928096	0.0661261157990296
4.07754883419486	-3.21220829298045	-0.0184780730200694	-0.0121899411236958	0.513774803940183	0.0607759176220155	0.0501334392774263
4.08754883419486	-3.20595631946265	-0.0179472140103544	-0.0117518534194739	0.736164588806923	0.0460974358842317	0.0380502348248591
4.09754883419486	-3.19749281618363	-0.0175440034595407	-0.0114189525957671	0.956201597445174	0.0350690646100933	0.0289655177515684
4.10754883419486	-3.18683812537651	-0.0172364293140806	-0.0111652571758079	1.17448997830203	0.0268416553667856	0.0221074930318707
4.11754883419486	-3.17400731593934	-0.0170001165154167	-0.0109711153411911	1.39148716075992	0.0207262418780157	0.0169725305879768
4.12754883419486	-3.15901162665742	-0.01681647183457	-0.0108214724573887	1.60750731474148	0.0162455398073619	0.0131402306861322
4.13754883419486	-3.14185966192996	-0.016671125230283	-0.0107047979189377	1.82277071126828	0.0130129386189346	0.0103379328997784
4.14580430063148	-3.12608000841944	-0.016571990831357	-0.0106268735220779	2.00000000000121	0.0111021480987914	0.00862562029860924
