=========================== Parameters =====================================
l1 [m]	l2 [m]	l3 [m]	c1 [m]	c2 [m]	c3 [m]	m1 [kg]	m2 [kg]	m3 [kg]
0.22	0.22	0.2458	0.044	0.022	0.19664	0.1564	0.23764	0.1564
============================== Data ========================================
t [s]	th1 [rad]	th2 [rad]	th3 [rad]	th1d [rad/s]	th2d [rad/s]	th3d [rad/s]
0	0	0	0	0	0	0
0.01	-0.0019566001063346	0.00141629309836239	0.000641260712499193	-0.363607793924393	0.237236619630013	0.119962970628639
0.02	-0.00689564405279666	0.00420562526691859	0.00209837177696849	-0.611551264435984	0.302675577540365	0.1610041233614
0.03	-0.0140168458196192	0.00722786857871264	0.00371919951702881	-0.807276678024186	0.294125621876913	0.158614238813238
0.04	-0.0229737910880911	0.0099927478379078	0.00521450488392897	-0.982276557196956	0.256288254820358	0.138843647731236
0.05	-0.0336449321975199	0.0123293402569632	0.00648095925407081	-1.15178056758181	0.210821361461291	0.114255949954467
0.06	-0.0460142370689118	0.0142167155362851	0.00750283389217121	-1.32260125462335	0.167427119206641	0.0905217259548503
0.07	-0.060110149777506	0.015697403094693	0.00830179049429145	-1.49731591216536	0.129800834826204	0.0698505486140694
0.08	-0.0759754113002607	0.0168347415516295	0.00891205868796567	-1.67645886388594	0.0987362182003697	0.052823575827761
0.09	-0.0936529232219516	0.0176929689640321	0.00936901528735671	-1.85966417082387	0.0738591765319764	0.0391020011799447
0.1	-0.113179789147497	0.018329175370941	0.00970405407189006	-2.04619849876984	0.0541803514044075	0.0283219884684797
0.11	-0.134585294133606	0.018790596722624	0.00994334631425133	-2.23525656764528	0.0387294678292585	0.0198785621714391
0.12	-0.157890730665044	0.0191147816199834	0.0101076705538534	-2.42605993442662	0.0265867451907784	0.0132541508662451
0.13	-0.183109936009296	0.0193307107199772	0.0102130446300084	-2.61789857021693	0.0169610537856256	0.00801983555626829
0.14	-0.210250024024782	0.0194602255287242	0.0102715294393995	-2.81013598219511	0.00920738747578113	0.00382534719230055
0.15	-0.239312071645476	0.0195194189660866	0.0102920148800712	-3.00219922208411	0.00282102563902173	0.000379834821625123
0.16	-0.270291669030858	0.0195198668247144	0.0102808858812618	-3.1935615514153	-0.00259701899788766	-0.00253442329309039
0.17	-0.303179308721637	0.0194696402907105	0.0102425920332324	-3.38372689561917	-0.00735868523937063	-0.00507707291257955
0.18	-0.337960624452283	0.0193741132647313	0.0101801204716142	-3.57221754068581	-0.0116935857332447	-0.00738382210082706
0.19	-0.374616505422396	0.0192366175635278	0.0100953431925197	-3.75856136169721	-0.0157764554851596	-0.00955428958769674
0.2	-0.413123109419992	0.0190589550435764	0.00998929457395603	-3.94228245434682	-0.0197445805596821	-0.0116501282331139
0.21	-0.453451798725063	0.0188417860772545	0.00986241198251213	-4.12289662797776	-0.0236913842894276	-0.0137281255559945
0.22	-0.495569025781041	0.0185849560558164	0.00971468979509381	-4.29990515972	-0.0276909430091332	-0.0158147630844285
0.226434845226636	-0.523598775598299	0.0183983910701437	0.00960849296846923	-4.41166283018985	-0.0303079140050289	-0.0171854622409775
0.236434845226636	-0.574403511704397	0.00928491596688573	0.0515289191153569	-5.86281369132661	-0.315422611783472	5.62113656801311
0.246434845226636	-0.641585101751629	0.0224730555630344	0.102228896031723	-7.56410041316627	2.92091089175739	4.5526220451074
0.256434845226636	-0.725167242457302	0.0660897510091181	0.144046996342217	-9.01183916964573	5.40337013895719	4.127967385351
0.266434845226636	-0.817490580184054	0.122329804684682	0.185612428908829	-9.30024974971971	5.62187869189352	4.0671753521036
0.276434845226636	-0.909264975511339	0.175746269835246	0.223902101200871	-9.0011322937318	4.98197229253335	3.55278317479432
0.286434845226636	-0.996961271491205	0.221176624996797	0.256252999281863	-8.52822988414232	4.08946561626682	2.91405056187141
0.296434845226636	-1.0798372869668	0.257576190796656	0.282239031277229	-8.05392431185996	3.2020654829643	2.29274775214449
0.306434845226636	-1.15824606315203	0.285562439391722	0.30234936018214	-7.64008443681521	2.4157060703283	1.74304572391335
0.316434845226636	-1.23289499283487	0.306318691383583	0.317396044993675	-7.30244252822576	1.7566149066398	1.28230719714109
0.326434845226636	-1.30454519771217	0.321134657805608	0.328263770605706	-7.0392188060606	1.22627787746927	0.906438072165086
0.327067910797248	-1.30899693899575	0.321901669739677	0.328830827401426	-7.02485405994249	1.19668073463335	0.885531187778418
0.337067910797248	-1.37536804418095	0.344326162315681	0.296623464078667	-6.06623530719262	1.99660366268685	-5.10929113993789
0.347067910797248	-1.42834585429431	0.348058220548864	0.250281465981686	-4.52017886415237	-1.24755078834216	-4.17765090348853
0.357067910797248	-1.46556925240686	0.31948505475609	0.212449146908401	-2.91374180616035	-4.46377389355456	-3.4203868531627
0.367067910797248	-1.48960939790306	0.26716028792206	0.175498227054772	-2.10154108713703	-5.66527527377688	-3.88125061294981
0.377067910797248	-1.51066894908788	0.210542818875328	0.137350306198734	-2.22020017914576	-5.50786011259118	-3.65089412940406
0.387067910797248	-1.53550325996975	0.159121342477307	0.103561211996856	-2.78946482516783	-4.71845672518121	-3.07237074030742
0.397067910797248	-1.56685873587817	0.116744091469748	0.0761254687725331	-3.48384767067043	-3.75228406692887	-2.41947201508428
0.407067910797248	-1.60499619814495	0.0838253516043721	0.0549767910204122	-4.12690577175972	-2.85382965858768	-1.82612574991561
0.417067910797248	-1.64899452340472	0.0591598956367828	0.0391842944142423	-4.65067281037541	-2.10895314780875	-1.35027062320314
0.427067910797248	-1.69757242643744	0.0410748647189027	0.0276020073611681	-5.04396476016459	-1.53496754373015	-0.983876000872869
0.437067910797248	-1.74948525280442	0.0279652458072154	0.0191889743533695	-5.32089187499788	-1.10923501031381	-0.712881802176292
0.447067910797248	-1.80367219269025	0.0184966413783159	0.0130947081438896	-5.5023548906954	-0.801670798437301	-0.516788808435554
0.452292701655178	-1.83259571459405	0.0146404653624914	0.0106072164817115	-5.56611242251689	-0.678119442769873	-0.437847634186612
0.462292701655178	-1.88271904278794	0.0171162188128492	-0.0346748737110218	-4.33657076106526	-0.359879194358094	-5.74396580601191
0.472292701655178	-1.91862581056624	-0.00202018279891665	-0.0863255000874192	-2.85303624291153	-3.43556637332405	-4.623513423039
0.482292701655178	-1.94043441927784	-0.0496013498991683	-0.128975800489297	-1.67448533041404	-5.63852295836089	-4.22662949353519
0.492292701655178	-1.95628537246288	-0.107308276108982	-0.170939287907953	-1.63534417867449	-5.70120623306576	-4.06162690078692
0.502292701655178	-1.97483584912659	-0.161144996797063	-0.208978419751477	-2.11862589024312	-5.00009275199994	-3.51537513097073
0.512292701655178	-1.99903536441351	-0.206694476018089	-0.241001154315638	-2.72269260656568	-4.10318668924398	-2.8905289064638
0.522292701655178	-2.02912052101442	-0.243364921537605	-0.266932576768069	-3.27957625874471	-3.24724336633579	-2.30805288471263
0.532292701655178	-2.06427283310469	-0.272046815401415	-0.287453539240346	-3.73162264635851	-2.51190311580587	-1.81140034316523
0.542292701655178	-2.10336430026942	-0.294067317167251	-0.303461773931113	-4.06766955932178	-1.91485532187781	-1.40509759877457
0.552292701655178	-2.14526551654127	-0.31077078074074	-0.315842737236808	-4.29553876625578	-1.44660954817045	-1.08323227327484
0.562292701655178	-2.18896399311279	-0.323359416116991	-0.325386093505261	-4.42977824515968	-1.08840818614398	-0.835868432726997
0.572292701655178	-2.23360158204477	-0.332842491120481	-0.332762464438577	-4.4860419422897	-0.821897659945021	-0.648300582738009
0.582292701655178	-2.2784760458454	-0.340037019842324	-0.338516454631003	-4.4795070461701	-0.627978747340509	-0.50910228438473
0.592292701655178	-2.32302822216566	-0.345583144841618	-0.34307833863243	-4.42368035482938	-0.489500090616226	-0.408485439364608
0.602292701655178	-2.36682308892657	-0.349967031633836	-0.34678092456711	-4.32978433180699	-0.393293920224204	-0.336066771128705
0.612292701655178	-2.40952857661651	-0.353549467606352	-0.349872277456952	-4.20718866131536	-0.32751424320285	-0.285148110806855
0.622292701655178	-2.45089582946896	-0.356589516111274	-0.352534422744337	-4.06322780460645	-0.283463237707748	-0.249438955872887
0.632292701655178	-2.49074110160519	-0.359268186955969	-0.354896533561701	-3.90362043101936	-0.254253948802115	-0.224495052316995
0.642292701655178	-2.52893054185757	-0.361707407086669	-0.357048222415088	-3.73265524114068	-0.235004465110728	-0.206643349567649
0.652292701655178	-2.56536757854543	-0.363986550070303	-0.359048888481375	-3.55359340351127	-0.221737698871745	-0.193935209926045
0.662292701655178	-2.59998321154537	-0.366153945413858	-0.360937510596198	-3.36871871670491	-0.212217732711585	-0.184131899293395
0.667721322602386	-2.61799387799151	-0.367294195797862	-0.361924674349185	-3.26654289001752	-0.207969319874828	-0.179596758250441
0.677721322602386	-2.65181217125705	-0.381515278103028	-0.327328253742752	-3.62771527041181	-1.71743262714604	5.55471311093195
0.687721322602386	-2.69254513504265	-0.386550176256431	-0.276782079385968	-4.5133906524871	0.704055141787831	4.55242721979169
0.697721322602386	-2.74197749222736	-0.367856372053349	-0.235628201159488	-5.37088478508582	3.01906559420515	3.7100628697187
0.707721322602386	-2.79993472396205	-0.326500618462048	-0.2018584772523	-6.18068682231713	5.09640185095416	3.23411526801061
0.717721322602386	-2.8625766126661	-0.27267110666652	-0.168009113945349	-6.21222414777344	5.47560011778207	3.42241368955975
0.727721322602386	-2.9222280043864	-0.219776056425962	-0.13508991681141	-5.65332993698851	5.01011008077209	3.10594677357037
0.737721322602386	-2.97486062634474	-0.173615877978159	-0.106547945323274	-4.85485269426342	4.19358734336246	2.58853101062834
0.747721322602386	-3.01924591115661	-0.136043998829339	-0.0833868255294873	-4.02863146573446	3.32815528660647	2.0504047858407
0.757721322602386	-3.05568111230354	-0.106726632119127	-0.0653169564454214	-3.27446253433372	2.55703769964955	1.5777230866222
0.767721322602386	-3.08508187891294	-0.0844243910848092	-0.0515388386381328	-2.623179396504	1.92745716813433	1.19323024370622
0.777721322602386	-3.10847906995045	-0.067711263901701	-0.0411701156657547	-2.07181545181331	1.43700655866808	0.893440186891053
0.787721322602386	-3.12679964931051	-0.0552941299733554	-0.0334239345021564	-1.60491144245193	1.0641115765024	0.66641156503017
0.797721322602386	-3.14080065452114	-0.046114059173493	-0.0276568382139049	-1.20507845170413	0.785738654394065	0.495070876004815
0.807721322602386	-3.15107138090615	-0.0393441620324805	-0.0233704422970203	-0.856495095433957	0.578909937737015	0.367980980638034
0.817721322602386	-3.1580584821157	-0.0343579384812497	-0.0201849366982398	-0.546450020018347	0.426138602337323	0.273715456878579
0.827721322602386	-3.16209568544297	-0.0306871789222651	-0.0178158500431722	-0.265082218130034	0.313790639399975	0.203521372268953
0.837721322602386	-3.1634303680479	-0.0279845217017769	-0.0160522334280177	-0.00487270955904952	0.231007210330317	0.151727009307954
0.847721322602386	-3.16224501795366	-0.0259940003222035	-0.0147371368216297	0.23972551001338	0.170199664707477	0.113228174917708
0.857721322602386	-3.15867400652891	-0.0245269441057068	-0.0137546722129188	0.472845743028861	0.125495797609416	0.0846968483834916
0.867721322602386	-3.15281618086704	-0.0234445368857206	-0.0130189254232927	0.697520216020692	0.0926566511543891	0.0635338246817294
0.877721322602386	-3.14474429917425	-0.0226445576674829	-0.0124661645236612	0.915968607445548	0.068596752749965	0.0477785338239392
0.887721322602386	-3.1345120460929	-0.0220515262558895	-0.0120491770433681	1.12982461595915	0.0509350230976179	0.0361931547198548
0.897721322602386	-3.12215920466249	-0.0216097585943971	-0.0117325679264018	1.34025111740524	0.0381105613220154	0.0275490663177817
0.907721322602386	-3.1077155598742	-0.0212778181855551	-0.0114900748711944	1.54810187146957	0.0288029183983374	0.0212495300028809
0.917721322602386	-3.09120377117494	-0.0210248922001296	-0.0113018178002787	1.75396279680109	0.0221657211337863	0.016648047216853
0.927721322602386	-3.07264158303869	-0.0208278219885076	-0.0111528098545306	1.95823498736808	0.0175399531249237	0.0133395637194438
0.929774235532651	-3.0685786186659	-0.0207925919498753	-0.0111259935283722	2	0.0167845146903582	0.0128060357634155
0.939774235532651	-3.04756418910357	-0.0206399179215776	-0.0110093547708245	2.20268251581098	0.013957629260034	0.0106666712901685
0.949774235532652	-3.02452890265991	-0.0205097178490145	-0.0109101848824828	2.40418212286214	0.0122469037408962	0.00927733077152914
0.959774235532652	-2.99948440568166	-0.02039199788393	-0.0108219154754232	2.60452200808312	0.0114287235605511	0.00846442434754361
0.969774235532652	-2.97244248950361	-0.0202787522878548	-0.0107393289622572	2.80365189746395	0.0113272577850881	0.00812653728183557
0.979774235532652	-2.94341578696309	-0.0201634208087628	-0.0106581666560696	3.00145504368318	0.0118285793763264	0.00816851143672199
0.989774235532652	-2.91241838252423	-0.0200404609372744	-0.0105748977241453	3.19775881661321	0.0128422598517332	0.00853690598542656
0.999774235532652	-2.87946635406496	-0.0199050612847192	-0.0104865120949208	3.39233855530544	0.0143058461070564	0.00918920006046539
1.00977423553265	-2.84457826740512	-0.019752938671973	-0.010390369209296	3.58492028263945	0.0161891591816957	0.0100690373153772
1.01977423553265	-2.80777564046367	-0.0195801531867855	-0.010284166908292	3.77519047379046	0.0184318944959052	0.0112009148269685
1.02977423553265	-2.76908336648361	-0.0193830784032708	-0.0101657567214294	3.96278701704608	0.0210394918546213	0.0125146152341524
1.03977423553265	-2.72853012845443	-0.0191582702846904	-0.0100332217430668	4.14731376734287	0.0239755823145709	0.0140233551777408
1.04977423553265	-2.68614877562629	-0.0189024846815926	-0.00988476482117055	4.32833450186605	0.0272321887808187	0.0156966518020557
1.05977423553265	-2.64197668389775	-0.0186126391885009	-0.00971874464901846	4.50538043985369	0.0307858376372297	0.0175316132589756
1.06977423553265	-2.59605608330944	-0.0182858342446448	-0.00953364915702123	4.67795085635579	0.034616447604187	0.0195168494061847
1.07977423553265	-2.54843435442758	-0.0179193785682537	-0.00932809162698904	4.84551564619657	0.0387138169827813	0.0216186646736465
1.08977423553265	-2.49916429080983	-0.0175107964001626	-0.00910086055177463	5.00752321195277	0.0430433617412387	0.0238383595944699
1.09977423553265	-2.44830431517084	-0.0170578712740238	-0.00885092198099445	5.16340383523063	0.0475559645524183	0.0261939646382523
1.10977423553265	-2.39591863959493	-0.0165587548416108	-0.00857731916127119	5.31256321930206	0.0522876861293117	0.0285473143911727
1.11977423553265	-2.34207739834063	-0.0160118409504198	-0.00827948201755375	5.45441728575739	0.0571106848087909	0.0310341327455276
1.12977423553265	-2.286856674223	-0.0154160315732448	-0.00795685877547197	5.5883601873891	0.0620625734842896	0.0334954222104016
1.13977423553265	-2.23033850918856	-0.0147705675136695	-0.00760929428018303	5.71380718656117	0.0670374812410895	0.0360118857072521
1.14977423553265	-2.17261080080556	-0.0140752280248155	-0.00723676101227962	5.83017384803055	0.0720276007521952	0.0384878509302515
1.15977423553265	-2.11376715654645	-0.0133302491975725	-0.00683956255955722	5.93690280453427	0.0769588994779621	0.0409366043806707
1.16977423553265	-2.05390665134675	-0.0125364098016489	-0.00641823066169713	6.03346061428159	0.081785037097812	0.0433200040854255
1.17977423553265	-1.99313351812739	-0.0116950221042497	-0.00597356672587467	6.11934941102342	0.0864542470997781	0.0456077784927815
1.18977423553265	-1.93155675943636	-0.0108079373427213	-0.00550663623159332	6.19411416163739	0.090912362319086	0.047774559261401
1.19977423553265	-1.86928968733167	-0.00987752858181278	-0.00501877909188423	6.25735162940552	0.0950880007847099	0.0498278133549951
1.20977423553265	-1.80644938399448	-0.00890675559820767	-0.00451145483277566	6.30870284356245	0.0990145338722082	0.0515994967285449
1.21977423553265	-1.74315613489258	-0.00789892335657128	-0.00398659402384492	6.34789559564619	0.102516007792233	0.0532908568407529
1.22977423553265	-1.67953274961952	-0.00685793526345952	-0.00344607312677292	6.37469932420933	0.105637468396276	0.0547311736541107
1.23977423553265	-1.61570390129977	-0.00578800299507237	-0.00289210837160809	6.38897062728033	0.10828777820002	0.0559966223185349
1.24977423553265	-1.55179538629431	-0.00469375519962065	-0.00232694338382341	6.39062769923523	0.110482484968675	0.0569922960615429
1.25977423553265	-1.48793339688932	-0.00358005602028183	-0.00175302420175336	6.37967214796937	0.112168729361461	0.0577558874890254
1.26977423553265	-1.4242437638155	-0.00245201735401373	-0.00117282919595664	6.35617533978746	0.113343289653222	0.0582546284999049
1.27977423553265	-1.36085121774454	-0.00131489817707151	-0.00058888744699073	6.32028220964021	0.114009091395447	0.0584608909243283
1.28977423553265	-1.29787867358185	-0.000173972363255115	-3.84868831944114e-06	6.27221889655909	0.114087636880173	0.0585035551301049
1.29977423553265	-1.23544651882229	0.000965364950924163	0.000579857978943026	6.21225822092814	0.113682925635768	0.0582118509703208
1.30977423553265	-1.17367199281715	0.00209789737056301	0.00115965916310687	6.14075411157631	0.112743691328844	0.057698223574783
1.31977423553265	-1.11266857447813	0.00321849615064478	0.00173314040557753	6.05810849282793	0.111297377349434	0.0569532815282436
1.32977423553265	-1.05254545841621	0.0043222493252815	0.00229795894824905	5.96477597111848	0.109352717500532	0.0560129490263879
1.33977423553265	-0.993407082685552	0.00540443520741862	0.00285201296176751	5.86124218323433	0.10702335551446	0.0547435959964348
1.34977423553265	-0.935352766901888	0.00646080198702462	0.00339306791538668	5.74805542877319	0.104190470197274	0.0534233260237962
1.35977423553265	-0.87847635850722	0.00748725008650574	0.00391939912332562	5.62575680869931	0.101035253824428	0.051820591423158
1.36977423553265	-0.822866040892845	0.00848022824704462	0.00442918518999704	5.49493421550242	0.0975078008451674	0.0501099596083242
1.37977423553265	-0.768604147691089	0.00943651415330791	0.00492094772178617	5.35617218827753	0.0936916893733013	0.0482406674001998
1.38977423553265	-0.715767092753235	0.0103533412002214	0.00539337646255147	5.21006288714927	0.0896465769539817	0.0462068427522541
1.39977423553265	-0.664425361907327	0.0112284432930969	0.00584527944332367	5.05720480436636	0.0853600922466909	0.0441289786766052
1.40977423553265	-0.614643552786526	0.0120599445536241	0.00627578511899047	4.89817670298683	0.0809173416904276	0.0419595886461802
1.41977423553265	-0.566480497694797	0.0128464468184642	0.00668418786432351	4.73354738636777	0.0763683747146964	0.0397106821451288
1.42977423553265	-0.51998942758936	0.0135870138345388	0.00706995786775263	4.56386956280504	0.0717382792366385	0.0374349880835383
1.43977423553265	-0.475218179384466	0.0142811329508668	0.0074327771839674	4.38967159539405	0.0670617459468927	0.0351650438650606
1.44977423553265	-0.432209438432461	0.0149286479863338	0.00777261420088917	4.21144594101508	0.0624524101171772	0.0327923583988261
1.45977423553265	-0.391001039042636	0.015529922566204	0.00808939014937501	4.02967867725473	0.0578256965697664	0.0305452212843247
1.46977423553265	-0.351626234184434	0.0160855325809809	0.00838345047884503	3.84479949710979	0.0533104158447295	0.0282770027932077
1.47977423553265	-0.314114042383401	0.0165964725063038	0.00865514195820557	3.65722113284599	0.0488982424025195	0.0260709916092878
1.48977423553265	-0.278489562892795	0.017063995096446	0.00890501758427284	3.4673168061676	0.0446303714778509	0.0239175354914266
1.49977423553265	-0.244774316836307	0.0174896283207579	0.00913373163409466	3.275428932353	0.0405205470791196	0.0218466791508158
1.50977423553265	-0.212986577648029	0.0178750991342657	0.00934209315926949	3.08186246271644	0.0366140894026449	0.0198260365100277
1.51977423553265	-0.183141710258328	0.0182223695394944	0.00953092446424228	2.88689798934874	0.0328808957851833	0.01794555637271
1.52977423553265	-0.155252480684893	0.0185334894819992	0.00970123601751134	2.69077370200499	0.0293788992032684	0.01613525727363
1.53977423553265	-0.129329379709262	0.018810669734665	0.00985402263717989	2.49370531438053	0.0260942171889339	0.0144414927969695
1.54977423553265	-0.105380911931164	0.0190561807583986	0.00999036227225246	2.29587615186743	0.0230395692257972	0.0128572147225324
1.55977423553265	-0.0834138780622175	0.0192723358247107	0.0101113721824824	2.09744166227031	0.0202306429538241	0.0113631146167179
1.56977423553265	-0.0634336403677794	0.0194614875415459	0.0102181454556368	1.8985360927125	0.0176452495770104	0.0099985487380073
1.57977423553265	-0.0454443601429221	0.0196259546418896	0.0103118119395695	1.69926697725239	0.0152881733368664	0.00874994669665738
1.58977423553265	-0.0294492220009589	0.0197680151255884	0.0103934889203424	1.49972076261888	0.013161231369905	0.00760296934409983
1.59977423553265	-0.0154506353682356	0.0198898903657377	0.0104642519333791	1.29996658347374	0.0112498102409992	0.00656622249305473
1.60977423553265	-0.00345041096936213	0.0199937062010963	0.0105251499331806	1.10005576226216	0.00954651796495324	0.0056308679666022
1.61977423553265	0.00655008242879195	0.0200814797037706	0.0105771807345471	0.900025387904526	0.00804011531763389	0.00479019886325303
1.62977423553265	0.0145497846214116	0.0201551030309176	0.010621276000225	0.699901060838881	0.00671179203804648	0.00404651477909788
1.63977423553265	0.0205478354976655	0.0202163123547146	0.0106583163362327	0.499696749956541	0.00555635154589537	0.00337495507588298
1.64977423553265	0.0245434850171096	0.0202666984388243	0.0106890785923245	0.299421495296447	0.00454471664935231	0.00278866039507702
1.65977423553265	0.026536032800338	0.020307663703214	0.0107142794453536	0.0990766257450932	0.00366789591993003	0.00226320796116496
1.66977423553265	0.026524784800497	0.0203404337244159	0.0107345286030037	-0.101337940526448	0.00290303900767749	0.00179559034733586
1.67977423553265	0.0245090373442068	0.020366035378824	0.0107503429722662	-0.301823375156867	0.00223085604188378	0.0013744527138555
1.68977423553265	0.0204880827663036	0.0203852916124244	0.010762135248768	-0.50237899053775	0.00163052724508628	0.000989188305311533
1.69977423553265	0.0144612389382747	0.0203988135967314	0.0107702099654868	-0.702999952161021	0.0010803405850368	0.000629123474336386
1.70977423553265	0.00642790232464087	0.0204069939226456	0.0107747605520616	-0.903675013286987	0.000558569164151035	0.00028227818732698
1.71977423553265	-0.00361237556299196	0.0204100023656007	0.0107758646933174	-1.10438400406617	4.22775570668134e-05	-6.22999638817159e-05
1.72977423553265	-0.0156597879236853	0.0204077811260438	0.0107734833301173	-1.30509560967469	-0.000491384827787115	-0.000416492124486981
1.73977423553265	-0.0297141489421459	0.02040004199842	0.0107674591654686	-1.50576502865725	-0.00106496005002304	-0.000793203020348124
1.74977423553265	-0.0457747467219493	0.0203862659002652	0.0107575141264108	-1.70633146044458	-0.00170203823717843	-0.00120370327897499
1.75977423553265	-0.0638401728054087	0.0203657025343683	0.0107432498980217	-1.90671583761878	-0.00242673321100776	-0.00165818703759833
1.76977423553265	-0.0839081285815083	0.0203373699386286	0.0107241523257501	-2.10681888982529	-0.00326067002841997	-0.00217058343033421
1.77977423553265	-0.105975209647249	0.0203000585818812	0.0106995921481213	-2.30651879773877	-0.00422402035979524	-0.00275632598174936
1.78977423553265	-0.130036669291367	0.0202523437114466	0.0106688162008868	-2.5056678679477	-0.00534568999329477	-0.00341425441422139
1.79977423553265	-0.156086158667573	0.0201925764079494	0.0106309807064222	-2.70409338149376	-0.00663869736828768	-0.00416857275144424
1.80977423553265	-0.184115451983348	0.0201189130057715	0.0105851243854113	-2.90159246007206	-0.00812820691046787	-0.00501979258933056
1.81977423553265	-0.214114150357918	0.0200293138314281	0.0105302012242359	-3.09793290183696	-0.00982999813762878	-0.0059812124824944
1.82977423553265	-0.246069372748207	0.0199215644756595	0.0104650818054175	-3.29285095142633	-0.011757300272978	-0.00706633847008942
1.83977423553265	-0.279965434841657	0.0197933047795811	0.0103885493568907	-3.48604864777302	-0.013933747563157	-0.00826566970129671
1.84977423553265	-0.315783515272455	0.0196420327618027	0.0102993476880108	-3.67719647928563	-0.0163637391222859	-0.00959700875444528
1.85977423553265	-0.353501320606494	0.0194651495623044	0.0101961673603615	-3.86593008992606	-0.0190573045485681	-0.0110615963918096
1.86977423553265	-0.393092746320122	0.0192599848306627	0.0100776748128553	-4.05185151392219	-0.0220200558135594	-0.0126605395911035
1.87977423553265	-0.434527542738139	0.019023837292555	0.00994252450894935	-4.23452903624371	-0.0252593759833948	-0.0143832164350749
1.88977423553265	-0.477770986831155	0.018753991502651	0.00978942101511226	-4.4135024044291	-0.0287495999403873	-0.0162665655046987
1.89977423553265	-0.522783579100165	0.0184478242494931	0.00961703437059865	-4.58827390558991	-0.0325238835576028	-0.0182356372462338
1.89995184575904	-0.523598775598299	0.0184420423352949	0.00961379092484233	-4.5913369351564	-0.0325933113094897	-0.0182715296420485
1.90995184575904	-0.576196801979049	0.00931484368270213	0.0514901826406043	-6.04138312819756	-0.319791177165029	5.62032548432892
1.91995184575904	-0.645154508546416	0.0224459716084635	0.102173595550955	-7.74030188730781	2.91119074289993	4.5542005844731
1.92995184575904	-0.73049314839019	0.0659830499340731	0.14394596757945	-9.18798223683278	5.39711257566949	4.12134972104672
1.93995184575904	-0.824574582618722	0.122153282016993	0.185442329557963	-9.47553842130134	5.61411095974798	4.05927549445761
1.94995184575904	-0.918093094866443	0.175476380989384	0.223646352719861	-9.17464647811884	4.9715244865538	3.54257680784559
1.95995184575904	-1.0075133155712	0.220783703289757	0.255890686858808	-8.69961038381537	4.07635101810636	2.90137516630703
1.96995184575904	-1.09209089201943	0.257034311988137	0.281750420271214	-8.22294345806512	3.18616487897881	2.27922000137166
1.97995184575904	-1.17217813792144	0.284852665641338	0.301721837060616	-7.8067573606396	2.39817905516793	1.72893402275793
1.98995184575904	-1.24848240178664	0.305431590188555	0.316624561490906	-7.4668240995879	1.73875501380115	1.26789186180407
1.99818394649039	-1.30899693899575	0.317858747847041	0.325720140459321	-7.24321970612581	1.29394553485639	0.952466990688347
2.00818394649039	-1.37747874951505	0.34124308261825	0.293917128126599	-6.26868947878946	2.07340604926347	-5.06117604476741
2.01818394649039	-1.43241254337788	0.345631406730393	0.248025369169935	-4.70882759330421	-1.19253642619753	-4.13649324199936
2.02818394649039	-1.471451178726	0.317506211998806	0.210567136380707	-3.08915372049259	-4.42437328940375	-3.39259798695856
2.03818394649039	-1.49718799991545	0.265487902537362	0.17390090714262	-2.26691481115376	-5.63844208748068	-3.85694696161463
2.04818394649039	-1.51986778946338	0.20910437587868	0.135986927460976	-2.37938699278227	-5.48595407404826	-3.63059844873654
2.05818394649039	-1.54626751792349	0.157878205248579	0.102397970454439	-2.94363555837387	-4.69972086813441	-3.05497664513296
2.06818394649039	-1.57914044850194	0.115669704461839	0.0751326473546092	-3.63309450505267	-3.73800710171728	-2.40136492313082
2.07818394649039	-1.61874838967877	0.082892607917804	0.0541353525884227	-4.27181697678223	-2.83916449702578	-1.81491841026176
2.08818394649039	-1.66417074289538	0.0583497552978249	0.0384674592947234	-4.79071417230184	-2.09770064084875	-1.33888218911548
2.09818394649039	-1.71412496825984	0.0403664729289064	0.0269910999131036	-5.17917360623874	-1.52581827956853	-0.974093278780447
2.10818394649039	-1.76736549697334	0.0273401000388821	0.0186658448981715	-5.45116820018326	-1.10205926291526	-0.704470859636819
2.11818394649039	-1.82283063572831	0.0179375001278181	0.012643755137078	-5.6276922253553	-0.795770021552317	-0.510463405601503
2.11991562773039	-1.83259571459405	0.0165972389422371	0.0117838719707325	-5.65007354316008	-0.752733233131725	-0.482684629512127
2.12991562773039	-1.88353730398415	0.0182235187206726	-0.033803475322264	-4.41593520954791	-0.460744981697713	-5.7490874041212
2.13991562773039	-1.9202295886288	-0.00194038261939494	-0.085493306338964	-2.93099303625193	-3.54230514143817	-4.62087535387459
2.14991562773039	-1.94289680835483	-0.0503564574230981	-0.128316979844787	-1.78124791169604	-5.67649807647892	-4.26183953688148
2.15991562773039	-1.95999193890044	-0.108198691690637	-0.170480256926255	-1.77337982179516	-5.69647268304455	-4.06869598350417
2.16991562773039	-1.98000149392224	-0.161879824003904	-0.208521870870999	-2.27024351558542	-4.97716540686796	-3.50955490893666
2.17991562773039	-2.00574505398284	-0.207161281828635	-0.24045989981024	-2.87867590091026	-4.07497294976082	-2.87850790263201
2.18991562773039	-2.03739294020227	-0.243539252474337	-0.266273396152019	-3.4354195744096	-3.218856799719	-2.29490011798324
2.19991562773039	-2.07409319324879	-0.27194443071319	-0.286672409042485	-3.88498736331218	-2.48591960624953	-1.79929381373936
2.20991562773039	-2.11470053807774	-0.293722499604038	-0.302569133229876	-4.21739238903889	-1.89215071323027	-1.39552272403039
2.21991562773039	-2.15807707316372	-0.31022413756534	-0.314857966217297	-4.44089624075476	-1.42850167183233	-1.07517450494303
2.22991562773039	-2.20320649964907	-0.322653879794531	-0.324330185816918	-4.57060789908734	-1.07467617848187	-0.829745596330333
2.23991562773039	-2.24923009454884	-0.332019263191196	-0.331656447309724	-4.62247518161143	-0.811808958017175	-0.644719349340098
2.24991562773039	-2.29544722885289	-0.339132602559151	-0.337381302980744	-4.61168011953804	-0.621589822138256	-0.507064671930257
2.25991562773039	-2.34130135789396	-0.344629716032892	-0.341931777241336	-4.55194424614632	-0.486061897143007	-0.408093304279443
2.26991562773039	-2.38636087494135	-0.348991294305671	-0.345638210166916	-4.4545000893316	-0.39225174686438	-0.337073079084709
2.27991562773039	-2.43029736355752	-0.352572835891145	-0.348745987614424	-4.32870573482057	-0.328461102059403	-0.287125424930102
2.28991562773039	-2.47286551994973	-0.355628917834079	-0.351434022192832	-4.18193474863806	-0.285731990391907	-0.252476815415379
2.29991562773039	-2.51388504043853	-0.358336063104794	-0.353829628609962	-4.01981113824715	-0.25764248906007	-0.228090911667225
2.30991562773039	-2.55322510641657	-0.360813032829654	-0.356019918988671	-3.84665084754551	-0.239030556015824	-0.210879293430556
2.31991562773039	-2.59079196539224	-0.363136048833844	-0.358063199498699	-3.66561161462759	-0.226399618308651	-0.198279476218928
2.3274812405392	-2.6179938779915	-0.364820547139884	-0.359534534859728	-3.52486768446041	-0.219126268428888	-0.190958463871835
2.3374812405392	-2.6544782081368	-0.379104901579892	-0.324834120859419	-3.90703926106011	-1.67851266147255	5.51580562954627
2.3474812405392	-2.69807193490241	-0.383604162907416	-0.274690608598477	-4.80556824103131	0.76971257484716	4.51448701166559
2.3574812405392	-2.75047991942128	-0.364144048057136	-0.233886676180689	-5.67347371328752	3.1059254736161	3.67865523226918
2.3674812405392	-2.81146894029306	-0.321951907838597	-0.200267522246836	-6.46639796026673	5.1272461753166	3.27341454419298
2.3774812405392	-2.87671554533848	-0.268151650807049	-0.166222237873168	-6.45171047129212	5.44555254106888	3.42409632437853
2.3874812405392	-2.93862682013263	-0.215721454982945	-0.133413308377857	-5.86898279922065	4.95102955557334	3.08579478162134
2.3974812405392	-2.99336598957776	-0.170205836733199	-0.105120757213857	-5.06258053373901	4.12648450104096	2.56058563132362
2.4074812405392	-3.03982959469055	-0.133292917454932	-0.0822409968540135	-4.23761137738792	3.26485387776046	2.02285787744639
2.4174812405392	-3.07837940424417	-0.104565635816076	-0.0644303147993302	-3.48877553646265	2.50277933096728	1.55368768963799
2.4274812405392	-3.10995515612315	-0.082755954323138	-0.0508695943112277	-2.84392357411739	1.88344928678054	1.17333806078453
2.4374812405392	-3.13559064367379	-0.0664373165623398	-0.0406750918786511	-2.29860181564358	1.40175244338389	0.878667157109568
2.4474812405392	-3.15620665267729	-0.0543294398206443	-0.0330629048272434	-1.83702918193006	1.03697848539221	0.654754481721293
2.4574812405392	-3.17255163279704	-0.0453875608332826	-0.0273976778039337	-1.44160078096478	0.764899147291785	0.486403570550984
2.4674812405392	-3.18520629066373	-0.0387994210464215	-0.0231871577479972	-1.09663274999288	0.563173869218058	0.361406245060094
2.4774812405392	-3.19460986428664	-0.0339506781926716	-0.0200577302835515	-0.789507785774749	0.414233668130043	0.268952185681201
2.4874812405392	-3.2010899358198	-0.030383440647437	-0.0177295045200726	-0.510517230185407	0.304863603783266	0.200034365647476
2.4974812405392	-3.20488895800727	-0.0277584611270954	-0.0159954922681026	-0.252241945775536	0.22430652276958	0.149216617533932
2.5074812405392	-3.20618546534393	-0.0258262781249259	-0.0147017235215667	-0.00922746532831291	0.165180143507789	0.111378954879121
2.5174812405392	-3.20511063518435	-0.0244032537499553	-0.0137347670690186	0.222604224948357	0.12166317668346	0.0833792542967955
2.5274812405392	-3.2017606424968	-0.0233546095519828	-0.0130104422313991	0.446231301313444	0.0897040839595417	0.0625108295333021
2.5374812405392	-3.19620593578145	-0.0225811638140506	-0.0124665588631414	0.663859108603924	0.0661910897265816	0.0470272228995807
2.5474812405392	-3.18849806045097	-0.0220099512979377	-0.0120568632099737	0.877095658384535	0.0489221591206243	0.0355118583922656
2.5574812405392	-3.17867473169026	-0.0215871354253057	-0.0117469238885158	1.08711542507367	0.0362866437094422	0.0269223666213559
2.5674812405392	-3.16676359762705	-0.0212728256290378	-0.0115110822574083	1.29477688563675	0.0270504541533892	0.0205896840186611
2.5774812405392	-3.15278503378746	-0.0210374129452923	-0.0113299787798968	1.5006851776473	0.0203944887792838	0.015878968960092
2.5874812405392	-3.13675427431902	-0.020858677646262	-0.0111890890489516	1.70527281987589	0.0156379592931657	0.0124677975286608
2.5974812405392	-3.11868301634692	-0.0207198737054452	-0.0110772881865788	1.90882284880974	0.0123388710408367	0.0100263755140453
2.60197475442132	-3.10990077804059	-0.0206669835677066	-0.0110341744246537	2.00000000000057	0.011239564166845	0.0091828388058907
2.61197475442132	-3.08888848024137	-0.0205640948621471	-0.0109498854582329	2.20232987081288	0.00948632883318203	0.00777422094733593
2.62197475442132	-3.06585673366929	-0.0204745852854741	-0.0108769470996921	2.40389169858837	0.00853514777403156	0.00689216184755831
2.63197475442132	-3.04081326457613	-0.0203912514917423	-0.0108105689168005	2.60466564261487	0.00823094543360248	0.00644709967251291
2.64197475442132	-3.01376631184962	-0.0203081495642041	-0.0107468184542937	2.80457040849307	0.00847355559893214	0.00635744960122968
2.65197475442132	-2.98472519588108	-0.0202202097252151	-0.0106824045192655	3.00347183204235	0.00918691676200318	0.00657497557943592
2.66197475442132	-2.95370083136408	-0.0201229774033447	-0.01061448359665	3.20118544813656	0.0103259919885507	0.00705203282825176
2.67197475442132	-2.92070620598937	-0.0200124074632389	-0.0105405553989592	3.39748180350069	0.0118507718220559	0.00777081793578133
2.68197475442132	-2.88575683019962	-0.0198847427399289	-0.0104583494779784	3.59208638903596	0.0137405704541922	0.00870680267922085
2.69197475442132	-2.84887116981755	-0.0197364203463657	-0.0103657679609196	3.78468188584457	0.0159852837446944	0.00983474440882826
2.70197475442132	-2.81007106509977	-0.0195639959083953	-0.0102608773897392	3.97491294909089	0.0185538320902144	0.0111761654938439
2.71197475442132	-2.76938212736878	-0.019364162894467	-0.0101417985757225	4.16237920606783	0.0214644648048992	0.0126724307185267
2.72197475442132	-2.72683413376201	-0.0191336767407219	-0.0100068095762216	4.34664836008485	0.0246846157447814	0.0143534024062181
2.73197475442132	-2.68246138907107	-0.0188694223204853	-0.00985423969933452	4.52724783991085	0.0282181881345709	0.0161832656540779
2.74197475442132	-2.63630307775391	-0.018568389425497	-0.0096825526138621	4.70367493894137	0.0320383859156736	0.0181738623578551
2.75197475442132	-2.58840357962431	-0.0182277367940919	-0.00949030031076904	4.8753940605351	0.0361362115545716	0.0202988517540546
2.76197475442132	-2.53881275922283	-0.0178448061506431	-0.00927618133458789	5.04184451466499	0.0404839668669033	0.0225552217630045
2.77197475442132	-2.48758620988659	-0.0174171913406882	-0.00903901668972307	5.20244049273961	0.0450718441038954	0.0248990437768649
2.78197475442132	-2.43478545909941	-0.016942745583919	-0.00877784067962939	5.35658298153435	0.0498481372623145	0.0273481784167139
2.79197475442132	-2.38047811058606	-0.0164196763739576	-0.00849184376493882	5.50365758885073	0.0547864617093354	0.0298660524144991
2.80197475442132	-2.32473793342781	-0.0158465804245952	-0.00818041784769818	5.64304325947394	0.0598652723963364	0.03239737062417
2.81197475442132	-2.26764489113854	-0.0152224238026605	-0.00784329070929066	5.77413060358688	0.0649701132930377	0.0350377337488571
2.82197475442132	-2.20928507079989	-0.0145467606837592	-0.00748023856804724	5.89629904213479	0.0701539282089449	0.0375851702917299
2.83197475442132	-2.14975058464308	-0.0138195296447539	-0.0070915144958344	6.00896585113937	0.0752835811023293	0.0401522806911314
2.84197475442132	-2.0891393398872	-0.0130412924825353	-0.00667749530248527	6.11155816844039	0.0803500071877316	0.0426323940754875
2.85197475442132	-2.02755476797292	-0.0122131185176531	-0.00623892021825738	6.20354439122874	0.0852692771694478	0.0450453713856797
2.86197475442132	-1.96510544949601	-0.0113366604803973	-0.00577677597250495	6.28443082995072	0.0899811452873342	0.0473697538837501
2.87197475442132	-1.90190466783062	-0.0104141556620692	-0.00529228648273284	6.35376899864475	0.0944537624546108	0.0495371174663336
2.88197475442132	-1.83806989195404	-0.00944838193349884	-0.00478695528023733	6.41116817949269	0.0986388080172494	0.0515121057962217
2.89197475442132	-1.7737221884767	-0.00844262021031077	-0.00426257176359009	6.456304200502	0.102453076065053	0.0533267116186059
2.90197475442132	-1.70898556497608	-0.00740067447551982	-0.00372109395201931	6.48891552171794	0.105861332942315	0.0549394726265246
2.91197475442132	-1.64398627038274	-0.00632681303894431	-0.00316464511675722	6.50880999200142	0.108858326076693	0.0562686472735994
2.92197475442132	-1.57885206859317	-0.00522559092934	-0.00259569619102571	6.51588920617477	0.111289154746696	0.057504312063882
2.93197475442132	-1.51371143518199	-0.00410209387170753	-0.00201650361984619	6.51009781981157	0.113302621562564	0.0583266869579765
2.94197475442132	-1.44869282635642	-0.00296144100365221	-0.00142981504242246	6.49149765365666	0.114720866577898	0.058996106894817
2.95197475442132	-1.38392385128393	-0.00180911870946946	-0.000838130657886851	6.46019695183218	0.115640593718037	0.0593151139317825
2.96197475442132	-1.31953054266561	-0.000650594474897549	-0.000244203718668464	6.4164014043872	0.115976490630549	0.0594174162880404
2.97197475442132	-1.25563659647352	0.000508561835007554	0.000349336081052016	6.36037662070116	0.115753529294092	0.0592628248209774
2.98197475442132	-1.1923626812483	0.00166280035711029	0.000939935071099831	6.29245140665742	0.115038223420248	0.0587554983760283
2.99197475442132	-1.12982581434137	0.0028068345388281	0.00152485247804999	6.21304121128519	0.113687309912142	0.0581772422192697
3.00197475442132	-1.06813873489794	0.00393531610471313	0.00210186935851365	6.12257383989713	0.11192789746697	0.0571842455342828
3.01197475442132	-1.00740945228251	0.00504340668831531	0.00266843620023257	6.0215693652353	0.109607261687966	0.0561016443582394
3.02197475442132	-0.94774075559815	0.00612635241989395	0.00322252858336029	5.91054950330358	0.106902837283077	0.0546955579728386
3.03197475442132	-0.889229904894777	0.00717992263067363	0.00376199411956098	5.79009634391356	0.103747146107891	0.0531648075925552
3.04197475442132	-0.831968326201383	0.00820016926917464	0.00428505585464555	5.6607957504461	0.100242469773458	0.0514228810785229
3.05197475442132	-0.776041441769561	0.00918363763597891	0.00479001842204467	5.52325979894446	0.0963978188174541	0.0495505119294354
3.06197475442132	-0.721528546841008	0.0101272847188184	0.00527546157114273	5.37810075235013	0.0922846422300138	0.0475249385225902
3.07197475442132	-0.668502781843721	0.0110285576553932	0.00574013949461861	5.22593441036038	0.0879441543089013	0.0453782505854251
3.08197475442132	-0.617031166882522	0.0118853919321488	0.00618300179477623	5.06737163453894	0.083401141953051	0.0431718744385203
3.09197475442132	-0.567174696093765	0.0126961621096594	0.0066032802998257	4.90300369940384	0.0787365399388944	0.0408696422716839
3.10197475442132	-0.518988503932272	0.013459749502638	0.00700035868885503	4.73340968676856	0.0739770571948644	0.0385269943331067
3.11197475442132	-0.472522068247189	0.014175489850771	0.00737383562386783	4.5591451512721	0.0691522661687118	0.0361910493623852
3.12197475442132	-0.427819454004541	0.0148431014661022	0.00772360915270025	4.38072920628833	0.0643719922940353	0.0337657638430278
3.13197475442132	-0.384919616429259	0.0154628222727719	0.00804958936697479	4.19866912553469	0.0595882903923464	0.0314220585045479
3.14197475442132	-0.34385668753737	0.0160351683282256	0.00835205564985466	4.01342139485853	0.0549094318041873	0.0290546222922016
3.15197475442132	-0.304660331523335	0.0165611103231137	0.00863128421062656	3.82542585271158	0.0502924625161506	0.0268122682099988
3.16197475442132	-0.267356063701212	0.0170418218838676	0.00888790929165698	3.63506737235904	0.0458633900928888	0.0245443584474721
3.17197475442132	-0.231965629127429	0.0174788785897442	0.0091225012972371	3.44271588312828	0.0415699002554768	0.0224002936129003
3.18197475442132	-0.198507331419963	0.0178740148558688	0.00933590588316505	3.24869114742718	0.0374845178849174	0.0203056493720463
3.19197475442132	-0.166996398989214	0.0182292302664778	0.00952897776497727	3.05328811794139	0.0335916191422705	0.0183299866534141
3.20197475442132	-0.137445315799313	0.0185466553117402	0.00970273008366369	2.85676132127861	0.0299295455222291	0.0164414248046248
3.21197475442132	-0.109864159916049	0.018828579259451	0.00985820462081693	2.6593373165083	0.0264945300517844	0.0146727418904291
3.22197475442132	-0.0842609155682188	0.0190773712668349	0.00999652852995664	2.46120888512755	0.02330377538791	0.0130126696806598
3.23197475442132	-0.0606417763718196	0.0192954675225605	0.0101188598385305	2.26254052994913	0.0203633219420156	0.0114617235142494
3.24197475442132	-0.0390114286159252	0.0194853455631237	0.0102263587621652	2.06347162975673	0.0176575227616981	0.0100507708410839
3.25197475442132	-0.0193733093605959	0.019649453841994	0.0103202404395321	1.86411168920326	0.0152074937636533	0.00874051159515715
3.26197475442132	-0.00172985495914393	0.0197902403121327	0.0104016611906256	1.66455232425316	0.0129867545969804	0.00756765571068879
3.27197475442132	0.0139172860001425	0.0199100639034635	0.0104718118524953	1.46485880446099	0.0110129386828258	0.00648700457888473
3.28197475442132	0.0275670474835568	0.0200112330116357	0.0105317966059339	1.26508307373498	0.00925554635594578	0.00553127707612347
3.29197475442132	0.0392187770809123	0.0200959290217248	0.0105827153381801	1.06525665282004	0.00771664290311611	0.0046722092297768
3.30197475442132	0.048872079163229	0.0201662247657577	0.0106255867598139	0.865399496704468	0.00637474751605412	0.0039179458228918
3.31197475442132	0.0565266881652088	0.02022404387957	0.0106613782820449	0.665518340849997	0.00521902390869538	0.00325443306381682
3.32197475442132	0.0621823608135205	0.0202711577122411	0.0106909753562354	0.465611167058616	0.00423096477082165	0.00267747770030712
3.33197475442132	0.0658387937306483	0.020309164604072	0.0107151853636352	0.265668325880851	0.00339478156138906	0.00217519316934883
3.34197475442132	0.0674955627135138	0.020339483371613	0.0107347207224295	0.0656758141675685	0.00268929701409776	0.00174236351748125
3.35197475442132	0.0671520865989679	0.0203633360446283	0.0107502040059129	-0.134383553116312	0.00209792365861282	0.00136353671297955
3.36197475442132	0.0648076126735008	0.0203817461959109	0.0107621492600132	-0.334526522611631	0.00159765606220709	0.00103233768354886
3.37197475442132	0.0604612269315777	0.0203955248718269	0.0107709676149941	-0.534768119877444	0.00116818121371554	0.000736006098066963
3.38197475442132	0.054111886541263	0.0204052674774179	0.0107769566001314	-0.735118668905528	0.000786486811580777	0.000464963919043581
3.39197475442132	0.045758476550318	0.0204113449158435	0.0107803018639289	-0.935581969465687	0.000431495343458875	0.000205052053138545
3.40197475442132	0.0353998893603758	0.0204139025485503	0.0107810677560286	-1.13615229203538	7.86365494041598e-05	-5.28584611791442e-05
3.41197475442132	0.0230351287574928	0.0204128524167147	0.0107792019328094	-1.3368126937875	-0.000294164526294285	-0.000322969742150344
3.42197475442132	0.00866343684507233	0.0204078735668239	0.0107745284128091	-1.53753211428036	-0.00071093563339624	-0.000616619703991634
3.43197475442132	-0.00771555475209362	0.0203984087972467	0.0107667494778079	-1.73826328120402	-0.00119517155160778	-0.000946297919932836
3.44197475442132	-0.0261016503310228	0.0203836651131308	0.0107554441044844	-1.93894020595327	-0.00177098329509275	-0.00132334734257155
3.45197475442132	-0.046493891817753	0.0203626128265241	0.010740072095755	-2.13947618580759	-0.00246013714266961	-0.00176272070009143
3.46197475442132	-0.0688903382250806	0.0203339929216283	0.0107199677720405	-2.33976071655054	-0.00328885497241454	-0.0022708198305238
3.47197475442132	-0.0932878212315183	0.0202963135185718	0.0106943569765068	-2.53965868217824	-0.00427568217921397	-0.00286597390208537
3.48197475442132	-0.119681681315004	0.0202478662372671	0.0106623448031487	-2.73900660828589	-0.00544543883666362	-0.0035537900103201
3.49197475442132	-0.148065481703664	0.0201867285458772	0.0106229334635796	-2.93761190479007	-0.00681868466853269	-0.00434472392978936
3.50197475442132	-0.178430704307831	0.020110774480087	0.0105750323401961	-3.13525135025853	-0.00840923025742762	-0.00525767173323868
3.51197475442132	-0.210766430986988	0.0200177051686271	0.0105174412833692	-3.33166696335491	-0.0102460126098251	-0.00628139859947642
3.52197475442132	-0.245059005778411	0.0199050399479333	0.0104489102514451	-3.52656955005922	-0.0123314605249531	-0.00744559896658386
3.53197475442132	-0.281291693119456	0.0197701712029052	0.0103680976674184	-3.71963230988354	-0.0146880729200621	-0.00873951924822323
3.54197475442132	-0.319444322188486	0.0196103663950755	0.0102736295623003	-3.91049463966182	-0.0173208320395426	-0.0101759217120452
3.55197475442132	-0.359492932708388	0.0194228129995553	0.0101640942665291	-4.09875976906041	-0.020236500628786	-0.0117567632147813
3.56197475442132	-0.401409421357271	0.0192046567612592	0.0100380585375087	-4.28399482877132	-0.0234464952074911	-0.0134672506360547
3.57197475442132	-0.445161192546508	0.0189530182135582	0.00989413094240034	-4.46573598754909	-0.026931224909522	-0.0153365022583056
3.58197475442132	-0.490710830124962	0.0186650777225017	0.00973091576576964	-4.64348315731421	-0.0306994755681099	-0.0173341066167608
3.58896552943834	-0.523598775598299	0.0184407512819829	0.00960465870045198	-4.76508951279876	-0.0334918565055512	-0.0188109258188439
3.59896552943834	-0.577929866683721	0.00929897694604252	0.0514706959578368	-6.21410769994166	-0.322221585250802	5.61916156315973
3.60896552943834	-0.648605370634704	0.022391776025281	0.102136148676101	-7.9108783868297	2.90560389127713	4.55150843166556
3.61896552943834	-0.735638576906499	0.0658607056648846	0.143863301065111	-9.35730976162281	5.39104835868268	4.11444986872121
3.62896552943834	-0.831409985973208	0.121964074746483	0.185286199608704	-9.64397321736479	5.60637999711876	4.05140481561897
3.63896552943834	-0.926604395613706	0.175196778528387	0.2234011400968	-9.34126522375669	4.96086177520313	3.53294365197307
3.64896552943834	-1.01768038700551	0.220384338756037	0.255536572008897	-8.8640568787354	4.06272894029552	2.88991549935399
3.65896552943834	-1.10389148081367	0.256488912545197	0.281270104481652	-8.3851564650157	3.17045751979694	2.26595872114427
3.66896552943834	-1.18558961146185	0.284143078413143	0.301103395188374	-7.96672508972286	2.38121067708011	1.71469697564141
3.67896552943834	-1.26348231701328	0.304549342799211	0.315863305364662	-7.62454341257927	1.72131887026001	1.25374888497771
3.68500403984036	-1.30899693899575	0.313913516919193	0.32269957216308	-7.45454555709757	1.38733997072081	1.01662313628542
3.69500403984036	-1.37952149627762	0.338227569857162	0.291263817045594	-6.46431334333256	2.14589778825143	-5.01399567663502
3.70500403984036	-1.43634406092573	0.343230715634321	0.245813386089688	-4.89086321820989	-1.14150234723026	-4.09620861355798
3.71500403984036	-1.47713248889536	0.315513480579257	0.208722695199349	-3.25685221152951	-4.39453331494166	-3.35790887235772
3.72500403984036	-1.50450821276356	0.263779032814851	0.172323661868912	-2.42721034407118	-5.61362429023363	-3.83234884776951
3.73500403984036	-1.52876442202196	0.207626378695683	0.134634229198595	-2.53450525324108	-5.46500239175067	-3.60880822715414
3.74500403984036	-1.55669331216011	0.156600753483593	0.101243107607994	-3.0943115047871	-4.68104205893532	-3.0362409812288
3.75500403984036	-1.59105091127518	0.114568598762548	0.0741501601752235	-3.77925371828082	-3.72209012205254	-2.38443947745575
3.76500403984036	-1.6320981455096	0.0819434925335505	0.0533025481632176	-4.41343628478721	-2.82517307400114	-1.80101561232146
3.77500403984036	-1.67891335250195	0.0575300901982612	0.0377614642859072	-4.92760487367822	-2.08614076632135	-1.32676969893492
3.78500403984036	-1.7302128119916	0.039654280887902	0.026392161816144	-5.3112969766415	-1.51600518909534	-0.964505441168608
3.79500403984036	-1.78475009048866	0.0267153392680297	0.0181556199208238	-5.57846157537834	-1.0936968715719	-0.697418367052087
3.80345910632362	-1.83259571459405	0.0186338551468333	0.0130028254678131	-5.72888283193312	-0.830197848774492	-0.529717674862905
3.81345910632362	-1.88430167465716	0.0193652878547664	-0.0328838932070527	-4.48985430654716	-0.565716150999701	-5.75475157054899
3.82345910632362	-1.92172410043181	-0.00187267015494183	-0.0846098394892054	-3.00383574292794	-3.64820231501023	-4.62828219862775
3.83345910632362	-1.94522689460312	-0.0510866322706223	-0.12765993609873	-1.88743889374459	-5.71096311246442	-4.29515983144821
3.84345910632362	-1.96355178919852	-0.109043941275932	-0.170005772999669	-1.90947542837661	-5.68944894724974	-4.07658951097834
3.85345910632362	-1.98499562194552	-0.162562969493371	-0.20804330999767	-2.41916941976642	-4.95333915927041	-3.50444899462199
3.86345910632362	-2.01225347826241	-0.207577627152503	-0.23989237040763	-3.03184690008342	-4.04505791291168	-2.86944421366264
3.87345910632362	-2.04543262057861	-0.243665531042807	-0.265587876134247	-3.58827334638896	-3.1894498101409	-2.28392566201283
3.88345910632362	-2.08364887628556	-0.271796727574783	-0.285866377523426	-4.03519928102947	-2.45995452128284	-1.78777016989393
3.89345910632362	-2.12574034722289	-0.293334962620724	-0.301653452033537	-4.36383210450989	-1.87051481556789	-1.38482026721276
3.90345910632362	-2.17056063980369	-0.309639334447288	-0.313848274397821	-4.58333165428068	-1.40960669737087	-1.06886079401353
3.91345910632362	-2.21709063345662	-0.321912016546473	-0.323250805085154	-4.70847585693113	-1.06092588527496	-0.824028240348916
3.92345910632362	-2.26447085696436	-0.331161043407833	-0.330527979883422	-4.75594765759018	-0.802302059556356	-0.640468245774593
3.93345910632362	-2.31200226599721	-0.338195043394957	-0.336222625328831	-4.74113438548731	-0.615005856315647	-0.505454325593655
3.94345910632362	-2.35913138506248	-0.343643509683331	-0.340761673162202	-4.67757311316555	-0.482669253506836	-0.407622199389083
3.95345910632362	-2.40542992294124	-0.347982854791186	-0.344471160186266	-4.57673334688524	-0.391137805918317	-0.338066222895302
3.96345910632362	-2.45057322114892	-0.351563156601592	-0.347594096270856	-4.44792415468627	-0.329080360378347	-0.289383514597811
3.97345910632362	-2.49431968371142	-0.354634013958336	-0.350307174730527	-4.29844761538989	-0.287925308479138	-0.25530487675773
3.98345910632362	-2.53649238027475	-0.35736826152311	-0.352734732072345	-4.13397786524562	-0.26085963328036	-0.231546573323217
3.99345910632362	-2.57696365813586	-0.359881088068771	-0.354962154470443	-3.95876445920412	-0.242991442670847	-0.214741419227735
4.00345910632362	-2.61564255499207	-0.362246115279919	-0.357045921366742	-3.77595922171985	-0.230736144185892	-0.202602440604427
4.00408277326746	-2.61799387799149	-0.362389834133769	-0.357172051185309	-3.76435946510981	-0.230115322960276	-0.201930576010395
4.01408277326746	-2.65695811060188	-0.376714651208835	-0.322403430422877	-4.16732300037125	-1.63985745165922	5.47719740041089
4.02408277326746	-2.70322181765919	-0.380686364544359	-0.272652088503672	-5.07867548272708	0.834143163539737	4.47821344032885
4.03408277326746	-2.75841596022624	-0.360470210074324	-0.23218500538175	-5.95737695644871	3.19303727545521	3.64631863454886
4.04408277326746	-2.82223523324323	-0.317490931561454	-0.19867439183066	-6.73013542670161	5.15217401775515	3.31124775621371
4.05408277326746	-2.8898832723678	-0.263748330572411	-0.164457001494216	-6.67220811762191	5.41445544090739	3.42410559972846
4.06408277326746	-2.95387440149689	-0.211782897727299	-0.131765550890101	-6.06748097156178	4.89293278253776	3.06554502858424
4.07408277326746	-3.01055412968997	-0.166896479147611	-0.103718683522508	-5.25418626935683	4.06168711402822	2.53273550186958
4.08408277326746	-3.05893679321829	-0.130620614046874	-0.0811131011946976	-4.43080126386682	3.20367062437734	1.99635195257546
4.09408277326746	-3.099443861728	-0.102461973047575	-0.0635528668853648	-3.68739360841624	2.45081967230731	1.53003680596448
4.10408277326746	-3.13303709170304	-0.0811253657555264	-0.0502030964407809	-3.04881154389531	1.84068798837073	1.15493106400775
4.11408277326746	-3.16075235199215	-0.0651861739785738	-0.0401761980539915	-2.50952336535367	1.36810218465288	0.86401351804092
4.12408277326746	-3.1835045519889	-0.0533753811226468	-0.032693516867338	-2.05323928714989	1.011257866515	0.642893697416903
4.13408277326746	-3.20203400388152	-0.0446620162359434	-0.027127220893977	-1.66218899322351	0.74501261526884	0.477808982180963
4.14408277326746	-3.21691338696257	-0.0382479788659459	-0.0229906341651368	-1.32085580704065	0.547876647807715	0.355408471673481
4.15408277326746	-3.2285750505297	-0.0335310611026282	-0.0199151333346989	-1.01680817450395	0.402986404960909	0.264119201123863
4.16408277326746	-3.23734109961161	-0.0300623732566392	-0.0176266443383567	-0.740341781458369	0.29628998005557	0.196826938122346
4.17408277326746	-3.24344953622234	-0.0275110199744677	-0.0159209040212248	-0.484240778440297	0.218028008807204	0.146763666824535
4.18408277326746	-3.24707551305879	-0.0256333777830847	-0.0146474344881788	-0.243077795109642	0.160466146122963	0.109741052819004
4.19408277326746	-3.24834750573285	-0.0242508695743884	-0.0136947254533284	-0.0128735043011326	0.118201005188772	0.0821554454748696
4.20408277326746	-3.24735956517699	-0.0232323939080188	-0.0129805868573883	0.209328020695299	0.0870828647887871	0.0616752175900645
4.21408277326746	-3.24418035385947	-0.0224818192952747	-0.0124440800742685	0.425692155783023	0.064174252508916	0.0464132232368943
4.22408277326746	-3.23885984929153	-0.0219285188535965	-0.0120400173078214	0.637812816158651	0.0473279079199748	0.0349823342290893
4.23408277326746	-3.23143428748323	-0.0215204488735178	-0.0117348840697284	0.846870549549407	0.0349017035045916	0.0264898895733814
4.24408277326746	-3.22192979919883	-0.0212192541392728	-0.0115035468725987	1.05371849868744	0.0258017772710995	0.0200975350425464
4.25408277326746	-3.21036514581191	-0.0209964233816338	-0.0113272885675509	1.25898987038605	0.0191257389841758	0.0153698804931058
4.26408277326746	-3.19675374305874	-0.0208307324183426	-0.0111919167792827	1.4631315973123	0.0142812388691845	0.0118741141131578
4.27408277326746	-3.18110522050769	-0.0207062047394168	-0.0110866577019795	1.66645677170797	0.010827983290741	0.00930989445827464
4.28408277326746	-3.16342662313738	-0.0206106662178058	-0.0110032517008906	1.86917368980161	0.00843638046142334	0.00747613600417805
4.29054943517994	-3.1509162007926	-0.0205598076729805	-0.0109578639386148	2.00000000000115	0.00734691725280604	0.00659749692168309
