=========================== Parameters =====================================
l1 [m]	l2 [m]	l3 [m]	c1 [m]	c2 [m]	c3 [m]	m1 [kg]	m2 [kg]	m3 [kg]
0.22	0.22	0.2458	0.11	0.11	0.04916	0.1564	0.23764	0.1564
============================== Data ========================================
t [s]	th1 [rad]	th2 [rad]	th3 [rad]	th1d [rad/s]	th2d [rad/s]	th3d [rad/s]
0	0	0	0	0	0	0
0.01	-0.00185677120958404	0.00127201483849671	0.000362226542504184	-0.334153688339998	0.174527605985929	0.0635616829347842
0.02	-0.00643291169178435	0.00298260317745714	0.00101281173308698	-0.577573111213239	0.160575235213755	0.0622997205886087
0.03	-0.0133873984362513	0.00444216961981598	0.00158048409073076	-0.813352043733032	0.131422727368683	0.0511006069412197
0.04	-0.0227058385088464	0.00562349975536619	0.00203862275474101	-1.05071865757874	0.105643709443369	0.0408471465796546
0.05	-0.0344092926530228	0.00657090384489493	0.00240372727149456	-1.29031699234711	0.084570292227567	0.0324844186553825
0.06	-0.0485183549056799	0.00732830849323695	0.00269377408869524	-1.53176804984895	0.067519215472524	0.0257585168735533
0.07	-0.0650492539337376	0.00793188652735013	0.00292360132263723	-1.77461098116746	0.0536830231040564	0.0203918810784818
0.08	-0.0840138337776227	0.00841054576962093	0.00310510275841065	-2.01843483581819	0.0424304975807654	0.0160630879955404
0.09	-0.105419901796314	0.00878728788155936	0.00324762918906655	-2.26284441519292	0.0332186592980778	0.0125658078985146
0.1	-0.129271420456575	0.00908030143443506	0.00335854442587569	-2.50746176726638	0.0256193165794644	0.00971601730526439
0.11	-0.155568570321799	0.00930389592402671	0.00344359752955985	-2.75190711332828	0.0192842195085726	0.00736933309674483
0.12	-0.184307679320795	0.0094692433962027	0.00350723723911654	-2.99578667721109	0.0139281921686654	0.0054151894420166
0.13	-0.215481039928168	0.00958496800000528	0.00355287653938507	-3.23868551933577	0.0093246229142814	0.00375672046384797
0.14	-0.24907663930586	0.00965763373975503	0.00358308522941239	-3.4801569893297	0.00528871453126803	0.00231780658047266
0.15	-0.285077812239077	0.00969213569537868	0.00359975348895432	-3.71971615052734	0.0016699731395681	0.00103868845922911
0.16	-0.323462833715591	0.00969201923862266	0.00360422544035521	-3.95683490515909	-0.00165289528922426	-0.000128900431414736
0.17	-0.364204465902416	0.00965974356575061	0.00359740743689052	-4.19093832871122	-0.00477636420079187	-0.00122490433634441
0.18	-0.407269474133292	0.00959690274574083	0.00357985453167409	-4.42140177419577	-0.0077773209822422	-0.00228029291734827
0.19	-0.452618124958046	0.00950440980419644	0.00355184629983259	-4.64755038948599	-0.0107146676333836	-0.00332089140384265
0.2	-0.500203683247387	0.00938265753510584	0.00351344462404887	-4.86865861202491	-0.013634769858577	-0.00436306692702715
0.204754769140275	-0.523598775598308	0.00931451784378964	0.00349151472184918	-4.97180000830178	-0.0150280979004805	-0.0048612747370455
0.214754769140275	-0.582691426809461	0.0209354540141232	0.0466022989452315	-7.20507086209466	3.52586053295728	5.8839622826586
0.224754769140275	-0.665227951218468	0.0769826377542622	0.103867551033056	-8.6641335807391	6.27366490992776	5.6785127186445
0.234754769140275	-0.750834411777235	0.135702008717129	0.156544400724004	-8.39675401932943	5.34691160508178	4.79702152208711
0.244754769140275	-0.832970636893966	0.183526591333018	0.199755249445923	-8.04058601696885	4.23820678311827	3.87110732574891
0.254754769140275	-0.911949217231719	0.22111623872842	0.234435842515118	-7.7695822552803	3.3106207372743	3.09444825052144
0.264754769140275	-0.988636238324187	0.250352001446517	0.262128674568755	-7.57977288306112	2.56411984642393	2.46701251164284
0.274754769140275	-1.06375380463743	0.272901406118603	0.284183591737893	-7.4531642003775	1.96967000651812	1.95988555063222
0.284754769140275	-1.13784726447673	0.290133459292924	0.301696466145911	-7.37236350770104	1.49594424378646	1.55598689459634
0.294754769140275	-1.21131288850099	0.303154541669308	0.315566289788614	-7.3252839763059	1.12290513468811	1.23058134310798
0.304754769140275	-1.28443034406513	0.312864523340994	0.326517091680121	-7.30133552621866	0.831395928377303	0.968879342265667
0.30812058873829	-1.30899693899575	0.315520132278217	0.329652089161046	-7.29684706487833	0.74852077385199	0.893450630603642
0.31812058873829	-1.37371626265581	0.309858288407427	0.296039431604742	-5.32606826718868	-2.896607492727	-5.1381738431527
0.32812058873829	-1.41730649565226	0.259561992014792	0.244991683467947	-3.96557052495191	-5.8792739480548	-5.15862143692504
0.33812058873829	-1.4583792036495	0.203485892169961	0.19663452101539	-4.34061384421684	-5.15048661653717	-4.4326888516958
0.34812058873829	-1.50462559053766	0.157538292313963	0.156745518706553	-4.90156292059409	-4.05424461552632	-3.55940569353294
0.35812058873829	-1.55609303043932	0.121783901990467	0.124906166974879	-5.37196118744015	-3.13529106107358	-2.83307873809326
0.36812058873829	-1.61168556480582	0.0941265362792976	0.0995857468423589	-5.72884468917573	-2.42826573158989	-2.25278022474798
0.37812058873829	-1.67035692509753	0.072678198777879	0.0794248402455232	-5.99094806492307	-1.88599868687109	-1.796202471728
0.38812058873829	-1.73124783529635	0.0559917375365085	0.0633394859565435	-6.17559282502705	-1.46945382079855	-1.43486723549957
0.39812058873829	-1.79365646033432	0.0429692737066904	0.0504828759680871	-6.29672482861714	-1.14827344697036	-1.14855431742098
0.404279912904165	-1.83259571459405	0.0364002610405039	0.0438746961891533	-6.34423120950918	-0.988680581868228	-1.0011934011671
0.414279912904165	-1.88724191838828	0.0139883148519349	-0.006428133064469	-4.20874420075351	-4.72819561852549	-6.20207411332351
0.424279912904165	-1.92223704898274	-0.0480343020507278	-0.0677105131508219	-3.35591831215089	-6.45696283078816	-5.96608774701842
0.434279912904165	-1.95808713616694	-0.107514887091377	-0.122477722096835	-3.84985414033979	-5.36435794534435	-4.95615906294735
0.444279912904165	-1.9991588566026	-0.15539135184056	-0.167046348869527	-4.34521036784755	-4.24440946669962	-3.98551080032942
0.454279912904165	-2.04456613203399	-0.193132099207194	-0.202825017684363	-4.71498529835009	-3.34009631600752	-3.19921205339176
0.464279912904165	-2.09306235969789	-0.222863067700728	-0.231538660362275	-4.96637173949661	-2.63558191764712	-2.56698671681464
0.474279912904165	-2.1435741233213	-0.246354664881781	-0.25460765385427	-5.12138990369181	-2.08588931346265	-2.06545508153499
0.484279912904165	-2.19522608266723	-0.264993360438362	-0.273176292821373	-5.19735149011283	-1.65936703580267	-1.66422742876099
0.494279912904165	-2.24730672787746	-0.279864936027094	-0.288153114996937	-5.20911904794918	-1.32924357019709	-1.34266961955676
0.504279912904165	-2.29923846965545	-0.291818947584856	-0.300259335978637	-5.16941580559537	-1.07267728246377	-1.08781456247821
0.514279912904165	-2.35055448795939	-0.301514429261134	-0.310075231630203	-5.08763288186157	-0.874566518824515	-0.883660034884973
0.524279912904165	-2.40087703127756	-0.309463769458789	-0.31806120893301	-4.97185032892544	-0.721756644587585	-0.719807660744022
0.534279912904165	-2.44990100900734	-0.316063379729008	-0.324582667449497	-4.82888433440564	-0.603156460523167	-0.58941390237883
0.544279912904165	-2.49738092668269	-0.321616904814092	-0.329932579457293	-4.66386836802635	-0.511252702250694	-0.484710014598863
0.554279912904165	-2.54311906285005	-0.326357108179298	-0.334343064620901	-4.48113430656151	-0.439686969179495	-0.400514082893921
0.564279912904165	-2.58695651668862	-0.330461261353338	-0.337998625744653	-4.28419474035942	-0.38350827594685	-0.332748462613839
0.571655060378202	-2.6179938779915	-0.33316062236834	-0.340297696212399	-4.13156936821158	-0.349547467078471	-0.291610707850638
0.581655060378202	-2.66380974592331	-0.329881470140911	-0.301477446052878	-5.35895410269012	2.11025275995888	5.30357970249084
0.591655060378202	-2.72598777938074	-0.286587222483182	-0.251701746499987	-6.66176039950015	5.60149872319684	4.9491515052413
0.601655060378202	-2.79067689904257	-0.231528698771399	-0.204540718804851	-6.15715828218589	5.1640176340637	4.36792206260946
0.611655060378202	-2.84832403539787	-0.185028428830177	-0.164952477962386	-5.37375725799918	4.13696779335868	3.55330850434246
0.621655060378202	-2.89841421563113	-0.148301264937148	-0.133083527490009	-4.66182492419962	3.24229561994621	2.84416583675147
0.631655060378202	-2.94189955691019	-0.119526091272554	-0.107600945856789	-4.05021580663753	2.54135600007354	2.27636053784897
0.641655060378202	-2.97969732381555	-0.0969247807780673	-0.0872076225896778	-3.52103082570224	2.00153189982171	1.82012161248969
0.651655060378202	-3.01252160930218	-0.079108111723872	-0.0708695146256267	-3.05301054068785	1.57989252216648	1.45986460453682
0.661655060378202	-3.04091309601255	-0.0650257931012791	-0.0577621369901746	-2.63217760421758	1.24999064950232	1.17219436357425
0.671655060378202	-3.06528644804033	-0.0538723216349783	-0.0472362498464633	-2.24782821819738	0.991078959415465	0.941407324050105
0.681655060378202	-3.08596298454404	-0.0450239192996492	-0.0387780421904789	-1.89163891558382	0.786670795266136	0.756978618230275
0.691655060378202	-3.10319305111826	-0.0379958148691926	-0.0319761686629518	-1.55776236161516	0.625629577137194	0.608157577445143
0.701655060378202	-3.1171736918735	-0.0324067070845244	-0.0265051184000665	-1.24103554257268	0.497442754808946	0.489872523935109
0.711655060378202	-3.12805956086957	-0.0279586588060881	-0.0221013612693926	-0.938166516297023	0.396067507198178	0.394363310634269
0.721655060378202	-3.1359732797053	-0.0244155821420938	-0.0185559851116194	-0.646092044978415	0.31536258235882	0.317972317708008
0.731655060378202	-3.14101161317899	-0.0215918625875659	-0.0156998861958204	-0.362771770600628	0.251598521654111	0.255878195893147
0.741655060378202	-3.14325157817946	-0.0193396477717855	-0.0133989883975375	-0.0862253940514726	0.200762097317895	0.206131924428562
0.751655060378202	-3.14275411918575	-0.0175421667314236	-0.0115448004587347	0.184925468880629	0.160240505691769	0.166205651408739
0.761655060378202	-3.13956758870995	-0.0161068130700238	-0.0100499039086931	0.451715814195098	0.128131436645823	0.133800225408736
0.771655060378202	-3.13373060447287	-0.0149594696767911	-0.00884478233703891	0.715140406705987	0.102403393674496	0.108000504040902
0.781655060378202	-3.12527384782902	-0.0140415171050512	-0.00787271006728657	0.975798949591555	0.0819721550705601	0.0871561028669349
0.791655060378202	-3.11422206254617	-0.0133059559600367	-0.00708833529547944	1.23422746407744	0.0657532331287152	0.0703437706044231
0.801655060378202	-3.100595427048	-0.0127151641133742	-0.00645510343034252	1.49082934739814	0.0528805049611936	0.0568362744230457
0.811655060378202	-3.0844107579137	-0.0122390184940752	-0.00594337910824225	1.7458620673168	0.0427552536492585	0.0458985235066818
0.821655060378202	-3.06568264805876	-0.0118531338777734	-0.00552941985214646	1.99953616397102	0.0347608537834764	0.037191365971559
0.821673394275352	-3.06564598448105	-0.0118524967967294	-0.00552873794134251	2	0.0347480828492992	0.0371768472525917
0.831673394275352	-3.0443830274687	-0.0115373878561343	-0.00519322092150835	2.25237559894086	0.0285511105184494	0.0301655844554003
0.841673394275352	-3.02060266609605	-0.0112768787543978	-0.00492036768553402	2.50347679533663	0.0237754895666819	0.0246037129284839
0.851673394275352	-2.99431800357735	-0.0110579063923637	-0.00469735707590913	2.75321882843276	0.0202022381298639	0.0201646154381539
0.861673394275352	-2.96554325370307	-0.0108696382745345	-0.00451380318914507	3.00146407104606	0.0176042014270044	0.0166822580606753
0.871673394275352	-2.93429444229327	-0.0107030727305218	-0.0043611453274348	3.24799067614259	0.0158328896276935	0.0139697001665023
0.881673394275352	-2.90059013224034	-0.0105506219221272	-0.00423233806408195	3.49250853783781	0.0147665060027346	0.0118854740783667
0.891673394275352	-2.86445212859268	-0.0104058026988749	-0.00412157095462157	3.73466451957493	0.0142900057559853	0.0103488073968722
0.901673394275352	-2.82590615703213	-0.0102630464458824	-0.00402395718062311	3.97402646487822	0.0143384740696178	0.00924829448674104
0.911673394275352	-2.7849825610545	-0.0101174815541532	-0.00393541155123528	4.21009994739253	0.0148461359004752	0.0085179212472071
0.921673394275352	-2.741716970858	-0.00996480700736322	-0.00385248567128907	4.44232641141316	0.01575214017798	0.00811651206333463
0.931673394275352	-2.69615095049716	-0.00980121321678033	-0.00377221586722058	4.67007742689004	0.0170204313371739	0.00798466387610581
0.941673394275352	-2.64833263281979	-0.00962329281589336	-0.00369206488054227	4.89266550308234	0.0186142940257744	0.00808209426574703
0.951673394275352	-2.5983173130672	-0.00942799213919817	-0.00360985579792028	5.1093492055238	0.0204912758774535	0.00839078840189012
0.961673394275352	-2.54616798779708	-0.00921260364535844	-0.00352368644835089	5.31933087426223	0.0226238541400046	0.00887449061746051
0.971673394275352	-2.49195584436087	-0.00897474200138515	-0.0034319123862991	5.52176832848326	0.0249834771886809	0.00950280421475627
0.981673394275352	-2.43576067530364	-0.00871233406329576	-0.00333313814889609	5.71578722061221	0.0275272453636674	0.01027156510921
0.991673394275352	-2.37767119082303	-0.00842365558450053	-0.00322615222327485	5.9004796495575	0.0302294683488405	0.0111458572148329
1.00167339427535	-2.31778524475193	-0.008107324237954	-0.00310995432936651	6.07492396633694	0.0330555564513554	0.0121040242494558
1.01167339427535	-2.25620993731608	-0.00776231325601639	-0.00298375826107195	6.23819894243628	0.0359565549947879	0.0131464585482387
1.02167339427535	-2.19306157529017	-0.00738800378984644	-0.00284693226442223	6.38938377220688	0.0389088244791719	0.0142263000504809
1.03167339427535	-2.12846551979927	-0.00698415513172051	-0.00269908072016529	6.52759118391758	0.0418594794287302	0.0153447633779492
1.04167339427535	-2.06255585871649	-0.00655095342366106	-0.00253998469743562	6.65196820252465	0.0447685636680942	0.0164785337192663
1.05167339427535	-1.99547494154907	-0.00608901483191595	-0.0023696108118814	6.7617130596851	0.0476046437580213	0.0175885722826169
1.06167339427535	-1.9273727738364	-0.00559935051230843	-0.00218817336572096	6.85610446913958	0.0503035737706494	0.0186935107307164
1.07167339427535	-1.85840622940217	-0.00508342783269315	-0.00199601295163953	6.93448832103414	0.0528502301554147	0.0197289589023011
1.08167339427535	-1.78873817632194	-0.00454307334404865	-0.00179373174186029	6.99632327297276	0.0551841491095327	0.0207137819863626
1.09167339427535	-1.71853642829042	-0.00398051669407881	-0.00158206543673423	7.0411646233412	0.0572814375716041	0.0216092807298873
1.10167339427535	-1.64797262698116	-0.00339832005311863	-0.00136193517352802	7.06868865588061	0.0591119711909886	0.0223955703987903
1.11167339427535	-1.57722103122632	-0.00279932950001651	-0.00113444422391306	7.07870266800669	0.0606314580868715	0.0230871160839514
1.12167339427535	-1.50645722794345	-0.00218668032724508	-0.000900765009053228	7.07112786786769	0.0618451504496914	0.0236230530013122
1.13167339427535	-1.4358568620996	-0.00156365326729883	-0.000662273324151626	7.04603722948966	0.0627018293152261	0.0240531639799668
1.14167339427535	-1.36559429703075	-0.000933728140148846	-0.00042032885008803	7.00360941106333	0.0632253399610255	0.0243092726022376
1.15167339427535	-1.2958413793438	-0.00030041019317782	-0.000176446423154124	6.94417043432868	0.063380105037403	0.0244401739366055
1.16167339427535	-1.22676618669867	0.000332730321724211	6.79069170734722e-05	6.86814659104869	0.0631890269706813	0.0244060005947135
1.17167339427535	-1.15853191566887	0.000962189913202072	0.000311213747932914	6.77608442964749	0.0626473161051903	0.024228184095021
1.18167339427535	-1.09129583557872	0.00158454981908714	0.000552001764321436	6.66862387895118	0.0617676243331601	0.0239099926978665
1.19167339427535	-1.02520837801231	0.00219652901831588	0.000788869158852472	6.54648552299003	0.0605787044662172	0.0234378985428277
1.20167339427535	-0.960412375740954	0.00279506994429739	0.0010204417151223	6.41047194570731	0.0590792357659393	0.022860859537314
1.21167339427535	-0.897042408955466	0.00337730475537326	0.00124552520444639	6.26142267722046	0.0573256543603258	0.0221356394673627
1.22167339427535	-0.835224362076114	0.00394069127986918	0.00146294553743919	6.10024008995229	0.0553110702037475	0.0213365178177874
1.23167339427535	-0.775075057243491	0.00448292460530491	0.00167176573532294	5.92782783379921	0.0531014185857352	0.0204160397903114
1.24167339427535	-0.716702112150978	0.00500207019746342	0.00187109797915772	5.74512225871979	0.0507005118908006	0.019438853890984
1.25167339427535	-0.660203865064072	0.00549647949097727	0.00206028035245366	5.55303986786657	0.0481642585700542	0.0183807342175772
1.26167339427535	-0.605669488478587	0.00596487675907746	0.00223873711151212	5.35249797998436	0.0455036002993289	0.0172964409214761
1.27167339427535	-0.553179165014945	0.00640628431842704	0.0024061076183085	5.14437411547903	0.0427714111004845	0.0161665682591426
1.28167339427535	-0.502804411449159	0.00682008219994222	0.00256212506194386	4.92952372686553	0.0399826681365329	0.0150356435489827
1.29167339427535	-0.454608444741292	0.00720593614803562	0.00270671483397917	4.70874836481423	0.0371847960771092	0.0138880799383278
1.30167339427535	-0.408646654152559	0.00756382995579243	0.00283989787884554	4.48280964488601	0.0343982422103076	0.0127510896127825
1.31167339427535	-0.364967100667916	0.00789401637471666	0.00296182943381324	4.25241325644132	0.0316495725671132	0.0116360193682648
1.32167339427535	-0.323611067362049	0.00819700098066525	0.00307277223256965	4.01820909898824	0.0289615129498647	0.0105551697883837
1.33167339427535	-0.284613630884108	0.00847351253649759	0.00317308858016762	3.78078820917331	0.026356388344564	0.00951532939519799
1.34167339427535	-0.24800424753337	0.00872447865288063	0.00326321917786994	3.54068375575845	0.0238511784676673	0.00852620444656342
1.35167339427535	-0.213807336208042	0.00895098812722886	0.00334368393261212	3.29836803202639	0.021467490443419	0.00758285631736242
1.36167339427535	-0.18204286113064	0.00915427800879356	0.00341503900442491	3.05426047729467	0.0192118891032799	0.0066999887354049
1.37167339427535	-0.152726886682916	0.00933568936858889	0.003477888426436	2.80872388131975	0.0170931589409225	0.00588210938740933
1.38167339427535	-0.125872113684574	0.00949663971038913	0.00353286991659635	2.56206747090723	0.0151213327299969	0.00512528439223846
1.39167339427535	-0.101488388800546	0.0096386052701892	0.00358062470502875	2.31455424400744	0.0132957371182561	0.00443839774128648
1.40167339427535	-0.0795831709836552	0.00976307922639561	0.0036218135871163	2.06639833542018	0.0116235249989007	0.00381111793408046
1.41167339427535	-0.0601619713789203	0.00987156491569629	0.00365707500011189	1.8177762375905	0.0100984598756492	0.00325134466187956
1.42167339427535	-0.0432287411918365	0.0099655370325977	0.00368704353911177	1.56882458173572	0.00871983273190292	0.00275258796645382
1.43167339427535	-0.0287862253607187	0.0100464291470217	0.00371232638118413	1.31964799606797	0.00748228976359477	0.00231215474577471
1.44167339427535	-0.0168362693184716	0.0101156142251742	0.00373349621423689	1.07032349812316	0.00637616302650942	0.00193100096109476
1.45167339427535	-0.00738007849366942	0.0101743797543498	0.00375109810779149	0.820901993236369	0.00539651976263974	0.00159828690651263
1.46167339427535	-0.000418438547565514	0.0102239228818928	0.00376562446900613	0.571417285499585	0.00453026004303361	0.00131438982823653
1.47167339427535	0.00404811670388832	0.0102653277910678	0.00377752595564886	0.321887113901455	0.00376672685033102	0.00107264167681271
1.48167339427535	0.00601917922617484	0.0102995569018602	0.00378720081459897	0.0723192469209719	0.00309346909839405	0.000867126037899965
1.49167339427535	0.00549438769828045	0.0103274407355255	0.0037949903168785	-0.177283628011613	0.00249557413113902	0.000694113620621261
1.50167339427535	0.00247339569878718	0.0103496659305465	0.00380118007847021	-0.426920278466423	0.00195869886325459	0.000547089533899407
1.51167339427535	-0.0030441151709691	0.0103667681554228	0.00380599577866936	-0.676585876706379	0.00146793513388672	0.000418984659281877
1.52167339427535	-0.0110583757524958	0.0103791256916759	0.00380960023255053	-0.926267169925622	0.00100732523549462	0.000303269567316663
1.53167339427535	-0.0215694235190925	0.010386954115335	0.00381209100225773	-1.1759376904009	0.000559496213256339	0.00019483552538472
1.54167339427535	-0.0345769498577512	0.0103903001966519	0.00381350177886659	-1.42555376497832	0.000107627434664185	8.68124214369926e-05
1.55167339427535	-0.0500801019409754	0.0103890391697122	0.00381380039368781	-1.67504968293174	-0.000365088351754963	-2.82375144087632e-05
1.56167339427535	-0.0680772387084862	0.0103828733575583	0.00381288712467815	-1.92433288385033	-0.000876010484494528	-0.000157064262250079
1.57167339427535	-0.0885656411718131	0.0103713315857961	0.00381059448670975	-2.17327946446356	-0.00144284066576138	-0.000305789343472885
1.58167339427535	-0.111541177856872	0.0103537696890816	0.00380668835538463	-2.42172999148947	-0.00208277820786135	-0.000481030400344461
1.59167339427535	-0.13699792701276	0.0103293735994805	0.00380086830444367	-2.66948515982496	-0.00281252888648866	-0.000689490441276646
1.60167339427535	-0.164927757043524	0.0102971644370294	0.00379276869583128	-2.91630169241502	-0.00364818211095823	-0.00093771855510164
1.61167339427535	-0.195319867617979	0.0102560059743003	0.00378196048935563	-3.16188852314293	-0.00460505366694543	-0.00123186664469991
1.62167339427535	-0.228160294663557	0.0102046146495805	0.00376795411823233	-3.40590340371014	-0.00569734299917087	-0.00157770011357838
1.63167339427535	-0.263431383369898	0.0101415721594314	0.00375020405385452	-3.64795015001893	-0.00693727836258884	-0.00198143276629226
1.64167339427535	-0.301111235101502	0.0100653425873292	0.0037281123600402	-3.88757598231683	-0.008335695316958	-0.00244801139275662
1.65167339427535	-0.341173134167987	0.0099742925423756	0.00370103437419584	-4.12426978962519	-0.00990199936788808	-0.00298041344111558
1.66167339427535	-0.383584962203743	0.00986671407035136	0.00366828738148966	-4.3574616250642	-0.0116430244173266	-0.00358082764095131
1.67167339427535	-0.428308609324292	0.0097408500429155	0.00362916305114767	-4.58652372631561	-0.0135603514809803	-0.00425450158537777
1.68167339427535	-0.475299394784319	0.00959492781935882	0.00358293375806222	-4.81077088194443	-0.0156529003161911	-0.00500445462061313
1.69149304032679	-0.523598775598369	0.00943042588728299	0.00352990731379862	-5.02557115845519	-0.0178785982537275	-0.00580822265977645
1.70149304032679	-0.583227882280647	0.0210215226420312	0.0466223932212534	-7.25821257161196	3.52160529173441	5.88344648771246
1.71149304032679	-0.666310170527394	0.0770578039518084	0.103880200352517	-8.71830366479575	6.27153364285842	5.67866687819784
1.72149304032679	-0.752454738582373	0.135748313344029	0.156554172424267	-8.45028479279887	5.34342430881023	4.79650994373089
1.73149304032679	-0.835124216663168	0.183534011505945	0.199758994225948	-8.09401244435987	4.23485373066074	3.86885161426112
1.74149304032679	-0.914633057345213	0.221081510463387	0.234428294205123	-7.82234195935845	3.30599951691489	3.09371737757028
1.75149304032679	-0.991846252460788	0.250272031699261	0.262110222560215	-7.63221111019933	2.55965670298457	2.46570678628509
1.76149304032679	-1.06748563660249	0.272776669487405	0.284152778891116	-7.50505004565539	1.96514283134253	1.95885833869527
1.77149304032679	-1.14209527886437	0.289965486249942	0.301653748942785	-7.42368717151449	1.49182918730524	1.55467426527934
1.78149304032679	-1.21607031138569	0.302946587472419	0.315511904624844	-7.37587562960282	1.11921293713018	1.22923009778296
1.79149304032679	-1.28968902709524	0.312620942896035	0.326451448242134	-7.35097194181259	0.82797748747019	0.967978186293255
1.79412038114898	-1.30899693899575	0.314708881708504	0.328917660753762	-7.34711780640258	0.762914236957735	0.908435137957503
1.80412038114898	-1.37418342899929	0.309113700655334	0.295463144441571	-5.36964915163225	-2.89602123593652	-5.12623408262593
1.81412038114898	-1.41821967197256	0.258854918586016	0.24450012627517	-4.01234119619836	-5.87013474436874	-5.15158071651571
1.82412038114898	-1.4597628237909	0.202879263480679	0.196220892189185	-4.38749521171319	-5.14042227725243	-4.42453437137524
1.83412038114898	-1.50647348121654	0.157028390755318	0.156405286982837	-4.94769146033761	-4.04439315086498	-3.55422160045552
1.84412038114898	-1.55839328759848	0.121357990495565	0.124624379994601	-5.41644468538104	-3.12789437987046	-2.8273248149898
1.85412038114898	-1.61442463870307	0.0937696908213809	0.0993533450178764	-5.77206240808276	-2.42200126194202	-2.24828657519149
1.86412038114898	-1.67352185051977	0.0723791384268125	0.0792319931505209	-6.03270695872715	-1.88124322505195	-1.79175858068802
1.87412038114898	-1.73482519198985	0.0557397809894282	0.0631802509099802	-6.21620302730817	-1.46510062457003	-1.43197399052629
1.88412038114898	-1.79763330159172	0.0427570595295803	0.0503494855420366	-6.33577521543106	-1.14534165619985	-1.14506348066143
1.88961896610437	-1.83259571459405	0.0368645256353446	0.044421152550409	-6.37852081767652	-1.00150324925239	-1.01374697787363
1.89961896610437	-1.88757049780555	0.0142891095837197	-0.00597559634690708	-4.23990795834162	-4.74897297112061	-6.20557640112683
1.90961896610437	-1.92292540699467	-0.0478310794227027	-0.0673168809194754	-3.39570315200807	-6.45859045456999	-5.96975042423791
1.91961896610437	-1.95918447162213	-0.107303662332246	-0.122111389913451	-3.89097165768514	-5.36332766170279	-4.95621521063783
1.92961896610437	-2.00067153505632	-0.155157613107949	-0.166690327774533	-4.38710663708433	-4.24098701363059	-3.9878598599817
1.93961896610437	-2.0464949662701	-0.192869806037169	-0.202479141952842	-4.75615059035719	-3.33824841232176	-3.19821024338512
1.94961896610437	-2.09540365810395	-0.222575465124277	-0.231195524160621	-5.00754635341608	-2.63276788341144	-2.5678890673231
1.95961896610437	-2.14632387881055	-0.246042788551083	-0.254268509302068	-5.16183333405576	-2.08402500992502	-2.06505607080519
1.96961896610437	-2.19837819441369	-0.26466189376756	-0.272838175917122	-5.23738030158525	-1.65727534299279	-1.66493154492382
1.97961896610437	-2.25085483567359	-0.279517283119462	-0.287816798132483	-5.24844537340872	-1.32760525522259	-1.34327534831548
1.98961896610437	-2.30317559154508	-0.291458829708656	-0.299925458541854	-5.20787632286507	-1.07185313185342	-1.08763252052412
1.99961896610437	-2.35487308611716	-0.30114616800481	-0.309743130677627	-5.12536741063888	-0.874052495959909	-0.883624757646653
2.00961896610437	-2.40556958135162	-0.30909100537861	-0.317731012123604	-5.00888227792182	-0.721437631029584	-0.720080021034108
2.01961896610437	-2.45496017937992	-0.315688908426144	-0.324255413873265	-4.86508916746082	-0.60339819687962	-0.589196649870116
2.02961896610437	-2.50279928274831	-0.32124389623014	-0.329607731477602	-4.69941973879782	-0.511553306764239	-0.484902600776491
2.03961896610437	-2.54888958197184	-0.325987838945366	-0.334020976929198	-4.51604432552526	-0.44005727910993	-0.40101215880713
2.04961896610437	-2.59307255177466	-0.330097466077541	-0.33767989773579	-4.31843037420323	-0.384117901523344	-0.333137154904047
2.05547146964263	-2.6179938779915	-0.332263610359969	-0.33953090238603	-4.19740331424323	-0.35682036692748	-0.299935756256987
2.06547146964263	-2.66451164906176	-0.328957686670685	-0.300834351298646	-5.43327226876957	2.12242766593128	5.28914998565229
2.07547146964263	-2.72740383100393	-0.285608417080936	-0.251139819131414	-6.72670873491428	5.59328319788547	4.94231786653071
2.08547146964263	-2.79271823201742	-0.230676494958593	-0.204062988824193	-6.21821389699479	5.14864633096657	4.36002150329302
2.09547146964263	-2.85097686120323	-0.184322175847422	-0.164559607913913	-5.43520598371852	4.12348773862309	3.54469682788472
2.10547146964263	-2.9016843104735	-0.147721772533882	-0.132764938230491	-4.72392425691312	3.23065879663558	2.83750904554883
2.11547146964263	-2.94579438663671	-0.119052832648781	-0.1073425673161	-4.11312834053443	2.53193607544256	2.27050577292018
2.12547146964263	-2.98422386241445	-0.096538959531252	-0.086999376085493	-3.58440209945659	1.99329818189109	1.81611882680715
2.13547146964263	-3.01768527188541	-0.0787953054630736	-0.0707008776305765	-3.11705048973838	1.57348640240034	1.45591159923287
2.14547146964263	-3.04671885095255	-0.064772700432701	-0.0576266618067589	-2.69657125659823	1.24449998627366	1.16935156181007
2.15547146964263	-3.07173824228419	-0.0536685588643506	-0.0471273275894213	-2.31261800564752	0.986631478831886	0.938997141508666
2.16547146964263	-3.09306433446212	-0.0448603908622921	-0.0386909601016135	-1.95669866310625	0.782888584698821	0.755282278918692
2.17547146964263	-3.11094685585653	-0.0378653540796594	-0.031906339238329	-1.62315587965758	0.622684489156929	0.606553052414318
2.18547146964263	-3.12558261585452	-0.0323030189797944	-0.0264493932859145	-1.30667705691666	0.495062464502506	0.488563582614959
2.19547146964263	-3.13712594386405	-0.0278766174807079	-0.0220570567323589	-1.00401292292794	0.394103442406627	0.39337910708768
2.20547146964263	-3.145699165226	-0.0243511436407187	-0.0185206466477763	-0.712170829105897	0.313875620104275	0.31701230174843
2.21547146964263	-3.15139893894755	-0.0215414627572117	-0.015672008006195	-0.428992740426288	0.250310599292095	0.25526386170464
2.22547146964263	-3.15430199093501	-0.0193006616239109	-0.0133769290171114	-0.152611822296795	0.1997385451832	0.205611637095609
2.23547146964263	-3.15446910155283	-0.0175124106380803	-0.0115274117321788	0.118397904455913	0.15942163804546	0.165767921061729
2.24547146964263	-3.15194839860369	-0.0160845554368851	-0.0100363099178289	0.385081579894763	0.127446599740768	0.13347120588744
2.25547146964263	-3.14677820770353	-0.0149434200584791	-0.00883422853508688	0.648420723999549	0.101843716372833	0.107714123421669
2.26547146964263	-3.13898888501598	-0.0140306735105129	-0.00786468753821939	0.909040158592664	0.0814820925417572	0.086940642566581
2.27547146964263	-3.12860473705541	-0.0132996431892608	-0.00708239544540404	1.16746644271019	0.065336057613168	0.0701357328991225
2.28547146964263	-3.11564543942183	-0.0127128956384663	-0.00645100034362711	1.42413333987806	0.0524854266934154	0.0566754086071382
2.29547146964263	-3.10012716654541	-0.0122405355240862	-0.00594091941438517	1.67929994423221	0.0423656039482858	0.045772555880145
2.30547146964263	-3.08206374685426	-0.0118583565283574	-0.00552847941002016	1.93318733941265	0.0343716648046011	0.0370738653526746
2.30811123408389	-3.07687238915921	-0.0117699893570287	-0.00543333816861645	2.00000000000071	0.0325892002176914	0.0350456578107758
2.31811123408389	-3.0556095005991	-0.0114744076079517	-0.00511711738262457	2.25238452580313	0.0267757512369238	0.0284457314829095
2.32811123408389	-3.03182860279183	-0.0112299603562512	-0.00485997455311181	2.50359795086071	0.0223108445324601	0.0231960898127715
2.33811123408389	-3.00554174297067	-0.0110243264441507	-0.00464981979353465	2.75355764017204	0.0189802204439854	0.0190073275841832
2.34811123408389	-2.97676209001948	-0.0108472667016708	-0.00447684964082229	3.00212746529619	0.0165644834116662	0.0157364190296248
2.35811123408389	-2.94550461534832	-0.0106902755383449	-0.00433292688033302	3.24907750544359	0.0149516245476921	0.0131621488670384
2.36811123408389	-2.91178683605819	-0.0105461071256958	-0.00421143438175494	3.49413235713273	0.0139895640733984	0.0112196209376801
2.37811123408389	-2.8756294752318	-0.0104085997405892	-0.00410681188839539	3.73692988052198	0.0136020830175918	0.00977951793760411
2.38811123408389	-2.83705717136583	-0.0102724018555179	-0.00401443176365011	3.97704484359219	0.0137153855535681	0.00876148206017729
2.39811123408389	-2.79609915755061	-0.0101328198004556	-0.00393039549786459	4.2139840162463	0.0142701281430828	0.00810094329607268
2.40811123408389	-2.75278993571018	-0.00998569312957956	-0.00385139207153524	4.44718729717972	0.0152179063642059	0.00774543605533208
2.41811123408389	-2.70716993610691	-0.0098273021910176	-0.00377458862445045	4.67603004982371	0.0165169486302525	0.00765390909981185
2.42811123408389	-2.65928615187198	-0.00965430751007303	-0.00369754153172638	4.89982503400458	0.0181321121052709	0.00779055066008704
2.43811123408389	-2.60919274226665	-0.00946370643080978	-0.00361813153241033	5.11782685665017	0.0200314110733332	0.00812471150858536
2.44811123408389	-2.55695158836549	-0.00925281346287115	-0.00353451288371229	5.32923639851106	0.0221864500452518	0.00862639530042597
2.45811123408389	-2.50263279413807	-0.00901924427070335	-0.00344509135853482	5.53321054401122	0.0245618806583227	0.0092809582862592
2.46811123408389	-2.4463151070109	-0.00876093306587621	-0.00334847587643122	5.728864641772	0.0271307707680391	0.0100596142894884
2.47811123408389	-2.38808626077637	-0.00847612856161448	-0.00324349041991045	5.9152883915165	0.0298552886102675	0.0109510333312623
2.48811123408389	-2.32804320555201	-0.00816342529441945	-0.00312914206117747	6.09155135474116	0.0327023539724555	0.0119328706069652
2.49811123408389	-2.26629222755703	-0.00782177832709937	-0.00300462665011071	6.25671749445105	0.0356371272947938	0.0129822386403297
2.50811123408389	-2.2029489379482	-0.00745052140058282	-0.00286933445469928	6.40985991345292	0.0386195973494632	0.014081677658136
2.51811123408389	-2.13813812172305	-0.00704938154213678	-0.00272285938540205	6.55007703291659	0.0416000115447143	0.0152273634428125
2.52811123408389	-2.07199342361318	-0.00661853191333163	-0.00256493617179208	6.67649252883152	0.0445639887780357	0.016351280922586
2.53811123408389	-2.00465692403864	-0.00615851210104975	-0.0023955995132597	6.78830673315399	0.0474275108311768	0.0175058268158299
2.54811123408389	-1.93627849024571	-0.00567035109087212	-0.00221497164296781	6.88476285967052	0.0501815865844892	0.018612495618249
2.55811123408389	-1.86701505476314	-0.00515545549229776	-0.00202344878962719	6.96520457215508	0.052766888514679	0.0196829602714085
2.56811123408389	-1.79702969468797	-0.00461566148374585	-0.00182157783836221	7.0290622215892	0.0551546473615471	0.0206794428178414
2.57811123408389	-1.72649062060396	-0.00405316919972717	-0.00161012213455297	7.07588161991306	0.0572979399700316	0.0216018589720053
2.58811123408389	-1.65557002968664	-0.00347054725218413	-0.0013899839477527	7.10531878317985	0.0591768988076139	0.0224107538164055
2.59811123408389	-1.58444290082394	-0.00287064437488477	-0.00116227154332813	7.11716648164571	0.0607434473713458	0.0231254469915409
2.60811123408389	-1.51328568905295	-0.00225660959060455	-0.000928160565353665	7.11133152782503	0.0620025537285758	0.0236838124360519
2.61811123408389	-1.44227504250891	-0.00163174281638548	-0.00068903781375121	7.08787513099249	0.0628998565603126	0.0241394127098592
2.62811123408389	-1.3715864391236	-0.000999564880507764	-0.000446252468752577	7.04696032571316	0.0634730613654701	0.0243983419531229
2.63811123408389	-1.30139294612892	-0.0003635995602407	-0.00020136278702009	6.98891135691078	0.0636661722710385	0.0245435438122335
2.64811123408389	-1.23186392852018	0.000272537351128873	4.41543353161911e-05	6.9141465427914	0.063506610533158	0.0245260944685351
2.65811123408389	-1.16316391943017	0.00090528741471223	0.000288777240303728	6.82320493294053	0.0629997154659881	0.0243487878356947
2.66811123408389	-1.09545156187753	0.00153120220534799	0.000530977019655101	6.71673293739467	0.0621342662627641	0.0240557558712744
2.67811123408389	-1.02887865102811	0.00214692706026148	0.000769365571640506	6.59544327052267	0.060964022527468	0.0235894722021272
2.68811123408389	-0.963589374601807	0.00274935709146444	0.0010025337983145	6.4601438483949	0.0594803713553069	0.0230113760403432
2.69811123408389	-0.899719632312965	0.00333558652278506	0.00122923521303805	6.31168538931992	0.0577211182865607	0.0223108237795928
2.70811123408389	-0.837396554595168	0.00390298799245876	0.00144832819500432	6.15096372719948	0.0557179391553844	0.0214951122929034
2.71811123408389	-0.776738160097559	0.00444924271765235	0.00165878760269195	5.97890543273036	0.0534932995800313	0.0205931568055703
2.72811123408389	-0.717853151877535	0.00497233253287719	0.00185976573092666	5.79644168983087	0.0510935257061063	0.0195961655880374
2.73811123408389	-0.660840881176245	0.00547060077637694	0.00205051688604119	5.60451372138328	0.0485320831436525	0.0185548015912017
2.74811123408389	-0.605791404194385	0.00594269522166236	0.00223051033692543	5.40403493229549	0.0458633491407553	0.01744909188202
2.75811123408389	-0.552785698532531	0.00638762697902934	0.00239932703606215	5.19590367878757	0.0431120951148382	0.0163097563938439
2.76811123408389	-0.501895954374139	0.00680474058401956	0.00255669596468366	4.98098445622924	0.0403001299915704	0.0151705047240564
2.77811123408389	-0.453185950229664	0.00719367053735237	0.00270254178757097	4.76008742541746	0.0374825822414258	0.0140036459035368
2.78811123408389	-0.406711533507364	0.00755439138645115	0.00283685954075007	4.53398901413246	0.0346684996127074	0.0128573777787957
2.79811123408389	-0.362521114125115	0.00788713977391513	0.00295980197620735	4.30340435514237	0.0318873118611414	0.0117392633185854
2.80811123408389	-0.320656221089534	0.00819239959724601	0.0030716507788839	4.06898777390318	0.0291774414961199	0.0106354110008266
2.81811123408389	-0.281152094332977	0.00847091143892919	0.00317274027431562	3.83134538199296	0.0265434574131325	0.00958464843990034
2.82811123408389	-0.244038261375376	0.00872359708158147	0.00326352451726622	3.59101553339245	0.0240111085903563	0.00858242589161155
2.83811123408389	-0.209339139225969	0.00895155161593824	0.00334452553442829	3.34847785587882	0.0216017938503689	0.00762513080720075
2.84811123408389	-0.177074624988956	0.00915602621102489	0.00341629706274039	3.10415963832951	0.0193175574825858	0.00673623246338195
2.85811123408389	-0.147260655641802	0.00933836990843017	0.00347945993273229	2.85842649714404	0.0171745281382183	0.0059081859238603
2.86811123408389	-0.11990975999844	0.00950001912854266	0.00353465669339168	2.61159255304655	0.0151810900386798	0.00514065738108865
2.87811123408389	-0.0950315752641363	0.00964247161488624	0.00358253572090306	2.36392447592403	0.0133355937906065	0.0044448185525061
2.88811123408389	-0.0726333234778343	0.00976724490980133	0.00362376544282101	2.11563917961923	0.0116439169149499	0.00381312518165735
2.89811123408389	-0.0527202592100646	0.00987586340965714	0.00365900288401638	1.86691264564748	0.010105330405483	0.00324431984667426
2.90811123408389	-0.0352960721464118	0.00996983420367093	0.00368888565462104	1.61788377871382	0.00871362224630205	0.00274190289623241
2.91811123408389	-0.0203632447571418	0.010050618118018	0.00371403652326474	1.36865575234234	0.00746607222326286	0.0022989312921251
2.92811123408389	-0.00792337076147426	0.0101196167391432	0.00373504459582828	1.11930311680123	0.0063558601890145	0.00191166082608806
2.93811123408389	0.00202257367721972	0.0101781544755041	0.00375245922854915	0.869876241640108	0.00537249571017655	0.00157921484072595
2.94811123408389	0.00947400554881225	0.0102274586391669	0.00376679140581583	0.620404274721894	0.00450671749544258	0.00129544415303177
2.95811123408389	0.0144305541640744	0.0102686478472703	0.00377850450144999	0.370900767014941	0.00374763521872249	0.00105426941600849
2.96811123408389	0.0168919268226045	0.0103027205616988	0.00378800830444336	0.121368713570096	0.00308160523080848	0.000851979554619236
2.97811123408389	0.0168578216135677	0.0103305420347242	0.00379565904697322	-0.128195647428823	0.00249475281215503	0.00068315177556158
2.98811123408389	0.0143278856378003	0.0103528346839527	0.00380175646644036	-0.377798220112477	0.00197310319436514	0.000540708771701839
2.99811123408389	0.00930171894212355	0.0103701710531579	0.00380653912396937	-0.627441919959097	0.00150120125801095	0.000418583614062
3.00811123408389	0.00177892512089481	0.0103829666200166	0.00381018250012356	-0.877122089630995	0.00106234164860076	0.000311566857933999
3.01811123408389	-0.0082407914630334	0.0103914726782048	0.00381279936299075	-1.12682235351762	0.000640095382334669	0.000212884451367393
3.02811123408389	-0.0207574827071419	0.0103957719138029	0.00381443780687958	-1.37650985625618	0.000218033428962461	0.000114913745506353
3.03811123408389	-0.0357707678247188	0.0103957759663534	0.00381507823001071	-1.62613018946741	-0.000221480435124032	1.15261051720321e-05
3.04811123408389	-0.0532795976377003	0.0103912223247073	0.00381463394042327	-1.87560310904255	-0.000696235348826862	-0.000103487275843268
3.05811123408389	-0.0732819732650102	0.0103816730890134	0.00381295125703003	-2.1248181002488	-0.00122368486542889	-0.000236976598026384
3.06811123408389	-0.0957746198256925	0.0103665157794117	0.00380980912863628	-2.3736298177609	-0.00182103778855197	-0.000395947601628966
3.07811123408389	-0.120752615955483	0.0103449658009738	0.00380491938378939	-2.62185368684426	-0.00250521629882582	-0.000587258547678493
3.08811123408389	-0.148208980665158	0.0103160708526209	0.00379792764323048	-2.86926170955814	-0.00329271845824924	-0.000817426402951371
3.09811123408389	-0.178134219689513	0.0102787175258397	0.00378841507021286	-3.11557856339486	-0.00419933668825073	-0.00109261763442418
3.10811123408389	-0.210515834249766	0.0102316403091438	0.00377590125617182	-3.36047811746374	-0.00523961688388162	-0.00141902099152121
3.11811123408389	-0.245337796344747	0.0101734339665325	0.00375984728382217	-3.60358021025971	-0.00642681100893008	-0.00180229534065387
3.12811123408389	-0.28257999537969	0.0101025691201819	0.00373965990677673	-3.84444799119663	-0.00777277843144679	-0.00224703707663171
3.13811123408389	-0.322217662200417	0.0100174109523363	0.00371469762190396	-4.0825860985445	-0.00928741545839109	-0.00275700949434056
3.14811123408389	-0.364220777907121	0.00991624081430169	0.00368427950080012	-4.31743998095666	-0.0109771240333788	-0.00333699864608725
3.15811123408389	-0.40855347707609	0.0097972828797051	0.00364769351181305	-4.54839571194628	-0.012844656442376	-0.00399226752095242
3.16811123408389	-0.455173456543925	0.00965873811799771	0.00360420039387408	-4.77477951945336	-0.0148930603601118	-0.0047208732439404
3.17811123408389	-0.504031397897744	0.00949881471798274	0.00355305152529778	-4.99586144852045	-0.0171212021947336	-0.00552065693179342
3.18199513347948	-0.523598775598442	0.00943055776100564	0.00353096630622941	-5.08013275385709	-0.0180306628342724	-0.00585574356534611
3.19199513347948	-0.583771305007143	0.0210148589476375	0.0466276001663413	-7.31237548955653	3.52063339632327	5.88340553037658
3.20199513347948	-0.667394632318913	0.0770407986458585	0.103881847731416	-8.77237599707323	6.2704622038208	5.67809996121937
3.21199513347948	-0.754077446956872	0.135715026727168	0.156550343302555	-8.50388020882903	5.34132213376389	4.79576537345474
3.22199513347948	-0.837280133707091	0.183474132122654	0.199748341926624	-8.14739800326775	4.23267750135428	3.8664383684025
3.23199513347948	-0.917317525854982	0.220987950263828	0.234408895709044	-7.87557386708359	3.30419692067288	3.08937986004791
3.24199513347948	-0.99505525030804	0.25014289235718	0.262076718939912	-7.68447269668649	2.55616768683368	2.46390550106042
3.25199513347948	-1.07121384091561	0.272610348347571	0.284104706891147	-7.55633880849843	1.96039988138506	1.95935435154671
3.26199513347948	-1.14633602449267	0.289761067630119	0.301593923463539	-7.47445323345663	1.48767255208609	1.55435612629939
3.27199513347948	-1.22081623235127	0.302706048838966	0.31544119599568	-7.42606266042645	1.1159844611738	1.22772602454315
3.28199513347948	-1.2949317380765	0.312348312649924	0.32636941259674	-7.40019531589109	0.825031202180082	0.966770414116847
3.28389619741208	-1.30899693899575	0.313871154514934	0.328166030943034	-7.3968753791449	0.776849583009862	0.924835291966639
3.29389619741208	-1.37464877625762	0.30834900595703	0.294857596732417	-5.41280076155801	-2.89565763779527	-5.11324064108576
3.30389619741208	-1.41914160431772	0.258158723063754	0.243982108298712	-4.05905106873572	-5.86072768427074	-5.14188420035441
3.31389619741208	-1.46115331626791	0.202285703231092	0.19579020538561	-4.43415164434909	-5.13006456720796	-4.41656641436951
3.32389619741208	-1.50832478006941	0.156531412572709	0.156048892456369	-4.99289579288179	-4.03623915062404	-3.54606660714635
3.33389619741208	-1.5606921583237	0.120941221587993	0.124332104530781	-5.46066381708187	-3.12024190913633	-2.822140352691
3.34389619741208	-1.61715834664068	0.0934205589608341	0.0991119531521328	-5.81489369255275	-2.41585082447783	-2.24368425506577
3.35389619741208	-1.6766771918405	0.072085549365117	0.0790332998744157	-6.07441901332534	-1.87561584472371	-1.78891676513591
3.36389619741208	-1.73838948193416	0.0554930854873874	0.0630149179432465	-6.25640446026935	-1.46095348381675	-1.42877375871727
3.37389619741208	-1.80159299245242	0.0425479783360875	0.0502132427097172	-6.37491314340319	-1.14117515102655	-1.14377360543988
3.37874443646086	-1.83259571459423	0.0373284143209617	0.0449597746219566	-6.41254480259391	-1.01418408253228	-1.02639745181603
3.38874443646086	-1.88789351065299	0.014581467162584	-0.00551049429631669	-4.27081634200569	-4.76956572847827	-6.20930176473172
3.39874443646086	-1.92361387223938	-0.0476164700852308	-0.0669128894290149	-3.43555142703731	-6.45918144602201	-5.97465410951719
3.40874443646086	-1.96027809607301	-0.107081967306384	-0.121736183316187	-3.93181595782282	-5.36198247982429	-4.95756705028699
3.41874443646086	-2.00217576578993	-0.154916118108955	-0.166328203391142	-4.42861801678192	-4.23758149768558	-3.99091186810108
3.42874443646086	-2.04841094924412	-0.192601726505013	-0.202130299867292	-4.79671319211125	-3.33709726016871	-3.19653243226221
3.43874443646086	-2.09772765476425	-0.222284541592677	-0.230850304176625	-5.04829233653267	-2.63016954053813	-2.56887430983251
3.44874443646086	-2.1490520817509	-0.24572981646958	-0.253927438798932	-5.20209307149722	-2.08167999020001	-2.06594534792856
3.45874443646086	-2.20150530951373	-0.264329486111686	-0.272501260967682	-5.27682965362329	-1.6559189139426	-1.6645392782284
3.46874443646086	-2.25437416551363	-0.279170181969406	-0.287481518487206	-5.28739941774975	-1.3261152538479	-1.34383210825205
3.47874443646086	-2.30708055143007	-0.29109989427944	-0.299593486794453	-5.24593789780593	-1.07129039238343	-1.08712611882345
3.48874443646086	-2.35915617630943	-0.300779936542777	-0.309412884653338	-5.16282188474619	-0.873475975786448	-0.883849240974795
3.49874443646086	-2.41022357181773	-0.308720571403764	-0.317403279996676	-5.04560860067043	-0.721167237533939	-0.720359755533608
3.50874443646086	-2.45997774127587	-0.315317407644043	-0.323930243493739	-4.90112834979332	-0.603302272995392	-0.589716542121067
3.51874443646086	-2.50817334450588	-0.320873766494122	-0.329285761035479	-4.73471728117256	-0.511818822831072	-0.485214708070255
3.52874443646086	-2.55461322958036	-0.325621406644397	-0.333702255274378	-4.55065868333845	-0.440557366863444	-0.401284973465983
3.53874443646086	-2.59913918930966	-0.32973670693109	-0.33736437795675	-4.35243717719227	-0.384696113340473	-0.333604349032506
3.5431217327335	-2.6179938779915	-0.331374615397108	-0.338768569194739	-4.26197785429568	-0.364036402783814	-0.308325720700882
3.5531217327335	-2.66520009854254	-0.328044012771143	-0.300190924928841	-5.50627405414261	2.13450888572618	5.27477664968533
3.5631217327335	-2.72881331003012	-0.284595590488499	-0.250584645054783	-6.79172657565915	5.58776073377965	4.93741947263681
3.5731217327335	-2.79474442737075	-0.2297819981502	-0.203585599316217	-6.27742077158125	5.13162721224965	4.35470981739378
3.5831217327335	-2.85359874615725	-0.183581118375155	-0.164164563909308	-5.49504374960102	4.10919010370883	3.53620026223986
3.5931217327335	-2.90490796545973	-0.147114199086986	-0.13244504936852	-4.78440229923549	3.21809570722698	2.8313286271378
3.6031217327335	-2.94962770943224	-0.118557811010799	-0.107082119841955	-4.17477685211905	2.52255792906227	2.26365361875432
3.6131217327335	-2.98867500377955	-0.0961350181024947	-0.0867907299130253	-3.64627949283619	1.98435628608878	1.81265607398808
3.6231217327335	-3.02275999838864	-0.0784676558597212	-0.0705323394151819	-3.17958724316633	1.56628356164959	1.45280813540051
3.6331217327335	-3.05242241575056	-0.0645077852090809	-0.0574908607581776	-2.75963533126908	1.23866779743051	1.16667719933973
3.6431217327335	-3.07807498786218	-0.0534553675056484	-0.0470177047379427	-2.37622259484684	0.982214136822585	0.936196646171532
3.6531217327335	-3.10003814075998	-0.0446892803056605	-0.0386029468537567	-2.02067205227576	0.779374529679309	0.752851859181217
3.6631217327335	-3.11856122430242	-0.0377279173168435	-0.0318368773696726	-1.68720140522834	0.619185812479827	0.605707130021454
3.6731217327335	-3.1338401505232	-0.0321936913882	-0.0263935526484132	-1.37111291214343	0.492489257126066	0.487427978676085
3.6831217327335	-3.14602932929879	-0.0277898547901605	-0.0220124824316359	-1.06871693196744	0.392070282712719	0.392387919427369
3.6931217327335	-3.15525073397576	-0.0242827011674995	-0.0184849119535606	-0.777162355766359	0.312413476639766	0.315910434764731
3.7031217327335	-3.16160094474652	-0.0214875632499215	-0.0156437169695203	-0.494155753678946	0.249058306592313	0.254512494962323
3.7131217327335	-3.16515640547544	-0.0192585196439111	-0.0133545052723793	-0.217955046072173	0.198710264423374	0.205044223491547
3.7231217327335	-3.16597772079476	-0.0174798070608473	-0.0115095909478314	0.05287070847042	0.158630396585673	0.165242883909224
3.7331217327335	-3.16411289180953	-0.0160595384737446	-0.0100224509968588	0.319457131721114	0.126657549787599	0.133298512816516
3.7431217327335	-3.15959988127957	-0.0149248017027134	-0.00882327154238707	0.582647213153066	0.101250126789881	0.107473179062323
3.7531217327335	-3.15246883687449	-0.0140173392329693	-0.00785621092140179	0.843181042937629	0.080964839151442	0.0867690152772772
3.7631217327335	-3.14274365065431	-0.0132908782305506	-0.00707592499554474	1.10154914567905	0.0649115333107714	0.0699457735356933
3.7731217327335	-3.13044354341572	-0.0127081854771713	-0.00644625587895513	1.35821319619084	0.0521219080755218	0.0564725807963769
3.7831217327335	-3.11558412136049	-0.0122395414736436	-0.00593777330808734	1.61345657052972	0.0419977822353992	0.0456285256437431
3.7931217327335	-3.09817848315185	-0.0118609941745756	-0.00552674997822056	1.86748199677767	0.0340295023235049	0.0369005406928779
3.79835585881614	-3.08805690626692	-0.0116921267114948	-0.0053438811880328	2	0.0305759322734061	0.0330409503581671
