=========================== Parameters =====================================
l1 [m]	l2 [m]	l3 [m]	c1 [m]	c2 [m]	c3 [m]	m1 [kg]	m2 [kg]	m3 [kg]
0.22	0.22	0.2458	0.11	0.154	0.04916	0.1564	0.23764	0.1564
============================== Data ========================================
t [s]	th1 [rad]	th2 [rad]	th3 [rad]	th1d [rad/s]	th2d [rad/s]	th3d [rad/s]
0	0	0	0	0	0	0
0.01	-0.00178395080707526	0.00118214246623078	0.00033647333859268	-0.316013089471066	0.152815518004068	0.0577612105280409
0.02	-0.00610387849175417	0.00263728305006518	0.000909306230252166	-0.545824754827132	0.134140442790948	0.0536812965297379
0.03	-0.012692486403646	0.00385036014738534	0.00139482670557058	-0.772139904929627	0.108971681158786	0.0435218707815324
0.04	-0.0215535872112234	0.00483056773648224	0.00178491549433681	-1.00043480037924	0.0877787319813208	0.0348032125104698
0.05	-0.0327077635401517	0.00561923415019601	0.00209642967239383	-1.23069331699652	0.0705528409197381	0.0277588209336391
0.06	-0.0461726214294736	0.00625239039255033	0.00234474234363934	-1.4625015714857	0.0565557567079693	0.0221179573372058
0.07	-0.0619617261719506	0.00675912192868418	0.00254230284137056	-1.69548099131566	0.0451705230272732	0.0175676695508597
0.08	-0.0800849671650695	0.00716275203515543	0.00269897289153547	-1.92927322552946	0.0358594792104543	0.0139028817820153
0.09	-0.100548827815515	0.00748188200870684	0.00282259000967249	-2.16355063153403	0.0282063700591805	0.0109310446268181
0.1	-0.12335654444958	0.00773130692283031	0.00291933634455242	-2.39799260146614	0.0218716508640216	0.00850025534465411
0.11	-0.148508133207257	0.00792274420004195	0.00299404696035702	-2.63226979508164	0.0165665500064373	0.00650702703599179
0.12	-0.176000292565001	0.00806538062132104	0.00305051426548517	-2.8660491290582	0.012078541450707	0.0048358868218661
0.13	-0.205826243564923	0.00816638182257439	0.00309163570418494	-3.0989669249989	0.00821447346507828	0.00342257727193764
0.14	-0.237975465387693	0.0082312428817458	0.00311962201588119	-3.33063529683662	0.0048268131563717	0.00220128483133512
0.15	-0.272433382444475	0.0082641081400366	0.00313611679975011	-3.56063189360984	0.00179604625289098	0.00111819545412992
0.16	-0.309180996473143	0.00826802780533749	0.00314230176627186	-3.78849424231353	-0.000976887472634973	0.000132989895659146
0.17	-0.348194476241747	0.00824516577528778	0.0031389885376619	-4.0137173175274	-0.00357183321829209	-0.000786756586293336
0.18	-0.3894447189698	0.00819697463921608	0.00312669197592056	-4.23575135898744	-0.00605213347629304	-0.00166749835621984
0.19	-0.432896894609884	0.00812434386761476	0.00310569029368717	-4.45400056498603	-0.00846747874202726	-0.00253019173672926
0.2	-0.478509984181361	0.00802772466487649	0.00307607804862212	-4.66782377029797	-0.0108543429044106	-0.00339327419368686
0.209458514357614	-0.523598775598299	0.00791438052700682	0.00304009853539537	-4.86537482405139	-0.0131142029382503	-0.00421645606080709
0.219458514357614	-0.584937101361535	0.0270110193202181	0.0427181182087847	-7.7419105081676	4.80203696443727	5.86447549857162
0.229458514357614	-0.669704699371078	0.0880238754234656	0.102529418583698	-8.59940984372721	6.16007836563094	5.82352232112424
0.239458514357614	-0.753795940772464	0.144125384444066	0.155700099657375	-8.20184007460862	5.02710505341638	4.79396322110717
0.249458514357614	-0.833920158144455	0.188912318648505	0.198790215017149	-7.84007673866562	3.96415065055809	3.85318193788855
0.259458514357614	-0.910929637327876	0.224080586733717	0.233349195151772	-7.57691584442494	3.10086616678158	3.08580313818542
0.269458514357614	-0.985724575480769	0.251499560179693	0.260995705375069	-7.39316826293172	2.40733428000671	2.46758911870484
0.279458514357614	-1.05900053834185	0.272706766446219	0.283069598350499	-7.27041536191594	1.85418839055789	1.9662773985859
0.289458514357614	-1.13128133441175	0.288956434168578	0.300648699819597	-7.19207048146175	1.41253071452325	1.56435111256773
0.299458514357614	-1.20295179887126	0.301266591855127	0.31461397317172	-7.14658712200621	1.06330776134295	1.24051327291413
0.309458514357614	-1.27428805902898	0.310469389424108	0.325676565883986	-7.1238427462415	0.788709176503456	0.981182317646439
0.314332731245092	-1.30899693899575	0.314037114277637	0.330194551367099	-7.11853028040741	0.677564646682055	0.874455833376402
0.324332731245092	-1.36880976636372	0.300882996342916	0.299869235461609	-4.54855360659043	-4.10838051262548	-5.12162500099861
0.334332731245092	-1.40720216077591	0.245266008451148	0.246250388637027	-3.68409946721547	-5.88674408054358	-5.32036441837862
0.344332731245092	-1.44655127428042	0.191111221591274	0.197245620869019	-4.23381671991424	-4.85376132916488	-4.43410279056375
0.354332731245092	-1.49189697258129	0.148183693030971	0.15749586091194	-4.81739023490353	-3.76675160135119	-3.54324516045752
0.364332731245092	-1.5424707097286	0.114962828152849	0.125817320903221	-5.27668638970735	-2.91525891992285	-2.8208176927664
0.374332731245092	-1.59705473320566	0.0892104532537244	0.100572904797328	-5.62371478947867	-2.26306297853985	-2.25208357285809
0.384332731245092	-1.65463485656683	0.0691778392221338	0.08041179145235	-5.87886159160375	-1.7649973275793	-1.79787750217623
0.394332731245092	-1.71439244281852	0.0535434820904292	0.0642883190252931	-6.06151494127162	-1.37863443290178	-1.44014997979593
0.404332731245092	-1.77566251658829	0.0413113741667134	0.0513711985704022	-6.1831786880686	-1.08088571015701	-1.15347620996871
0.413485650518259	-1.83259571459405	0.0324393977017238	0.0418034674378547	-6.25066199062692	-0.866332688092922	-0.943945890550778
0.423485650518259	-1.88294518888803	0.00391548081098639	-0.00519382484529246	-3.49944295055199	-5.77648991500133	-6.25201834238089
0.433485650518259	-1.91439039355165	-0.0603742868652763	-0.0686247152175242	-3.21430845546907	-6.248403216894	-6.05138780143762
0.443485650518259	-1.94943501682553	-0.116807720361644	-0.123560726442007	-3.79702140819899	-5.03131406777076	-4.93649455040388
0.453485650518259	-1.98997632522136	-0.161602949281333	-0.167902001253708	-4.28762727347341	-3.96830069600122	-3.96531658625069
0.463485650518259	-2.03473328930528	-0.196940425910704	-0.203503405632782	-4.64323738085517	-3.132770613076	-3.1854780427924
0.473485650518259	-2.08245849734405	-0.224881999035344	-0.232113207755061	-4.88535774706479	-2.48103158655311	-2.56207722183549
0.483485650518259	-2.13212826357464	-0.247051721748508	-0.255138610199603	-5.03464828145335	-1.9743107392015	-2.06097030335943
0.493485650518259	-2.18290838966764	-0.264724820341325	-0.273692751869655	-5.10989750255811	-1.5774426756901	-1.66365384319124
0.503485650518259	-2.23412273736509	-0.278894758294362	-0.288675047991471	-5.12374023410202	-1.26972826745918	-1.34424834936765
0.513485650518259	-2.28521993781572	-0.290344307845226	-0.3007974400596	-5.08823159309864	-1.0304237077713	-1.08948930156637
0.523485650518259	-2.33575315012006	-0.299683283968227	-0.310632341867161	-5.01247075132995	-0.845053537362977	-0.885391045848399
0.533485650518259	-2.38536002762849	-0.307386969831077	-0.318635897874017	-4.90419079784693	-0.701386838963479	-0.722053424407439
0.543485650518259	-2.43374769142816	-0.31382292352226	-0.325173324824581	-4.76947711468848	-0.590336470499938	-0.590542584024322
0.553485650518259	-2.48067915947855	-0.319275566648794	-0.330533994115616	-4.61371961366179	-0.503607079055936	-0.48576824704505
0.563485650518259	-2.52596386981927	-0.323961531353506	-0.334951345700245	-4.44070573455966	-0.436242671854185	-0.400927192683195
0.573485650518259	-2.56944782752003	-0.328047436195801	-0.338609055074484	-4.25401723196988	-0.383069370162693	-0.332973871107591
0.583485650518259	-2.61100753198963	-0.331658924223793	-0.341655051994036	-4.05621450226466	-0.340969832411741	-0.277867965205388
0.585215519468158	-2.61799387799151	-0.332243175968958	-0.342128459285793	-4.02113317413036	-0.334348590931198	-0.269892592182054
0.595215519468158	-2.66475163574667	-0.324141639524225	-0.305370512103246	-5.65791389877115	2.91616921528677	5.33467889852007
0.605215519468158	-2.72985034817011	-0.274330873837388	-0.253502262587855	-6.74916140169649	5.75385781587538	5.17532255562875
0.615215519468158	-2.79423563114601	-0.220161457159625	-0.205204757784962	-6.05540983332775	4.93578759433104	4.40721351527612
0.625215519468158	-2.85070827742318	-0.176164299712092	-0.165497819849631	-5.25387913808872	3.89030269690461	3.55276312040389
0.635215519468158	-2.89970331211517	-0.141631732116224	-0.133655782590678	-4.56398433027405	3.05095405687623	2.84374651918404
0.645215519468158	-2.94233618593799	-0.114493593519259	-0.108157333739968	-3.97784292411754	2.40531675842514	2.2763693039543
0.655215519468158	-2.97951037702334	-0.0930648614981531	-0.0877119643120305	-3.46853748180237	1.90220857684449	1.8282926872911
0.665215519468158	-3.01190217149478	-0.0760849331447302	-0.071291351259369	-3.01835968285365	1.50974354344492	1.46902078030611
0.675215519468158	-3.04002620891832	-0.0625929245413495	-0.0580914025239787	-2.61277302459714	1.20031393679637	1.18238059424913
0.685215519468158	-3.06427737262671	-0.0518523897471258	-0.0474698376546246	-2.24249034888748	0.957130996465968	0.950622008309714
0.695215519468158	-3.08496436433182	-0.0432869847814268	-0.0389203873112246	-1.89891704773542	0.763425482572631	0.765976303936323
0.705215519468158	-3.10232786387007	-0.0364488583670692	-0.0320333433953415	-1.57705770722003	0.610372679971637	0.616389346250032
0.715215519468158	-3.11655877483284	-0.0309826035604897	-0.0264849403606043	-1.2717375242047	0.487807751923656	0.497195686010199
0.725215519468158	-3.12780729667711	-0.0266097660183593	-0.0220122185612141	-0.979946738429208	0.390425201583587	0.400835206146669
0.735215519468158	-3.13619316325285	-0.0231084510012411	-0.018406028984256	-0.69872125279858	0.312544627661046	0.323498192911253
0.745215519468158	-3.14181122210352	-0.0203034309500873	-0.0154969806031616	-0.426140262680802	0.250763899499472	0.260578974699199
0.755215519468158	-3.1447374599209	-0.0180541455605743	-0.0131506051445817	-0.160141726417269	0.201027199734004	0.210378867248879
0.765215519468158	-3.14503201521803	-0.0162496666435697	-0.011257179785612	0.100433754061624	0.161340508985727	0.169765056344245
0.775215519468158	-3.14274307196677	-0.0148009134469698	-0.0097291967937305	0.356763335490818	0.129472689546862	0.137171174656207
0.785215519468158	-3.13790893727796	-0.0136371232800334	-0.00849554513789617	0.609585363212363	0.104147853164325	0.110620817647519
0.795215519468158	-3.13056046768416	-0.0127011757457863	-0.00749959913694755	0.859695723763009	0.0838041476707233	0.0893218451764987
0.805215519468158	-3.1207223837295	-0.0119475660946015	-0.00669525215361111	1.10757984311715	0.0675445678328944	0.0721354489035582
0.815215519468158	-3.10841483275238	-0.0113396291708113	-0.00604543489382829	1.35365093183058	0.0545400820507932	0.0583140340759679
0.825215519468158	-3.09365448044837	-0.0108478912843585	-0.00552011506952198	1.59818566051473	0.0441983939748156	0.0471586614144197
0.835215519468158	-3.07645555911983	-0.0104484976455975	-0.00509507032519719	1.84139115046385	0.0359954654443089	0.038183891077938
0.841764654971188	-3.06387636312879	-0.0102275649208368	-0.00486143759530641	2	0.0316071375687755	0.0332559689471548
0.851764654971188	-3.04266921985374	-0.00994028783463124	-0.00456102120352823	2.2412268985113	0.0260942208933726	0.0270332638003216
0.861764654971188	-3.0190557501673	-0.00970158692480829	-0.00431652381484344	2.48126415028833	0.021836344842463	0.0220507445679149
0.871764654971188	-2.99304813970557	-0.00950012788617106	-0.00411662283922597	2.72003627033243	0.018615173375676	0.0180771195991089
0.881764654971188	-2.96465966559114	-0.00932651206164591	-0.0039520943962116	2.95740947705638	0.0162381259294087	0.0149541594152003
0.891764654971188	-2.93390532448389	-0.00917292874556943	-0.00381532822066298	3.19316922577096	0.0145906155954461	0.0124990333898738
0.901764654971188	-2.90080249952436	-0.00903275700599089	-0.00370011513144708	3.42705771437423	0.0135359472819475	0.0106308569861386
0.911764654971188	-2.86537155168574	-0.00890040408701817	-0.00360125541224369	3.65873423369896	0.0130120413079477	0.00921661829187529
0.921764654971188	-2.82763647136704	-0.00877102752666428	-0.00351446474448437	3.88781271093576	0.0129327793818276	0.00820174424765886
0.931764654971188	-2.78762546968343	-0.00864043586382322	-0.00343612965319108	4.11383853913083	0.0132450902539591	0.00751820342858955
0.941764654971188	-2.74537158726842	-0.00850495509740117	-0.00336319823387069	4.33629756031644	0.0139059676388234	0.00710985140986186
0.951764654971188	-2.70091328582545	-0.00836133033301202	-0.00329309071235907	4.55462299832022	0.0148667762224781	0.00694868865592952
0.961764654971188	-2.65429500234708	-0.00820669106801225	-0.00322357642962724	4.76818526460586	0.0161035335100757	0.00698603358233799
0.971764654971188	-2.60556769696286	-0.00803847568385166	-0.00315275566199232	4.97630991824141	0.0175783671389727	0.00720378925994191
0.981764654971188	-2.55478933932518	-0.00785442588670877	-0.00307897994218632	5.17827231578453	0.0192632666394966	0.00757685215428579
0.991764654971188	-2.50202535294037	-0.00765257045095754	-0.00300081777203511	5.37330388959543	0.0211375490766896	0.00807397763539145
1.00176465497119	-2.44734900468485	-0.00743119718150696	-0.002917061529124	5.56060943629653	0.0231607286331221	0.00869474410933244
1.01176465497119	-2.39084169362251	-0.00718889520506938	-0.00282665268785334	5.73935723434032	0.0253179162351223	0.00940258455220024
1.02176465497119	-2.33259318374208	-0.00692452031677032	-0.00272872982079137	5.90870728812479	0.0275716722149435	0.0101929562376652
1.03176465497119	-2.27270170890154	-0.00663723241462041	-0.00262258339209447	6.06780960223627	0.0298931963478114	0.0110478111233675
1.04176465497119	-2.21127397876586	-0.00632650230125285	-0.00250765834528427	6.21581761075173	0.0322578157673011	0.0119417197389685
1.05176465497119	-2.14842507097619	-0.00599209954407476	-0.00238358547935229	6.35191071300013	0.0346195840615627	0.0128786173030242
1.06176465497119	-2.08427816811137	-0.00563414705616984	-0.00225011473681742	6.47528611406969	0.0369655806995847	0.0138138661413319
1.07176465497119	-2.01896420737211	-0.00525305744219136	-0.00210721277201288	6.58520272048768	0.0392386569892987	0.0147663090387658
1.08176465497119	-1.95262133739913	-0.00484961547083234	-0.00195494363937341	6.68095675475861	0.0414337431079136	0.0156802462353343
1.09176465497119	-1.88539431423868	-0.00442487716385447	-0.00179360286337414	6.76193731800974	0.0434897534242904	0.0165823574893348
1.10176465497119	-1.81743369549311	-0.00398025953948619	-0.00162356742715782	6.82759216724956	0.0454077139706838	0.0174124188567836
1.11176465497119	-1.74889500302304	-0.00351741457219599	-0.00144544409432207	6.87748708987423	0.0471276878371837	0.0182020314531153
1.12176465497119	-1.67993769977739	-0.00303831621285553	-0.00125990018841845	6.91126450958677	0.048657871685779	0.0188894452019885
1.13176465497119	-1.61072417420879	-0.00254511443967112	-0.00106781855102765	6.92870314752852	0.0499416610453076	0.0195125010280456
1.14176465497119	-1.54141857056467	-0.00204022098614717	-0.000870109012706254	6.92966829087049	0.0509972863755055	0.0200079332591722
1.15176465497119	-1.47218567823274	-0.00152614422366091	-0.000667873168933341	6.91417160812961	0.0517725887560803	0.0204218502744377
1.16176465497119	-1.40318970624793	-0.00100557895426409	-0.000462194776323445	6.88231150674676	0.0522972324285507	0.020690401986837
1.17176465497119	-1.33459317449278	-0.000481226952802685	-0.000254314829737437	6.83433239555022	0.0525259373098305	0.0208666006856144
1.18176465497119	-1.26655573377696	4.41099724797014e-05	-4.54104975968746e-05	6.77055751128014	0.0524971402703948	0.0208911335037585
1.19176465497119	-1.19923315232742	0.000567708633226933	0.000163232451581738	6.69144319481357	0.0521768789232133	0.0208178571837305
1.20176465497119	-1.13277627960602	0.00108683890506671	0.000370427380581809	6.59751186104935	0.0516062152061246	0.0206003501956003
1.21176465497119	-1.06733020395986	0.00159891820793141	0.000574942184903893	6.48939360471405	0.0507679888205756	0.0202839839728227
1.22176465497119	-1.00303344010207	0.00210145056165136	0.000775660595122376	6.36777013421369	0.0496987909055422	0.0198433381399629
1.23176465497119	-0.940017307793919	0.00259213324346266	0.000971492704853941	6.23339588011407	0.0484023091529644	0.0193066171886762
1.24176465497119	-0.87840539277631	0.00306883620822037	0.00116146079384942	6.08706287433268	0.0469045174164822	0.0186749455021623
1.25176465497119	-0.818313167371618	0.00352964423080964	0.00134468471636853	5.92959625080448	0.0452307552990502	0.017954430527169
1.26176465497119	-0.759847739707546	0.00397288551862284	0.00152037591186102	5.7618462940279	0.0433922911432867	0.0171746461635529
1.27176465497119	-0.703107709876665	0.00439710278332625	0.00168790541376877	5.58465709119827	0.0414340012296209	0.0163185070331831
1.28176465497119	-0.648183189111002	0.00480112900432408	0.00184670825034377	5.39888618734024	0.039354458505604	0.0154369811784124
1.29176465497119	-0.595155867374387	0.00518400078350321	0.00199641523946096	5.20535336618031	0.0372091962579315	0.0144986084940368
1.30176465497119	-0.544099253734275	0.00554505638502564	0.00213670571474533	5.00487703120431	0.0349941735186242	0.0135573276182446
1.31176465497119	-0.495078925404735	0.00588383298926817	0.00226744484859544	4.7982221692835	0.0327576827014377	0.0125896889473581
1.32176465497119	-0.448152919074198	0.00620013858692114	0.00238855878787283	4.58613102722423	0.0305052603205118	0.0116317633530728
1.33176465497119	-0.403372126655258	0.00649398228570439	0.0025001094692164	4.36929207470803	0.028265143707232	0.0106838782076745
1.34176465497119	-0.360780768127349	0.00676558264569397	0.00260225093774009	4.14834700947495	0.0260603145012944	0.00975050523841499
1.35176465497119	-0.320416890271053	0.00701535671387202	0.00269520874097965	3.92389131889638	0.023900096968897	0.00885216141824127
1.36176465497119	-0.282312872385405	0.00724387201200781	0.00277931081229643	3.69645974861796	0.021813126939202	0.00797738996428474
1.37176465497119	-0.2464959692001	0.00745186659900248	0.00285491692446026	3.46654440080626	0.0197999219543574	0.00715121376841538
1.38176465497119	-0.212988822379815	0.00764018726271294	0.00292246634649719	3.23457671758025	0.017879698127431	0.0063672872618659
1.39176465497119	-0.181809990106118	0.00780979390479885	0.00298242803054246	3.00094068049425	0.0160597366615261	0.00563238417707471
1.40176465497119	-0.152974447092884	0.0079617270615068	0.00303530618656464	2.76596963833465	0.0143481719515432	0.00494782653099106
1.41176465497119	-0.126494070723023	0.00809709454386085	0.00308161806941338	2.52995237392747	0.0127446469879911	0.0043232554953861
1.42176465497119	-0.102378091157194	0.00821703321328184	0.00312191116685919	2.29312772774554	0.0112613002151221	0.00374618147079241
1.43176465497119	-0.0806335276043415	0.00832271341798074	0.00315671729876899	2.05569906866649	0.009894041264451	0.00322423486541794
1.44176465497119	-0.0612655755509915	0.00841530347584097	0.00318657068713207	1.81782980171323	0.00864291751895206	0.00275556588709718
1.45176465497119	-0.0442779668795117	0.00849595703957402	0.003211993007195	1.57964930469944	0.00750637960850997	0.00233757513982857
1.46176465497119	-0.029673291258227	0.00856579763547312	0.00323348690308603	1.34125688209134	0.00648103488338455	0.00196728904073393
1.47176465497119	-0.0174532793405115	0.00862590561162602	0.00325152586898867	1.10272674395587	0.00555894405787027	0.00164598294969301
1.48176465497119	-0.00761904384241604	0.00867729860241192	0.00326655967072109	0.864108970685715	0.00473543468256596	0.00136772242252588
1.49176465497119	-0.000171284653532746	0.00872092347582082	0.00327900307938867	0.625435546921493	0.00400401903994658	0.00112717375742292
1.50176465497119	0.00488954689713746	0.00875764751023317	0.00328922932573735	0.386725321204632	0.00335414567825948	0.000923007956466122
1.51176465497119	0.00756312667725642	0.00878824420645182	0.00329757313883718	0.14798606554274	0.00277633713322522	0.000750726357969271
1.52176465497119	0.00784917470297762	0.00881338547585533	0.0033043267982812	-0.0907810912199965	0.00226130261271843	0.00060414073685348
1.53176465497119	0.00574741172779895	0.00883363690463966	0.00330973373096505	-0.329576316380949	0.00179673018809609	0.000480179172698752
1.54176465497119	0.00125755860937332	0.00884944814135169	0.00331399084168378	-0.568398375499022	0.0013708149711857	0.000373979933106047
1.55176465497119	-0.0056206250170493	0.00886114723175005	0.00331724690782216	-0.807240583403456	0.000972355878788398	0.000278914046535222
1.56176465497119	-0.0148872627139457	0.00886893882385558	0.0033195970370345	-1.04608542242388	0.000587465936296285	0.000191485497065359
1.57176465497119	-0.026542240366412	0.00887289736825755	0.00332108584917949	-1.28490184118045	0.000203095377570958	0.00010641538335556
1.58176465497119	-0.040585046086027	0.00887296443599843	0.0033217063803919	-1.52364113073117	-0.000193079077580202	1.69654649425238e-05
1.59176465497119	-0.0570145706088373	0.008868949135583	0.00332139625456449	-1.76223187612854	-0.000615159235320486	-8.1281321537668e-05
1.60176465497119	-0.0758288660771398	0.00886052564059603	0.00332003977112114	-2.00057673883686	-0.00107696398878464	-0.000193195192274333
1.61176465497119	-0.097024865840012	0.0088472333388172	0.00331746827621031	-2.23854866507635	-0.00159157799738561	-0.000324532537614714
1.62176465497119	-0.120598065821472	0.00882847907738149	0.00331345983261709	-2.47598686024271	-0.00217173218714847	-0.000481143875182562
1.63176465497119	-0.146542168397084	0.00880354098106357	0.00330773925190211	-2.71269289055927	-0.00283021070636667	-0.000668111968253884
1.64176465497119	-0.174848690165687	0.00877157319093824	0.00329997974703536	-2.94842734723933	-0.00357932067323487	-0.000890195412912531
1.65176465497119	-0.205506536282831	0.00873161254061125	0.0032898051790861	-3.18290678254823	-0.00443033468125275	-0.00115227162639134
1.66176465497119	-0.238501544657485	0.0086825879278953	0.00327679224033722	-3.41580075547785	-0.00539352176325097	-0.00145889474122748
1.67176465497119	-0.273816003752159	0.00862333207192911	0.00326047338798257	-3.6467293075145	-0.00647818764664722	-0.00181379640869899
1.68176465497119	-0.31142814857737	0.00855259501600394	0.00324034181725936	-3.87526134301653	-0.00769178063751371	-0.00222069514257398
1.69176465497119	-0.351311641020617	0.00846905991094628	0.00321585804291122	-4.10091385135465	-0.00903850937764722	-0.00268478627276812
1.70176465497119	-0.393435043434721	0.00837136570757481	0.00318645176450688	-4.32315004590766	-0.0105226692789446	-0.00320745602314104
1.71176465497119	-0.437761290596981	0.0082581286583746	0.00315153038835147	-4.54138015610829	-0.0121475023543455	-0.0037873912582857
1.72176465497119	-0.484247169509414	0.0081279623953673	0.00311049458096291	-4.75496507011783	-0.0139093937565568	-0.00442842591435686
1.72989489831061	-0.523598775598368	0.00800871809438397	0.00307220760726668	-4.92471701981654	-0.0154398365872195	-0.00499468440225198
1.73989489831061	-0.585525059363347	0.0270688851357939	0.0427579171613729	-7.80122577122601	4.79970960396364	5.86348038341509
1.74989489831061	-0.670877384213962	0.0880405240005029	0.102561182539046	-8.65897417591555	6.15831446658943	5.82171958401166
1.75989489831061	-0.755560680015324	0.144115539453398	0.155721295941992	-8.26058642251004	5.0233757750612	4.79367799181672
1.76989489831061	-0.836272046756532	0.18886590207358	0.198800342362693	-7.89841715947457	3.95972329992576	3.85262543435188
1.77989489831061	-0.913864205453449	0.223991002262786	0.233347153429439	-7.63500409056973	3.09644019943276	3.08435600704963
1.78989489831061	-0.989237052596946	0.25136281205292	0.260981706121207	-7.45125665275954	2.40395324154797	2.46401622126711
1.79989489831061	-1.06308688693049	0.27252486146766	0.283038819369077	-7.32735796803846	1.84928428404336	1.96532746514786
1.80989489831061	-1.13593517366936	0.288729749987845	0.30060306692589	-7.2481830402524	1.40738991785807	1.56427014059861
1.81989489831061	-1.20816552135335	0.300996988100426	0.31455626501088	-7.2022027851489	1.05928947962945	1.23921809654814
1.82989489831061	-1.28005360037588	0.310162331446692	0.32560572434307	-7.17834922660187	0.784676610757075	0.980872616760482
1.83392837572545	-1.30899693899575	0.313138411072913	0.329377390530206	-7.17349749210103	0.692414376921355	0.890961928125438
1.84392837572545	-1.36929837463475	0.300003116734616	0.299255340459175	-4.5871460270342	-4.1282828345102	-5.09529915094606
1.85392837572545	-1.40817855247001	0.244425875862766	0.245721158784181	-3.73683680318128	-5.87386281897627	-5.3138205372495
1.86392837572545	-1.44805424091663	0.190399772648443	0.196801143096346	-4.28596777077296	-4.8416326750758	-4.42486074174134
1.87392837572545	-1.49391667090697	0.147590245276916	0.157128353589147	-4.8677199600358	-3.75743608677152	-3.53395169837239
1.88392837572545	-1.5449909097118	0.114465868564507	0.125516642725677	-5.32612038774316	-2.90611342666659	-2.81534094537632
1.89392837572545	-1.60006154222762	0.0887964752726262	0.100322559614417	-5.67093096218362	-2.25729656885484	-2.24490647636865
1.90392837572545	-1.65811204933842	0.068829203498757	0.0802079169035182	-5.92563289414965	-1.75789246866018	-1.7953745620024
1.91392837572545	-1.71832675371787	0.0532520367313131	0.0641181491391414	-6.10634815368425	-1.37380757354116	-1.43656966742166
1.92392837572545	-1.7800384491511	0.0410651896147188	0.0512315106399643	-6.22706836799812	-1.07561560011815	-1.15242024556188
1.93232335771432	-1.83259571459405	0.0328893964951107	0.0424038086238987	-6.28876473281022	-0.878664415239406	-0.957567083557997
1.94232335771432	-1.88330343513398	0.00418813130529598	-0.00467208329217776	-3.5360271643159	-5.79257167122212	-6.25943802999366
1.95232335771432	-1.91517275173365	-0.06014091264208	-0.0681680255434021	-3.25889985435184	-6.2480348347218	-6.05492334721712
1.96232335771432	-1.95066975393021	-0.116556782666641	-0.123132675742	-3.84258099218242	-5.02883670253888	-4.93869377878026
1.97232335771432	-1.99166748391135	-0.161324353888666	-0.167491855748126	-4.33331428300626	-3.96528047985071	-3.96687514528446
1.98232335771432	-2.03688026681997	-0.196631825722796	-0.203105406234448	-4.68869974485365	-3.12977518470646	-3.18648349671269
1.99232335771432	-2.08505823998604	-0.224544227572504	-0.231723823757812	-4.93032594457646	-2.47846502993877	-2.56242311519127
2.00232335771432	-2.13517571419706	-0.24668805632677	-0.254754729358792	-5.07914732093072	-1.97185272214761	-2.06152008190557
2.01232335771432	-2.18639743972787	-0.264338944492702	-0.2733132619976	-5.15373140098852	-1.57539304740757	-1.66411698820391
2.02232335771432	-2.23804623147498	-0.278491210609891	-0.288298876373415	-5.16689514100761	-1.26795729756725	-1.34494753675987
2.03232335771432	-2.2895703462862	-0.289927173169271	-0.300424891748283	-5.13050630007999	-1.02933785549332	-1.08975219701935
2.04232335771432	-2.34052238022323	-0.299257111400386	-0.310262914905506	-5.0539346272238	-0.844389129280452	-0.885645268500644
2.05232335771432	-2.3905399746437	-0.306955707029648	-0.318269719430601	-4.94482482704321	-0.701148395714587	-0.722234796464548
2.06232335771432	-2.43933023719994	-0.313390260193128	-0.32481032102757	-4.80933825001569	-0.590359881287842	-0.590868242177429
2.07232335771432	-2.48665646221999	-0.318844468546233	-0.33017459998696	-4.65277306149287	-0.503998636802595	-0.485968881660514
2.08232335771432	-2.53232823991773	-0.323534829752168	-0.334595423962309	-4.47904742680501	-0.436787195611363	-0.4013064473475
2.09232335771432	-2.5761920247223	-0.327627267209108	-0.338256919398854	-4.29164960323769	-0.383819982037575	-0.33335998789844
2.10229140060289	-2.6179938779915	-0.331236181092307	-0.341297949280455	-4.09382290886518	-0.342028217864053	-0.278380996440076
2.11229140060289	-2.66555069086284	-0.323051631717489	-0.304710851040166	-5.74383168977478	2.93717137084114	5.31850075673004
2.12229140060289	-2.73146364500286	-0.273127555979872	-0.252919218465217	-6.81946853827176	5.74232356303996	5.17092027277913
2.13229140060289	-2.79652334454782	-0.219121949043383	-0.204708747128989	-6.12026544073339	4.9140817991313	4.40241763686953
2.14229140060289	-2.85365632516003	-0.17530832733837	-0.165086892708933	-5.32099082183026	3.87483442365049	3.54233451726906
2.15229140060289	-2.9033236439895	-0.14092783262423	-0.13332338412466	-4.63184495201318	3.03731872894263	2.83634771192069
2.16229140060289	-2.94663961797938	-0.113915076176906	-0.107890173126953	-4.04602806800574	2.39240916120059	2.27274848330801
2.17229140060289	-2.98450473497827	-0.0925926091605702	-0.0874944638473256	-3.53802901649246	1.89256554686735	1.82378816444278
2.18229140060289	-3.01759529401475	-0.07569958587661	-0.0711160469188004	-3.08842448315101	1.5015057635223	1.46571918692485
2.19229140060289	-3.04642379542278	-0.0622804796780802	-0.0579490113245859	-2.68377359529538	1.19441070509753	1.17837865442432
2.20229140060289	-3.07138537360105	-0.0515982064257652	-0.0473569630984515	-2.31342456760391	0.951003171411473	0.949201161422637
2.21229140060289	-3.09278628017951	-0.0430827669468827	-0.0388285101646316	-1.97073734006388	0.759484452773325	0.763251492248181
2.22229140060289	-3.11086818540707	-0.0362839710306632	-0.0319608172403238	-1.64888645887065	0.606361911186389	0.615318747767901
2.23229140060289	-3.1258203584263	-0.0308508169334765	-0.0264266487751126	-1.3440316516814	0.484864075775579	0.495862633371911
2.24229140060289	-3.13779327076686	-0.0265044303274168	-0.0219661262531906	-1.05241027702315	0.387767673373381	0.400143664722124
2.25229140060289	-3.14690587405403	-0.0230251773014797	-0.018368913110667	-0.771603953366797	0.310782992051323	0.322375142112341
2.26229140060289	-3.15325324373234	-0.020237483832074	-0.0154678751031233	-0.499126982640118	0.249075924773195	0.260052700859495
2.27229140060289	-3.15691073747449	-0.0180025518790522	-0.0131274710406417	-0.233370791029674	0.199753455238266	0.20982185524788
2.28229140060289	-3.15793845045678	-0.0162096176606848	-0.0112389800723466	0.0270434594159453	0.160275754254284	0.169360637934769
2.29229140060289	-3.15638421254104	-0.0147704124404235	-0.00971476000253756	0.283174091461495	0.128730126341137	0.136660770871944
2.30229140060289	-3.15228620334153	-0.0136142301193502	-0.00848448924714926	0.535946432777353	0.103384650613738	0.110420069602334
2.31229140060289	-3.14567475003469	-0.0126848149178872	-0.00749102352505869	0.785945362383035	0.0832374915492988	0.089050138169927
2.32229140060289	-3.13657428576628	-0.0119366615735989	-0.00668887034424729	1.033812299551	0.0670214923472227	0.0719576195174038
2.33229140060289	-3.1250043797231	-0.0113335597782959	-0.00604081884568211	1.27988821328241	0.0541215631701417	0.0580947618158167
2.34229140060289	-3.11098113514934	-0.0108461321425494	-0.00551713185004328	1.52452263851704	0.0437935905818603	0.0469893352818073
2.35229140060289	-3.09451801659976	-0.0104507903624771	-0.00509356850343398	1.76790360962831	0.0355989432719257	0.0380387206304474
2.36187107712545	-3.07646958103556	-0.010140676045845	-0.00476357605398537	2.00000000000069	0.029381858309671	0.0311008290589084
2.37187107712545	-3.05526250651287	-0.00987344288285145	-0.00448284118125381	2.24124296561935	0.0242677069672404	0.0252772595407717
2.38187107712545	-3.03164836248343	-0.00965127629510536	-0.00425437637888474	2.4814039749339	0.0203372181470482	0.0205976682400176
2.39187107712545	-3.0056382383905	-0.00946354744831494	-0.00406762926095414	2.72042122191008	0.0173488784427532	0.0169036233605579
2.40187107712545	-2.9772442925132	-0.00930150083279471	-0.00391388182939691	2.9581370663909	0.0151831055144339	0.0139631730508335
2.41187107712545	-2.9464804421626	-0.00915774381182841	-0.00378606925971825	3.19436215196402	0.0136737739597901	0.0116936052602628
2.42187107712545	-2.91336294024384	-0.0090260780386811	-0.00367829003499762	3.42881862031401	0.0127475922522797	0.00994319972049611
2.43187107712545	-2.87791103279456	-0.00890117317752824	-0.00358569611601254	3.66118324362004	0.0123098172106225	0.00864292679131731
2.44187107712545	-2.84014755451454	-0.00877843940121321	-0.00350421720535794	3.8910630978514	0.0123025705303631	0.00771115479235491
2.45187107712545	-2.80009955080202	-0.00865386191272794	-0.00343043948846121	4.11800742659286	0.0126723989325921	0.00709155910187637
2.46187107712545	-2.75779888054702	-0.00852389882196775	-0.00336147387683276	4.34150642071822	0.0133728183457438	0.00674214425317269
2.47187107712545	-2.7132828050429	-0.00838540984955801	-0.00329484617004518	4.56098914623306	0.0143710885277394	0.00661953608649183
2.48187107712545	-2.66659456551803	-0.00823558714151173	-0.00322843732581796	4.77583138449444	0.0156322431139441	0.00669695165303887
2.49187107712545	-2.61778392143104	-0.00807193256709042	-0.00316040303252096	4.98535200989515	0.0171349706095594	0.00693757528972827
2.50187107712545	-2.56690766657314	-0.0078922096095604	-0.00308916353339048	5.18882839055031	0.0188422632307989	0.00733339881485348
2.51187107712545	-2.51403007392958	-0.00769446199635495	-0.00301332842328073	5.38548845615907	0.0207346447319711	0.00785486924264583
2.52187107712545	-2.45922329895134	-0.00747699030445134	-0.00293170357116419	5.57452708319841	0.0227850596181721	0.00848497640521806
2.53187107712545	-2.40256769920516	-0.00723835805143616	-0.00284327403088198	5.75511365754754	0.0249596985544918	0.00921660420957145
2.54187107712545	-2.34415205816167	-0.00697742347654255	-0.00274716270404495	5.92639138633033	0.0272432806782967	0.0100150149095712
2.55187107712545	-2.28407373478577	-0.00669330825468661	-0.00264268747779907	6.08750748155397	0.0295891067375467	0.0108891715133398
2.56187107712545	-2.2224386624512	-0.00638546613076431	-0.00252928038062517	6.23759970694693	0.0319829809940079	0.011799431729449
2.57187107712545	-2.15936126993212	-0.00605364015143609	-0.00240656596757803	6.37583356579273	0.0343808139159251	0.0127474861738246
2.58187107712545	-2.09496423534403	-0.00569791343298563	-0.00227430426010335	6.50139687211279	0.0367563301130767	0.0137081060239114
2.59187107712545	-2.02937813119742	-0.00531869228074336	-0.00213242415795911	6.61352334316704	0.0390759800509855	0.0146658925612334
2.60187107712545	-1.96274092407664	-0.00491670885996194	-0.00198102176579319	6.71150522648472	0.0413017581886109	0.0156121958196415
2.61187107712545	-1.8951973349737	-0.00449303282697991	-0.00182033545611358	6.79469878262525	0.0434112544467245	0.0165171746064547
2.62187107712545	-1.82689809144816	-0.00404902739899776	-0.00165079013854734	6.86255136936378	0.0453607252426179	0.0173842962676063
2.63187107712545	-1.75799903184166	-0.0035863765962191	-0.00147292704470519	6.91459214390226	0.0471376362670348	0.0181756598357801
2.64187107712545	-1.68866014519535	-0.00310700679075522	-0.00128747397091516	6.9504662628089	0.048698466200409	0.0189029851770426
2.65187107712545	-1.61904448009748	-0.00261311787604646	-0.00109524607995802	6.96991481494695	0.0500395713863792	0.0195263739272599
2.66187107712545	-1.54931703788654	-0.00210708416573922	-0.000897224246535331	6.97280930032193	0.0511235647784643	0.0200616020838235
2.67187107712545	-1.47964357422308	-0.00159147846878871	-0.000694446845867289	6.95912591402839	0.0519525629299993	0.0204751128662764
2.68187107712545	-1.4101894312795	-0.00106897268240142	-0.000488072920344142	6.92897190406219	0.0525023894064764	0.0207796489123379
2.69187107712545	-1.34111833808214	-0.000542339996324549	-0.000279293861115383	6.8825623736523	0.0527762331005429	0.0209570931565831
2.70187107712545	-1.272591275249	-1.4379147799459e-05	-6.93552702374332e-05	6.82022963841789	0.052769078248722	0.0210099686546677
2.71187107712545	-1.20476538067748	0.000512117592912886	0.000140484255351807	6.74241064547373	0.0524819858519201	0.0209407177926832
2.72187107712545	-1.13779293687446	0.00103439982279327	0.000348987501486942	6.64963453154342	0.0519307467102671	0.0207388155031605
2.73187107712545	-1.07182047133551	0.00154982905239015	0.00055491800296639	6.54252542580827	0.051111290321141	0.0204302946738938
2.74187107712545	-1.00698793851031	0.00205586351577195	0.000757137250305665	6.42176660950937	0.0500599728112444	0.0199898039801031
2.75187107712545	-0.943428077314629	0.0025501677084807	0.000954512467716106	6.28812242729623	0.0487644755927845	0.0194686765230097
2.76187107712545	-0.881265831250696	0.00303053998531856	0.00114608014885854	6.14237887588118	0.0472803148700717	0.0188253915324783
2.77187107712545	-0.820617990121832	0.00349505517482495	0.0013308865081222	5.98538432696655	0.045592209303909	0.0181251503898429
2.78187107712545	-0.76159286913409	0.00394195452672487	0.00150818539660439	5.8179777037029	0.0437625263234485	0.0173240089508112
2.79187107712545	-0.704290218109953	0.00436978515105923	0.00167726216579949	5.64103333740303	0.0417842948867597	0.0164804994364701
2.80187107712545	-0.64880116241316	0.00477730210386459	0.00183759250049193	5.45540086531577	0.0397035493905672	0.0155775913288804
2.81187107712545	-0.595208326939627	0.0051635440382521	0.00198873872753146	5.26192750968227	0.037534826606849	0.0146439053414277
2.82187107712545	-0.543586019281558	0.00552779696408144	0.00213039874953279	5.06143283035957	0.0353007811691778	0.0136956021422186
2.83187107712545	-0.494000510318748	0.00586957676725205	0.00226241997689847	4.85469515002377	0.0330455897719826	0.0127160396594673
2.84187107712545	-0.446510414833176	0.00618867272084589	0.00238471582947098	4.64246903835443	0.0307728536954561	0.0117449946064833
2.85187107712545	-0.401167089519767	0.00648507701539817	0.00249734201862728	4.42545366035366	0.028512127466883	0.0107817742379008
2.86187107712545	-0.358015112126001	0.00675899805749597	0.00260044525973575	4.20430193187408	0.0262850507837428	0.0098337195389215
2.87187107712545	-0.317092786837907	0.00701085138088037	0.00269423981866496	3.97962182395683	0.0240947066228095	0.00893130722739085
2.88187107712545	-0.278432649209645	0.0072411911516108	0.00277906943074119	3.75195221519455	0.0219828375391306	0.00804465375771552
2.89187107712545	-0.242062028772357	0.00745076021437102	0.00285528911871968	3.52179520379138	0.019945891311439	0.00720567241302163
2.90187107712545	-0.208003563397242	0.00764041244055949	0.00292333857232517	3.28959043366699	0.0180012853650232	0.00641129645703148
2.91187107712545	-0.176275737425054	0.00781111507460356	0.00298369362645611	3.0557276133208	0.0161583541654498	0.0056659443554283
2.92187107712545	-0.146893394346908	0.00796392378747296	0.00303685947272085	2.82054700423345	0.0144217248454931	0.0049767571787513
2.93187107712545	-0.119868226574879	0.00809995273103351	0.00308337514664302	2.58433756829472	0.0128022144031474	0.00433729936980728
2.94187107712545	-0.0952092469450488	0.00822036621253684	0.00312378050867517	2.34734627869951	0.0113002027524064	0.00375302474603766
2.95187107712545	-0.0729232228558165	0.00832635121771692	0.00315862260458545	2.10977720906938	0.00991630858813306	0.00322494863499774
2.96187107712545	-0.0530150786736802	0.00841909584454642	0.00318844895976601	1.87179413271258	0.00865358613984622	0.00274730307094028
2.97187107712545	-0.0354882682860964	0.00849978303745386	0.00321378485331871	1.63352919006698	0.00750495059281735	0.00232567094741857
2.98187107712545	-0.0203451002006639	0.00856956021834602	0.00323514605568443	1.39508047420861	0.0064690956717297	0.00195447973311161
2.99187107712545	-0.00758703237078834	0.00862953118430441	0.00325302328807831	1.15651904541335	0.00554272775782657	0.00162840857786095
3.00187107712545	0.00278507376121476	0.00868074584075685	0.00326787226884181	0.917894451650792	0.00471675646971156	0.0013481256006365
3.01187107712545	0.0107707433844681	0.00872418044634642	0.00328011977748163	0.679235421864938	0.00398484955613438	0.00110822253463347
3.02187107712545	0.0163697140586422	0.00876073072682787	0.0032901537994855	0.44055581756224	0.00333866723789592	0.000904316867555015
3.03187107712545	0.0195818033026118	0.00879120236197208	0.00329831968580173	0.201858865232034	0.00276748460012447	0.000733817048929126
3.04187107712545	0.0204068178910531	0.00881629928756508	0.00330492153825148	-0.0368601063691732	0.00226161735973196	0.000591190329099331
3.05187107712545	0.0188445016593234	0.00883661791731473	0.00331021709162309	-0.275608734121761	0.00181026474061147	0.000471254271954946
3.06187107712545	0.0148945241547382	0.00885264133042336	0.00331441440028403	-0.514393147330799	0.00140051627767194	0.000370785151772095
3.07187107712545	0.00855651134214607	0.00886473035813482	0.00331767463912271	-0.753215322118891	0.00102100946397272	0.000283408519778638
3.08187107712545	-0.000169885416726036	0.00887312122057984	0.0033201071196302	-0.992067882802257	0.000659103484641591	0.000203824476346938
3.09187107712545	-0.0112848789304985	0.00887792172070555	0.00332176787644717	-1.23092995491758	0.000300732844288943	0.000128173577829061
3.10187107712545	-0.0247883942218375	0.00887910584798212	0.00332266205824251	-1.46976415012234	-6.68629567699752e-05	5.0261495455372e-05
3.11187107712545	-0.040679877569132	0.00887651307800622	0.00332274121905865	-1.70851187435343	-0.000456694797422232	-3.60368108855593e-05
3.12187107712545	-0.0589580650996897	0.00886984830999318	0.00332190141235253	-1.94708884018791	-0.000883118844823352	-0.000135019701322343
3.13187107712545	-0.0796207103724494	0.00885868017639058	0.00331998549372114	-2.18538187701391	-0.00135974639654312	-0.00025196320955326
3.14187107712545	-0.102664273480771	0.00884244263654964	0.00331678290086412	-2.4232449215687	-0.00189962905846184	-0.000392622050859887
3.15187107712545	-0.128083571924821	0.00882043807624972	0.0033120297549242	-2.66049511152631	-0.0025154774174064	-0.000562650517250682
3.16187107712545	-0.155871394709338	0.00879184201971128	0.00330540948740286	-2.89690907591398	-0.00321980747972519	-0.000767089988015159
3.17187107712545	-0.186018081558904	0.00875570919603987	0.00329655473718433	-3.132219697842	-0.00402447871563212	-0.00101068634201628
3.18187107712545	-0.218511070225344	0.00871098165061419	0.00328504997732226	-3.3661132197025	-0.0049401483883409	-0.001298285449184
3.19187107712545	-0.253334415788573	0.00865649983464777	0.00327043398590472	-3.59822646164838	-0.00597645154076494	-0.00163414668005725
3.20187107712545	-0.290468286154936	0.00859101595917474	0.00325220353656968	-3.82814466066024	-0.00714187651493947	-0.00202165095425967
3.21187107712545	-0.329888439231788	0.00851320941392145	0.00322981894980328	-4.05540020688857	-0.00844291724053863	-0.002464015910096
3.22187107712545	-0.371565688464327	0.00842170415365147	0.00320271192811523	-4.27947249268701	-0.00988226009267527	-0.00296638434954146
3.23187107712545	-0.415465366990215	0.00831509386499374	0.00317028762295847	-4.49978640473427	-0.0114625998833683	-0.00352982732418891
3.24187107712545	-0.46154679605652	0.00819196588247109	0.00313193346909219	-4.71571358086272	-0.0131859396599762	-0.00415181768355046
3.25187107712545	-0.509762767443361	0.00805092198462207	0.00308703739349066	-4.92657733641842	-0.0150463769798556	-0.00483611874814351
3.25466309872453	-0.523598775598299	0.00800815843275754	0.00307325080010531	-4.98444944643712	-0.0155896555284016	-0.00503798727873655
3.26466309872453	-0.586119463781222	0.0270606281206022	0.0427608998596381	-7.85910803202077	4.79552689065786	5.86524333801868
3.27466309872453	-0.672057290802381	0.0880070684708893	0.102559881584356	-8.71791721186982	6.15657305535864	5.821401127632
3.28466309872453	-0.757328526975615	0.144061585928549	0.15571428618748	-8.319165059196	5.02089170228599	4.79288488243633
3.29466309872453	-0.838622718753306	0.188781461372012	0.198785052243517	-7.95649263914126	3.95637618736671	3.85145093159089
3.30466309872453	-0.91679263796512	0.223868621204384	0.233321186228948	-7.69259304183132	3.09254512318735	3.08294533738429
3.31466309872453	-0.992738394753611	0.25119880079662	0.26094285684678	-7.50815952196876	2.39935212703236	2.46323146644264
3.32466309872453	-1.06715538881568	0.27231713722272	0.28298763658954	-7.3838058894725	1.8450041190141	1.96394868065247
3.33466309872453	-1.14056471654293	0.288479662852695	0.300538755305955	-7.30389626654167	1.40315104029621	1.56316211847783
3.34466309872453	-1.21334861185762	0.300706907625242	0.314479764790817	-7.25715930738347	1.05550375821771	1.23797598638818
3.35466309872453	-1.28578153418878	0.309836154361202	0.325517972660265	-7.23241457773533	0.781462704762054	0.979506082648992
3.35787402887999	-1.30899693899575	0.312224877618495	0.328545820612272	-7.22801082410726	0.707311751154732	0.907501113155908
3.36787402887999	-1.36979539260259	0.29914502170791	0.298550876672229	-4.63888753874451	-4.11658638679309	-5.0954660955093
3.37787402887999	-1.40918673957261	0.243663523709105	0.245115150145648	-3.78885672729013	-5.8620950672425	-5.30341241030925
3.38787402887999	-1.44957991128402	0.189753255259095	0.196300122018916	-4.3375793930451	-4.82968261192586	-4.41625177219806
3.39787402887999	-1.49594924863236	0.147048724765264	0.15671462488264	-4.91740843281948	-3.74854153607869	-3.52493281933793
3.40787402887999	-1.54751529693698	0.114010629262115	0.12517730690151	-5.37471971023689	-2.89791442450761	-2.8091081743985
3.41787402887999	-1.60306384367398	0.0884137282381477	0.100043507134793	-5.71826941494084	-2.25005918050448	-2.24036948288556
3.42787402887999	-1.66157870684805	0.0685078589348302	0.0799770663662	-5.97135699392577	-1.75232817130744	-1.79096223283838
3.43787402887999	-1.72224365015065	0.0529815136967665	0.0639273299256617	-6.15067214971084	-1.36917483791039	-1.43296168427043
3.44787402887999	-1.78439169950362	0.0408374071026139	0.0510726308362774	-6.26973716620572	-1.07237830992257	-1.148604532193
3.4555250348109	-1.83259571459405	0.03334808031158	0.0429846349144246	-6.32635268926224	-0.891291084505536	-0.970675795058629
3.4655250348109	-1.88364729271118	0.00444057932116367	-0.00411146726632348	-3.57292948843362	-5.80697522720154	-6.26824546587075
3.4755250348109	-1.91593852703383	-0.0599228982212163	-0.0676804185351022	-3.30319839435691	-6.24730099644809	-6.05953641818264
3.4855250348109	-1.95188405165849	-0.116319877763924	-0.122681525884928	-3.8877433245819	-5.02626205244294	-4.9416087161567
3.4955250348109	-1.99333419567659	-0.16105902406643	-0.167065000630774	-4.37857915311579	-3.96225087807426	-3.96892101921136
3.5055250348109	-2.03899879107599	-0.196335969937044	-0.20269577014287	-4.73375644759795	-3.12675322958039	-3.18791250884429
3.5155250348109	-2.08762552569176	-0.224218924044842	-0.231326664204209	-4.97496535332502	-2.47569727538127	-2.56340116958803
3.5255250348109	-2.13818690272579	-0.246336316413886	-0.254366691048187	-5.12325703376347	-1.96937606149933	-2.06234306450484
3.5355250348109	-2.18984644195572	-0.263964654781955	-0.272932344377176	-5.19717871329341	-1.57334344980513	-1.66477134889491
3.5455250348109	-2.24192601907229	-0.278098839940876	-0.2879236693171	-5.20962547013723	-1.26631309775876	-1.34557856341713
3.5555250348109	-2.29387337456002	-0.289521121811861	-0.300054780579834	-5.17243301903848	-1.02820598211358	-1.09020898680395
3.5655250348109	-2.34524072401055	-0.298841779434499	-0.309897340393575	-5.09506241841766	-0.843677315454401	-0.886067815043872
3.5755250348109	-2.39566563259593	-0.306535078837146	-0.317908486318176	-4.98514510626609	-0.700835428130405	-0.722609330022069
3.5855250348109	-2.44485524034577	-0.312967960075234	-0.324453258478307	-4.8488808804957	-0.590355143372668	-0.591285988430711
3.5955250348109	-2.4925730619093	-0.31842356507769	-0.329821784770389	-4.69154169630035	-0.504308867359903	-0.486340757754885
3.6055250348109	-2.53862892893543	-0.323118042078746	-0.334246774427818	-4.51709535869709	-0.437312207634502	-0.401733353638868
3.6155250348109	-2.58286968674402	-0.327216796004445	-0.337912514461503	-4.32900434389713	-0.384548768722815	-0.333787099393274
3.62379421029577	-2.6179938779915	-0.330246302950984	-0.340475995120411	-4.1651168040572	-0.349142188923532	-0.287805440579354
3.63379421029577	-2.66633049259195	-0.32198828432943	-0.304034375882877	-5.82817256480729	2.95826501049837	5.30207184641005
3.64379421029577	-2.7329947555739	-0.272049928695674	-0.252315069719416	-6.88756511544117	5.73000268838883	5.1614884294788
3.65379421029577	-2.79871519488171	-0.218203791589014	-0.204198600603452	-6.18662480135235	4.89979159591268	4.38875784662983
3.66379421029577	-2.85650646107956	-0.17454454406318	-0.164674202104068	-5.38674067158368	3.85930109587666	3.53526048692322
3.67379421029577	-2.90683945358994	-0.14029828875402	-0.132987437306842	-4.69869027473922	3.02459952989709	2.83012455023334
3.68379421029577	-2.95082919564892	-0.113399273956179	-0.107614418391171	-4.11459254637904	2.38405690790441	2.26430764033719
3.69379421029577	-2.98937693414599	-0.0921682403848581	-0.0872729245732193	-3.60653313305193	1.8840238608603	1.8192010488148
3.70379421029577	-3.02315558089807	-0.075353018526362	-0.0709363742042804	-3.15762531009718	1.49470916561755	1.46152077559426
3.71379421029577	-3.05267773839388	-0.0619978714731689	-0.0578044786154379	-2.75327108940971	1.18832960040331	1.17560053722762
3.72379421029577	-3.07833715839743	-0.051369374917158	-0.0472398470884468	-2.38356394002212	0.946499668528835	0.946187690014292
3.73379421029577	-3.10044027729068	-0.0428972758800777	-0.038735122979976	-2.04097707654332	0.755153787683572	0.761707796676894
3.74379421029577	-3.11922748964211	-0.036134922415278	-0.0318854410806607	-1.71961818447948	0.603169289444552	0.613556901775557
3.75379421029577	-3.13488816973369	-0.0307313871708557	-0.0263661088713916	-1.41510617886746	0.482393520119388	0.494242544504464
3.76379421029577	-3.14757236025023	-0.0264092577467252	-0.0219173791613275	-1.12384590042735	0.386028277702083	0.39844528713318
3.77379421029577	-3.15739906633547	-0.022949132246564	-0.0183304887370231	-0.843098968460914	0.308971359829591	0.321585087395005
3.78379421029577	-3.16446274088704	-0.0201773553374336	-0.0154371422714104	-0.570886557507292	0.247683490365148	0.259311791438792
3.79379421029577	-3.16883881148406	-0.0179552181714286	-0.0131030339464203	-0.305329819643732	0.198592333554409	0.209276721852865
3.80379421029577	-3.17058711443134	-0.0161727815647925	-0.0112193993516032	-0.0451590349002319	0.159447538960301	0.168759219916452
3.81379421029577	-3.16975543402669	-0.0147419228709065	-0.00969935177355008	0.210844290129949	0.127944214340859	0.136334457503515
3.82379421029577	-3.16638157518708	-0.0135927491891775	-0.008472207242972	0.463429917053279	0.102815854077395	0.110041851455096
3.83379421029577	-3.1604957209048	-0.0126690266309575	-0.00748147353702454	0.713338955240838	0.0826853695921706	0.0888469538969107
3.84379421029577	-3.15212185775054	-0.0119258019031454	-0.00668143620758138	0.961105356071033	0.0665846454263961	0.0717342524225526
3.85379421029577	-3.14127919659063	-0.0113269186734437	-0.00603529187742977	1.20716971625667	0.0536741797978527	0.057988407151202
3.86379421029577	-3.12798323110081	-0.0108433854447439	-0.0055131560339947	1.45181464466464	0.0434125237725538	0.046851290385201
3.87379421029577	-3.11224680877684	-0.010451678255913	-0.00509104232188643	1.69529422084932	0.0352287308564106	0.0379171258067123
3.88379421029577	-3.09408088148744	-0.01013285370176	-0.00474936859639714	1.93772555239175	0.0287975446091786	0.0306728642515673
3.88636919149932	-3.08901107502957	-0.010060586153585	-0.00467243988682094	2.00000000000068	0.0273643601251002	0.0290696091416119
