=========================== Parameters =====================================
l1 [m]	l2 [m]	l3 [m]	c1 [m]	c2 [m]	c3 [m]	m1 [kg]	m2 [kg]	m3 [kg]
0.22	0.22	0.2458	0.132	0.132	0.04916	0.1564	0.23764	0.1564
============================== Data ========================================
t [s]	th1 [rad]	th2 [rad]	th3 [rad]	th1d [rad/s]	th2d [rad/s]	th3d [rad/s]
0	0	0	0	0	0	0
0.01	-0.00183518006589156	0.0012526629266936	0.000347733017434305	-0.329612200159387	0.170985701081437	0.0611642646899015
0.02	-0.00634609820881729	0.00292314300693022	0.000972751231988362	-0.569235226454966	0.156473895632136	0.0597585504978322
0.03	-0.0132007365916112	0.0043444551960719	0.00151678636667102	-0.80174615047345	0.127920430530321	0.0489600596454966
0.04	-0.0223871251685727	0.00549436814189143	0.00195555754613886	-1.03590560987199	0.102833988788654	0.0391338319497379
0.05	-0.0339263057951406	0.00641677444515396	0.00230526867970537	-1.27227017964665	0.0823651135356794	0.0310976956947734
0.06	-0.0478385020985007	0.00715447575635804	0.002583098493252	-1.51043528522386	0.0657636675962239	0.0246949932845186
0.07	-0.0641395816265161	0.00774251524733716	0.00280334937014267	-1.7499734096474	0.0523088446978516	0.0195451237539215
0.08	-0.0828411723199391	0.00820897205804333	0.00297735005360702	-1.99047359334756	0.0413553094843628	0.0153992424283206
0.09	-0.10395097422331	0.00857617578665552	0.00311405556753814	-2.23155423997221	0.0323821054963663	0.0120526446156436
0.1	-0.127472964544695	0.00886180115248588	0.0032205194036981	-2.47285006794893	0.0249760233858051	0.00932763363333161
0.11	-0.153407465318359	0.00907977294174936	0.00330224620930263	-2.71399308989111	0.0187969886163486	0.0070915738428536
0.12	-0.181751074650641	0.00924096653443268	0.00336352060511203	-2.95460729030227	0.0135800611908581	0.00521971921294655
0.13	-0.2124965067388	0.00935381102956731	0.00340760317587983	-3.19428872756678	0.00909430831726642	0.00363941474008745
0.14	-0.245632322688319	0.0094247241058861	0.00343697744986362	-3.43260971818815	0.00516750832853376	0.00226634559639894
0.15	-0.281142608797554	0.00945851724796451	0.00345346040135275	-3.66910202777637	0.00164957127544569	0.00105083975185226
0.16	-0.319006580521548	0.00945868825576395	0.00345835743225772	-3.90325836537958	-0.00157476423938073	-5.71502072529881e-05
0.17	-0.359198150402234	0.00942768466764541	0.00345255105435574	-4.13452541488236	-0.00459958341287647	-0.00109490308280022
0.18	-0.401685460770512	0.00936711409209024	0.003436588721498	-4.362302188917	-0.00749924067590475	-0.00209255135742529
0.19	-0.446430399365784	0.00927792314826047	0.00341075285756437	-4.58593892092287	-0.0103313700832145	-0.00307427722751373
0.2	-0.493388112085775	0.00916055266929039	0.00337511521832967	-4.80473633575385	-0.013142237449357	-0.00405405798600848
0.206201650918547	-0.523598775598299	0.00907364477651176	0.00334806163298414	-4.93767101853257	-0.0148878080729697	-0.00466895518624095
0.216201650918547	-0.582688673917917	0.0218213203646624	0.0455661078787355	-7.21637267665612	3.63483223694938	5.92237718912725
0.226201650918547	-0.665193295781774	0.0783992740708663	0.103300293084536	-8.63102562210866	6.2590326285577	5.70685293862205
0.236201650918547	-0.750340429890784	0.136754720251969	0.156114615006666	-8.34299071997368	5.29954758428244	4.80337837730548
0.246201650918547	-0.831914624451779	0.184110952356659	0.199361361021365	-7.98302740065105	4.19416803184867	3.87243924243745
0.256201650918547	-0.910307948658173	0.221287863376443	0.234067448737921	-7.71096966088046	3.27438467408036	3.09422580989793
0.266201650918547	-0.986398732247222	0.250179858689008	0.261785183081573	-7.51949537830531	2.53240242473742	2.47032097690967
0.276201650918547	-1.06090905895079	0.272439879451454	0.283870604083551	-7.39149989518041	1.9417851197393	1.96559293085743
0.286201650918547	-1.13438526117649	0.289424583283691	0.301419808990663	-7.31004597886793	1.47252005539675	1.5608057841869
0.296201650918547	-1.20722659063319	0.302232767114211	0.315328368842712	-7.26277473518817	1.10356798186392	1.23364542897461
0.306201650918547	-1.27971728345335	0.311760433620878	0.326314632449667	-7.23841297863958	0.8137397403615	0.97380206838501
0.310248189599693	-1.30899693899575	0.314852623185191	0.330068804966147	-7.23336907051652	0.716155055938857	0.883283498152062
0.320248189599693	-1.37261584150082	0.307557214668852	0.297318058692964	-5.19178731854324	-3.08115310010493	-5.17399016239817
0.330248189599693	-1.41513964668492	0.25631557412913	0.245666434129106	-3.89342034180525	-5.89328830671218	-5.19598421754358
0.340248189599693	-1.45566041369202	0.200414513969904	0.197111077382125	-4.29702927664209	-5.11385323554228	-4.44078240672502
0.350248189599693	-1.50152536319347	0.154897715315391	0.157166576757586	-4.86703265205681	-4.00818767275091	-3.56424025345098
0.360248189599693	-1.55265856666204	0.119584014077925	0.125293151549409	-5.33933118864748	-3.09334634251618	-2.83653388605052
0.370248189599693	-1.60792596909116	0.0923146918014112	0.0999424083608403	-5.69703405881234	-2.3906558967685	-2.25890026879766
0.380248189599693	-1.66627441859751	0.0711997768287869	0.0797458079109159	-5.95863395700284	-1.85552227748908	-1.7994683028438
0.390248189599693	-1.72684326931412	0.0547936919820666	0.0636281913902019	-6.14343508809363	-1.44402835707661	-1.43751315295519
0.400248189599693	-1.78893370948847	0.0420070557663382	0.0507420614512747	-6.26505517085621	-1.12714627347896	-1.15052948222961
0.407185814759905	-1.83259571459405	0.0348163323224045	0.0433437646818413	-6.31803778826614	-0.951038036897037	-0.986702142968365
0.417185814759905	-1.88663045817802	0.0117142349325577	-0.00611930890653349	-4.13158548706811	-4.79766588948495	-6.23522647919019
0.427185814759905	-1.92106869156423	-0.050369138467698	-0.0677560614059209	-3.32212667584804	-6.41534228652669	-5.98263716231876
0.437185814759905	-1.95666555804179	-0.109292249645615	-0.122595045801495	-3.82882432046285	-5.30359504150004	-4.95682168491303
0.447185814759905	-1.99753398397007	-0.156580204753189	-0.167166088864282	-4.32504663042904	-4.18821519597946	-3.98735688453072
0.457185814759905	-2.04272795217516	-0.19381688064484	-0.202945911603882	-4.69308036301559	-3.29365896355337	-3.20094020286595
0.467185814759905	-2.0909950289975	-0.223134746760411	-0.231665804963918	-4.94268675030019	-2.59874812238872	-2.56725565125402
0.477185814759905	-2.14126600248782	-0.246293742927341	-0.254741841584906	-5.09680653047146	-2.05660248766709	-2.06541028061787
0.487185814759905	-2.19267195733011	-0.264667046541541	-0.273317796879446	-5.1725440620486	-1.63624267793968	-1.66410706455749
0.497185814759905	-2.24450702084803	-0.279330308682435	-0.288299792503367	-5.18494005127077	-1.3104259817071	-1.34406922686732
0.507185814759905	-2.29619955177205	-0.291122152581479	-0.300412159729605	-5.14594252386387	-1.05860823135498	-1.08827258284623
0.517185814759905	-2.34728691800086	-0.300695662549479	-0.310231888192467	-5.06545173525185	-0.864128943197048	-0.883987635069413
0.527185814759905	-2.39739564008752	-0.308556574821987	-0.318219958934598	-4.95137138030426	-0.714297049103119	-0.720143952985892
0.537185814759905	-2.44622429654102	-0.315095848757189	-0.324742033208073	-4.81041955623902	-0.598277922353942	-0.58959108657695
0.547185814759905	-2.49353059404986	-0.320612499124267	-0.330091426704045	-4.64765736155182	-0.508689025450867	-0.484440819030588
0.557185814759905	-2.53911939369425	-0.325335836165831	-0.334499648077106	-4.46751423184049	-0.438830968438229	-0.400318695276705
0.567185814759905	-2.58283418774524	-0.329439637700942	-0.338151829468473	-4.27339279807914	-0.38401719343961	-0.332730210234134
0.575580949222921	-2.6179938779915	-0.332503472185909	-0.340742686075312	-4.10164742281092	-0.346986583861844	-0.286054301215533
0.585580949222921	-2.66378624172237	-0.328278666764953	-0.302573885168788	-5.3658186711792	2.19712522670684	5.34624094635457
0.595580949222921	-2.72608185433279	-0.284360912315495	-0.252284632502715	-6.65903494761567	5.61464181038879	4.98698892971858
0.605580949222921	-2.79064317615023	-0.229412372017365	-0.20490257025921	-6.13727629559928	5.13612424559239	4.38278639749831
0.615580949222921	-2.84807594400181	-0.18322697145387	-0.165226315371426	-5.3517478197827	4.10343639803269	3.56015592823765
0.625580949222921	-2.89795994987361	-0.146816633451655	-0.133305312304701	-4.64229796869411	3.21103197724102	2.85190062648888
0.635580949222921	-2.94127607477191	-0.118314347096547	-0.10777094922876	-4.03621715944762	2.5187470257209	2.27783176210762
0.645580949222921	-2.97895186157641	-0.0959284272147987	-0.0873384320136179	-3.51080348569504	1.98143787257167	1.82557957489067
0.655580949222921	-3.01169905072494	-0.0782840858654341	-0.0709604954709656	-3.04738236369816	1.5641912842581	1.46445436198663
0.665580949222921	-3.04005744421283	-0.0643377140080019	-0.0578159727189451	-2.63126555295229	1.23867634690006	1.1745180074912
0.675580949222921	-3.06444087349985	-0.0532888354688097	-0.0472598723199348	-2.2508238291926	0.981635294605913	0.944671869742386
0.685580949222921	-3.08516836502616	-0.0445219642237399	-0.0387745277514817	-1.89859187488069	0.779102462819885	0.760226121605168
0.695580949222921	-3.10248896127464	-0.0375572209661897	-0.0319485241490817	-1.56869768183583	0.61988215401254	0.610747193699744
0.705580949222921	-3.11659878085301	-0.0320168455512167	-0.0264568025149104	-1.25583263585076	0.493129771947018	0.491879847781915
0.715580949222921	-3.12765160725983	-0.0276059742813807	-0.0220356807099409	-0.956669537121681	0.392679282565082	0.396222273764466
0.725580949222921	-3.13576914530153	-0.0240916220283582	-0.0184748759942335	-0.668394642383939	0.31312771733386	0.318932933582611
0.735580949222921	-3.14104791294659	-0.0212892430434558	-0.0156065421469918	-0.388616443297025	0.249739143705422	0.257020877216131
0.745580949222921	-3.14356422084281	-0.0190533158657922	-0.0132949515810202	-0.115672733984246	0.199426411669639	0.206989181225472
0.755580949222921	-3.14337879303315	-0.0172679503857658	-0.0114319261449652	0.151940639521874	0.159223961492732	0.166969614089106
0.765580949222921	-3.14053970523921	-0.0158415218035179	-0.00992976112626385	0.415244721070609	0.12726548516507	0.134641769180573
0.775580949222921	-3.13508529731558	-0.0147008569176053	-0.0087183840463708	0.67515012050162	0.101776889648843	0.108668612084604
0.785580949222921	-3.12704610094354	-0.0137878248635418	-0.00774105927305015	0.932295041539316	0.0815642688350241	0.0876148188394643
0.795580949222921	-3.11644672371982	-0.0130557891966699	-0.00695245117904823	1.18725355984982	0.0654481140035719	0.0707368708308566
0.805580949222921	-3.1033071286806	-0.0124675880383776	-0.00631571418400778	1.44039368044971	0.0526777293570089	0.0571194278749493
0.815580949222921	-3.08764394347337	-0.0119933187128028	-0.00580123634452699	1.69200592516577	0.0425770960971018	0.0461704532898537
0.825580949222921	-3.06947146617207	-0.011608915890703	-0.00538505239447033	1.94227437437485	0.0346306436942317	0.0373806699916002
0.827894558415975	-3.06491101697958	-0.0115306315631057	-0.00530064155410818	2.00000000000018	0.0330460335663043	0.0356231393499176
0.837894558415975	-3.04366633689674	-0.0112305634039662	-0.00497921780502857	2.24873224465099	0.0272172033816113	0.0289119385289915
0.847894558415975	-3.01994046274526	-0.0109818384691657	-0.00471775805020703	2.49622900595845	0.0227416196181975	0.0235678458763373
0.857894558415975	-2.99374610013744	-0.0107720815810903	-0.00450405307613762	2.74241436882074	0.0193795380480891	0.0193383941335038
0.867894558415975	-2.96509705984628	-0.0105910833156915	-0.00432810583066917	2.98713497940082	0.0169599447852681	0.0159896700085139
0.877894558415975	-2.93400897413373	-0.0104303020751097	-0.00418176504294679	3.23017953638046	0.0153204256690527	0.0133819950435333
0.887894558415975	-2.90049996957966	-0.0102825405244097	-0.00405831099126329	3.47126688915563	0.0143356359521006	0.0113980724553109
0.897894558415975	-2.86459133895861	-0.0101416732506791	-0.00395215635683599	3.71004381683967	0.0139190594322011	0.00992157046029642
0.907894558415975	-2.82630821194026	-0.0100024179183496	-0.00385863738391861	3.9460901245182	0.0140051724696158	0.00885318182866711
0.917894558415975	-2.78568022230465	-0.00986014336252718	-0.00377387533195658	4.17892926010718	0.0145175708857205	0.00815383472257018
0.927894558415975	-2.74274214005363	-0.00971078639949742	-0.00369455609275166	4.40801256484308	0.0154135813006918	0.007757467316052
0.937894558415975	-2.69753451095945	-0.00955073356199047	-0.00361786250504231	4.63273141199073	0.0166526077072502	0.00761808386103744
0.947894558415975	-2.65010426399351	-0.00937675301796017	-0.00354138959261246	4.85242092815946	0.0181912735556814	0.0077114399604475
0.957894558415975	-2.60050527563489	-0.00918597524658706	-0.00346303604320907	5.06635457629265	0.0200076522663466	0.00798800898031577
0.967894558415975	-2.54879891149135	-0.00897582981645853	-0.00338101762087471	5.27376389374165	0.0220583552264286	0.00844260953715848
0.977894558415975	-2.49505448179207	-0.00874407767062114	-0.00329375634610761	5.47382808332635	0.0243245525971518	0.00903178458966707
0.987894558415975	-2.4393496568868	-0.00848876865160154	-0.00319992634643446	5.66569818496091	0.026764751611213	0.00975250556466633
0.997894558415975	-2.38177077080359	-0.0082082842366647	-0.00309837719465613	5.84849273165311	0.0293521390710619	0.010575884524163
1.00789455841597	-2.3224130450129	-0.00790133354873725	-0.00298815315016747	6.02131500394685	0.0320551595605337	0.0114793896071661
1.01789455841597	-2.26138069761387	-0.00756696081165194	-0.00286850235670817	6.18326814266031	0.0348279667313852	0.01246251820944
1.02789455841597	-2.19878691355753	-0.00720459670136652	-0.00273881624309049	6.3334546003629	0.0376483292001356	0.0134813407770837
1.03789455841597	-2.1347537112322	-0.00681402433424203	-0.00259871360506237	6.47100891685837	0.0404643200672959	0.0145406576618499
1.04789455841597	-2.06941163568722	-0.00639543317354634	-0.0024479695831189	6.59509557819544	0.0432412228124707	0.015613840223993
1.05789455841597	-2.00289932639661	-0.00594941301894466	-0.00228653827257412	6.7049284080145	0.0459485406503344	0.0166663399718633
1.06789455841597	-1.93536294613217	-0.00547692367691411	-0.00211460455426627	6.79979671252551	0.0485276097976864	0.0177128877913125
1.07789455841597	-1.86695543729612	-0.00497934481693257	-0.00193248402800834	6.8790567807085	0.0509552345161838	0.0187092880035421
1.08789455841597	-1.79783568042127	-0.00445841851979559	-0.00174069072575514	6.942161023274	0.053198301974172	0.0196324108147155
1.09789455841597	-1.72816752096549	-0.00391621543752162	-0.00153994739906754	6.98867331253834	0.0552030995111404	0.0205003374017376
1.10789455841597	-1.65811866867289	-0.00335516046718474	-0.00133107667867405	7.0182562116553	0.0569585067797788	0.0212649236142297
1.11789455841597	-1.58785955263698	-0.002777942747574	-0.0011150754828953	7.0306982875229	0.0584397812723136	0.0219103439517819
1.12789455841597	-1.51756210038349	-0.00218746736197117	-0.000893103828416838	7.02592026468956	0.0596047940889793	0.0224608966757472
1.13789455841597	-1.44739846258894	-0.00158686278634392	-0.00066636580151342	7.00395477393338	0.0604569900716819	0.0228732686151142
1.14789455841597	-1.37753977101397	-0.000979375921262276	-0.000436175902075246	6.96496585143682	0.0609882916266185	0.0231358497001563
1.15789455841597	-1.30815490268446	-0.000368310233730733	-0.000203945856888307	6.9092481007656	0.0611714575620304	0.0232823360371015
1.16789455841597	-1.23940926996516	0.000242971163643314	2.89431027906557e-05	6.83719763713318	0.0610245384981109	0.0232803652597422
1.17789455841597	-1.17146372199641	0.000851146958795165	0.000261085753511112	6.74932193705248	0.0605588083947035	0.0231211720119961
1.18789455841597	-1.10447353009186	0.00145300271722858	0.000491056388551745	6.64623439687232	0.0597639306447534	0.0228446630227942
1.19789455841597	-1.03858746384745	0.00204542515376801	0.0007175278606611	6.52862088812091	0.0586673543313833	0.0224358513387802
1.20789455841597	-0.973947026892411	0.00262547873978789	0.000939237979020621	6.39723913819323	0.0572976129212947	0.0218871696962765
1.21789455841597	-0.910685826772333	0.00319046395703094	0.00115497539486309	6.25291233309175	0.0556616889193493	0.0212363615076774
1.22789455841597	-0.848929067969788	0.00373791033767892	0.0013636653201247	6.0964991940507	0.053787812236123	0.0204910849270172
1.23789455841597	-0.788793206288524	0.00426560912968478	0.00156437221124283	5.92888217319525	0.0517174528485259	0.0196412389403623
1.24789455841597	-0.730385753622506	0.00477166323910827	0.00175625718524496	5.75096553067135	0.0494708264416024	0.0187171224918681
1.25789455841597	-0.673805199532235	0.00525447844089424	0.00193862225083709	5.5636538039574	0.0470700409156294	0.0177479861248281
1.26789455841597	-0.619141057982227	0.00571274673028433	0.00211095431873977	5.36783069027063	0.0445642104840994	0.0167170969602959
1.27789455841597	-0.566474052246395	0.00614549295686519	0.0022728448449248	5.16436647546883	0.0419777091076049	0.0156499337383973
1.28789455841597	-0.515876377353218	0.00655205231845831	0.00242401687683888	4.95410195656234	0.0393287951199618	0.0145808114073253
1.29789455841597	-0.467412043559238	0.00693203035815691	0.00256437168659532	4.73782888802071	0.0366623346212452	0.0134951409805844
1.30789455841597	-0.421137316536318	0.00728533318346894	0.00269390243764164	4.51630133111725	0.0339996364134776	0.0124153821290012
1.31789455841597	-0.377101188575119	0.0076121247473939	0.00281272762089677	4.29022116486087	0.031365443242266	0.0113534403424823
1.32789455841597	-0.335345901223874	0.00791281081444048	0.0029210694648394	4.06023690397302	0.0287813360744632	0.0103216979491266
1.33789455841597	-0.295907492633518	0.0081880122561672	0.00301924762763067	3.82694033326185	0.0262690987768478	0.00932657894086993
1.34789455841597	-0.258816360508017	0.00843853820951546	0.00310766831824428	3.59086509360009	0.023851918664971	0.00836625000011502
1.35789455841597	-0.224097835002962	0.00866537486448648	0.00318678428077766	3.35249285525349	0.0215371989638601	0.00746020857838238
1.36789455841597	-0.191772734433679	0.00886964136264398	0.00325711119244676	3.11224769129448	0.0193352726812947	0.00661688123623802
1.37789455841597	-0.161857910268976	0.00905255528617303	0.0033192279355429	2.87049496292099	0.017267623822013	0.00581941624840236
1.38789455841597	-0.13436678442299	0.00921543687434285	0.0033737097555694	2.62755601065337	0.0153323382014829	0.00508574947181702
1.39789455841597	-0.109309838402699	0.00935965409453373	0.00342116770343839	2.38369967647802	0.0135364684166994	0.00441273724125712
1.40789455841597	-0.0866950863547853	0.0094866130421056	0.00346221102900506	2.13915171792488	0.0118790937221137	0.00380581566661355
1.41789455841597	-0.066528502999023	0.00959772207093418	0.00349745893913521	1.89409365133069	0.0103651438212931	0.00325539844763124
1.42789455841597	-0.048814422629151	0.00969438364322036	0.00352750725501056	1.64867218004494	0.00899004496521533	0.00276385552949021
1.43789455841597	-0.0335558901807613	0.0097779660051949	0.00355293454436896	1.40300016550152	0.00774875080728863	0.00233019686808888
1.44789455841597	-0.0207549734269331	0.0098497847796496	0.00357429414192875	1.15716104153416	0.00663538495806434	0.00195113822244
1.45789455841597	-0.0104130320177389	0.00991108501752402	0.00359210967244394	0.911212768412376	0.00564443169271005	0.00161937219171214
1.46789455841597	-0.00253094582103823	0.00996303265613694	0.00360685767466547	0.665194908133431	0.00476325354146122	0.00133687437459383
1.47789455841597	0.00289070673786029	0.010006690090523	0.00361898129678058	0.419128878369316	0.00398392802054036	0.00109478748802169
1.48789455841597	0.00585150768700407	0.0100430121834235	0.00362887191028016	0.173025629006846	0.0032941896592964	0.000889388279779625
1.49789455841597	0.00635110690393924	0.0100728318011124	0.00363687190840282	-0.0731113317992599	0.00268150205443971	0.000715344596545018
1.50789455841597	0.00438917205595121	0.0100968514654141	0.00364326973953246	-0.31928103546616	0.00213184377250303	0.000568087640717674
1.51789455841597	-3.46161930393688e-05	0.0101156334710248	0.00364830022950301	-0.565481241747551	0.0016315740504002	0.000440843495945662
1.52789455841597	-0.00692052600929205	0.0101295949890777	0.00365213877318074	-0.811703145137707	0.0011651235899705	0.000328856437881192
1.53789455841597	-0.0162686902547988	0.0101389997686212	0.00365490369831323	-1.05792785546632	0.000717690049468654	0.000224969451465136
1.54789455841597	-0.0280789797442517	0.0101439558749258	0.00365665055342861	-1.30412097394819	0.00027256180478382	0.000124469103692034
1.55789455841597	-0.0423508302217332	0.0101444090269322	0.00365737623212972	-1.55022934546894	-0.00018544668946152	1.93982556743178e-05
1.56789455841597	-0.0590830276200383	0.0101401439781739	0.00365701176969495	-1.79617518619362	-0.000674011751285509	-9.42730107552723e-05
1.57789455841597	-0.078273446503681	0.0101307788164425	0.00365542976939326	-2.04185351654127	-0.00120811687304381	-0.000225295433385931
1.58789455841597	-0.0999187486732626	0.0101157702582448	0.00365243608465934	-2.28712598729136	-0.00180521954644839	-0.000377945540961942
1.59789455841597	-0.12401403638765	0.010094411986449	0.00364777646021241	-2.53181814629382	-0.00248103174847233	-0.000558925812706199
1.60789455841597	-0.150552466363695	0.0100658395883798	0.00364113577476677	-2.77571505782889	-0.00325038239624032	-0.000775486209867745
1.61789455841597	-0.179524825132389	0.0100290384332201	0.0036321365264036	-3.01855684326769	-0.00412892686328731	-0.00103203006459769
1.62789455841597	-0.210919066732741	0.00998284998282055	0.00362034469739766	-3.26003606109592	-0.00513052231346121	-0.00133410205716215
1.63789455841597	-0.244719818345825	0.0099259825708358	0.00360527350429983	-3.49979480795251	-0.00626648878591274	-0.00168908083843642
1.64789455841597	-0.280907859183843	0.00985702911955864	0.00358638151993208	-3.73742080512168	-0.00754912182292868	-0.00209952434013232
1.65789455841597	-0.319459574195857	0.0097744807073475	0.00356308403592876	-3.97244691226548	-0.00898729478522888	-0.00257001061647987
1.66789455841597	-0.360346393571291	0.00967674764903914	0.00353475902770837	-4.20434983955919	-0.0105863987722025	-0.00310655148020501
1.67789455841597	-0.40353422640152	0.00956218888722529	0.0035007460745171	-4.43254785107121	-0.0123536088051168	-0.00370677188499733
1.68789455841597	-0.44898289061827	0.00942912901512918	0.0034603736083316	-4.65640562385756	-0.0142858608873792	-0.00437985749173851
1.69789455841597	-0.496645565096378	0.00927590499628076	0.00341294311679021	-4.87523008170795	-0.016386499892233	-0.00511721383130509
1.70335735954096	-0.523598775598299	0.00918309597389607	0.00338380817740747	-4.99238049002661	-0.0176006609479881	-0.00555154202005043
1.71335735954096	-0.583232813651135	0.0218970295474597	0.0455956298633801	-7.27044885741752	3.63076705876116	5.92163886981299
1.72335735954096	-0.666274317564948	0.0784259177199256	0.10332317282949	-8.685730290112	6.25643501814371	5.7052252751725
1.73335735954096	-0.751968404230143	0.136753742669585	0.156129804910157	-8.39789270094422	5.29738389951773	4.80136028980541
1.74335735954096	-0.834087172963369	0.184077472944292	0.199368654981491	-8.03766440673322	4.19166211072219	3.86957434917648
1.75335735954096	-0.913021782262688	0.221218165565513	0.234060627882759	-7.76445262552278	3.26930602374593	3.0950372412344
1.76335735954096	-0.989648401423709	0.250067516686305	0.26176821294888	-7.57284958646109	2.52807341768831	2.46921514880008
1.77335735954096	-1.06468997385691	0.272285077331698	0.283840507590478	-7.44420991485155	1.93716484010641	1.96502919909427
1.78335735954096	-1.13869097380185	0.289226767093273	0.301379589010307	-7.36256268942679	1.46939604865086	1.5577188548648
1.79335735954096	-1.21205084954809	0.301996849016591	0.315274029311317	-7.3141700580289	1.09974371324199	1.23264054286511
1.80335735954096	-1.28505112739055	0.311488454847405	0.326250526970959	-7.28916566433377	0.811108128504742	0.971382626233191
1.80664363343157	-1.30899693899575	0.314019600379849	0.329322110576421	-7.28435381067654	0.730594447385718	0.898585838636147
1.81664363343157	-1.37308526352442	0.306780182491849	0.296745451063889	-5.23534599612701	-3.08202253003056	-5.16112633951721
1.82664363343157	-1.41605720918442	0.25556750267065	0.245176913575784	-3.9408455935227	-5.88418662941767	-5.1886231024113
1.83664363343157	-1.45705719091958	0.199771625691396	0.196699752116252	-4.34508358590599	-5.10252442024507	-4.43374593538326
1.84664363343157	-1.50339644192362	0.15435929868547	0.156826217220139	-4.91381559824513	-3.99857387821152	-3.55755391166367
1.85664363343157	-1.55499084680173	0.119134199472967	0.125012679846589	-5.38474023382446	-3.08533865238659	-2.83099901768979
1.86664363343157	-1.61070571336873	0.0919384500343745	0.0997111727629569	-5.74111434016821	-2.38392830389653	-2.25451790912771
1.87664363343157	-1.66948813300021	0.070884657832183	0.0795546511438121	-6.00135537895939	-1.84997162572067	-1.79584260491545
1.88664363343157	-1.73047748335043	0.0545292216841411	0.0634696866391733	-6.18477479283837	-1.4395270137977	-1.43440467541954
1.89664363343157	-1.79297477086058	0.0417841441028214	0.0506105416121176	-6.30508292125818	-1.1233117521699	-1.14822538509555
1.90290224936321	-1.83259571459405	0.035266351936253	0.0439021285151109	-6.35321442380805	-0.96304537820952	-1.00042451957148
1.91290224936321	-1.88696414290722	0.0119985344048167	-0.0056447991297614	-4.16296793862001	-4.81913232318906	-6.23819019142891
1.92290224936321	-1.92178271624462	-0.0501501570319973	-0.0673429899081932	-3.36294236009332	-6.41605281232974	-5.98639337389492
1.93290224936321	-1.95779605200161	-0.109062184823829	-0.122211387197135	-3.8702568159941	-5.30333950733861	-4.95582469794255
1.94290224936321	-1.99908542711985	-0.156328617262951	-0.166794542389791	-4.36732359505837	-4.18543609892758	-3.98889308814619
1.95290224936321	-2.0447010459701	-0.193538187307809	-0.202584772023235	-4.73501109190658	-3.29130653551294	-3.20108961622476
1.96290224936321	-2.09338674526872	-0.222830264161636	-0.231310100205663	-4.98439547400361	-2.59613458892049	-2.56792483051427
1.97290224936321	-2.1440720035738	-0.245965482933665	-0.254390295151097	-5.13799973711668	-2.05428937599958	-2.06594169120546
1.98290224936321	-2.19588673629539	-0.264317850214819	-0.272970517481382	-5.21288544516009	-1.6349722743879	-1.66329781379636
1.99290224936321	-2.24812353481479	-0.278965436071898	-0.287953828358028	-5.22480916410329	-1.30892945684853	-1.34444763382086
2.00290224936321	-2.30021089220235	-0.290744973203312	-0.300068773197928	-5.1850292927514	-1.05765339854473	-1.08838809587202
2.01290224936321	-2.35168559595621	-0.300310177126493	-0.309891087202509	-5.10374472750101	-0.863666373342301	-0.883902855377848
2.02290224936321	-2.40217390620939	-0.308166908086392	-0.317881023053947	-4.98902619837382	-0.713831318245319	-0.72077226668427
2.03290224936321	-2.45137485001481	-0.314704557477128	-0.324406610855066	-4.84719610284575	-0.59849568304468	-0.589497011006086
2.04290224936321	-2.49904585391501	-0.320223003914727	-0.329758619569926	-4.68377612488806	-0.508969502062295	-0.484767459756285
2.05290224936321	-2.54499229605614	-0.324950381256372	-0.334170018045039	-4.50294460457503	-0.439307915569956	-0.400714578299039
2.06290224936321	-2.58905801523893	-0.329060019618648	-0.337825992318906	-4.30809666167128	-0.384868266072064	-0.332757351945049
2.06972874973239	-2.6179938779915	-0.331579757365078	-0.33996401701468	-4.16859916906701	-0.35418880460901	-0.294487111293545
2.07972874973239	-2.6645026650523	-0.327321932184637	-0.301918105285295	-5.4419959096715	2.21072363569191	5.33155454788275
2.08972874973239	-2.72754391658443	-0.283304775337019	-0.251716707043608	-6.72602356466879	5.60837415538719	4.98178807045094
2.09972874973239	-2.79274066461704	-0.228484119994726	-0.204410909674137	-6.19930283837035	5.12097942136673	4.3724692651946
2.10972874973239	-2.85078983584367	-0.182455695106764	-0.164823924516974	-5.41347425137789	4.08822785809854	3.55212552690076
2.11972874973239	-2.90129583159492	-0.146184304473541	-0.132978854034577	-4.70488288487288	3.19815813451016	2.84532122562283
2.12972874973239	-2.94524262032288	-0.117798118849314	-0.1075062857351	-4.09975713264966	2.50837872936192	2.271950644957
2.13972874973239	-2.98355693932859	-0.0955079157869374	-0.0871246342911322	-3.57503055885087	1.97284012874947	1.82084055557867
2.14972874973239	-3.01694916908835	-0.0779424517012342	-0.0707884176535852	-3.11211227019276	1.55687328037919	1.46098441569293
2.15972874973239	-3.04595786755917	-0.0640613879423969	-0.0576773416767711	-2.69652822522699	1.23274137270121	1.17154314604028
2.16972874973239	-3.07099614605423	-0.0530661618140626	-0.0471484646126694	-2.31652385823876	0.976819556570497	0.94216328606749
2.17972874973239	-3.09238235714392	-0.044343190385825	-0.0386852792899315	-1.96464421989369	0.775160414544458	0.758202034025305
2.18972874973239	-3.11036498525451	-0.0374142697153925	-0.0318772142349603	-1.6350503705347	0.616652995458796	0.609142564330004
2.19972874973239	-3.1251397006804	-0.0319030765870086	-0.0263998828577454	-1.32246628466329	0.490539120922144	0.490533308044477
2.20972874973239	-3.13685999672894	-0.027515776402886	-0.0219904898014684	-1.02351668741623	0.390515080761226	0.395255941606086
2.21972874973239	-3.14564719116918	-0.0240206882935367	-0.0184387452494845	-0.735514512074053	0.311536893708437	0.317886671569786
2.22972874973239	-3.15159773758053	-0.0212336243056576	-0.0155780773541606	-0.455882631067975	0.248350687256018	0.256362824961285
2.23972874973239	-3.1547876322343	-0.0190100504257581	-0.0132726407292027	-0.183068527994776	0.198188235152959	0.206663835279656
2.24972874973239	-3.15527727508449	-0.0172349759119425	-0.0114140365355387	0.0843150358277956	0.158427197349804	0.16635196158617
2.25972874973239	-3.1531147254918	-0.0158166523434761	-0.00991589188200324	0.347537102538896	0.126519392913533	0.134304768260346
2.26972874973239	-3.14833788171335	-0.0146827875228136	-0.0087075487838444	0.607334123641509	0.101203290947723	0.108316100170877
2.27972874973239	-3.14097699819822	-0.0137754341451422	-0.0077327404286281	0.86441843858809	0.0811012585592558	0.0872818409909605
2.28972874973239	-3.13105627995513	-0.0130482202133909	-0.0069463343436255	1.11938643127529	0.06500006423496	0.0705281661667089
2.29972874973239	-3.11859515105297	-0.0124643220811864	-0.00631145612550305	1.37258291469141	0.0522473718095293	0.0569793443275928
2.30972874973239	-3.10360961297522	-0.0119940730265693	-0.00579855473942185	1.62430149278196	0.0421951261602553	0.0460029511128804
2.31972874973239	-3.08611324863282	-0.0116135100909782	-0.00538388425339921	1.87477026708766	0.0342438521541931	0.0372412615494937
2.32474618509086	-3.07639242460077	-0.011450157732344	-0.00520657043424094	2.00000000000071	0.0309392110643752	0.033506261526414
2.33474618509086	-3.05514773621868	-0.0111692514256844	-0.00490414552136248	2.24874517777387	0.025495465422334	0.027181661295549
2.34474618509086	-3.03142118670648	-0.0109362688178552	-0.00465821264454338	2.49637141382379	0.0212950924046156	0.022194285585339
2.35474618509086	-3.00522440321313	-0.0107396334570379	-0.00445715115505642	2.74277529134998	0.0181870637498565	0.0181825722892885
2.36474618509086	-2.97657017468487	-0.010569657811183	-0.00429163425286729	2.98782702395325	0.0159460935122468	0.0150417543877345
2.37474618509086	-2.9454730827615	-0.0104182787313915	-0.004153937611966	3.23130989868094	0.0144376854657905	0.0126124649893555
2.38474618509086	-2.91195018951102	-0.0102786895877715	-0.00403766327064717	3.47293447727868	0.0135725050611637	0.0107382419199199
2.39474618509086	-2.8760217245953	-0.0101450274308018	-0.00393755960420021	3.712359159286	0.0132434094289392	0.00935701499247139
2.40474618509086	-2.83771172662221	-0.0100122342527193	-0.00384919651203061	3.94916560235605	0.0133908015691245	0.00837442009515053
2.41474618509086	-2.79704871732687	-0.00987585784717613	-0.00376886966643778	4.18287638304584	0.0139504551337506	0.0077425488834542
2.42474618509086	-2.75406634009669	-0.00973196718596367	-0.00369340986533286	4.41294351514889	0.014885531183139	0.00739546982908784
2.43474618509086	-2.70880400582214	-0.00957703861079405	-0.00362012571855678	4.63876131297646	0.0161524791410681	0.00730050471760486
2.44474618509086	-2.66130750008558	-0.00940791483379905	-0.00354668965291969	4.85966186094761	0.0177189296937662	0.00742120954814509
2.45474618509086	-2.61162956738977	-0.00922176083337422	-0.00347108487539822	5.07492096676434	0.0195554282336494	0.00772662053715867
2.46474618509086	-2.5598304530445	-0.00901603547390518	-0.00339157013512309	5.28376579938698	0.0216261975918864	0.00820303789252658
2.47474618509086	-2.50597837881023	-0.00878850677167437	-0.00330660703715319	5.48537229706324	0.0239127519273773	0.00881018506831625
2.48474618509086	-2.45014997094479	-0.00853721726559488	-0.00321489995703191	5.67888730812128	0.0263720946891463	0.00955063384787806
2.49474618509086	-2.3924305754262	-0.00826053967365454	-0.00311530448557626	5.86342023311015	0.0289851272289823	0.0103846239888906
2.50474618509086	-2.33291450677093	-0.0079571501229519	-0.00300689109721184	6.03806995913144	0.0317098396268589	0.0113094641542384
2.51474618509086	-2.27170516007296	-0.00762607573497332	-0.0028888914963434	6.20192528267426	0.0345131484072817	0.0123039701859466
2.52474618509086	-2.20891501131616	-0.00726670895926427	-0.00276070609111734	6.35407957526677	0.0373660679857866	0.0133366956018213
2.53474618509086	-2.1446654918344	-0.00687879685855015	-0.0026219527899205	6.49365535446547	0.0402138134801413	0.0144177427733017
2.54474618509086	-2.07908669236602	-0.00646250629541413	-0.00247238116597829	6.61979864659788	0.0430329982775306	0.0155009361994358
2.55474618509086	-2.01231695629258	-0.00601838286105042	-0.00231195877609088	6.73171284101199	0.0457784897806783	0.0165765704800079
2.56474618509086	-1.9445023025144	-0.0055473672065951	-0.00214084666874013	6.82866754051189	0.0484005182347247	0.0176432871811869
2.57474618509086	-1.87579569853426	-0.00505081938557549	-0.0019593462928968	6.9100008214291	0.0508788595445075	0.0186507450185966
2.58474618509086	-1.80635622744532	-0.00453044982328023	-0.00176798963847812	6.97515363781678	0.053163598722661	0.0196035422872125
2.59474618509086	-1.73634809831194	-0.00398833373283213	-0.00156746876104884	7.02366706389881	0.0552165257208269	0.0204915415733021
2.60474618509086	-1.66593955804326	-0.00342689278303895	-0.00135860420088	7.05518728876017	0.0570253357499924	0.0212670646308293
2.61474618509086	-1.59530173939091	-0.00284880530296457	-0.00114242001476252	7.06949335159588	0.0585473099648841	0.0219436819924747
2.62474618509086	-1.52460741257899	-0.00225700502472242	-0.00092005184442157	7.06648531165308	0.059757293551097	0.0225147232254104
2.63474618509086	-1.45402971258927	-0.00165464105826532	-0.000692709499838414	7.04618276974493	0.0606586615502359	0.0229353905381759
2.64474618509086	-1.38374088038196	-0.00104497102836979	-0.000461745901856208	7.00874522553553	0.0612246042372433	0.0232249443658377
2.65474618509086	-1.3139109908261	-0.000431345215440162	-0.000228563062650319	6.95445321750307	0.0614419492031777	0.0233914291969641
2.66474618509086	-1.24470673481453	0.000182829638390724	5.44952428563758e-06	6.8836944419766	0.061333276332702	0.0233934857915171
2.67474618509086	-1.17629030182248	0.000794203798582072	0.000238841413065035	6.79697804272869	0.0608925685099479	0.0232513008548869
2.68474618509086	-1.10881832739676	0.00139950932058208	0.000470176880529338	6.69491299037667	0.0601160543279115	0.0229927359886977
2.69474618509086	-1.04244095258801	0.00199557338779927	0.0006981234997383	6.57818159824415	0.059041823392514	0.0225839337789108
2.70474618509086	-0.977301046342271	0.00257942095019562	0.000921375620533794	6.44754857842777	0.0576854911180465	0.0220394550380561
2.71474618509086	-0.913533543874173	0.00314830352856738	0.00113869385643007	6.30384250307012	0.0560513185649138	0.0214017920399124
2.72474618509086	-0.851264918704976	0.00369968691508954	0.00134900262867762	6.14792314116013	0.0541821263651417	0.0206536118788769
2.73474618509086	-0.790612833007642	0.00423131971613515	0.00155133254198453	5.98068311848562	0.052112588580265	0.019797014225282
2.74474618509086	-0.731685922341922	0.00474126651136337	0.001744808697564	5.80303883699286	0.0498541458091424	0.0188781490052147
2.75474618509086	-0.674583698366284	0.00522787753535043	0.00192873448277757	5.61589987445575	0.0474429482364172	0.0179027661620037
2.76474618509086	-0.619396600178342	0.00568980885224689	0.00210257285989999	5.42016180479192	0.0449248485835366	0.016860663007402
2.77474618509086	-0.566206168910597	0.0061260558397496	0.00226588951189589	5.21670806570586	0.0423185522325553	0.0157881846060882
2.78474618509086	-0.515085302886468	0.00653591835478747	0.00241840275503178	5.00638857234693	0.0396485152925519	0.0147100075697751
2.79474618509086	-0.46609860746089	0.00691898019188825	0.00255999668353004	4.7900074966	0.03695631692119	0.0136183361821207
2.80474618509086	-0.419302829763127	0.00727511913690333	0.00269067009690742	4.56832645823786	0.0342729200444311	0.0125200591286037
2.81474618509086	-0.374747343993138	0.00760449389154747	0.00281051803886918	4.34206152892079	0.0316127260441151	0.0114461640142676
2.82474618509086	-0.332474670592808	0.00790750321407149	0.00291975398780243	4.11187208944043	0.0289946852712397	0.0104146628439032
2.83474618509086	-0.292521024667626	0.00818474358702091	0.00301873032961863	3.87835127268165	0.0264627848235283	0.00939453107009638
2.84474618509086	-0.254916909287139	0.00843704666885287	0.00310781367754595	3.64204995566409	0.0240152641291214	0.00842819543715969
2.85474618509086	-0.219687669383202	0.00866539005945506	0.00318748163709411	3.40345213382006	0.0216741718970212	0.00751072795272962
2.86474618509086	-0.186854072999386	0.00887089977755064	0.0032582568129568	3.16298772909231	0.0194519170718675	0.00664778937090121
2.87474618509086	-0.156432867063641	0.0090548194721448	0.00332069928642488	2.92103310464	0.017354786199001	0.00584966534202155
2.88474618509086	-0.128437308813506	0.00921847033575233	0.0033754174246383	2.67790831278546	0.01539760330969	0.0051059347404556
2.89474618509086	-0.102877681911509	0.00936324481723409	0.00342302051227686	2.4338880167862	0.0135813057358052	0.00442465391600009
2.90474618509086	-0.0797617688821003	0.00949056745722387	0.00346413203046578	2.18919940796014	0.011908452561547	0.00380585007803829
2.91474618509086	-0.0590952950384386	0.00960187643310304	0.00349937117277799	1.94402792440878	0.0103777080799631	0.00325121031576227
2.92474618509086	-0.0408823302490992	0.00969859597635042	0.00352935215006941	1.69851924197652	0.00898948404936195	0.00275485060387601
2.93474618509086	-0.0251256546843623	0.00978212263029431	0.0035546639568544	1.45278614001316	0.00773836624775319	0.00231680404471701
2.94474618509086	-0.0118270785237281	0.00985380138186519	0.00357587187799225	1.20691081783126	0.00661873225111421	0.00193364522872938
2.95474618509086	-0.000987721224702894	0.00991491037340744	0.00359350801008778	0.960949978910038	0.00562279077249105	0.00160219589405214
2.96474618509086	0.00739175409618676	0.00996664362667072	0.00360806785355419	0.714938664799675	0.00474223947666081	0.00131719487695179
2.97474618509086	0.0133109485739646	0.0100100996163274	0.00362000184627847	0.46889558669133	0.00396582684682143	0.00107570505373485
2.98474618509086	0.0167695814355695	0.0100462663651494	0.00362971532738605	0.222826622117106	0.00328208344831317	0.000872759121845736
2.99474618509086	0.017767387124477	0.0100760105195472	0.00363756475115131	-0.0232706945045929	0.00267925960984148	0.000701799124364163
3.00474618509086	0.0163040557300918	0.0101000702978439	0.00364385048087261	-0.269401742010241	0.00214263012086423	0.000559549737830034
3.01474618509086	0.0123792202132021	0.0101190426257307	0.00364882177506259	-0.515572086806211	0.00165940571119325	0.000437832999262934
3.02474618509086	0.00599248448390219	0.0101333810849115	0.00365266589147605	-0.761781032177698	0.00121315911249524	0.000333401135126123
3.03474618509086	-0.00285650038490142	0.0101433843177365	0.00365551572159958	-1.0080193072691	0.000789922837677698	0.000237652873958782
3.04474618509086	-0.0141679195190021	0.0101491966258617	0.00365743881855447	-1.25426244787693	0.000372154514314894	0.000147253049852325
3.05474618509086	-0.0279416291726183	0.0101507982957741	0.00365844613759566	-1.50046860443881	-5.48288157786566e-05	5.32746795829307e-05
3.06474618509086	-0.0441769514355934	0.0101480085274828	0.00365848162949115	-1.74657193291819	-0.000508892000498106	-4.8161744371207e-05
3.07474618509086	-0.0628724211109532	0.0101404790967942	0.00365742999862446	-1.99248009553377	-0.00100562547121768	-0.000165015197094321
3.08474618509086	-0.084025491888719	0.0101276976094803	0.00365511097636619	-2.23806865814711	-0.00156177788589925	-0.000303131748987729
3.09474618509086	-0.107632198174077	0.0101089881890337	0.0036512809576374	-2.48317718141064	-0.00219417073074222	-0.000467772073901858
3.10474618509086	-0.133686774905159	0.0100835130169172	0.00364563673921735	-2.72760582637025	-0.00291754635440928	-0.000666928866599815
3.11474618509086	-0.162181239186826	0.0100502808069145	0.00363781164228751	-2.97111028871957	-0.00374767349254724	-0.000905556961263416
3.12474618509086	-0.193104932665145	0.0100081527317953	0.00362738046340256	-3.21339888723935	-0.00469915132196941	-0.00118884041099356
3.13474618509086	-0.226444030077778	0.00995585223022059	0.00361386313066656	-3.4541295390604	-0.0057845417799144	-0.00152311722447204
3.14474618509086	-0.262181018221642	0.00989197910327754	0.00359672706020445	-3.69290668520103	-0.00701493814844132	-0.00191429229679498
3.15474618509086	-0.300294150617801	0.0098150281988852	0.00357538809742426	-3.92927824377572	-0.008402086244842	-0.00236350381784179
3.16474618509086	-0.340756880605909	0.00972340239863021	0.00354922792328173	-4.16273677292819	-0.00995064007303495	-0.00287969695493729
3.17474618509086	-0.383537290055014	0.00961544630160662	0.00351758413868754	-4.3927148936852	-0.0116689416566588	-0.00346038089198631
3.18474618509086	-0.428597508824987	0.00948946157411355	0.00347977820985249	-4.61859008542807	-0.0135561970022577	-0.00411286360759885
3.19474618509086	-0.475893151631239	0.00934374886329159	0.0034351065769734	-4.83968177159943	-0.0156145082383975	-0.00483289483522317
3.20439500561729	-0.52359877559844	0.00918287888374332	0.00338484295960962	-5.0477901052767	-0.0177546740134918	-0.0055980607909649
3.21439500561729	-0.583785745326107	0.0218935022886798	0.0455921413434101	-7.32541999703777	3.62971721206197	5.92159810483368
3.22439500561729	-0.667378480999355	0.0784156019696392	0.103317366212317	-8.74061716912412	6.25524701863773	5.70497032246722
3.23439500561729	-0.753618241547001	0.136724622442209	0.15612058214617	-8.45227728174564	5.29518932676434	4.80040279591362
3.24439500561729	-0.836277532138763	0.184019450752091	0.199352080964849	-8.09147437645946	4.18836047574125	3.86869390833748
3.25439500561729	-0.915747878842585	0.221124052187651	0.234034261244813	-7.817742453291	3.26530637475481	3.09422690721259
3.26439500561729	-0.992905385790392	0.249933094858287	0.261730950158486	-7.62569978700023	2.52397213057394	2.46801047766856
3.27439500561729	-1.06847225087886	0.272108010555324	0.283793609227832	-7.49693003752603	1.93429513717536	1.96137869516365
3.28439500561729	-1.14299341087494	0.289010619821326	0.301317698339017	-7.41409737116438	1.4651745310702	1.55704069634528
3.29439500561729	-1.21686555141477	0.301742013026874	0.31520164034995	-7.3651416298847	1.09646519334412	1.23079509633655
3.30439500561729	-1.29037014318683	0.311200092419832	0.326165606351172	-7.33893560403821	0.807409966718837	0.971298160563993
3.30693379710796	-1.30899693899575	0.313169971607387	0.328557983593869	-7.33500104229625	0.745212223040502	0.91367045127966
3.31693379710796	-1.37355640221039	0.306004512299837	0.296113290440026	-5.27852133485631	-3.08292451107643	-5.14764255008662
3.32693379710796	-1.41697727802818	0.25482980744035	0.244637327772115	-3.98786354790726	-5.87539953272005	-5.17923517850285
3.33693379710796	-1.45845347624188	0.199139721389963	0.196246829258349	-4.3922698333102	-5.09272350862368	-4.42324399234717
3.34693379710796	-1.50526255327638	0.15382876147072	0.156455191603343	-4.96038540287569	-3.98859626052471	-3.55107698115173
3.35693379710796	-1.55731434518189	0.11869114204761	0.124707379028079	-5.42988912533661	-3.07709766853104	-2.82554078656096
3.36693379710796	-1.61347313667916	0.0915686370975851	0.0994586747133082	-5.7846498479982	-2.37777422950967	-2.24886652501043
3.37693379710796	-1.67268559964542	0.0705745188108142	0.0793471159810481	-6.04374466631486	-1.84439707924139	-1.79205038436764
3.38693379710796	-1.73409167547331	0.0542686543727485	0.0632985245181232	-6.22590848828356	-1.43465375236599	-1.43177837221024
3.39693379710796	-1.79699249868088	0.0415652633551316	0.0504675952347649	-6.34461007919354	-1.11994906020289	-1.14497517161048
3.40252523971512	-1.83259571459405	0.0357149084201983	0.0444455174226487	-6.38791992665053	-0.975488700072976	-1.0130270811109
3.41252523971512	-1.88729374024955	0.0122790311317836	-0.0051789737541226	-4.19398643770781	-4.84066297648734	-6.24106202485042
3.42252523971512	-1.92248860103108	-0.0499364423477459	-0.0669382843690518	-3.4033978199434	-6.41680625339404	-5.9901776987535
3.43252523971512	-1.95891416172218	-0.108839664414251	-0.121833084176719	-3.91199830265597	-5.30125272654364	-4.95807380702671
3.44252523971512	-2.00062170434719	-0.156082873805415	-0.166431726971745	-4.40914641796566	-4.18298856512046	-3.98987596424875
3.45252523971512	-2.04665531217663	-0.193266185138196	-0.202231256805778	-4.77670098220733	-3.28868455072298	-3.20177741991294
3.46252523971512	-2.09575627934335	-0.222532529816996	-0.230962315509731	-5.02579538773786	-2.59345563114807	-2.56875325312233
3.47252523971512	-2.14685252742827	-0.245643972279715	-0.254046997089812	-5.178816853463	-2.05211690005296	-2.06623670480639
3.48252523971512	-2.19907247735352	-0.263976310718667	-0.272630011886644	-5.25312584194379	-1.63306532899889	-1.6637284839864
3.49252523971512	-2.25170803192223	-0.278607619646182	-0.287615965429423	-5.26432951776148	-1.30752896755625	-1.34465468964543
3.50252523971512	-2.30418703076043	-0.290375038572098	-0.299733228572731	-5.2238159265085	-1.05667498290165	-1.08855649886259
3.51252523971512	-2.35604596070304	-0.299932134735497	-0.309557774597741	-5.14180262506659	-0.863015251711356	-0.884188731548181
3.52252523971512	-2.4069110265346	-0.307784323937313	-0.317550257326435	-5.02632787810347	-0.713545649781599	-0.721039393824751
3.53252523971512	-2.45648126969292	-0.314320715357303	-0.324078547617328	-4.88376563242503	-0.598498193204257	-0.589818823200813
3.54252523971512	-2.50451431132494	-0.319840699685328	-0.329433545134478	-4.71962682177942	-0.509243646137899	-0.485090346985259
3.55252523971512	-2.55081580551371	-0.324571960294502	-0.333848248951007	-4.53808970025275	-0.439862816897492	-0.400933805673444
3.56252523971512	-2.59522984623417	-0.328687671817846	-0.33750731506047	-4.342641082686	-0.385467710484258	-0.333264712425524
3.56783317464062	-2.6179938779915	-0.330668473643311	-0.339194047213918	-4.23424948628527	-0.361313280594268	-0.302988459137448
3.57783317464062	-2.66520657795845	-0.326374892346577	-0.30127836464671	-5.51675426563343	2.22408055821956	5.31729062064048
3.58783317464062	-2.72896927169529	-0.282282808737027	-0.25115947211395	-6.79118827531038	5.60106864624565	4.97597797998582
3.59783317464062	-2.79478850388913	-0.227589554085975	-0.203932913193935	-6.25997437333201	5.10546193346042	4.36391744094472
3.60783317464062	-2.85344382970532	-0.181712996386153	-0.164431372621012	-5.47428641938753	4.07381807246756	3.54401889209914
3.61783317464062	-2.90456189694178	-0.145574748146908	-0.132660012756872	-4.76653701879367	3.18604550296815	2.83852449064955
3.62783317464062	-2.94912913309042	-0.117299549401757	-0.107248138581003	-4.16218582271135	2.49827510871659	2.2665032980664
3.63783317464062	-2.98807124243678	-0.0951013180806817	-0.0869159175446746	-3.6381260019686	1.9644575238374	1.81643603134406
3.64783317464062	-3.02209740887248	-0.0776119750524212	-0.0706198894222832	-3.17578576417232	1.5499824615951	1.45733396961984
3.65783317464062	-3.05174523311766	-0.0637937229909203	-0.057541553845614	-2.76068514301212	1.2270854118225	1.16853375059359
3.66783317464062	-3.07742705937764	-0.0528501231601864	-0.0470393783852319	-2.38107323933549	0.97213978538766	0.939779854731547
3.67783317464062	-3.09946059914377	-0.0441694779309864	-0.0385978384141446	-2.02953592206503	0.771302419317455	0.756322524454874
3.68783317464062	-3.11809383647215	-0.0372751704996947	-0.0318071961743027	-1.70026250523679	0.613533346815627	0.607582373936218
3.69783317464062	-3.13352209276021	-0.0317921103334859	-0.026343961735018	-1.38795343289387	0.488002209972608	0.489283352455652
3.70783317464062	-3.14589855013334	-0.0274276305564277	-0.0219458826085828	-1.08925850531721	0.388473604447812	0.394231869046586
3.71783317464062	-3.15534430530861	-0.0239509701435603	-0.0184032431027346	-0.80148258624192	0.309881980705259	0.317078158272026
3.72783317464062	-3.16195560987977	-0.0211787764600546	-0.015549851940615	-0.522062175821422	0.247016878367894	0.255715825737911
3.73783317464062	-3.16580828887414	-0.0189671951356525	-0.0132502239071834	-0.249444391929958	0.197117869306586	0.206137479949975
3.74783317464062	-3.16696257438115	-0.0172017978093143	-0.011396277578719	0.0177644378979419	0.157557184699948	0.165937301891254
3.75783317464062	-3.16546632801039	-0.0157913361482029	-0.00990185799063185	0.280830587508822	0.125811049372915	0.133969651603567
3.76783317464062	-3.1613572191101	-0.0146639205800648	-0.00869651956747671	0.540497732792726	0.100618022595317	0.10804411037901
3.77783317464062	-3.15466521444745	-0.0137619483194976	-0.00772416290687902	0.797484767256845	0.0806062891425114	0.0870597704956661
3.78783317464062	-3.14541415650005	-0.0130393409353959	-0.00693978982620163	1.05239519157297	0.0645706468263388	0.0703399683425665
3.79783317464062	-3.13362301801221	-0.0124595189704744	-0.00630664480011	1.3055842876638	0.0518610834522701	0.0568141259540697
3.80783317464062	-3.11930724383639	-0.0119930199239393	-0.00579528102814702	1.55735864163495	0.0418284611431178	0.0458593093610794
3.81783317464062	-3.10247973442507	-0.0116160666025819	-0.00538201903487711	1.80795576758589	0.0338858743203398	0.0371024323940094
3.82552581072235	-3.0878327353174	-0.0113748835497411	-0.00511858104714798	2.00000000000071	0.0289744918238936	0.0315471362920974
