=========================== Parameters =====================================
l1 [m]	l2 [m]	l3 [m]	c1 [m]	c2 [m]	c3 [m]	m1 [kg]	m2 [kg]	m3 [kg]
0.22	0.22	0.2458	0.176	0.044	0.02458	0.1564	0.23764	0.1564
============================== Data ========================================
t [s]	th1 [rad]	th2 [rad]	th3 [rad]	th1d [rad/s]	th2d [rad/s]	th3d [rad/s]
0	0	0	0	0	0	0
0.01	-0.00193870880394566	0.00138908476861132	0.000269936052220762	-0.362563585201604	0.213324294299604	0.0493155806639075
0.02	-0.00700129608021808	0.00364068853117316	0.000814429798856035	-0.644360356003445	0.223054104688835	0.0552210404872091
0.03	-0.0147735264068751	0.00571971165400353	0.00133287456622913	-0.909174401696402	0.190497013204157	0.0476601357888254
0.04	-0.0251806696014463	0.00744070646168079	0.00176373506741246	-1.17243777238348	0.154188882878305	0.0385753963379196
0.05	-0.0382286037750405	0.00881998812607344	0.00210821543431359	-1.43751758768011	0.122634187858874	0.0305666535618695
0.06	-0.0539382321164888	0.00991263786817391	0.0023800073107117	-1.70474329730064	0.0968151984967748	0.024009995576423
0.07	-0.0723293321120096	0.0107729425694907	0.00259310316892793	-1.97372898875067	0.0760050513944345	0.018797856562946
0.08	-0.0934169696615907	0.0114463161218949	0.00275940581101012	-2.24396137612319	0.0592690099208541	0.0146289014955282
0.09	-0.117210970085833	0.0119690443295123	0.00288834612136171	-2.51491518013148	0.0457459173121009	0.0112890332137579
0.1	-0.143715961030601	0.0123695721220787	0.00298729749659624	-2.78607460847464	0.034725949809293	0.00859272352059016
0.11	-0.172931418068978	0.0126699559987761	0.00306193434965336	-3.05692133684688	0.0256321222776494	0.00640265675227492
0.12	-0.204851571871334	0.012887100263576	0.00311660974798604	-3.32692279228193	0.0180091103976796	0.0045843300395267
0.13	-0.239465179997582	0.0130337938649922	0.00315457555477956	-3.59551511820042	0.0114870031400639	0.00304723656903862
0.14	-0.276755167672796	0.0131195223445731	0.00317823074780489	-3.86209384642905	0.00577168647303233	0.00171279145726352
0.15	-0.316698169817657	0.0131511313889112	0.00318928719579152	-4.12600433881855	0.000628284096650601	0.000518158220639818
0.16	-0.359263994440954	0.0131333633331043	0.00318890541399036	-4.38653479884012	-0.00413112750379575	-0.00058293779360617
0.17	-0.404415029370653	0.0130692917733643	0.0031778156478902	-4.64291235991223	-0.00865394417210303	-0.0016295528417005
0.18	-0.452105616912324	0.0129606843840935	0.00315640668759892	-4.89430064610159	-0.0130547786327238	-0.00265167178459168
0.19	-0.502281417995128	0.0128083061196078	0.0031248030553064	-5.13979992275734	-0.0174205366446125	-0.00367157219921673
0.194107897832011	-0.523598775598299	0.0127330516488236	0.00310885628735365	-5.23872048546126	-0.0192187600570018	-0.00409522458868184
0.204107897832011	-0.582055121612056	0.0196211525991489	0.0507846022105388	-6.62136828101084	2.22097428286233	6.20482951193027
0.214107897832011	-0.656696459280849	0.0612221150617279	0.107377559776875	-8.15526020322689	5.68655742759884	5.30766984877429
0.224107897832011	-0.740111375480984	0.120234667500752	0.157704462330797	-8.38799372866756	5.76475238504656	4.67928941179305
0.234107897832011	-0.823189266903108	0.173343862464581	0.200369373537691	-8.20723331413151	4.80697766326385	3.85537667445353
0.244107897832011	-0.904192068309262	0.216249381457117	0.235120994909701	-7.99936888538409	3.79249952555877	3.11314563826492
0.254107897832011	-0.983349404058402	0.249705861261402	0.263062700363117	-7.84155568652444	2.92730450769369	2.49665962202569
0.264107897832011	-1.06120467066308	0.275365735564943	0.285418524357679	-7.73751104041053	2.23087139253472	1.99367784918824
0.274107897832011	-1.13824073397119	0.294813558796212	0.303254935796932	-7.67570283830357	1.68105559513903	1.58763413830118
0.284107897832011	-1.21481637872557	0.309381743113574	0.317453250548504	-7.6434688808658	1.25071692108713	1.26324478163016
0.294107897832011	-1.2911730409892	0.320148990215783	0.328735101718088	-7.63019923439774	0.916915368020075	1.00328025454025
0.296444082412597	-1.30899693899575	0.322212946243232	0.331016515021796	-7.62892369840732	0.850954611576503	0.9494473359888
0.306444082412597	-1.38073928099858	0.322939021354203	0.292463513699299	-6.54624936571301	-1.48134922136889	-5.46306520946471
0.316444082412597	-1.43881334188543	0.287925762103705	0.242531556276091	-5.19151650257496	-5.15668984917225	-4.7154113692354
0.326444082412597	-1.48935768003315	0.232601796523069	0.19738390093602	-5.06635091335386	-5.52687803430794	-4.22930471744086
0.336444082412597	-1.54163772356973	0.181207859688476	0.158662748213589	-5.41769561843762	-4.67973362166189	-3.5087384776196
0.346444082412597	-1.5978293512877	0.139356356473417	0.127038688408118	-5.81340629532749	-3.70517408673241	-2.82973871926483
0.356444082412597	-1.65766922921366	0.106617881105114	0.101629644992992	-6.14004246277103	-2.87329856827498	-2.26893739434709
0.366444082412597	-1.72034029429285	0.0812965723283529	0.0812930599741932	-6.38035217026868	-2.21812737733389	-1.81761641224039
0.376444082412597	-1.78501217632269	0.0617392967204259	0.0650128967651045	-6.5421235769619	-1.71512951181035	-1.45398724815343
0.383673014335738	-1.83259571459405	0.0504170642906867	0.05530073868073	-6.61727286785874	-1.42650688207429	-1.23954043294352
0.393673014335738	-1.89353324586033	0.0286645779600175	-0.00071452819468164	-5.39592137317297	-3.75270883613548	-6.6106951221115
0.403673014335738	-1.94082627929576	-0.0254782679734468	-0.061738103563198	-4.33229513938495	-6.35609083865213	-5.7808383392372
0.413673014335738	-1.98431945464569	-0.0878398033673798	-0.115539018500804	-4.45569822241307	-5.88900730720641	-4.93353605928162
0.423673014335738	-2.03063360106646	-0.141409275870369	-0.160300674665184	-4.8105461909062	-4.80937335496302	-4.03171390747471
0.433673014335738	-2.08035680081214	-0.184298218159202	-0.196613086200938	-5.11932549049964	-3.79654070938909	-3.25593335914798
0.443673014335738	-2.13269244783577	-0.21798369242375	-0.225877125999601	-5.33146904674229	-2.97240455783395	-2.62000452943084
0.453673014335738	-2.186677386413	-0.244342738509309	-0.249431896525792	-5.45117779208799	-2.32683965659913	-2.10903397500837
0.463673014335738	-2.24145606632394	-0.265006052356293	-0.268403824157306	-5.49277229455193	-1.82749000117569	-1.70045138345649
0.473673014335738	-2.29631983914632	-0.281277429143187	-0.283706531423459	-5.47048111719754	-1.44343951233108	-1.37289322839301
0.483673014335738	-2.35069349176008	-0.294173724287484	-0.296071670580399	-5.39653447067342	-1.14891073215163	-1.10952782943541
0.493673014335738	-2.40411312034817	-0.304480916381961	-0.306080981392221	-5.28117311697543	-0.922649087589566	-0.899595811892808
0.503673014335738	-2.45620603286533	-0.312801417542826	-0.314202705027786	-5.13247359877324	-0.748959213408215	-0.731338223391408
0.513673014335738	-2.50667301471346	-0.319595769995266	-0.320810640310745	-4.95696226214866	-0.615630705480857	-0.595484269735563
0.523673014335738	-2.55527394856514	-0.325215227374991	-0.326201384696368	-4.76001356894594	-0.512752255311651	-0.486312297737978
0.533673014335738	-2.60181645749178	-0.329926218946221	-0.330612191325382	-4.54592989753781	-0.432797851126735	-0.398927569420875
0.537263308535037	-2.61799387799149	-0.33143615361484	-0.331994786357017	-4.46554682158858	-0.408646884858585	-0.371706370891727
0.547263308535037	-2.66495626338891	-0.331084234771755	-0.290369821232004	-5.08738521946305	1.26127334234192	5.43345369749676
0.557263308535037	-2.72055336297497	-0.301993099948025	-0.241173939476127	-6.01214890351186	4.50353559263761	4.46987606820258
0.567263308535037	-2.78139387012059	-0.251183189437212	-0.198130060567254	-5.9846732050734	5.22123263052389	4.06542943502799
0.577263308535037	-2.8385119529744	-0.201995559010552	-0.160724379296105	-5.40405384210046	4.52595833052006	3.40461789109694
0.587263308535037	-2.88926128832443	-0.161246492666712	-0.129955007692677	-4.74892294292364	3.62941840735085	2.76436166224966
0.597263308535037	-2.93366233850852	-0.1290109225314	-0.105110967134942	-4.14224259858675	2.84357954346713	2.22245528280673
0.607263308535037	-2.97232819264566	-0.103845415158822	-0.0851612988285966	-3.60151105497384	2.21491036758346	1.78329679652738
0.617263308535037	-3.00588507647506	-0.0842498043685182	-0.0691576410467644	-3.11837083886409	1.72451943749801	1.43170329133751
0.627263308535037	-3.03484920982389	-0.0689828483858599	-0.0563123779148474	-2.68107893403354	1.34469205752128	1.14874335664502
0.637263308535037	-3.05962456931378	-0.0570721421314045	-0.045997113193485	-2.27915622037117	1.04985279306281	0.922699701003466
0.647263308535037	-3.08052323113148	-0.0477677224226391	-0.0377079865077163	-1.90454629294471	0.820506246514022	0.742117315896499
0.657263308535037	-3.09778640823741	-0.0404914672232294	-0.0310417971408615	-1.55116192374669	0.642041185444198	0.596798482995958
0.667263308535037	-3.11160130337285	-0.0347959530683895	-0.0256778561450474	-1.2142588987939	0.502928057576688	0.479840805396497
0.677263308535037	-3.12211366628571	-0.0303339442684445	-0.0213607205979442	-0.890119746438502	0.39403822547881	0.386666275113353
0.687263308535037	-3.12943703717126	-0.026836198686836	-0.0178837036403678	-0.576009658773314	0.308923891391971	0.311679518603472
0.697263308535037	-3.13366018968251	-0.024092801142213	-0.0150818993295871	-0.26975634175971	0.242406128144964	0.251078297075066
0.707263308535037	-3.13485261218453	-0.0219398063405826	-0.0128235791536318	0.0303689600446373	0.190320943487712	0.202320290364847
0.717263308535037	-3.13306870421483	-0.0202491684585072	-0.0110027408321401	0.325697666251321	0.149500681810343	0.163149324064805
0.727263308535037	-3.12835114166641	-0.0189206455101954	-0.00953426278324701	0.617267180634172	0.117469608757662	0.131800965739448
0.737263308535037	-3.12073347550615	-0.0178758283027994	-0.00834905605055978	0.905834248028384	0.0924773839009848	0.106284232414872
0.747263308535037	-3.11024238997822	-0.0170528337101062	-0.00739241016257353	1.19202916869037	0.0729207094225362	0.0858043203423611
0.757263308535037	-3.09689934438178	-0.016403042636276	-0.00661979684438194	1.47628638221192	0.0576736500464042	0.0693162697903193
0.767263308535037	-3.08072209334319	-0.015888002326267	-0.00599536539706091	1.75890938268128	0.0458447256242653	0.0560359596150562
0.775834656343396	-3.06461189749914	-0.0155304625766302	-0.00555601533636018	2	0.0378872539837071	0.0467574112953352
0.785834656343396	-3.04321076101971	-0.0151893394628333	-0.00513429647901563	2.2800037716299	0.0306596387487972	0.037953178603477
0.795834656343396	-3.01901646835153	-0.014911004841375	-0.00479183971630407	2.55862121701378	0.0252704133274149	0.0308304098580206
0.805834656343396	-2.99204325893534	-0.0146790239386229	-0.004512873649682	2.83575905255479	0.0213555836542964	0.0251552974221998
0.815834656343396	-2.96230682241684	-0.0144799404289354	-0.00428448226150256	3.11122775879144	0.0186520072672277	0.0206806386642451
0.825834656343396	-2.92982519503137	-0.0143025855191244	-0.00409605772203794	3.3847460275412	0.0169700462710185	0.0171662745831008
0.835834656343396	-2.89461964131585	-0.0141375395296347	-0.0039388715957158	3.65594441996395	0.0161691063304428	0.0144043985618921
0.845834656343396	-2.85671553248721	-0.0139766967975172	-0.00380579659102376	3.92437240859576	0.016120060058847	0.012298588920911
0.855834656343396	-2.81614320353075	-0.0138129926501569	-0.00369089295720459	4.1894914235664	0.0167278570743208	0.0107547654221576
0.865834656343396	-2.77293881048713	-0.0136401766817303	-0.00358915892563728	4.45067512400521	0.0179274386815363	0.00966621464980784
0.875834656343396	-2.72714517886894	-0.0134526310740042	-0.0034963895937538	4.70721433146013	0.0196647591624308	0.0089526728529631
0.885834656343396	-2.67881262696541	-0.0132452511610746	-0.00340903974900835	4.95832066718226	0.0218888007958654	0.00856756814781853
0.895834656343396	-2.62799975082835	-0.0130133815777769	-0.00332407577492189	5.20312867147232	0.0245565234679077	0.00846645562268847
0.905834656343396	-2.57477416125383	-0.0127527768571608	-0.00323888750003887	5.44070175022088	0.0276294895341373	0.00860565735362913
0.915834656343396	-2.51921315415511	-0.0124595842353394	-0.00315123851385454	5.67004111911408	0.0310664587471483	0.00895627030910736
0.925834656343396	-2.4614042903267	-0.012130360927076	-0.00305919563707532	5.89009416881038	0.0348272835423288	0.00948353616640054
0.935834656343396	-2.40144586988585	-0.0117620966780622	-0.00296110918737092	6.09976736655763	0.0388672178282494	0.0101592712092698
0.945834656343396	-2.33944727602919	-0.0113522541988391	-0.0028555880772492	6.29794008782673	0.0431364376287536	0.0109593447475982
0.955834656343396	-2.27552917028401	-0.0108988130030104	-0.00274149542525377	6.48348121324248	0.0475767574649454	0.0118718460871144
0.965834656343396	-2.20982351578898	-0.0104003313267491	-0.00261790360837993	6.65526429569179	0.0521319262668709	0.012862791110757
0.975834656343396	-2.14247342193015	-0.00985598453546255	-0.00248412285143462	6.81218876428602	0.0567392150407279	0.0139042297835457
0.985834656343396	-2.07363279055726	-0.00926560729327742	-0.00233970424758012	6.95320017259595	0.0613293223958948	0.0149769468340703
0.995834656343396	-2.00346575923429	-0.00862972605159719	-0.00218444383765784	7.07731088785342	0.0658265689577824	0.016073468884252
1.0058346563434	-1.93214593617292	-0.00794959577951052	-0.00201833150441	7.18361694101699	0.0701644584925024	0.0171520660102777
1.0158346563434	-1.85985544446431	-0.00722718827431488	-0.00184160287753155	7.27132099424692	0.0742724515777775	0.0181854998324477
1.0258346563434	-1.78678377618804	-0.00646517813439279	-0.00165474127705663	7.33975057117904	0.0780759133122109	0.0191675710019375
1.0358346563434	-1.71312647651711	-0.0056669225721566	-0.00145843522173138	7.38837134523965	0.0815072215151215	0.0200833559370873
1.0458346563434	-1.6390836872435	-0.00483642034952007	-0.00125353840033373	7.41679800893964	0.0845148749944711	0.0208858049224486
1.0558346563434	-1.56485858856672	-0.0039782208603246	-0.00104112982170092	7.42480867132974	0.0870436109459394	0.0215667405956617
1.0658346563434	-1.49065576013094	-0.00309734857059211	-0.000822468632489091	7.41234874649564	0.0890420633667667	0.0221371588359901
1.0758346563434	-1.41667950493001	-0.00219922863207512	-0.00059889630558084	7.37952761030853	0.0904833688234718	0.0225639917553296
1.0858346563434	-1.3431321896149	-0.00128956433895947	-0.000371859854416667	7.32661938834466	0.0913512062482684	0.0228187967576849
1.0958346563434	-1.27021263279853	-0.000374207272373289	-0.000142936252479579	7.25405998892497	0.0916244809880634	0.02292967611391
1.1058346563434	-1.19811456851989	0.000540928244421421	8.62996073454146e-05	7.16243022236107	0.0913041253730651	0.0228937711629575
1.1158346563434	-1.12702523882948	0.00144998299430758	0.000314296655460579	7.05244297775497	0.0904091920225518	0.0226890403653154
1.1258346563434	-1.05712414002578	0.00234727792533407	0.000539509106272451	6.92493033681529	0.0889617803043157	0.0223213363348349
1.1358346563434	-0.988581939997588	0.00322741835758873	0.000760417274371907	6.78082592798103	0.0869830638681483	0.0218341130311244
1.1458346563434	-0.921559577267273	0.00408534883798787	0.000975674348194504	6.62113749251228	0.0845243536335114	0.021202186131671
1.1558346563434	-0.85620757764292	0.00491646760630129	0.0011840067165467	6.44693478976329	0.0816316332923784	0.0204432727068858
1.1658346563434	-0.79266556289611	0.00571667996433968	0.00138426712421904	6.2593272559783	0.0783529303461231	0.019588277291595
1.1758346563434	-0.731061958324237	0.00648243519494573	0.00157548504126975	6.05944216539401	0.0747463146190969	0.0186495592123783
1.1858346563434	-0.671513892507503	0.00721075765576796	0.00175688173436226	5.84840602136538	0.070879495263291	0.0176165186790451
1.1958346563434	-0.614127279671825	0.00789929265295671	0.00192777658159891	5.62733431277791	0.066801295180994	0.0165441990475238
1.2058346563434	-0.558997044520789	0.00854627208444622	0.00208771357930498	5.39730850538146	0.0625744567650524	0.0154402329350388
1.2158346563434	-0.506207496339146	0.00915051694904423	0.00223641158599879	5.15936636548817	0.0582618125458044	0.0143059986006298
1.2258346563434	-0.455832817876598	0.00971142272114158	0.00237373374076542	4.91449309102469	0.0539185951831183	0.0131575385682321
1.2358346563434	-0.407937645619232	0.0102289268031566	0.00249967244445084	4.66361327886788	0.0495904962745165	0.0120292366343008
1.2458346563434	-0.36257771818097	0.0107034510597454	0.00261439654976628	4.40758097331228	0.045329069227189	0.0109199893385913
1.2558346563434	-0.319800582417253	0.0111358687170608	0.00271818544201782	4.14717888397254	0.0411773735014508	0.0098388263829116
1.2658346563434	-0.279646328437403	0.011527454930358	0.00281140730977105	3.88311660121248	0.0371678329042639	0.00881018065157866
1.2758346563434	-0.24214833374247	0.0118798157236928	0.0028945536476652	3.61602661426273	0.0333361485432251	0.00782774122825298
1.2858346563434	-0.20733401350465	0.012194847878955	0.002968167393051	3.34646880010219	0.0297061718911118	0.0069038754672586
1.2958346563434	-0.17522555023409	0.0124746747021344	0.0030328545667848	3.0749307309834	0.0262974984643601	0.00604450005739768
1.3058346563434	-0.145840598265151	0.0127215890410357	0.00308926881748287	2.80183068522513	0.0231260098487548	0.00524842491747358
1.3158346563434	-0.119192954784392	0.0129380062090231	0.00313807559238611	2.52752299719615	0.0201983705765719	0.00452614477026211
1.3258346563434	-0.0952931840023466	0.0131264032784554	0.00317997476160508	2.25230035118418	0.0175221273672978	0.00386727651035656
1.3358346563434	-0.074149196794723	0.0132892821842722	0.00321564511057382	1.97640158097099	0.0150948011511048	0.0032785920774254
1.3458346563434	-0.0557667731397385	0.0134291180986828	0.00324576324661277	1.70001528635883	0.0129123067346862	0.00275709818556233
1.3558346563434	-0.0401500301776186	0.0135483221910309	0.00327098458518119	1.42328622238641	0.0109669035114784	0.00229808069020198
1.3658346563434	-0.027301830421024	0.0136492056605129	0.0032919292797042	1.14632153567391	0.00924646570089615	0.00189950497161866
1.3758346563434	-0.0172241296355179	0.0137339474396038	0.00330917849350999	0.869196706572538	0.00773572435312896	0.00155873642418727
1.3858346563434	-0.00991826233138995	0.0138045636987401	0.00332327246402349	0.591961412629694	0.00641802415831128	0.00126827331846954
1.3958346563434	-0.00538516586759755	0.0138628848132059	0.00333469697900873	0.314646287348248	0.00527356549899993	0.00102282486450054
1.4058346563434	-0.00362554149541458	0.0139105338506561	0.00334387918342199	0.0372692113952624	0.00427976277930749	0.000818971848563713
1.4158346563434	-0.00463995146326167	0.0139489048186909	0.00335119116731478	-0.240158912703773	0.00341371347991642	0.000648291109103024
1.4258346563434	-0.00842885437969779	0.0139791491537371	0.00335693825968921	-0.51762726866245	0.00265011433370615	0.000504979407047418
1.4358346563434	-0.0149925763083171	0.0140021607661764	0.00336135982633017	-0.795119031041542	0.00196248499322506	0.000382683532774654
1.4458346563434	-0.0243312186585676	0.0140185640627881	0.00336462824556791	-1.07260510891823	0.00132373552112809	0.000273410693139224
1.4558346563434	-0.0364445030139474	0.0140287055314483	0.00336684376373249	-1.35003758559423	0.000705464450602982	0.000170540048858088
1.4658346563434	-0.0513315521944087	0.014032645708476	0.00336803517956723	-1.62734353410495	7.87575949093396e-05	6.69347824291592e-05
1.4758346563434	-0.0689906084021429	0.0140301540649644	0.00336815835686872	-1.90441869861195	-0.00058570984706668	-4.46441907049736e-05
1.4858346563434	-0.0894186887326633	0.0140207059667522	0.00336709570762661	-2.18112128547428	-0.00131739206556392	-0.000171640175297404
1.4958346563434	-0.112611179079096	0.0140034822815208	0.0033646556902747	-2.45726584593054	-0.0021456817524633	-0.000321410902178264
1.5058346563434	-0.138561367885616	0.0139773716894215	0.00336057326558107	-2.73261737699609	-0.00309955568154926	-0.000501331022293151
1.5158346563434	-0.167259922110078	0.0139409763784152	0.00335451068030879	-3.00688567847586	-0.004207251488869	-0.000718621989575545
1.5258346563434	-0.198694308645951	0.0138926215292215	0.00334605911578702	-3.27972010200057	-0.00549585565791675	-0.000980272859040084
1.5358346563434	-0.232848165678807	0.0138303691664508	0.00333474140251941	-3.55070482710184	-0.00699078282705766	-0.00129309278519179
1.5458346563434	-0.269700629956971	0.0137520372916642	0.00332001516424608	-3.81935476262087	-0.00871537264831441	-0.00166315738482998
1.5558346563434	-0.309225627388626	0.0136552243870315	0.00330127819758928	-4.08511235978199	-0.0106901487035118	-0.00209611707937264
1.5658346563434	-0.351391136531125	0.013537340531589	0.00327787445748882	-4.3473454041168	-0.0129322631102166	-0.00259671176362778
1.5758346563434	-0.3961584362289	0.0133956450677676	0.00324910245500857	-4.60534610542493	-0.015454678125509	-0.00316897005881503
1.5858346563434	-0.443481350946896	0.0132272912996334	0.00321422591155408	-4.85833167564278	-0.0182651975258283	-0.0038168048928883
1.5958346563434	-0.493305509612657	0.0130293790468639	0.00317248468715306	-5.10544646206107	-0.0213659626670453	-0.00454310739376975
1.60168683166783	-0.52359877559836	0.0128986876920691	0.00314456466202394	-5.24697236025085	-0.0233138748280822	-0.0050050747003805
1.61168683166783	-0.582136820975029	0.0197431831121089	0.0508154762874342	-6.62942459826641	2.21620628794436	6.20530929213761
1.62168683166783	-0.656858683611357	0.0612970564891561	0.1074071296584	-8.16339275315787	5.68213893500186	5.30680682334988
1.63168683166783	-0.740361248890369	0.120281516372397	0.157727670609496	-8.39718787602	5.76307049465918	4.67852767416454
1.64168683166783	-0.823532570449459	0.173377575656292	0.200387633445311	-8.21654049192941	4.8053922480997	3.85664622976029
1.65168683166783	-0.904629795646057	0.216272790189987	0.235137634455136	-8.00873251925062	3.79118055648259	3.11421407098512
1.66168683166783	-0.983881283859137	0.249719284754239	0.263080696081238	-7.8510703242104	2.92685351335465	2.49506685976352
1.67168683166783	-1.06183039997181	0.275371096931605	0.285433486404948	-7.74685193119467	2.23009233636308	1.99337235011538
1.68168683166783	-1.13895927976114	0.294811250447215	0.303267457942695	-7.68487223701205	1.68010354408164	1.58812987561412
1.69168683166783	-1.21562628425132	0.3093718403849	0.31746539961377	-7.65255797808384	1.25011791288472	1.26278940034708
1.70168683166783	-1.29207274989515	0.320132592078722	0.328745846837472	-7.63910538052029	0.916383615758766	1.00288213008025
1.7039025002785	-1.30899693899575	0.322092709334454	0.330911549916332	-7.63779437768738	0.853556332686332	0.952412010448464
1.7139025002785	-1.38082619019578	0.322841424471383	0.292377399634486	-6.55470282545562	-1.47966336245283	-5.46132827002111
1.7239025002785	-1.43898383452635	0.287843832929023	0.242457127348424	-5.19941064069557	-5.1566643512224	-4.71051606445697
1.7339025002785	-1.48960869256823	0.232528832827407	0.197327013496929	-5.07447312675143	-5.52546197948251	-4.22951780590114
1.7439025002785	-1.54196842321092	0.181145086276443	0.158614734527529	-5.42560427114255	-4.67870979598067	-3.50809849892504
1.7539025002785	-1.5982379659015	0.139301775188287	0.127001154573559	-5.82128697110698	-3.70368793174385	-2.83116674245653
1.7639025002785	-1.65815429408747	0.106571521122906	0.101597145906421	-6.14761966385465	-2.87243075495439	-2.26883736625041
1.7739025002785	-1.72090000208747	0.081257692772884	0.0812631109999347	-6.38752775368045	-2.21821932640925	-1.81483231905311
1.7839025002785	-1.78564417324082	0.0617055273551562	0.0649888456204795	-6.54917221845809	-1.71497681623906	-1.45242566951973
1.79102834171619	-1.83259571459405	0.0505333273930348	0.0554092379720571	-6.62344065475596	-1.42963616972316	-1.24254249141527
1.80102834171619	-1.89359348959302	0.0287450821952258	-0.000627990408852173	-5.40176144203167	-3.75692690447594	-6.61119061288317
1.81102834171619	-1.94094831746702	-0.025430341571127	-0.0616601028048876	-4.33887127238109	-6.3583287691348	-5.78128337191461
1.82102834171619	-1.9845119398586	-0.0878016873926899	-0.11546594209514	-4.46316769445215	-5.88867860375463	-4.93550897180182
1.83102834171619	-2.03090069363381	-0.141369474165855	-0.160231074580919	-4.81816174565837	-4.80860483175908	-4.03333924115538
1.84102834171619	-2.08069929058053	-0.184253342315077	-0.196548346091153	-5.12674100964106	-3.7964634151891	-3.25483530950049
1.85102834171619	-2.13310965583241	-0.217934398512832	-0.225813297171719	-5.33883732928842	-2.97224468361631	-2.61917496421841
1.86102834171619	-2.18716825315958	-0.244290178431126	-0.249366051351843	-5.45863150370521	-2.32595894108696	-2.11077793166328
1.87102834171619	-2.24201980682319	-0.264949511380369	-0.26834029764109	-5.50000379429005	-1.82710629892399	-1.70074904146929
1.88102834171619	-2.29695515004013	-0.281217821218257	-0.283644567341494	-5.47752060362326	-1.44338316185214	-1.37232083299423
1.89102834171619	-2.35139890795174	-0.294112264113237	-0.296009510174831	-5.40348145961333	-1.14873664989274	-1.10958438844982
1.90102834171619	-2.40488725345252	-0.304418254806564	-0.306018634410914	-5.28802130293722	-0.922364823485737	-0.900240484925577
1.91102834171619	-2.45704759757925	-0.312737643062218	-0.314141878746633	-5.13911575811713	-0.749003658139822	-0.731050862461928
1.92102834171619	-2.50758049242357	-0.319531911027951	-0.320749569264793	-4.96350949061724	-0.615541919665283	-0.595812313659789
1.93102834171619	-2.55624603250722	-0.325151481225978	-0.326140863335358	-4.76642046545902	-0.512728605455136	-0.486551516043578
1.94102834171619	-2.60285184585442	-0.32986288793147	-0.330552391163688	-4.55219128402167	-0.432876820168594	-0.398923328619279
1.94438222610202	-2.61799387799153	-0.331276261667719	-0.331847073698672	-4.4771102715853	-0.410264113680752	-0.373419670420514
1.95438222610202	-2.66507472519555	-0.330933317320568	-0.290241209439381	-5.09953534561643	1.26127198191397	5.43064117670964
1.96438222610202	-2.72079376237871	-0.30184108829413	-0.241067494159981	-6.02309828168801	4.50016738853145	4.47052567246503
1.97438222610202	-2.78174597523438	-0.251055439383384	-0.198040689355455	-5.9958160187202	5.21883388542856	4.06379464413836
1.98438222610202	-2.83897562146579	-0.201890429549958	-0.16065129245177	-5.41524192878289	4.52387897354282	3.4029546808111
1.99438222610202	-2.88983710465121	-0.161160892941049	-0.129896188699399	-4.76015189688127	3.62753032496578	2.76337530686338
2.00438222610202	-2.93435100751352	-0.128941917822538	-0.105063239986163	-4.15356273265166	2.84205688826881	2.22150320557756
2.01438222610202	-2.97313045392405	-0.103790101117738	-0.0851226553167215	-3.61290772273695	2.21368836027654	1.78242433799197
2.02438222610202	-3.00680157892536	-0.0842056419760511	-0.0691266100013285	-3.12981631338347	1.72348648458302	1.43110740674308
2.03438222610202	-3.0358804665135	-0.0689478241809742	-0.0562873654533519	-2.69257535871438	1.34386056987354	1.14823329994073
2.04438222610202	-3.06077101944637	-0.0570445264166122	-0.0459769810912476	-2.29069471272922	1.04918684926655	0.92226568743185
2.05438222610202	-3.08178523582065	-0.0477461135435321	-0.0376916983331734	-1.91612705308478	0.82000500631143	0.741653949838355
2.06438222610202	-3.0991642987234	-0.0404746152371194	-0.0310288165463101	-1.56276509208056	0.641618419266861	0.596496645750564
2.07438222610202	-3.11309535142463	-0.0347828988672268	-0.0256675373515445	-1.2258824109663	0.502570345696462	0.47966697137724
2.08438222610202	-3.12372410318028	-0.0303239464359347	-0.021352416819867	-0.901770116084393	0.393767775353112	0.386482433494927
2.09438222610202	-3.13116408027602	-0.0268286170277697	-0.0178770363908718	-0.587682390169312	0.308718389215925	0.311503840430155
2.10438222610202	-3.13550403289249	-0.0240871180562788	-0.0150765923879362	-0.281445372839208	0.242239227433459	0.250950956419182
2.11438222610202	-3.13681341734076	-0.0219356313539975	-0.0128193626280218	0.018666232776895	0.190184414631771	0.202229587485552
2.12438222610202	-3.13514659822945	-0.0202462062339865	-0.0109993876521072	0.313983948868595	0.149390903155934	0.163074711744143
2.13438222610202	-3.13054620748829	-0.0189186766428664	-0.009531594571388	0.605546667749809	0.117383084773838	0.131726679571015
2.14438222610202	-3.12304574079997	-0.0178746869359684	-0.00834696901816869	0.894115207739579	0.0924012698736921	0.106229414083458
2.15438222610202	-3.11267180492663	-0.0170524178145381	-0.00739080227931285	1.18031988631327	0.0728508990440703	0.0857630643374067
2.16438222610202	-3.09944576248718	-0.0164032995514276	-0.0066185828010496	1.46459682337226	0.0576090833612226	0.0692756312871562
2.17438222610202	-3.08338524940193	-0.015888914048452	-0.00599449809010876	1.74725320915322	0.0457801974402939	0.055998985645284
2.18336735498434	-3.06654963172581	-0.0155163726284599	-0.0055361587916993	2	0.0374818512472577	0.0463113174160335
2.19336735498434	-3.04514844993928	-0.0151789431411462	-0.00511833899767051	2.28001172064184	0.0303415349406999	0.0375555822313678
2.20336735498434	-3.0209539149676	-0.0149035948193574	-0.00477914525179418	2.55866355732313	0.0249947261353674	0.0305529206819403
2.21336735498434	-2.99398005656679	-0.0146740997017728	-0.00450279929106997	2.83585191034924	0.0211232847437635	0.0249354705554997
2.22336735498434	-2.96424236855562	-0.0144771183415708	-0.00427652937681782	3.11138914286694	0.0184596981824241	0.0204829978339667
2.23336735498434	-2.93175868980382	-0.0143015694233238	-0.00408985511333914	3.38499643630877	0.0168076580967101	0.0169872745426995
2.24336735498434	-2.89655008410518	-0.0141380978331346	-0.00393415959899646	3.65630715519859	0.0160186468428156	0.0142744127564389
2.25336735498434	-2.85864171033806	-0.0139786739066635	-0.00380231864402908	3.92486742391658	0.015980990325929	0.0121974040226151
2.26336735498434	-2.81806369035459	-0.0138162782436891	-0.00368843739443209	4.19013890239749	0.0166019264602761	0.0106598662258571
2.27336735498434	-2.77485196450452	-0.013644686269673	-0.00358757578200225	4.4514971777119	0.017811133655925	0.00957651883416427
2.28336735498434	-2.72904913844208	-0.0134582991577102	-0.00349557443405618	4.70823435058024	0.0195513393781422	0.00888102622532867
2.29336735498434	-2.68070530567785	-0.0132520348333806	-0.00340889167091359	4.95956078678907	0.0217779632453473	0.00850861936143548
2.30336735498434	-2.62987883863046	-0.0130212483525444	-0.00332451146281166	5.20461084267158	0.0244489501964487	0.00841398683834736
2.31336735498434	-2.5766371269104	-0.0127616979880618	-0.00323984153112405	5.44244780074594	0.0275254446636246	0.00855671974503766
2.32336735498434	-2.52105724978798	-0.0124695315804131	-0.00315265617312396	5.67207222005432	0.0309667007147674	0.0089078671133032
2.33336735498434	-2.46322656010384	-0.0121413002886455	-0.00306104005359905	5.89243118165658	0.0347302091531123	0.00944164686506915
2.34336735498434	-2.40324316011972	-0.0117739897605782	-0.00296334416474145	6.10242949895216	0.0387729111520376	0.010125467085295
2.35336735498434	-2.34121625006224	-0.0113650563688611	-0.00285817563617821	6.30094450910774	0.0430467136721447	0.0109303408068306
2.36336735498434	-2.27726632672641	-0.0109124727507208	-0.0027443908022825	6.48684245741625	0.0474960588294063	0.0118363769212858
2.37336735498434	-2.21152521331137	-0.0104147783712209	-0.0026210881726955	6.65899618853422	0.0520578086139827	0.0128323882837696
2.38336735498434	-2.14413590235392	-0.0098711394845599	-0.00248757127577444	6.8163019473985	0.0566711474402381	0.0138844196143641
2.39336735498434	-2.07525220723355	-0.00928138344243368	-0.00234337747006412	6.95770139194657	0.0612703569388845	0.0149615352239786
2.40336735498434	-2.00503820892528	-0.0086460285603759	-0.00218829269461587	7.08220301825988	0.0657821575540933	0.0160481952315443
2.41336735498434	-1.93366749629908	-0.00796630824950101	-0.00202234285189918	7.18890188020972	0.0701296259713241	0.0171363094514813
2.42336735498434	-1.86132220420306	-0.00724419122614388	-0.00184574526388706	7.27699592465953	0.0742467693720617	0.0181833071877417
2.43336735498434	-1.78819187206493	-0.00648235267784851	-0.00165895848450513	7.34580750044347	0.0780652507030657	0.0191617137802522
2.44336735498434	-1.71447213125842	-0.00568414033897788	-0.00146268604820616	7.39479978105147	0.0815128466250445	0.0200708335957905
2.45336735498434	-1.6403632457399	-0.00485354141580784	-0.00125781198445392	7.42358608055174	0.0845293674208028	0.0208911864760284
2.46336735498434	-1.56606854586136	-0.00399511717673831	-0.00104537822906802	7.43193885472728	0.0870695549569093	0.0215809930826445
2.47336735498434	-1.49179279337818	-0.00311389979341826	-0.00082662900938123	7.41979961184755	0.0890860978536397	0.022137043146573
2.48336735498434	-1.41774050498897	-0.00221530479564986	-0.000602956770068563	7.38727851571924	0.0905382857076156	0.0225707199955773
2.49336735498434	-1.34411427943457	-0.0013050461411216	-0.000375801720652415	7.33464705297652	0.0914120310182857	0.0228454723613761
2.50336735498434	-1.27111318266772	-0.000389000083900212	-0.000146695364262551	7.26233638881667	0.0916992609884809	0.0229459966649493
2.51336735498434	-1.1989312155276	0.000526919222932838	8.27440205392557e-05	7.17092892431449	0.0913897501672978	0.0229053979124241
2.52336735498434	-1.12775589304684	0.00143684383266806	0.000310946022275368	7.06113804313753	0.0904981423480365	0.0227155823429557
2.53336735498434	-1.0577669840461	0.00233507127135502	0.000536389649459567	6.93379388881336	0.0890543867831351	0.0223563418964712
2.54336735498434	-0.989135427099636	0.00321618405255778	0.000757575583617251	6.78982891623154	0.0870863848966199	0.0218488526877274
2.55336735498434	-0.922022431184374	0.00407513132791117	0.000973084667080101	6.63025622632791	0.0846268815132486	0.0212288256869985
2.56336735498434	-0.856578773889176	0.00490728370248825	0.00118167914715498	6.45614422325838	0.08173291761095	0.020477713954222
2.57336735498434	-0.79294431577255	0.0057085264747168	0.00138222289652156	6.26860294050083	0.0784568647157983	0.0196124290661792
2.58336735498434	-0.731247706397269	0.00647530294912842	0.00157371310026533	6.06876340324756	0.0748491911738374	0.0186705782481248
2.59336735498434	-0.671606277368916	0.00720462787375684	0.00175535375934274	5.85775508526518	0.0709741101599863	0.0176535481445887
2.60336735498434	-0.614126119420852	0.007894118110164	0.00192651624683509	5.63669209054358	0.0668957142070409	0.0165666159253174
2.61336735498434	-0.558902317629463	0.00854200735839114	0.00208669915204004	5.40666097622984	0.0626653635787748	0.0154554311203763
2.62336735498434	-0.506019316201145	0.00914711097279467	0.00223560813734577	5.16870256355898	0.0583431089239065	0.0143309913842403
2.63336735498434	-0.455551406398312	0.00970880778878288	0.00237313373823073	4.92380239034729	0.0539925093331036	0.0131828088669952
2.64336735498434	-0.407563312639231	0.0102270287907506	0.00249927078729033	4.672887050118	0.0496604367787209	0.0120418091255613
2.65336735498434	-0.362110841983997	0.0107022010480455	0.00261415565626641	4.41681474971763	0.0453900674692366	0.0109350988102057
2.66336735498434	-0.31924158610381	0.0111351908355841	0.00271808339782894	4.1563691095893	0.0412290276770266	0.00985719687819741
2.67336735498434	-0.278995661122467	0.0115272683065586	0.0028114353674614	3.89226061718678	0.0372135942862713	0.00882056599396032
2.68336735498434	-0.241406456226805	0.0118800468336962	0.00289468162456074	3.62512479710842	0.0333736502212501	0.00783846240734854
2.69336735498434	-0.20650138102823	0.0121954223251019	0.00296837666874966	3.35552222457624	0.0297361057508601	0.00691355049078187
2.70336735498434	-0.174302599730597	0.0124755196040264	0.0030331323188528	3.08394131173994	0.0263220703742437	0.00604737327151725
2.71336735498434	-0.144827739397163	0.0127226412881026	0.0030895861066224	2.81080245425727	0.0231427488554902	0.0052544156850479
2.72336735498434	-0.118090558773137	0.0129392022838581	0.00313842599067762	2.5364593836928	0.0202105495543088	0.00452643493503301
2.73336735498434	-0.0941015793639696	0.0131276897385558	0.00318033840162604	2.26120625806766	0.0175290984656095	0.0038665341690887
2.74336735498434	-0.0728686642594072	0.0132906118514662	0.00321600798383032	1.98528199201832	0.0150969763685504	0.0032780365102066
2.75336735498434	-0.0543975435797893	0.0134304507535942	0.00324611580125449	1.70887512589616	0.0129108044737541	0.00275579707451878
2.76336735498434	-0.0386922847990565	0.0135496256043473	0.00327131911096861	1.43213030196032	0.0109628545199583	0.00229532909720351
2.77336735498434	-0.0257557034365891	0.0136504577477789	0.0032922354538538	1.15515466846638	0.00923968876339248	0.00189897817448988
2.78336735498434	-0.0155897114859079	0.0137351321964702	0.00330945767161067	0.878022553960572	0.00772864472262214	0.00155567281727933
2.79336735498434	-0.00819560730403529	0.0138056768858122	0.00332351929990942	0.600783482947415	0.00641064924554139	0.00126600313073599
2.80336735498434	-0.00357429969116215	0.0138639305340297	0.00333491324234879	0.323466858598683	0.00526715484500003	0.00102048863943677
2.81336735498434	-0.00172647195580722	0.0139115259285383	0.00334406774252493	0.0460894823890462	0.00427529698545206	0.000816817419435988
2.82336735498434	-0.00265268092132044	0.0139498669688393	0.00335135714862584	-0.231339074337738	0.00341212676931935	0.000646728324224769
2.83336735498434	-0.00635339418280371	0.0139801148321295	0.00335708973015889	-0.508809577222034	0.0026524854794611	0.000503967711981045
2.84336735498434	-0.012828963326393	0.0140031733622451	0.00336150733622682	-0.786306955690011	0.00196990862425344	0.000382148263224311
2.85336735498434	-0.0220795339027756	0.0140196772793765	0.00336478370026845	-1.06380400002901	0.00133700428954472	0.000274264098163497
2.86336735498434	-0.0341048920711133	0.0140299829097508	0.00336702187610397	-1.34125497151148	0.000725464059176778	0.00017337149308774
2.87336735498434	-0.0489042477620724	0.0140341605594313	0.00336825339324104	-1.61858931356538	0.000106441500522184	7.20692823447114e-05
2.88336735498434	-0.0664759547612003	0.0140319893075636	0.00336843678510369	-1.89570532966938	-0.000549338701775564	-3.71144614572772e-05
2.89336735498434	-0.0868171681160748	0.0140229539698399	0.0033674567580245	-2.17246394512474	-0.00127138563097019	-0.000161555390669839
2.90336735498434	-0.109923439763082	0.0140062444251241	0.00336512415075097	-2.44868260966197	-0.00208911852776105	-0.00030868164316095
2.91336735498434	-0.13578825391505	0.0139807578743676	0.00336117606318567	-2.72412936053275	-0.00303159805534954	-0.000485808142813869
2.92336735498434	-0.164402504416302	0.0139451043105951	0.00335527675771924	-2.99851716633335	-0.00412716316720658	-0.000700106754036358
2.93336735498434	-0.195753917295127	0.0138976157747078	0.00334701932915766	-3.27149865040143	-0.00540300319563342	-0.000958588250816959
2.94336735498434	-0.229826422942463	0.0138363600723528	0.00333592805474767	-3.54266130815355	-0.00688472659062558	-0.00126787449547219
2.95336735498434	-0.266599483701508	0.0137591594096817	0.00332146218730446	-3.81152341078922	-0.00859576111607918	-0.00163428901490789
2.96336735498434	-0.30604738437865	0.0136636147614165	0.00330302085562846	-4.07753073494708	-0.0105567318181259	-0.00206379253516912
2.97336735498434	-0.348138494999209	0.013547136628598	0.00327994913498181	-4.34005430232229	-0.0127848601927897	-0.00256164548785716
2.98336735498434	-0.39283451710476	0.0134069826300779	0.0032515456848558	-4.59838935077341	-0.0152933365436921	-0.00313199221607284
2.99336735498434	-0.440089727011068	0.0132403022651864	0.00321707220153402	-4.85175575630116	-0.0180906609447461	-0.00377744659025178
3.00336735498434	-0.489850231558133	0.0130441888761539	0.00317576513830286	-5.09930014007119	-0.021179885526719	-0.00449898306213405
3.0098844944459	-0.523598775598442	0.012899154152437	0.00314479777678304	-5.25705846200088	-0.0233491486674637	-0.00500963352069809
3.0198844944459	-0.58223753963261	0.0197430049544526	0.0508154642785671	-6.63947298569439	2.2160880021283	6.20531259482495
3.0298844944459	-0.657061425784642	0.061300025538948	0.107405539516314	-8.17371651480332	5.68274787181819	5.30696729306621
3.0398844944459	-0.740665204381349	0.120285627343657	0.157726808692638	-8.40715223825172	5.76278555843011	4.67872641267726
3.0498844944459	-0.823935513698574	0.17337770890382	0.200386624854239	-8.22637949450619	4.8048902454575	3.85654816976428
3.0598844944459	-0.905130612706494	0.216267206126344	0.2351355171491	-8.01845939294599	3.79051171576863	3.11424036287569
3.0698844944459	-0.984478958418383	0.249707140425974	0.263077380259901	-7.86069266010729	2.92613563564424	2.49508285922593
3.0798844944459	-1.06252379244626	0.275352096290555	0.285429029798566	-7.7563625845471	2.22941642933889	1.99322561198208
3.0898844944459	-1.13974705727503	0.294785580792399	0.30326159457731	-7.69423174020321	1.67944026611012	1.58802934348598
3.0998844944459	-1.21650682613379	0.309339875813797	0.317458174406273	-7.66173894085321	1.24949408754441	1.26272511060925
3.1098844944459	-1.29304412884139	0.320094846094829	0.328737520900254	-7.64808876882215	0.915861959498155	1.00269704257636
3.11197053611913	-1.30899693899596	0.321943007500971	0.330779221245647	-7.64678944960326	0.856600111595901	0.955199372154291
3.12197053611913	-1.38091396642587	0.322716953085911	0.292270297255223	-6.56325395257614	-1.47767351254475	-5.45910354223663
3.13197053611913	-1.4391549754813	0.287734580239821	0.242369704133434	-5.20765541488906	-5.15526548934754	-4.70885505590826
3.14197053611913	-1.48986216644661	0.232434394622214	0.197254960933754	-5.08269496259486	-5.5238575260863	-4.22840507137912
3.15197053611913	-1.54230321786401	0.181065412243002	0.158555005620808	-5.43363613286904	-4.67737754951533	-3.50677716570408
3.16197053611913	-1.5986522154007	0.139234909253221	0.126951959860698	-5.82911159871591	-3.70258771417381	-2.82996028415056
3.17197053611913	-1.65864587877476	0.106515320488234	0.101556909124697	-6.15524389919836	-2.87146336812956	-2.26801878032507
3.18197053611913	-1.72146673168324	0.0812103524333798	0.0812300676364086	-6.39493295413182	-2.21740339500631	-1.81423006128429
3.19197053611913	-1.78628378164459	0.0616654932651717	0.0649615197098344	-6.5563415546618	-1.71432782587572	-1.45187920137499
3.19899228803037	-1.83259571459405	0.0506466120445892	0.0555147288924586	-6.62958460095984	-1.43284887668946	-1.2449419229234
3.20899228803037	-1.89365331945948	0.0288208899415238	-0.000534710701986924	-5.40759558850126	-3.76115094251737	-6.61135471585503
3.21899228803037	-1.94108938416822	-0.0253354115178642	-0.0615838849444625	-4.34744269889929	-6.35543188582245	-5.78104472270824
3.22899228803037	-1.98473082216057	-0.087697299497322	-0.115389616602943	-4.47037660342534	-5.88920303338487	-4.93503001249934
3.23899228803037	-2.03119070856389	-0.141271247773484	-0.160158161893967	-4.82513313033447	-4.80963713888157	-4.03270499991485
3.24899228803037	-2.08105947475994	-0.184162663923474	-0.196477159189199	-5.13379488816251	-3.79699406044153	-3.25550941239592
3.25899228803037	-2.13353992105788	-0.21785017270891	-0.225742013232987	-5.34606844032139	-2.97187847841326	-2.62224007653653
3.26899228803037	-2.18766900505463	-0.244208771127218	-0.249301210758359	-5.46555831076873	-2.32662359776171	-2.10990801032481
3.27899228803037	-2.24259029679317	-0.264871294799154	-0.268276545973193	-5.50691091868797	-1.82754063759448	-1.70031146205038
3.28899228803037	-2.29759461084413	-0.281142523810858	-0.283580085481388	-5.4844765439868	-1.44323599395561	-1.3736363946814
3.29899228803037	-2.35210665431896	-0.294038696375913	-0.295946670899022	-5.41030427469691	-1.14871603506344	-1.11035098408984
3.30899228803037	-2.40566239672496	-0.304345655214218	-0.305959119526024	-5.29458457534669	-0.922963569280689	-0.898835497818131
3.31899228803037	-2.45788873184033	-0.312667135831922	-0.314081411118464	-5.14567076224034	-0.749154024805441	-0.731144481919359
3.32899228803037	-2.50848658270753	-0.319462928136996	-0.320689920185234	-4.96993757498829	-0.615729722549622	-0.595771028251221
3.33899228803037	-2.55721587646195	-0.325084117672927	-0.326081695660434	-4.77273832853337	-0.512885592120774	-0.486618837651299
3.34899228803037	-2.6038842467009	-0.329797272609096	-0.330493319569698	-4.55842183948095	-0.432917232791989	-0.399397288662935
3.35211140508875	-2.6179938779915	-0.331114601787432	-0.331700502120082	-4.48859577518856	-0.411882495970847	-0.375434621777936
3.36211140508875	-2.66519225419464	-0.330781369486731	-0.290113836455834	-5.11159327764432	1.26120182158631	5.42779152253135
3.37211140508875	-2.72103337610668	-0.301686081749209	-0.240961555370598	-6.03326772933065	4.49475085454799	4.47284359498795
3.38211140508875	-2.78209317233897	-0.250933850549616	-0.19795137368438	-6.00679963757427	5.21623358545184	4.06167798559948
3.39211140508875	-2.83943347868523	-0.201792066404359	-0.160579826047132	-5.42634424345163	4.52166978266377	3.4018447455387
3.40211140508875	-2.89040669854843	-0.161081807017386	-0.129836939460017	-4.77145564012752	3.62612963574684	2.76117503515827
3.41211140508875	-2.93503339416362	-0.128877931641085	-0.105015984455867	-4.16488592890399	2.84072456525037	2.22030778844925
3.42211140508875	-2.9739262777759	-0.103738623457832	-0.0850848444257045	-3.62426563552383	2.21249347208444	1.78178231283494
3.43211140508875	-3.00771132530654	-0.0841647040418616	-0.0690955557774407	-3.1412630771524	1.72265779038638	1.43009516992452
3.44211140508875	-3.03690465798243	-0.0689152769150355	-0.0562625175883113	-2.70404785071946	1.34313683433481	1.14757037363473
3.45211140508875	-3.06191003497353	-0.0570188182933758	-0.0459570975303934	-2.30219378564825	1.04857038321795	0.92182735894261
3.46211140508875	-3.08303941915609	-0.0477258641602492	-0.0376760513181162	-1.92763485557381	0.819418084071902	0.741595581338947
3.47211140508875	-3.1005338903229	-0.0404589184586269	-0.0310160399381028	-1.57431846620221	0.641208775733921	0.596249836018647
3.48211140508875	-3.1145806091942	-0.0347708342506045	-0.0256570916916159	-1.23747375620584	0.502300223380086	0.479283744654729
3.49211140508875	-3.12532528280784	-0.0303146644436936	-0.0213441923086827	-0.913371603698794	0.393515591058898	0.386300097009237
3.50211140508875	-3.13288138136272	-0.0268215553351315	-0.0178705423800166	-0.599297866118594	0.308495476292804	0.311433833600299
3.51211140508875	-3.13733762925254	-0.0240818561130497	-0.0150713469761225	-0.293083133471043	0.242077956802588	0.250843955207649
3.52211140508875	-3.13876347483455	-0.0219317845505209	-0.0128151645602748	0.00701271393256662	0.190059391075476	0.202132243945722
3.53211140508875	-3.13721324855623	-0.0202434905034849	-0.0109960416422594	0.302318962840568	0.149291070531711	0.162992510451993
3.54211140508875	-3.13272954151624	-0.0189168793603374	-0.00952895361654465	0.593876039976342	0.117297319067398	0.131670163629654
3.55211140508875	-3.12534579199792	-0.0178736664607754	-0.008344891712187	0.88244432288253	0.092327824194333	0.106182458393652
3.56211140508875	-3.11508853446905	-0.0170520837447939	-0.00738918072739737	1.16865628369208	0.07278785065502	0.0857134518350283
3.57211140508875	-3.10197904169364	-0.0164035918806018	-0.00661738053469058	1.45295336520231	0.0575423777141544	0.0692536133248459
3.58211140508875	-3.0860348279772	-0.0158898294287392	-0.00599363892552566	1.73564131042086	0.0457129394822031	0.0559809326446507
3.59150874545704	-3.06848133698745	-0.0155025181946831	-0.00551656191879637	2.00000000000079	0.0370805831055168	0.0458812215662152
