=========================== Parameters =====================================
l1 [m]	l2 [m]	l3 [m]	c1 [m]	c2 [m]	c3 [m]	m1 [kg]	m2 [kg]	m3 [kg]
0.22	0.22	0.2458	0.198	0.154	0.17206	0.1564	0.23764	0.1564
============================== Data ========================================
t [s]	th1 [rad]	th2 [rad]	th3 [rad]	th1d [rad/s]	th2d [rad/s]	th3d [rad/s]
0	0	0	0	0	0	0
0.01	-0.00178400821203361	0.00120054438756536	0.000561033122435901	-0.331086337829951	0.191820551332207	0.110889971919406
0.02	-0.00633769983435104	0.00339252357550719	0.00192870821191826	-0.570782448504145	0.233351608854802	0.151659594411416
0.03	-0.0130826192107942	0.00569198438655578	0.0034526704743898	-0.774670274987465	0.221314691067527	0.148644827797129
0.04	-0.021789021099219	0.00775662256630823	0.00484799613115469	-0.965587947927902	0.190183551194039	0.1288816116286
0.05	-0.0323853858325613	0.00948214958588126	0.00602003208357895	-1.1537250977585	0.155057183373345	0.105384550683442
0.06	-0.0448690869382852	0.010867271739306	0.00696002306423746	-1.34342820144634	0.12260639002755	0.0831312902335574
0.07	-0.059264191470024	0.0119511600591875	0.00769242015808099	-1.53611367872538	0.0950006630348727	0.0639603679945809
0.08	-0.0756016225071833	0.0127838717536996	0.00825120994914462	-1.73186218665863	0.0723499445560614	0.0483610112823921
0.09	-0.0939103750786708	0.0134132082005067	0.00867021410386084	-1.93028599776923	0.0542030299724943	0.0359329714656915
0.1	-0.114214298230747	0.0138804422184269	0.00897868794975031	-2.13079164314832	0.039795796686844	0.026167559664942
0.11	-0.136531110132282	0.014219154357858	0.00920051854079024	-2.33276363474662	0.0283833828815059	0.0185120578813448
0.12	-0.160872466956779	0.0144557872345367	0.00935443116829814	-2.53561025105006	0.0192918122716481	0.0124926164336291
0.13	-0.187244345628461	0.0146106746661401	0.00945471092340383	-2.73877820142546	0.0119439466812272	0.00773415935666624
0.14	-0.215647434526665	0.014699067415539	0.00951211858101099	-2.94176835379208	0.00592030066976915	0.00387838612815866
0.15	-0.246077506745408	0.0147322741257172	0.00953447685693141	-3.14409674216617	0.000855747099290274	0.000685896426480516
0.16	-0.27852561204371	0.0147184516763105	0.00952738868542564	-3.34529833340753	-0.00352504003160415	-0.00204052306867955
0.17	-0.312978176948101	0.0146633257780002	0.00949472733585328	-3.54491181105669	-0.00743518488298908	-0.00445151591467864
0.18	-0.34941699609141	0.0145707563626425	0.00943904049884242	-3.74246957170293	-0.0110403118780901	-0.00665842688504052
0.19	-0.387819133510504	0.0144431670508033	0.00936189206958406	-3.93749419388255	-0.0144567465418191	-0.00875636171188653
0.2	-0.428156774384729	0.0142819255970577	0.00926408058765888	-4.12948706339195	-0.0177790217889075	-0.0108061107192782
0.21	-0.470397021222518	0.01408761550439	0.00914584888863966	-4.31792696158373	-0.0210795263829202	-0.0128472560639251
0.22	-0.514501662366827	0.0138602483495304	0.00900705678198003	-4.50227105147493	-0.0244043175433428	-0.0149131308701713
0.22201238499684	-0.523598775598299	0.0138104584465823	0.00897662305877286	-4.53882587399757	-0.0250709179856541	-0.0153443827295013
0.23201238499684	-0.575483462043724	0.0184077986588641	0.026425499521315	-5.8345159983483	0.940353627330673	3.50077902699148
0.24201238499684	-0.640982146558676	0.035591080279593	0.0739566180829949	-7.41728695863053	3.10239037564412	5.03072335653165
0.25201238499684	-0.723614765989753	0.0818465034461411	0.121485071697901	-8.81280441836048	5.47871397123959	4.80291039955372
0.26201238499684	-0.812748422804785	0.136815050714871	0.169420825014715	-8.89875298265409	5.33947770995448	4.64789932100134
0.27201238499684	-0.900235718113776	0.186576004106841	0.212830977653164	-8.56557353777425	4.56400372485195	3.99077381872429
0.28201238499684	-0.983767981620483	0.227664806096343	0.248921451063613	-8.14002447292214	3.65490492682626	3.22504422545596
0.29201238499684	-1.0631409661085	0.259869808394776	0.277522414744413	-7.74448794552733	2.80433671501957	2.508381914663
0.30201238499684	-1.13888350351957	0.284154006603007	0.299437959089669	-7.41649711448784	2.07550851282268	1.89181236923579
0.31201238499684	-1.21170911921091	0.301812910646613	0.31574159170737	-7.16040022877351	1.47846685890833	1.38640040536849
0.32201238499684	-1.2823096391833	0.31413950610177	0.327510062992167	-6.96971374527755	1.00631411306899	0.983720672055659
0.325857815469261	-1.30899693899575	0.31771291725652	0.33103875937159	-6.91172687688011	0.855269088436179	0.853140770853853
0.335857815469261	-1.3723631786485	0.319513580682567	0.32340191126446	-5.75476903309054	-0.482054198327594	-2.40817508239199
0.345857815469261	-1.42346918147279	0.306699125540596	0.28469247883275	-4.31466358880033	-2.59838142057419	-4.54454113201564
0.355857815469261	-1.45809371382006	0.264355034533293	0.240180374950975	-2.89492448563887	-5.2196033275439	-4.67546498061661
0.365857815469261	-1.4856358582405	0.210086956285597	0.192416951789717	-2.75025140874252	-5.42465576810491	-4.72404723409437
0.375857815469261	-1.5150183404622	0.158769238935779	0.147785205727113	-3.18452848193212	-4.75481544074504	-4.13235836778836
0.385857815469261	-1.54997382007807	0.115944972746472	0.110411199839001	-3.81634850207545	-3.79734857249863	-3.33137855474945
0.395857815469261	-1.59126372511994	0.0826779727066211	0.081060863460784	-4.42876273921402	-2.87418141019365	-2.55764165847859
0.405857815469261	-1.63817488166727	0.0579026147405096	0.0588615560158299	-4.93313359751996	-2.10908210810995	-1.9082337000366
0.415857815469261	-1.68950307504273	0.0398983213746825	0.0424209912040933	-5.31196979733554	-1.52034655970295	-1.40259768490798
0.425857815469261	-1.74403698747941	0.0269886815856858	0.030371726207708	-5.57713854745206	-1.08572297976396	-1.02518651376061
0.435857815469261	-1.80073610310553	0.0177837280813826	0.0215685405566184	-5.74872304826923	-0.773245290371053	-0.749915049339454
0.441368602539189	-1.83259571459405	0.013894464416125	0.0177707072074119	-5.81042929326212	-0.64255198694137	-0.631929238349935
0.451368602539189	-1.88527230055399	0.00346184755395963	-0.00613031421689528	-4.72460000553717	-1.44402400747531	-4.13852133270815
0.461368602539189	-1.92588060086234	-0.0197949769818064	-0.0571355673169492	-3.24494895016883	-3.81271128319605	-5.08830898165756
0.471368602539189	-1.95171331643547	-0.0705119656791169	-0.106008285197797	-2.24990579850857	-5.62258319977232	-4.9586291056249
0.481368602539189	-1.97460581424864	-0.125813611615743	-0.154505955907697	-2.42402393645904	-5.29441262528553	-4.62800057640945
0.491368602539189	-2.00124771555244	-0.174781591896576	-0.197349541141886	-2.92587536610656	-4.46463810449657	-3.91406667933354
0.501368602539189	-2.03319779599585	-0.214935674433976	-0.232657842606369	-3.45572685659794	-3.57583556538623	-3.15322297269606
0.511368602539189	-2.07009417569628	-0.246601784468285	-0.260740470349179	-3.90585156922735	-2.78017342182085	-2.48031002807963
0.521368602539189	-2.11094361553941	-0.271010075040052	-0.282655307067055	-4.24481621260158	-2.126835106537	-1.92064633475468
0.531368602539189	-2.15463435301967	-0.289579761201894	-0.29956283356512	-4.47589730794072	-1.60980122820546	-1.47781591263937
0.541368602539189	-2.20014216909519	-0.303612452385488	-0.312543318984312	-4.6108522968027	-1.21580893625683	-1.13279496966596
0.551368602539189	-2.24658775385285	-0.314223006838595	-0.322504312638444	-4.66612721143254	-0.921780050081061	-0.871111849909096
0.561368602539189	-2.29325088533889	-0.322311872590411	-0.330188889306789	-4.65695680077022	-0.707739965441454	-0.675498848279396
0.571368602539189	-2.33955779862644	-0.328584028409375	-0.336184351109705	-4.59693475699672	-0.5558321419096	-0.53076200625101
0.581368602539189	-2.38506103599754	-0.333577423689705	-0.340940826247936	-4.49802606860162	-0.449501653126392	-0.426057362998409
0.591368602539189	-2.42941951824631	-0.337687129920653	-0.344801243104616	-4.36945285436396	-0.377047450635232	-0.350323790249411
0.601368602539189	-2.47237641570673	-0.341198365286971	-0.348017325404715	-4.21880217830547	-0.328404305665605	-0.296005569283623
0.611368602539189	-2.51374131433199	-0.344310027748658	-0.35077165978365	-4.05189190817455	-0.296071924471603	-0.257088313659903
0.621368602539189	-2.55337465586882	-0.347156209448794	-0.353194327920572	-3.8730569709387	-0.274738408414571	-0.228747891257101
0.631368602539189	-2.59117466991539	-0.349825053134453	-0.35537460931569	-3.68571757305813	-0.259972892154641	-0.208242886974743
0.638788727728036	-2.61799387799149	-0.351723083920141	-0.356873671693917	-3.54254140372275	-0.251971118113569	-0.196128762884653
0.648788727728036	-2.6557482890924	-0.352887252727088	-0.342541599582256	-4.00705447936839	0.022009042195284	3.05796894343077
0.658788727728036	-2.69870572303711	-0.349174962323007	-0.298897012227145	-4.72713926353839	1.25636422752064	4.8271572876519
0.668788727728036	-2.7517708188117	-0.322130138067563	-0.254796686544069	-5.89385710172441	4.17732558023687	3.97411037411688
0.678788727728036	-2.81379312165177	-0.272354983016014	-0.214771226884999	-6.2855478233641	5.31431978015705	4.14281537213515
0.688788727728036	-2.87495982441072	-0.220031617763029	-0.173926577298128	-5.86724478595903	5.02503969196221	3.93380103440946
0.698788727728036	-2.93012205814536	-0.173434652501075	-0.137294750536793	-5.13841531877425	4.25194737114359	3.36122337058203
0.708788727728036	-2.97754731682508	-0.135263164368223	-0.107015116290285	-4.34940783872983	3.38592070707502	2.69630943338654
0.718788727728036	-3.01730896591176	-0.10542376745088	-0.0831658627989142	-3.61762267966724	2.60436572077607	2.08813889016487
0.728788727728036	-3.05022077137188	-0.0826969225704058	-0.0648879796909339	-2.98135335037604	1.9660396038413	1.58599793354153
0.738788727728036	-3.07725422848391	-0.0656237174624287	-0.051084945274189	-2.43999310541355	1.4704262465094	1.19215813119925
0.748788727728036	-3.09928913194249	-0.0528831306972274	-0.0407377628339229	-1.97884329015849	1.09539275266265	0.89149872912927
0.758788727728036	-3.11704090193184	-0.043401461127	-0.0330059280867649	-1.58079866485122	0.8150718816898	0.665275901655453
0.768788727728036	-3.13106286774011	-0.0363484422423121	-0.0272344125824553	-1.23057017041486	0.606111286516964	0.496975089967152
0.778788727728036	-3.141771824399	-0.0311000774766306	-0.0229236550713907	-0.916342084957785	0.451199350673442	0.371417319575068
0.788788727728036	-3.14947882077101	-0.0271903609789479	-0.0197010152912647	-0.628801498919929	0.336237478126585	0.277959673741175
0.798788727728036	-3.15441434713975	-0.0242744577367564	-0.0172884113432945	-0.361098728438578	0.25108362622392	0.208066938004162
0.808788727728036	-3.15674921998228	-0.0220965664410375	-0.0154800116488952	-0.108021186387697	0.187804587490884	0.155910833097136
0.818788727728036	-3.15660993196037	-0.0204671800880841	-0.0141230196706988	0.134302461762037	0.140483968401902	0.117252208204616
0.828788727728036	-3.15408997364914	-0.0192465519742042	-0.0131027803077708	0.368548460252223	0.105340158235988	0.0882285492039494
0.838788727728036	-3.14925890999498	-0.0183302536318175	-0.0123345674446965	0.596817969720891	0.0791778816271503	0.0664934617758093
0.848788727728036	-3.14216844702966	-0.0176406112005311	-0.0117549305051637	0.820628617483314	0.0597363751189134	0.0501853692090149
0.858788727728036	-3.13285723604411	-0.0171194348013001	-0.0113165430783604	1.04112808583022	0.0452381358589794	0.0380566956135985
0.868788727728036	-3.12135425599077	-0.016723316369172	-0.0109835801802436	1.25910302678581	0.0345285537556078	0.0289785321327411
0.878788727728036	-3.10768158782555	-0.0164194399667037	-0.0107292108955647	1.47514787867826	0.0266557926902501	0.0222329217761153
0.888788727728036	-3.09185636814763	-0.0161829984424297	-0.0105330897025512	1.68967206266046	0.0209340475712015	0.017261079111993
0.898788727728036	-3.07389235366235	-0.0159951242821812	-0.0103796910244404	1.90293966564157	0.0168775955325636	0.013619199465918
0.903357141331488	-3.06497714094276	-0.0159213613740077	-0.0103204948798689	2	0.0154664888161291	0.0123176638686905
0.913357141331488	-3.04391773434101	-0.0157791157026704	-0.0102089151955341	2.21171091182401	0.0131516818253047	0.0101316079568583
0.923357141331488	-3.02074631657246	-0.0156553068696616	-0.0101155052957492	2.42240227754981	0.0117420865133361	0.00865842233116238
0.933357141331488	-2.99547319496229	-0.0155418999178261	-0.0100338138960391	2.63203819948891	0.0110510514322888	0.00776040644532698
0.943357141331488	-2.96810938429938	-0.0154323914644044	-0.00995867201283122	2.84051911910614	0.0109409829162444	0.00733647205940205
0.953357141331488	-2.93866719989496	-0.015321421732717	-0.00988583103828798	3.04768334981709	0.0113252771908745	0.00729431674607887
0.963357141331488	-2.90716081640274	-0.0152044423161426	-0.00981175232614538	3.25331845519956	0.0121360076087223	0.00757178338866566
0.973357141331488	-2.87360678223001	-0.0150774938129982	-0.00973342619145178	3.45716491054002	0.013314712824377	0.00813386698560065
0.983357141331488	-2.83802450071526	-0.0149370690730802	-0.00964821119654422	3.65891363987327	0.0148220265811863	0.00894956530699377
0.993357141331488	-2.8004366969846	-0.0147800057610024	-0.0095537339020339	3.85820717241432	0.0166356577805585	0.00998591075296119
1.00335714133149	-2.76086987444503	-0.0146033931778399	-0.00944784537506627	4.05464562882542	0.0187334408852126	0.011222649298285
1.01335714133149	-2.71935474977127	-0.014404520904662	-0.00932858324653195	4.24778971468821	0.0210870104822963	0.0126550763102828
1.02335714133149	-2.67592665920832	-0.0141808795339802	-0.00919411376465256	4.43715719361168	0.0236778243865593	0.0142700074766337
1.03335714133149	-2.63062594949414	-0.0139301544841945	-0.00904271725144031	4.62222514808409	0.0264964931953336	0.0160435705272679
1.04335714133149	-2.58349834850975	-0.0136502086646333	-0.00887281400781008	4.80243819066363	0.02952521412494	0.0179608814658511
1.05335714133149	-2.53459529569644	-0.0133390947584907	-0.00868297360347846	4.97721284368052	0.0327348700490427	0.020017944633466
1.06335714133149	-2.48397422700944	-0.0129950890633326	-0.00847191195627933	5.14593933627277	0.0360929759257185	0.0222104669567499
1.07335714133149	-2.43169880559687	-0.012616748717723	-0.00823846924545595	5.30797991430433	0.0395854620360985	0.0245057881528674
1.08335714133149	-2.37783911780672	-0.0122029030785531	-0.00798167544670666	5.462683233961	0.0431896323779988	0.0268764154990393
1.09335714133149	-2.32247179554176	-0.0117526772203795	-0.00770077751292083	5.60939234413086	0.0468702499938178	0.0293049458831336
1.10335714133149	-2.26568006645319	-0.0112655177975531	-0.00739526174178183	5.74745249154129	0.0505785917959097	0.0317856119952216
1.11335714133149	-2.20755371711944	-0.0107412461967435	-0.00706483684853399	5.87621267692528	0.054273623566601	0.0342984059943922
1.12335714133149	-2.14818897791789	-0.0101800920684985	-0.0067094335304078	5.99503108294348	0.0579324623928586	0.0367969147653312
1.13335714133149	-2.08768833761923	-0.00958266727461748	-0.00632926769696384	6.10329291601823	0.0615222586052456	0.0392447457108712
1.14335714133149	-2.026160256653	-0.00894997062188773	-0.00592485261609736	6.20041994437387	0.0649992368324043	0.0416180898536104
1.15335714133149	-1.96371879000038	-0.00828338617837635	-0.0054970048348535	6.28587973931089	0.0683085603911742	0.0439073781353653
1.16335714133149	-1.90048311429056	-0.00758469749134872	-0.00504681497995474	6.3591892863794	0.0714013539057449	0.0460974882667597
1.17335714133149	-1.8365769668668	-0.00685610552147143	-0.00457559835681191	6.41991546728207	0.0742600898660091	0.0481374698018516
1.18335714133149	-1.77212803386701	-0.00610015226368424	-0.00408494823286076	6.46769430593403	0.0768614292234813	0.049988633451005
1.19335714133149	-1.70726725338332	-0.00531968672956198	-0.00357672171267294	6.50223811136238	0.0791746464040303	0.0516279099724634
1.20335714133149	-1.64212805901109	-0.00451782761186322	-0.00305301672609052	6.52334078070874	0.0811620864478644	0.053048498885515
1.21335714133149	-1.57684557676885	-0.00369792260208279	-0.00251614199957555	6.53088132461763	0.082780882758113	0.0542587349653505
1.22335714133149	-1.51155577234589	-0.00286356076031632	-0.00196851144491611	6.524813028441	0.0840258193940441	0.0552291269782162
1.23335714133149	-1.44639461217951	-0.00201848485647158	-0.00141265723481917	6.50517293925034	0.0849019249626962	0.0559272648724106
1.24335714133149	-1.38149721918424	-0.00116651722458554	-0.000851221834320826	6.4720863507244	0.0854078282220818	0.0563389802810265
1.25335714133149	-1.31699703618443	-0.00031150981507268	-0.000286918078782338	6.42576417335898	0.0855367129981111	0.0564671926026176
1.26335714133149	-1.25302502235704	0.000542711807149354	0.000277502403876306	6.36650033890593	0.085272218216217	0.0563368632558333
1.27335714133149	-1.1897088832173	0.001392364687407	0.000839327737078565	6.29465925893781	0.0846116659509158	0.0559654691021887
1.28335714133149	-1.12717235976049	0.00223372425900509	0.00139596006116134	6.21066256773766	0.083587601379798	0.0553354073430154
1.29335714133149	-1.06553461305166	0.00306321946404628	0.00194488362424149	6.11499352569209	0.0822294394881335	0.0544413596816843
1.30335714133149	-1.00490967283837	0.0038774770468606	0.00248368860866127	6.00819009379609	0.0805588335694929	0.0532952505128455
1.31335714133149	-0.94540597103429	0.004673359982351	0.00301009333804622	5.89083714845043	0.0785860221946287	0.0519298846186617
1.32335714133149	-0.88712595884894	0.00544798237288431	0.00352198625844145	5.76355416567324	0.0763197141601158	0.050385543804548
1.33335714133149	-0.830165809937818	0.00619870258347277	0.00401748496997906	5.62697905269918	0.073789114337696	0.0486813224658839
1.34335714133149	-0.77461522312505	0.00692313964772547	0.00449495565004601	5.48175851733434	0.0710455319354458	0.04681204857456
1.35335714133149	-0.720557329491075	0.0076192370412562	0.00495296226594077	5.32855064149538	0.0681260515929332	0.0447928038823409
1.36335714133149	-0.668068666363968	0.00828526805365266	0.0053902788328913	5.16801591185182	0.0650559020648158	0.0426549367668159
1.37335714133149	-0.617219226155704	0.00891982772242674	0.00580590862028237	5.00080695135021	0.0618571492960327	0.0404341821677245
1.38335714133149	-0.568072580360917	0.00952183581808285	0.00619907990030711	4.82756254561173	0.0585461208305722	0.0381729759146489
1.39335714133149	-0.520686048751309	0.0100904808098999	0.00656930710339062	4.64889012890561	0.055170524026552	0.0358730453720048
1.40335714133149	-0.475110955602839	0.0106252670279781	0.00691631412262162	4.46537334478639	0.051769073634721	0.0335452637618049
1.41335714133149	-0.431392913951294	0.0111260044539436	0.00724002219291029	4.27756836090686	0.0483700090375681	0.0312108260774638
1.42335714133149	-0.389572143183473	0.0115927865076765	0.00754054656459848	4.08599904678269	0.0449960795963087	0.0288943874332262
1.43335714133149	-0.349683816739897	0.0120259733790601	0.00781818043552802	3.89115488387794	0.0416634692663268	0.0266249085696133
1.44335714133149	-0.311758423971437	0.0124261557353224	0.00807339905842454	3.69348574244356	0.0383932971106095	0.0244208106283227
1.45335714133149	-0.275822147788095	0.0127941284731908	0.00830684756195826	3.4934000761679	0.0352144971105425	0.0222860298388976
1.46335714133149	-0.241897255285743	0.0131308878204596	0.00851929638254802	3.29126939917392	0.0321486579720311	0.0202288066008418
1.47335714133149	-0.210002480995981	0.0134376059776346	0.00871162327505634	3.08742848052234	0.029210448083911	0.0182609946676942
1.48335714133149	-0.180153401286516	0.0137155962753379	0.00888480583471032	2.88217407111545	0.0264143397091993	0.016389575268983
1.49335714133149	-0.152362806991048	0.0139663061236929	0.00903987910874701	2.67577037151129	0.0237611239572921	0.0146335688764281
1.50335714133149	-0.126641045599107	0.0141912585911933	0.00917795812262743	2.46844323337881	0.0212616669515588	0.012994308218096
1.51335714133149	-0.102996362449777	0.0143920476046102	0.0093001938929587	2.26038669489169	0.018922087840069	0.0114741654252415
1.52335714133149	-0.0814352131744548	0.0145703059760655	0.00940776539236715	2.0517634379331	0.0167491750839236	0.0100699263329832
1.53335714133149	-0.0619625562787981	0.0147276818731836	0.00950186248673679	1.84270716911031	0.0147502139587855	0.00877324451550861
1.54335714133149	-0.0445821311670583	0.0148658454926663	0.00958363365479686	1.63333168813489	0.0129118558557602	0.0075973831640929
1.55335714133149	-0.0292966871970671	0.0149864196982981	0.00965423181227159	1.42372259942136	0.0112349236781374	0.00653382598676332
1.56335714133149	-0.016108213299922	0.0150909964022198	0.00971475499331447	1.21394818963388	0.00970804345707171	0.00558564022887053
1.57335714133149	-0.00501811908127556	0.015181083033893	0.00976627791694852	1.00405422252153	0.00833296488924812	0.0047360066961162
1.58335714133149	0.00397258779646939	0.0152581242342766	0.00980979178852489	0.794075457491228	0.00709639929550761	0.00398383899617975
1.59335714133149	0.010863171575646	0.0153234594125515	0.00984622787093346	0.584032339277885	0.00598943433246255	0.00331970718437554
1.60335714133149	0.0156530539703904	0.01537831872967	0.00987643525334878	0.373936090965085	0.00500004338975021	0.00273552321625644
1.61335714133149	0.0183417301831104	0.0154238097811055	0.00990117330072186	0.163791372532438	0.00411341791208434	0.00222438476290007
1.62335714133149	0.018928714413053	0.0154608983024554	0.00992111417410424	-0.0464027092856849	0.00331758411075227	0.00177378338021798
1.63335714133149	0.0174135068997205	0.0154904085399175	0.00993682292795975	-0.256647421600603	0.00259565450062105	0.00137558099666084
1.64335714133149	0.0137955940984996	0.0155130057783742	0.00994876281051748	-0.466943575140944	0.00193203426638093	0.00101844264582628
1.65335714133149	0.00807447274344753	0.0155291911362475	0.00995728712488778	-0.677288169269786	0.0013105319152406	0.000690440609826689
1.66335714133149	0.000249701344185182	0.0155392970702812	0.00996263258485574	-0.887671160249399	0.00071287959490383	0.000381129797587193
1.67335714133149	-0.00967901863335217	0.0155434765861858	0.00996492270013067	-1.09807391650995	0.000122660960643668	7.68488449207808e-05
1.68335714133149	-0.0217117384064367	0.0155417069022935	0.00996415544968097	-1.30846470659724	-0.000480260884264123	-0.000232071324238144
1.69335714133149	-0.0358481245590559	0.0155337763843947	0.00996021403304501	-1.51879824505299	-0.00111234344846768	-0.000560335384197535
1.70335714133149	-0.0520873011129085	0.0155192936915865	0.00995285256199717	-1.72901057967128	-0.00179392113905733	-0.000917958914907829
1.71335714133149	-0.0704276581357673	0.015497677682176	0.00994170830822284	-1.93901867006096	-0.00254182921901723	-0.00131922232964955
1.72335714133149	-0.0908666397453466	0.0154681678120624	0.00992629152507575	-2.14871578809848	-0.00337554222857818	-0.00177466466718137
1.73335714133149	-0.113400501602202	0.0154298218426588	0.00990599435904901	-2.35797025902193	-0.00431283069197462	-0.00229617113619877
1.74335714133149	-0.138024044650934	0.0153815197781239	0.00988009568064904	-2.56662336198542	-0.00536841737553649	-0.00289825494671168
1.75335714133149	-0.164730329261103	0.0153219835928651	0.00984775064852113	-2.77448435092018	-0.00656226427759625	-0.00358723936953816
1.76335714133149	-0.193510358345069	0.0152497717521567	0.00980801604429768	-2.98133187290063	-0.00790793804482252	-0.00437533918298809
1.77335714133149	-0.224352746488116	0.0151632963389275	0.00975985267571793	-3.1869111608935	-0.00941521182649133	-0.00527686226954527
1.78335714133149	-0.257243375167324	0.0150608551243283	0.00970211488090915	-3.39092883398185	-0.0111012105199119	-0.0062936722394781
1.79335714133149	-0.292165022501036	0.0149406320979686	0.00963358503884312	-3.59305582976624	-0.0129766102725972	-0.00743186319259536
1.80335714133149	-0.329096986591195	0.0148007151887303	0.0095529929616025	-3.7929276239723	-0.0150418238310947	-0.0087058996774054
1.81335714133149	-0.368014711104463	0.014639144685885	0.00945900355605283	-3.99013878561603	-0.017302850386079	-0.0101181095694337
1.82335714133149	-0.408889401279783	0.0144539383189261	0.00935023997917637	-4.18424407655776	-0.0197679328259541	-0.0116622424689551
1.83335714133149	-0.451687640198241	0.0142431057123112	0.0092253260450288	-4.37476325093919	-0.0224343728978482	-0.0133393859598153
1.84335714133149	-0.49637102116598	0.0140046815436085	0.0090829111467847	-4.56118298210967	-0.0252867667521033	-0.015159636688177
1.84925667331865	-0.523598775598345	0.0138503142227057	0.0089901476927838	-4.6690186925143	-0.0270503909947801	-0.0163022000009769
1.85925667331865	-0.576780792285908	0.0184189027820101	0.0264312152365311	-5.96370294770454	0.936509660675227	3.49999297290751
1.86925667331865	-0.643557283441438	0.0355285863365022	0.0739835983342649	-7.54438109226812	3.09476415615375	5.02996332021719
1.87925667331865	-0.727465857872251	0.0817276766687644	0.121473863949753	-8.94083366861136	5.47410814731419	4.79845980608898
1.88925667331865	-0.817875475001701	0.136641982730676	0.169362558350844	-9.02568267643204	5.33275972743726	4.6429974200145
1.89925667331865	-0.906623907174045	0.186321857048397	0.212717186388065	-8.69106802197243	4.55527170758259	3.98352372697298
1.90925667331865	-0.991400391698922	0.227305018619393	0.248734510740957	-8.26348239140644	3.64297030353587	3.21722499934159
1.91925667331865	-1.07199936324817	0.259382510108137	0.277249530362251	-7.86612104499463	2.79053809405565	2.49957291566013
1.92925667331865	-1.14895026993432	0.283525984087379	0.299070474250793	-7.53651444023199	2.06120400522412	1.88193788929368
1.93925667331865	-1.22296771841112	0.301041448947517	0.315274455954009	-7.27868099132016	1.46398526791369	1.37674901286157
1.94925667331865	-1.29474341432069	0.313228828301566	0.326945600702283	-7.0863786469865	0.992791224805812	0.974351221081499
1.9512726534891	-1.30899693899575	0.315147519197872	0.328839385587661	-7.05475828391661	0.912175219415664	0.904050864137619
1.9612726534891	-1.37372016609963	0.317376911605726	0.321707811091186	-5.88318177847022	-0.452863213930751	-2.35819349477807
1.9712726534891	-1.42603672062929	0.304717504133657	0.28350204684984	-4.43147957809863	-2.58465503529125	-4.51225842824845
1.9812726534891	-1.46181446335536	0.262539034787114	0.239166753283827	-3.01095753556405	-5.1978080296687	-4.66613797732577
1.9912726534891	-1.49051202088932	0.208490357230299	0.191505061421883	-2.86531543918585	-5.40249768540701	-4.71313068071342
2.0012726534891	-1.52103814254603	0.157393440279571	0.146986745814644	-3.29817018192705	-4.73257683411832	-4.12139367407195
2.0112726534891	-1.55711682702276	0.114780122762768	0.109725680189684	-3.92721110292394	-3.77755074311831	-3.31995395419334
2.0212726534891	-1.59950043913642	0.081701672914844	0.0804811061452294	-4.5362866424965	-2.85722311943781	-2.54687224027768
2.0312726534891	-1.64747068106706	0.0570872575906886	0.0583768732092859	-5.03735951736651	-2.09395444716604	-1.8998719421693
2.0412726534891	-1.69982210323565	0.0392193976499175	0.0420153845533435	-5.41242845350297	-1.5079851029153	-1.39535096194682
2.0512726534891	-1.75534187342701	0.0264216012879109	0.0300319204613457	-5.6738687894133	-1.07560378837306	-1.01934019776346
2.0612726534891	-1.81298936925403	0.0173069712803729	0.0212817255182343	-5.8416876880967	-0.765199200483554	-0.745205559062324
2.06461748377388	-1.83259571459421	0.0148869456022895	0.0189147443149884	-5.88033802080762	-0.683544724499123	-0.671322495939755
2.07461748377388	-1.88595798292989	0.00402107123444886	-0.00538508089861841	-4.792016548342	-1.48929877894721	-4.17875781012382
2.08461748377388	-1.9271969520603	-0.0198431330145365	-0.0565659688201808	-3.30560816799643	-3.88299686622954	-5.09012458156828
2.09461748377388	-1.95377135701552	-0.070961125676039	-0.105597243471163	-2.34101528745149	-5.62956887008147	-4.97772666122706
2.10461748377388	-1.97765473304604	-0.126214654569451	-0.154185212053686	-2.52875154770002	-5.28180702988415	-4.62816274699184
2.11461748377388	-2.00537619202008	-0.17500651965372	-0.196993168477004	-3.03573318415587	-4.44453903578588	-3.90653292405485
2.12461748377388	-2.03843303395353	-0.214944064646302	-0.232216298333553	-3.56641147467797	-3.55432578495279	-3.14295805623102
2.13461748377388	-2.07643251910664	-0.246395601671746	-0.260199384200699	-4.01541050869104	-2.75949833418166	-2.47039019522196
2.14461748377388	-2.11836630704405	-0.270609685204798	-0.282018397576619	-4.35218047514761	-2.10823069863318	-1.91226786659929
2.15461748377388	-2.16311540083308	-0.289012196519957	-0.298844296426131	-4.58015993121557	-1.59496988555398	-1.46998282629363
2.16461748377388	-2.20965070286246	-0.302911550359062	-0.311755865504025	-4.71223504453574	-1.20343519697239	-1.12754794172681
2.17461748377388	-2.25709296078264	-0.313418519176908	-0.321666506803168	-4.76426103782544	-0.912844542577241	-0.866998744005736
2.18461748377388	-2.30472178275437	-0.321433513257733	-0.329315876767325	-4.75205929654522	-0.70161498166918	-0.672844135593441
2.19461748377388	-2.3519650063303	-0.327658039607833	-0.335289941120332	-4.68927468859527	-0.551904622883144	-0.529707806575677
2.20461748377388	-2.39837765445528	-0.3326251755576	-0.340038218087862	-4.58770083285281	-0.447817874785063	-0.425820256447521
2.21461748377388	-2.44362079523542	-0.336727013506099	-0.343900302864184	-4.45676335533096	-0.377057695098743	-0.350910148910885
2.22461748377388	-2.48744009125441	-0.340245065316801	-0.34712590715299	-4.30403547232731	-0.329625163283775	-0.297394272313419
2.23461748377388	-2.52964763848405	-0.343374566702152	-0.349896280681473	-4.13523554459165	-0.298339545904486	-0.258924222733444
2.24461748377388	-2.57010589211072	-0.346247475999725	-0.352339072403539	-3.95480556060172	-0.277533370578404	-0.231237015804321
2.25461748377388	-2.60871539332226	-0.348948698694698	-0.35454352107683	-3.7659448018212	-0.263468924146668	-0.210773325378017
2.25709700527778	-2.6179938779915	-0.34959854036477	-0.355060731089954	-3.71810583535811	-0.260682389022231	-0.206528492432506
2.26709700527778	-2.65758634057522	-0.350699530823951	-0.34082106590705	-4.1989268360291	0.0436616660279799	3.0489869846958
2.27709700527778	-2.70255034977309	-0.346571180856413	-0.297344988171777	-4.9374122921399	1.3220759281156	4.79561893345746
2.28709700527778	-2.75778469538883	-0.318725697337004	-0.253555096065915	-6.11675907679656	4.27011910948546	3.94524796818419
2.29709700527778	-2.82171979470328	-0.268744999314678	-0.2133714090752	-6.45654252312835	5.29921515332233	4.15533316555755
2.30709700527778	-2.88448224503447	-0.216734004092192	-0.172526937982591	-6.01802668443437	4.98187164179821	3.92330314290503
2.31709700527778	-2.94110598837932	-0.170626470457317	-0.13605870450711	-5.28214476703176	4.20143141468371	3.33858508153263
2.32709700527778	-2.98996088759465	-0.132966763828486	-0.106005971377548	-4.4925858347582	3.33569696140587	2.67401366948444
2.33709700527778	-3.03117160587509	-0.103591817046622	-0.0823791787714608	-3.76363755282575	2.55910159453063	2.07011659332512
2.34709700527778	-3.0655703646555	-0.0812617601532273	-0.0642865437846404	-3.1323906284941	1.93073856231939	1.56857163584455
2.35709700527778	-3.09413454240879	-0.0645076470079322	-0.0506368110785826	-2.59512570289765	1.44206981868441	1.17847314194628
2.36709700527778	-3.11773894725506	-0.0520205780862746	-0.0404092242504934	-2.13753431448222	1.07293549418031	0.881071378492994
2.37709700527778	-3.13709323299634	-0.0427375422131497	-0.0327691673834502	-1.74236166430017	0.797139074267947	0.657862663394285
2.38709700527778	-3.15274450347615	-0.0358402180740213	-0.0270655213404802	-1.39468890073276	0.592447147153473	0.491114813601731
2.39709700527778	-3.16510498921975	-0.0307122848633113	-0.0228055207397347	-1.08246754029543	0.440673233407436	0.367031371616927
2.40709700527778	-3.17448141568837	-0.0268959606317388	-0.019619752138303	-0.796634038043513	0.328389764593801	0.274407562357483
2.41709700527778	-3.18110133681399	-0.0240513617903636	-0.0172348445191449	-0.530160677297436	0.244778380674455	0.205800753006636
2.42709700527778	-3.18513262572848	-0.0219285898669306	-0.0154462414156098	-0.278131906135109	0.182779449243869	0.154488284164601
2.43709700527778	-3.186699596754	-0.0203422302775164	-0.0141028839985874	-0.0367734590582685	0.136736283438591	0.116068063167738
2.44709700527778	-3.18589423741708	-0.0191548527963282	-0.0130926264841881	0.196727575567775	0.102402751610116	0.0873895952690852
2.45709700527778	-3.18278453023335	-0.0182647568965046	-0.012331581167686	0.424383703066914	0.0768626364091477	0.0658585534921669
2.46709700527778	-3.17742085922049	-0.0175961136935679	-0.0117573383204508	0.647719514311586	0.0578469686461782	0.0497037353970106
2.47709700527778	-3.1698405741392	-0.0170922865906439	-0.0113232671042798	0.867874157324803	0.0436365397140882	0.0376669271689521
2.48709700527778	-3.16007132918191	-0.016711109010541	-0.0109940777585329	1.08563313778638	0.0331262395416905	0.0286058066979061
2.49709700527778	-3.14813381711225	-0.0164206840707777	-0.0107434481521229	1.30161350439149	0.0253509508732686	0.0218568429034734
2.50709700527778	-3.13404361185648	-0.0161970301590701	-0.010551325364521	1.51623058604786	0.0196770389113551	0.0168251843546041
2.51709700527778	-3.11781274882506	-0.0160218475639223	-0.0104025399814152	1.72978329604696	0.0155891007491043	0.0131271291792244
2.52709700527778	-3.09945088219916	-0.015881135899012	-0.0102854295356505	1.94245453509037	0.0127306274280037	0.0104469067589932
2.52980938187183	-3.09410415481023	-0.0158474404488791	-0.0102578896112601	2	0.0121356456997588	0.00985757375681246
2.53980938187183	-3.07304509911246	-0.0157351664496865	-0.0101683285807298	2.21168493837704	0.0104537656492194	0.00816203813724932
2.54980938187183	-3.04987300387526	-0.0156359440287369	-0.0100927369737331	2.42260403099989	0.00949803969411374	0.00704363142021072
2.55980938187183	-3.02459573622464	-0.0155432795337922	-0.0100258554875365	2.63270412817657	0.009127134472267	0.00639913741264941
2.56980938187183	-2.99722200473931	-0.0154518214660121	-0.00996339952514026	2.84187469683144	0.00923994074414946	0.00615067584860911
2.57980938187183	-2.96776189551806	-0.0153570605772784	-0.00990178070184278	3.04994898495415	0.00977517198000289	0.0062264667043424
2.58980938187183	-2.9362273885926	-0.0152550703177573	-0.00983795000050472	3.25671352024704	0.0106822936815618	0.00658233581185807
2.59980938187183	-2.90263284227761	-0.0151423425759437	-0.00976925220356754	3.46190948173717	0.0119173894015664	0.00719549963923802
2.60980938187183	-2.8669954544907	-0.015015696885102	-0.00969328870717341	3.66522792613713	0.0134583072035163	0.00803685083452309
2.61980938187183	-2.82933572635174	-0.014872183342985	-0.00960786477947087	3.86631456863456	0.015289427005617	0.00908328865697269
2.62980938187183	-2.78967791377021	-0.0147090199856076	-0.00951095342423275	4.0647733220003	0.0173911353036079	0.0103256382049717
2.63980938187183	-2.74805046264637	-0.0145235689251679	-0.00940065753855306	4.26016640531437	0.0197414688960025	0.0117624564137971
2.64980938187183	-2.70448642244352	-0.0143133540567014	-0.00927515704626074	4.45200947655059	0.0223352754903892	0.0133727773132066
2.65980938187183	-2.65902385926253	-0.0140760354524244	-0.00913273858099289	4.63978012123528	0.0251625537373913	0.0151407078933341
2.66980938187183	-2.61170623845248	-0.0138094149824856	-0.00897180870198914	4.82292235791925	0.0282018002728951	0.0170617883983925
2.67980938187183	-2.56258277240632	-0.0135114632681307	-0.0087908977786673	5.00084889378614	0.0314230637016496	0.0191376787251008
2.68980938187183	-2.5117087208925	-0.0131803824085525	-0.0085886319327272	5.17293743091751	0.0348127466568177	0.0213440173377519
2.69980938187183	-2.45914566452727	-0.0128146111945701	-0.00836378522704938	5.3385415748926	0.0383544550749283	0.0236537681803196
2.70980938187183	-2.40496172015598	-0.0124128442792816	-0.00811531905213259	5.49699983445858	0.0420188128757305	0.0260496897108906
2.71980938187183	-2.3492316901041	-0.0119740626612667	-0.00784240869967733	5.64764290496176	0.0457615529210838	0.028526788937613
2.72980938187183	-2.29203713261481	-0.0114975890758958	-0.00754443654558993	5.78979572308051	0.049540976876895	0.0310708201263073
2.73980938187183	-2.23346635484618	-0.0109831390027581	-0.00722098535401854	5.92278045169358	0.0533347739951921	0.0336378999500159
2.74980938187183	-2.17361434168482	-0.0104308035288671	-0.0068719082245272	6.0459342780501	0.0571113445831528	0.0361914301680352
2.75980938187183	-2.11258258441555	-0.00984106190329052	-0.0064973505183489	6.15861958499132	0.0608269935533052	0.0387068293873178
2.76980938187183	-2.05047881627506	-0.00921478989428788	-0.00609776396610751	6.26023371284319	0.0644252623686408	0.041173783958898
2.77980938187183	-1.98741664663504	-0.00855328554847598	-0.00567388413125553	6.35021305919144	0.0678545287358822	0.0435757317286063
2.78980938187183	-1.92351509942871	-0.00785829689926887	-0.00522668950909717	6.42803467058357	0.0710929951718363	0.0458601645580606
2.79980938187183	-1.85889808875621	-0.0071319567695512	-0.00475746036001747	6.49323640321475	0.0741127383917448	0.0479853535685385
2.80980938187183	-1.79369379648551	-0.00637675587603853	-0.0042677733435183	6.54542591745113	0.0768772434069851	0.0499250427489527
2.81980938187183	-1.72803397351971	-0.00559551176155096	-0.00375948590444392	6.58428795122312	0.0793413635958395	0.0516699980257217
2.82980938187183	-1.66205317408929	-0.00479133820698169	-0.00323470584102805	6.60958877486058	0.0814564873994652	0.0532228653969275
2.83980938187183	-1.59588792204922	-0.0039676598939693	-0.00269569178368004	6.62116777765053	0.0832124659986558	0.0545467256529274
2.84980938187183	-1.52967587080606	-0.00312812229936439	-0.00214487477898259	6.61895010063383	0.0846071479201533	0.05560419110612
2.85980938187183	-1.46355493462828	-0.002276519538807	-0.00158484974667144	6.60295285825173	0.085631134146608	0.0563771570505828
2.86980938187183	-1.3976624075511	-0.0014167424763504	-0.00101833655390701	6.57328467653217	0.0862684547137607	0.0568663246175402
2.87980938187183	-1.33213409371398	-0.000552725669290174	-0.000448140163328124	6.53014367224059	0.086496772227094	0.0570910547385191
2.88980938187183	-1.26710345584014	0.000311574563733889	0.000122928093737734	6.47380693251136	0.0863095548997029	0.0570614232832447
2.89980938187183	-1.20270080778438	0.00117220313782777	0.000692125454511146	6.40461911009453	0.0857362115885424	0.0567526020217748
2.90980938187183	-1.13905259156252	0.00202531373918379	0.00125674186802737	6.3229993567746	0.0847991477001308	0.0561581504140156
2.91980938187183	-1.07628070545048	0.00286721374879394	0.00181413617114825	6.22943379946411	0.0835134795723473	0.0552896454724704
2.92980938187183	-1.01450191094717	0.00369440279980454	0.00236177225389357	6.1244666178371	0.0818883392223072	0.0541741841199473
2.93980938187183	-0.953827327676402	0.00450360924672035	0.00289724869076853	6.00869104886473	0.079926348580364	0.0528540789059981
2.94980938187183	-0.89436200394703	0.00529176870708182	0.00341839111551994	5.88272805079135	0.0776614067629962	0.0513384319196269
2.95980938187183	-0.836204606579136	0.00605607640557631	0.00392324138714902	5.74722264939168	0.0751394354249555	0.0496261996724982
2.96980938187183	-0.77944720640373	0.00679403775240199	0.00441003796087924	5.60284119525001	0.0723965804387219	0.0477324380535094
2.97980938187183	-0.724175145726876	0.00750348047632107	0.00487723356858923	5.45026145796332	0.0694614374876325	0.0456844251728456
2.98980938187183	-0.670466996239955	0.00818256935335237	0.00532349889711588	5.29016497746899	0.0663517261001687	0.0435247679875147
2.99980938187183	-0.618394591174175	0.00882979093624215	0.00574775350005227	5.12322443253786	0.0630890947001955	0.041291811294032
3.00980938187183	-0.568023130072561	0.00944392671769547	0.00614920131165873	4.95009024848757	0.0597189057893359	0.0389938543644212
3.01980938187183	-0.519411369221788	0.0100240834210954	0.00652728505577643	4.77139197723084	0.0562854970232964	0.0366392741608019
3.02980938187183	-0.472611863257201	0.0105696987503665	0.00688166269563694	4.58773600018581	0.0528221627882252	0.0342482771002769
3.03980938187183	-0.427671251105823	0.0110805303458976	0.00721219730290446	4.39970120865618	0.0493506136210763	0.0318528421316927
3.04980938187183	-0.384630576704715	0.0115566271540876	0.00751896215625833	4.20783238606913	0.0458907528428156	0.0294838131151836
3.05980938187183	-0.343525643422813	0.0119983088847803	0.0078022296384169	4.01263697036155	0.0424624619410036	0.0271681138980822
3.06980938187183	-0.304387382523424	0.0124061179942452	0.00806248980166592	3.81457699184665	0.03910551787382	0.0249033091544292
3.07980938187183	-0.267242258691066	0.0127808439393463	0.00830037390553257	3.61407858361077	0.0358456660270173	0.0226998048251497
3.08980938187183	-0.232112665589906	0.0131234921525941	0.00851664434289602	3.41153005790842	0.0326995412783956	0.0205744223205481
3.09980938187183	-0.199017321585952	0.0134352511098036	0.00871218499190641	3.20728041076144	0.0296801885732356	0.018543299401864
3.10980938187183	-0.16797166320351	0.0137174682633728	0.00888797898710177	3.00164054362163	0.0267955783311349	0.0166236761002674
3.11980938187183	-0.138988222838838	0.0139716072381091	0.00904510975215711	2.79488076664506	0.0240604947610577	0.0148189768527412
3.12980938187183	-0.112077000869206	0.0141992322413538	0.00918472818968018	2.5872348190741	0.0214887631981182	0.0131286183296553
3.13980938187183	-0.0872458195939451	0.0144019905816322	0.00930802297793616	2.37890371017809	0.0190870356520348	0.011555944262669
3.14980938187183	-0.0645006535176279	0.0145815843042932	0.009416206424416	2.17005717048977	0.0168570399098614	0.0101055730456277
3.15980938187183	-0.0438459349064853	0.0147397349267169	0.00951051069696063	1.96083355750455	0.0148033848442487	0.00877384325670241
3.16980938187183	-0.0252848455673461	0.0148781815135774	0.00959214475810337	1.7513471740159	0.0129180919977209	0.00756846818384553
3.17980938187183	-0.00881956705594857	0.0149986269995538	0.00966231910708352	1.54168370122333	0.0112035463888955	0.00648002121400214
3.18980938187183	0.00554847513807236	0.0151027498376481	0.00972219107642843	1.33191017807473	0.00964907013066316	0.00551162119443468
3.19980938187183	0.0178184132119204	0.0151921550086882	0.00977288954073105	1.12207097515396	0.00825252645493961	0.00465213081329933
3.20980938187183	0.0279897524433585	0.0152683685435341	0.00981548784606508	0.912193307025294	0.00701144996377143	0.00388758467733081
3.21980938187183	0.0360622102210231	0.0153328445965707	0.00985096376346024	0.702295276647751	0.00590609991183	0.00322275957550278
3.22980938187183	0.0420356014474298	0.015386911971064	0.00988023912496487	0.492379850170931	0.00492763169093454	0.00264609440528203
3.23980938187183	0.0459097329945673	0.0154317806780713	0.00990414596152745	0.282442153766538	0.00406354945720786	0.00214824183982735
3.24980938187183	0.0476843325643539	0.0154685262405114	0.0099234240596067	0.0724713609939699	0.00330051059454754	0.00171878551823176
3.25980938187183	0.047359003146122	0.0154980806339771	0.00993871213399766	-0.137546167977665	0.00262308817048388	0.00134805175488113
3.26980938187183	0.0449332055013169	0.0155212215208425	0.00995054382562554	-0.347624441855159	0.00201476697917914	0.00102608483827427
3.27980938187183	0.0404062685192999	0.0155385605411759	0.00995934695939737	-0.557775860166844	0.00146043157084069	0.000739751634471429
3.28980938187183	0.03377742316192	0.015550544264024	0.00996542927550773	-0.768006650394924	0.000940596315658306	0.000480177186101478
3.29980938187183	0.025045869723321	0.0155574370780002	0.00996898860195852	-0.978316609945197	0.000439432726293721	0.000232896565963243
3.30980938187183	0.0142108655293209	0.0155593271514723	0.00997009645485268	-1.18869391538607	-6.29713238506976e-05	-1.22410955200522e-05
3.31980938187183	0.00127184610075989	0.0155561142353298	0.00996870628668665	-1.39911427402172	-0.00058443568535413	-0.000268595177885131
3.32980938187183	-0.0137714303724986	0.0155475117039131	0.00996464621433863	-1.60953715299567	-0.00114386846503039	-0.000548517752259789
3.33980938187183	-0.0309187095990467	0.0155330447272082	0.0099576190093958	-1.81990319791342	-0.00176066081092412	-0.000863864861314886
3.34980938187183	-0.0501690399940976	0.0155120480054039	0.00994720513492149	-2.03013209713121	-0.0024527269702239	-0.00122816767548981
3.35980938187183	-0.0715205471016922	0.0154836727561615	0.00993285740690741	-2.24011879699109	-0.00323994060214367	-0.00165202030615188
3.36980938187183	-0.0949701775255727	0.0154468821018516	0.00991391315862508	-2.44973279002815	-0.00413794300802874	-0.00215047194958412
3.37980938187183	-0.120513424322053	0.0154004702036607	0.00988958095275144	-2.65881265994182	-0.005167422625677	-0.00273100885428334
3.38980938187183	-0.148144018827268	0.0153430540767225	0.0098589652160048	-2.86716740591045	-0.00634211661190583	-0.00340812594064448
3.39980938187183	-0.177853608527082	0.0152730954350799	0.0098210584560031	-3.07457179596282	-0.00767648118660397	-0.00419321299726166
3.40980938187183	-0.209631412337129	0.015188918828448	0.00977474344131136	-3.28076343693961	-0.00918858555911255	-0.00509038044406366
3.41980938187183	-0.243463850959442	0.0150887106535742	0.00971882469569281	-3.4854451103385	-0.0108870648337388	-0.00611219781588721
3.42980938187183	-0.279334171226275	0.0149705490002697	0.00965202795396884	-3.68828128316754	-0.0127778380945765	-0.00727063611820803
3.43980938187183	-0.317222061404725	0.0148324424862692	0.00957299506234873	-3.88889380591292	-0.0148747715410067	-0.0085630484013801
3.44980938187183	-0.35710324841142	0.0146723348105193	0.00948032800803737	-4.08686658050314	-0.0171832152307859	-0.00999211912257377
3.45980938187183	-0.398949099652327	0.0144881301971317	0.00937261370254991	-4.28174688260108	-0.019696085554017	-0.0115701080339071
3.46980938187183	-0.442726239255669	0.0142777514196521	0.00924841470632931	-4.47304074558014	-0.0224110455531748	-0.0132966926526843
3.47980938187183	-0.488396168851255	0.0140391770344563	0.00910629186492478	-4.66021440750996	-0.0253305897536106	-0.0151583052758088
3.48725398592379	-0.523598775598417	0.0138420936738888	0.00898802628295421	-4.79654808858475	-0.0276291179560832	-0.0166312082192138
3.49725398592379	-0.578051829793322	0.0183967444446656	0.0264271318950475	-6.0902941981596	0.93422634108566	3.49974769467171
3.50725398592379	-0.646086270590717	0.0354714137544227	0.0739711598493068	-7.66880180219723	3.08833016445271	5.0304344026456
3.51725398592379	-0.73125551132029	0.0816517602419005	0.121423324903835	-9.06682719185702	5.47176705308883	4.79565400221573
3.52725398592379	-0.822912930254554	0.136519750590452	0.169281299553807	-9.14906358227778	5.32532263018028	4.6401238411657
3.53725398592379	-0.912887799138059	0.186118297022569	0.212584100153957	-8.81183890493242	4.54281627223862	3.98079550083059
3.54725398592379	-0.998869222158845	0.22698575949468	0.248536227065912	-8.38285347022947	3.62961876177046	3.21059071653214
3.55725398592379	-1.08065613429579	0.258930958091632	0.276964863516354	-7.98331540644248	2.77423020703531	2.49335507566272
3.56725398592379	-1.15877659874322	0.28292625139897	0.298695062990609	-7.65259888563542	2.04594217641648	1.87281497854605
3.57725398592379	-1.23394780955902	0.300292106788403	0.314803538048521	-7.39358902774319	1.45021092959187	1.36589560652025
3.58725398592379	-1.30686264809673	0.312339033011371	0.326377268423372	-7.19952558830105	0.979326529745176	0.96483885898957
3.58755053812193	-1.30899693899575	0.312627574327516	0.326661936880823	-7.19468951741864	0.967226548675721	0.954292858228921
3.59755053812193	-1.37504705689896	0.315268953364049	0.320028753853147	-6.00866974756458	-0.425181703808739	-2.30891856837854
3.60755053812193	-1.42856487278531	0.302823357665728	0.28220548899497	-4.54649635254013	-2.56843875694255	-4.48651138611345
3.61755053812193	-1.46546866133617	0.260795899276168	0.238050529472898	-3.12357713336901	-5.17978710954211	-4.65345942355267
3.62755053812193	-1.4952931274493	0.206942468787029	0.190513268772913	-2.97867021041081	-5.37949150510217	-4.70353182424523
3.63755053812193	-1.5269400790322	0.15605353739818	0.146125952632848	-3.41076355566026	-4.70787302322262	-4.11319807929369
3.64755053812193	-1.5641235987061	0.113648939599772	0.108985494683779	-4.03610351998008	-3.75851820225715	-3.30701392714491
3.65755053812193	-1.60758291336011	0.0807560890234122	0.0798559203200807	-4.64148202476058	-2.84231568281832	-2.53298838540433
3.66755053812193	-1.65659403055584	0.0562979299046378	0.0578575551437317	-5.13952355633175	-2.08010877266135	-1.88946159468256
3.67755053812193	-1.70995048964738	0.0385610627796309	0.0415857889052574	-5.51140335286344	-1.49513563607824	-1.38838916775364
3.68755053812193	-1.76643892935234	0.0258719768493295	0.0296748246993628	-5.76927651400003	-1.0645799022221	-1.01439978019961
3.69755053812193	-1.82501881956764	0.0168472635638028	0.0209800222498736	-5.93296024567574	-0.757559131882026	-0.739833269828867
3.69882596590435	-1.83259571459421	0.0159016881665063	0.020054973525672	-5.94820466386307	-0.725370333827825	-0.711028366639287
3.70882596590435	-1.88662290144325	0.00459417604714484	-0.00464846936735003	-4.85820818488809	-1.53203675152251	-4.22487144712709
3.71882596590435	-1.92846859278858	-0.0198952738615681	-0.0559991230973664	-3.36283259776715	-3.95771579424159	-5.08928987151333
3.72882596590435	-1.95581358012407	-0.0713201243118568	-0.105219684441734	-2.43253226594174	-5.63405043928463	-4.99306137758838
3.73882596590435	-1.98068031865325	-0.126518921575034	-0.153870503665919	-2.63224820224685	-5.26874032049041	-4.62770516331325
3.74882596590435	-2.00946256117923	-0.175143306853681	-0.196633132699982	-3.14366129232278	-4.42491080410676	-3.89952540277781
3.75882596590435	-2.0436032970916	-0.214878031405443	-0.231769325954558	-3.67492190994969	-3.53367894279306	-3.1334446272353
3.76882596590435	-2.08268254378113	-0.246128566486765	-0.259654701103731	-4.12264820902313	-2.74016078615677	-2.46067251028113
3.77882596590435	-2.12567822043644	-0.270160167775201	-0.281381142569268	-4.45707873653469	-2.09159648448819	-1.90307256728366
3.78882596590435	-2.17146351010587	-0.288408331016337	-0.298124718069633	-4.68249211380839	-1.58062598246678	-1.46296353949928
3.79882596590435	-2.21900676363594	-0.302181247255558	-0.310971390639132	-4.8114171718679	-1.19267429833862	-1.12135824280715
3.80882596590435	-2.26742664956986	-0.312592577454992	-0.320831488455255	-4.86053217795878	-0.904702420343901	-0.862730872123339
3.81882596590435	-2.31600375909016	-0.320539019830997	-0.328446271996289	-4.84542948724299	-0.696127256332054	-0.669996396278962
3.82882596590435	-2.36416724675958	-0.326719486150616	-0.33439961127641	-4.77993533849605	-0.548702941703511	-0.528138462884856
3.83882596590435	-2.41147417788663	-0.331663556277702	-0.339138968824472	-4.67590730276061	-0.446437915397986	-0.42544893524231
3.84882596590435	-2.45758804356958	-0.335759425985592	-0.34300215184189	-4.54274220603274	-0.377186401845164	-0.351466586223421
3.85882596590435	-2.50225693206155	-0.3392851074112	-0.346236892540955	-4.38800538071083	-0.330998963215066	-0.29859761221059
3.86882596590435	-2.54529520550691	-0.342432970733979	-0.349022322303348	-4.21744726128623	-0.300594320707464	-0.260705937881599
3.87882596590435	-2.58656760484023	-0.345332005737601	-0.351484970587032	-4.03542111292408	-0.280580680524704	-0.233256983189409
3.88676067718458	-2.61799387799151	-0.347511639462864	-0.35326818925061	-3.88503819516331	-0.269377966822362	-0.216832001301392
3.89676067718458	-2.65933729655692	-0.348550928947321	-0.339119665430006	-4.38202112997525	0.0650025565682915	3.04018300403438
3.90676067718458	-2.70622385365355	-0.343994888461525	-0.295835737862032	-5.13889199289058	1.38749916023591	4.76384677420125
3.91676067718458	-2.7635394316185	-0.315353973503232	-0.252354121623837	-6.33052043474385	4.36093179843934	3.91889402363468
3.92676067718458	-2.82927781217234	-0.265221257351392	-0.211994076447865	-6.61799672021681	5.28199605111145	4.16744082160902
3.93676067718458	-2.89355062442018	-0.213524243019071	-0.171159845218251	-6.16035505448839	4.93774242571971	3.91438201524382
3.94676067718458	-2.95156052918178	-0.167893580225656	-0.134857908104415	-5.4175234508067	4.14892744446557	3.32058970909261
3.95676067718458	-3.00177153768031	-0.130736794157975	-0.10501902179288	-4.62899668434837	3.28798466239501	2.65116271667774
3.96676067718458	-3.04435969356098	-0.10181503539964	-0.0816030298058771	-3.90379676438579	2.51909858328866	2.04793569616919
3.97676067718458	-3.08017648422772	-0.0798625581119497	-0.0636968947967405	-3.2762011416899	1.89628725684133	1.55216618143949
3.98676067718458	-3.11019971745667	-0.063416999085978	-0.0501949569400089	-2.74304347851382	1.41462059344834	1.16531405417201
3.99676067718458	-3.13530137281748	-0.0511747367752364	-0.0400831806649312	-2.28894033512863	1.05114535809081	0.871097835091297
4.00676067718458	-3.15618524666174	-0.0420842289258697	-0.0325312187488385	-1.89675679248	0.780175120934073	0.650223116650829
4.01676067718458	-3.17339298551275	-0.0353372636563252	-0.0268934495172685	-1.55162198085623	0.579555280257449	0.485044142723868
4.02676067718458	-3.18733245256011	-0.0303252307740907	-0.022683206745662	-1.24134171263566	0.430502373557129	0.362787400958439
4.03676067718458	-3.19830630507306	-0.0265984263012427	-0.0195339432823512	-0.957134242283964	0.320364078683835	0.271543680418346
4.04676067718458	-3.20653897242627	-0.0238231936035487	-0.0171749633707143	-0.692134335771176	0.238736586501513	0.203584000164197
4.05676067718458	-3.21219621910203	-0.0217535318356774	-0.015405178841476	-0.441310744266731	0.178110156900066	0.152943512724652
4.06676067718458	-3.21540040652631	-0.0202080914676245	-0.0140750420758509	-0.201012652442242	0.133170173056646	0.114946756796327
4.07676067718459	-3.2162420518184	-0.0190523741734836	-0.0130739502144866	0.031545410540007	0.0997283715367268	0.0864947672908386
4.08676067718458	-3.21478802049382	-0.0181866739927825	-0.0123196270843331	0.258433164670174	0.0746760480983548	0.0653325001166404
4.09676067718458	-3.21108750115235	-0.0175374070044852	-0.0117500897275391	0.481076102349156	0.0560708153875661	0.0493559612466362
4.10676067718458	-3.20517685001462	-0.0170493604917508	-0.0113194846492524	0.700621935011712	0.0421913044539266	0.0373696326456014
4.11676067718459	-3.19708273329445	-0.0166814479168632	-0.0109931999571829	0.917881808404063	0.0318899459728893	0.028331092049609
4.12676067718458	-3.18682474842688	-0.0164027338728996	-0.0107453277621937	1.1334783157522	0.0242364793635744	0.0215692886698816
4.13676067718458	-3.17441725899696	-0.0161899809082734	-0.0105561824065407	1.34784528523564	0.0186023536861919	0.0165110532667198
4.14676067718458	-3.15987090265942	-0.0160255360775213	-0.0104108359666774	1.56129432619582	0.0145065579861813	0.0127513374631252
4.15676067718458	-3.14319373205757	-0.0158958980277822	-0.0102978599631668	1.77403300166192	0.011598481062449	0.00998397930986044
4.16676067718458	-3.12439215234463	-0.0157905932805413	-0.0102084629845472	1.98619103002153	0.00960194800288695	0.00800485502561555
4.16741243317305	-3.12309314043955	-0.0157843684503885	-0.0102032811093348	2	0.00949876283817625	0.00789877144492102
