=========================== Parameters =====================================
l1 [m]	l2 [m]	l3 [m]	c1 [m]	c2 [m]	c3 [m]	m1 [kg]	m2 [kg]	m3 [kg]
0.22	0.22	0.2458	0.132	0.044	0.09832	0.1564	0.23764	0.1564
============================== Data ========================================
t [s]	th1 [rad]	th2 [rad]	th3 [rad]	th1d [rad/s]	th2d [rad/s]	th3d [rad/s]
0	0	0	0	0	0	0
0.01	-0.00200096729240869	0.0015108884470678	0.000501127542576157	-0.37089090079988	0.241463643822216	0.0933704910976704
0.02	-0.00708058167737045	0.00419043930617637	0.00158161506424605	-0.635621209819871	0.276778981955474	0.114201850858855
0.03	-0.0146059307811553	0.00684520396352042	0.00268624375834853	-0.866757384464532	0.249132435278184	0.104259380917317
0.04	-0.0243905729174979	0.00912643403319855	0.00364249068672425	-1.08984216129751	0.206537759609591	0.0865867826976366
0.05	-0.0364052725379854	0.0109811277578949	0.00441979113452183	-1.31350987113491	0.165244863695584	0.0690901439495059
0.06	-0.0506709150940597	0.0124510138229855	0.00503367031659701	-1.5401785923446	0.129857961790248	0.0540942530687965
0.07	-0.0672196615871885	0.013599897478183	0.0055110942236203	-1.77007832258639	0.100952008979785	0.041833229647526
0.08	-0.0860816354705777	0.0144891764006291	0.00587843028042836	-2.00271584178143	0.0777561930064003	0.0320381343376538
0.09	-0.107280902365652	0.0151707949497273	0.00615816435738092	-2.23742343296703	0.0592549821669958	0.0242207042082915
0.1	-0.130834718186938	0.0156865151147953	0.00636826917463394	-2.47351686713093	0.0444316734856847	0.0180309433610785
0.11	-0.156753738766563	0.0160689658086727	0.00652284456028472	-2.71036042289461	0.0324697010394876	0.0130726758005596
0.12	-0.185042438680972	0.0163432460395725	0.00663268661185283	-2.94735521460046	0.0226956963961575	0.00904269678435963
0.13	-0.215699438128791	0.0165283877153292	0.00670593955180656	-3.18392651042616	0.0145650631768026	0.00571349411091284
0.14	-0.24871767775285	0.0166385923846623	0.00674865744563856	-3.4195095132255	0.00764663972959414	0.00290496763314786
0.15	-0.284084442381929	0.0166842409154301	0.00676525496972333	-3.65353568612935	0.00160415172951081	0.00046773998855248
0.16	-0.321781255618265	0.0166727097453834	0.00675885386643598	-3.88541995933831	-0.00382769006972674	-0.00171286422180176
0.17	-0.361783669607527	0.016609020173637	0.00673156574888551	-4.11455159840202	-0.00885791881746273	-0.00372269272119288
0.18	-0.40406097617709	0.0164963565487137	0.00668472390381929	-4.34028827902846	-0.0136470913698885	-0.00563112682730621
0.19	-0.448575864845365	0.016336489007853	0.00661906267747015	-4.56195157774491	-0.0183174730276399	-0.00749183981838151
0.2	-0.495284049277745	0.0161301190155371	0.00653486431746081	-4.77882479425164	-0.0229603121636187	-0.00934451434311999
0.205848758798784	-0.523598775598299	0.015987859002139	0.00647701652468655	-4.90314842455444	-0.025691307245539	-0.0104333929894927
0.215848758798784	-0.578648422260215	0.0131240600572673	0.0520272619113854	-6.30794231732525	0.840248154295845	5.82111381720444
0.225848758798784	-0.650772948939341	0.0402894590157921	0.104604419264503	-8.10435330360296	4.55421359195009	4.73734859360454
0.235848758798784	-0.737243303995257	0.0953445971999321	0.151559662031668	-8.91895437411998	5.87878351699288	4.6440588568507
0.245848758798784	-0.826179409969737	0.152105807366574	0.195312917760867	-8.79499933279147	5.33217232377992	4.05089859000223
0.255848758798784	-0.912454727606749	0.200652212738468	0.232140619255738	-8.45029561437048	4.35841054162357	3.31328044793213
0.265848758798784	-0.995220225580976	0.239350684895056	0.261780060746432	-8.11132532439944	3.39914273746897	2.63005632637743
0.275848758798784	-1.07490174729425	0.269106600350828	0.285086404502783	-7.83689583322161	2.57790959442881	2.04968039464159
0.285848758798784	-1.15219024505683	0.291427286163477	0.303131385168444	-7.63146854313362	1.91025085714211	1.57839965788326
0.295848758798784	-1.22773130918175	0.307798880908872	0.316933768029176	-7.48530496184506	1.38492932548533	1.19834251454704
0.305848758798784	-1.30204862209545	0.319521919209229	0.327364949685399	-7.38468696715263	0.977574469451877	0.900109984474082
0.306790153210981	-1.30899693899575	0.320426605613121	0.328200713813216	-7.37710513095675	0.944525192916805	0.875687850123983
0.316790153210981	-1.37884265146257	0.333055295989479	0.291219987211935	-6.34761453549925	0.223727153071324	-5.16115324861372
0.326790153210981	-1.4342397886338	0.316237439556781	0.244464207536441	-4.71867633429987	-3.58956883602226	-4.21951481739807
0.336790153210981	-1.47524158977507	0.267129474895654	0.2025540527788	-3.75217060218568	-5.60893921493097	-4.2768784862063
0.346790153210981	-1.5128229980953	0.211013879489385	0.161355721734559	-3.86981724962172	-5.41460054327761	-3.87531549946578
0.356790153210981	-1.55383672808969	0.161091394040964	0.125931800140779	-4.35897897777657	-4.52090883190959	-3.19542751141597
0.366790153210981	-1.60012104863297	0.120832561535508	0.0973980803468173	-4.89048464890871	-3.54282398269184	-2.52540268735442
0.376790153210981	-1.65136759342873	0.0897627696986353	0.0750669743506266	-5.3414206329	-2.70032398761501	-1.96111914691117
0.386790153210981	-1.7065858942248	0.0662231058150981	0.0577806112374509	-5.68433857710606	-2.03678243462709	-1.51482391867322
0.396790153210981	-1.76471841973552	0.0484914583293582	0.0444290751682794	-5.92659285654035	-1.53420449265028	-1.16953206149883
0.406790153210981	-1.82483878805618	0.0351231764852555	0.0340996257984221	-6.08475036552447	-1.15853610529916	-0.907135073312068
0.408063387559527	-1.83259571459405	0.0336738483215459	0.0329630358683077	-6.09970455807935	-1.11813966700584	-0.878785732850397
0.418063387559527	-1.88853191900023	0.0247740870921456	-0.0186028007386192	-4.87844090455362	-2.07328254122066	-6.08779372041161
0.428063387559527	-1.92931215001531	-0.0139843498202462	-0.0735632435147026	-3.32746421531547	-5.5270451378683	-5.05881540529782
0.438063387559527	-1.9600153774493	-0.0740707589891245	-0.123851364840714	-3.01696746775868	-6.09943583694764	-4.85005030983803
0.448063387559527	-1.99186620472591	-0.131730187536349	-0.168877120158781	-3.40235711657778	-5.33526865010971	-4.12162473127482
0.458063387559527	-2.02840859821832	-0.179991893264126	-0.206197494182532	-3.90270165469764	-4.3178419979975	-3.34834614409602
0.468063387559527	-2.06967753129447	-0.218383975774982	-0.236221341052633	-4.33343565557564	-3.38689039339117	-2.67448861262049
0.478063387559527	-2.11469802920929	-0.248293724615974	-0.260099229724375	-4.65146975236839	-2.62393503171169	-2.12089441783671
0.488063387559527	-2.16234101387632	-0.271409104746763	-0.279018412929124	-4.85987637406485	-2.02528971708352	-1.67884712114743
0.498063387559527	-2.21158356796471	-0.289252324608286	-0.294011956918692	-4.97427764809182	-1.56465660609394	-1.33301215668394
0.508063387559527	-2.26156937842986	-0.303073038595826	-0.30593281605004	-5.01129059157085	-1.21622689763837	-1.06176608872233
0.518063387559527	-2.3116043003365	-0.313860779414965	-0.315459013918091	-4.9864092185384	-0.9545516866398	-0.851191885848925
0.528063387559527	-2.36113555743072	-0.322379811501983	-0.323125650772652	-4.91257989340457	-0.75906051177191	-0.688685744800793
0.538063387559527	-2.40972749940243	-0.3292105941433	-0.329352098616471	-4.80015243005818	-0.614310359597181	-0.561977183079376
0.548063387559527	-2.45703864718599	-0.334790132211762	-0.334460861548728	-4.6576907541612	-0.5068320493258	-0.464150604266448
0.558063387559527	-2.50280289085836	-0.339441735121429	-0.338702592065256	-4.49170358889041	-0.427538153183542	-0.387116003968101
0.568063387559527	-2.54681296852573	-0.34340416627299	-0.342266711046728	-4.30761286637051	-0.367978113064007	-0.32776664701456
0.578063387559527	-2.58890816367643	-0.346849810635889	-0.345300372660732	-4.10935785179024	-0.323211459655963	-0.280790332906398
0.585272007991799	-2.61799387799149	-0.349084771244842	-0.347221586794202	-3.95950169448682	-0.29757283408239	-0.25318319531695
0.595272007991799	-2.6588930692305	-0.358503589232701	-0.306564796063162	-4.44361359247217	-0.284642159600642	5.40612671516755
0.605272007991799	-2.70814619886168	-0.346823222199873	-0.257683550535493	-5.4013643071133	2.60475529550586	4.40035367241814
0.615272007991799	-2.76672400182124	-0.307068797477343	-0.217452331787922	-6.22146184557416	5.0814178573532	3.88520745084152
0.625272007991799	-2.82881600643064	-0.253630070355632	-0.178751162897021	-6.06329898062969	5.34870579376526	3.74495849956983
0.635272007991799	-2.88639398793351	-0.203179591183395	-0.143882376258397	-5.41210337615597	4.66241974749964	3.19737269892411
0.645272007991799	-2.9367282470064	-0.161073002782152	-0.114963178196882	-4.65493815165998	3.75747611614836	2.58855657465345
0.655272007991799	-2.97965636135636	-0.127772897057863	-0.0918554416491155	-3.943882080037	2.92588821717311	2.04740539455958
0.665272007991799	-3.01589713063091	-0.102041035806036	-0.0736768883583693	-3.31902367979654	2.24667495917939	1.60542883528983
0.675272007991799	-3.04631732379775	-0.0823315792973424	-0.0594498261426267	-2.77772250779861	1.7177255453104	1.25533701336975
0.685272007991799	-3.07168178023043	-0.0672691958010203	-0.0483227661367936	-2.30528290765313	1.31284802744097	0.981849178297431
0.695272007991799	-3.09260138976494	-0.0557534936432142	-0.0396107361834975	-1.88640333504008	1.00416815834008	0.769732073150098
0.705272007991799	-3.1095464540848	-0.0469386345612191	-0.0327768413915061	-1.50853073452522	0.769429259268913	0.603926208447127
0.715272007991799	-3.12287508121999	-0.04018133316618	-0.0274074876788044	-1.16170166516396	0.590131524589295	0.475149211166445
0.725272007991799	-3.13285918130773	-0.0349950362625796	-0.0231812888943713	-0.838537301079292	0.453212003273298	0.374254542096142
0.735272007991799	-3.13970575173294	-0.031010274729594	-0.0198499693136907	-0.533392124105721	0.348401405639806	0.29517742609856
0.745272007991799	-3.14357273165548	-0.0279461038324783	-0.0172203517247661	-0.242028833499551	0.268118605507416	0.232944276983381
0.755272007991799	-3.14458100349203	-0.0255879527975898	-0.0151423906954352	0.0388208641684874	0.206334786986128	0.184363668609278
0.765272007991799	-3.14282319807283	-0.0237720582616396	-0.0134980604084023	0.311556945184341	0.158950342838889	0.145974027995682
0.775272007991799	-3.13837055307931	-0.0223725877710163	-0.0121954646218368	0.578068251409905	0.122518552882699	0.115794430814973
0.785272007991799	-3.13127794411209	-0.0212929567268893	-0.0111621815057003	0.839761841607232	0.0945781170891581	0.0919348247306857
0.795272007991799	-3.12158785623826	-0.0204587008035431	-0.0103413294609282	1.0977138973679	0.0731894576951053	0.0730543653045071
0.805272007991799	-3.1093334391138	-0.0198122525536837	-0.00968811966572439	1.3527379638028	0.0568266352366823	0.0582003955819564
0.815272007991799	-3.09454090485596	-0.0193090323104292	-0.00916703255852657	1.60541878116491	0.0443866599944957	0.0464951921283549
0.825272007991799	-3.07723147758038	-0.0189143221049136	-0.00874991683322637	1.85616953771135	0.0350184272911783	0.0372721127216721
0.831038372012326	-3.06611318100268	-0.0187251517496808	-0.00854775872694666	2	0.0307233224937475	0.0329346190602586
0.841038372012326	-3.04487086432817	-0.0184485723258855	-0.00825093494507349	2.24821449481549	0.0249014617637182	0.026696104431219
0.851038372012326	-3.02115378535052	-0.0182215480037999	-0.00800914699500673	2.49495629484485	0.020761663741014	0.0218537094501908
0.861038372012326	-2.99497664471865	-0.0180290000525052	-0.00780973122512217	2.74021673672068	0.0179618165840544	0.0181771989027137
0.871038372012326	-2.96635471077363	-0.0178586948800143	-0.00764236633178553	2.98389240295072	0.01627088037934	0.0154272170683276
0.881038372012326	-2.93530467901626	-0.0177005134974994	-0.00749863649505844	3.22580127851735	0.0154995140792031	0.0134490550582825
0.891038372012326	-2.90184546021051	-0.0175459563451048	-0.00737156036458297	3.46568052797889	0.0155246762631283	0.0120803971260301
0.901038372012326	-2.86599893898862	-0.01738770641237	-0.00725535720868937	3.70319943245926	0.0162274471102517	0.0112502104787039
0.911038372012326	-2.82779068615615	-0.017219370655768	-0.00714512099393078	3.93795340396327	0.0175324883370382	0.0108707875879913
0.921038372012326	-2.78725065446685	-0.0170352455186851	-0.00703666693857857	4.16947060492785	0.019378666821897	0.0108796442855596
0.931038372012326	-2.7444138455894	-0.0168301647962063	-0.00692638244912362	4.39721407512335	0.021715883077716	0.0112303892193328
0.941038372012326	-2.69932094954077	-0.0165993992384219	-0.00681111085788492	4.62058384978709	0.0245050211617008	0.0118801779567971
0.951038372012326	-2.65201895206233	-0.0163385955555444	-0.00668806589092696	4.83891989129006	0.0277177543587508	0.0127799698525051
0.961038372012326	-2.60256170507791	-0.0160437328338198	-0.00655480071904116	5.05150934335338	0.0313180816383523	0.0139052090016816
0.971038372012326	-2.55101044483854	-0.0157111225032757	-0.00640915802345306	5.25759061994652	0.0352674161594182	0.0152386686167338
0.981038372012326	-2.49743425029122	-0.0153374266198225	-0.00624923882762134	5.4563590888283	0.0395278605117015	0.0167585401050734
0.991038372012326	-2.44191042966319	-0.0149196887205778	-0.00607338874122338	5.64697464582524	0.0440624700698689	0.0184341211455262
1.00103837201233	-2.38452482245743	-0.0144553730231112	-0.00588019844454441	5.82857117235905	0.0488326886797917	0.0202286022302927
1.01103837201233	-2.32537200483793	-0.0139424035658057	-0.00566852496733518	6.00026885709977	0.0537874262023077	0.0221204954831783
1.02103837201233	-2.26455538300615	-0.0133792168246256	-0.00543749474454783	6.16118520420267	0.0588661141934611	0.0240966869410658
1.03103837201233	-2.20218716531636	-0.0127648144743492	-0.00518650669457329	6.3104468316054	0.0640033713806989	0.0261430499792635
1.04103837201233	-2.13838819840958	-0.0120988431162277	-0.00491517013438596	6.44719477312586	0.0691738485207612	0.0281515313989681
1.05103837201233	-2.07328769062489	-0.0113815348609003	-0.00462351772431267	6.57062109067157	0.0742690693929666	0.0301810809052811
1.06103837201233	-2.00702275711235	-0.0106138450799138	-0.00431177941054684	6.67995710349682	0.0792399585987329	0.0321609125391635
1.07103837201233	-1.93973785728369	-0.00979739934033722	-0.00398052663993318	6.7745031029743	0.0840117079081077	0.0340727655388189
1.08103837201233	-1.87158407807699	-0.00893452435288417	-0.00363060438627019	6.85363439446392	0.0885248335331885	0.0358683576842859
1.09103837201233	-1.80271830163386	-0.00802819570714898	-0.00326319958207991	6.91682212623015	0.0926898242497505	0.0375686624241126
1.10103837201233	-1.733302240225	-0.00708206401050457	-0.00287970451227283	6.96363053169882	0.0964628372090934	0.0391088001191837
1.11103837201233	-1.66350139053857	-0.00610036397964951	-0.00248178735665626	6.99373606972614	0.0997916222343288	0.0404555366981138
1.12103837201233	-1.59348389822912	-0.00508786682667327	-0.00207133457969195	7.00693079363728	0.10263575369114	0.0415682703343452
1.13103837201233	-1.52341937582676	-0.00404976697772835	-0.00165049856335731	7.00313560161486	0.104919471505512	0.0425011633032425
1.14103837201233	-1.45347766901867	-0.00299166955179364	-0.00122150613187133	6.98238476103807	0.106627165615886	0.0432049136611372
1.15103837201233	-1.38382764224043	-0.00191943708952564	-0.000786741982405394	6.9448387623153	0.107729240966089	0.0436842764169282
1.16103837201233	-1.31463597016276	-0.000839116431833944	-0.000348650109170016	6.89077451986086	0.108217147899851	0.0439254412912583
1.17103837201233	-1.24606597980118	0.000243155372131449	9.03268473728909e-05	6.82057741309725	0.108114437648112	0.0438730312756161
1.18103837201233	-1.17827657527726	0.00132130780646917	0.000527675243239426	6.73474584781384	0.107406716229786	0.0435767917581488
1.19103837201233	-1.11142123487191	0.00238938114080857	0.000960965876024424	6.63386832654485	0.106110855125605	0.0430449809098953
1.20103837201233	-1.0456471290917	0.00344162444728249	0.00138788175695144	6.51861288072733	0.104267720661058	0.0422578660978473
1.21103837201233	-0.981094371321271	0.00447263280443063	0.00180614309643622	6.3897263961552	0.101874185401808	0.0413083192824293
1.22103837201233	-0.917895376076065	0.00547733250116273	0.0022137269892733	6.24799991593154	0.0989968371676295	0.0401601994336679
1.23103837201233	-0.856174386774393	0.00645112247094949	0.00260873036752853	6.09427283074518	0.0956712894683041	0.0388570129481197
1.24103837201233	-0.79604711673099	0.00738985667918968	0.00298953722144094	5.92940272821394	0.0919896149183255	0.0373350508672573
1.25103837201233	-0.737620557859909	0.00828998048498135	0.00335463044279384	5.75427469536422	0.0879746198729845	0.0356844151098881
1.26103837201233	-0.680992887958377	0.00914847679254289	0.00370277177524255	5.56976981625939	0.0836813744705131	0.0339325280102433
1.27103837201233	-0.62625351618464	0.00996288855509514	0.00403299043443279	5.37675544976286	0.0791854116865016	0.0320659059697942
1.28103837201233	-0.573483248369876	0.0107313799750159	0.00434446113937102	5.17608852245277	0.0745065971378503	0.0301872899002149
1.29103837201233	-0.522754521050959	0.0114526291803247	0.00463670887827363	4.96858327729405	0.0697347640277492	0.0282490581037127
1.30103837201233	-0.474131754102416	0.0121259023541106	0.00490940793574796	4.75502520821467	0.0649108887038068	0.026300611285328
1.31103837201233	-0.427671744569433	0.0127509664667165	0.0051624986446957	4.53615065771761	0.0601039649403815	0.0243248302900788
1.32103837201233	-0.383424136526259	0.0133281109173042	0.00539605690184742	4.31265503840482	0.0553393301949646	0.0223870280502159
1.33103837201233	-0.341431912225557	0.0138580561257824	0.00561038626308383	4.08517733433992	0.0506641418069639	0.020496039917898
1.34103837201233	-0.301731923188892	0.0143419236761852	0.0058059691351407	3.85430134595683	0.046128352711346	0.0186432079789967
1.35103837201233	-0.264355438583996	0.0147812110185138	0.00598340018707412	3.62055991154126	0.0417557967814006	0.0168624509461841
1.36103837201233	-0.229328689672886	0.0151777152960543	0.00614342110316066	3.38442874502343	0.0375776656200542	0.0151595481776765
1.37103837201233	-0.196673416655838	0.0155334934988936	0.00628687676345985	3.14632987670109	0.0336184611604241	0.0135415332358523
1.38103837201233	-0.166407401214647	0.0158508137152626	0.0064146900610536	2.9066337683921	0.0298933998398753	0.0120222702226259
1.39103837201233	-0.138544978673561	0.0161321027800763	0.00652784657854981	2.66566100408055	0.0264116660444476	0.0106159333429169
1.40103837201233	-0.113097523502158	0.0163798881570941	0.00662739531478373	2.42368277718379	0.0231891162703162	0.00931080497970775
1.41103837201233	-0.0900739097601774	0.0165967684848455	0.00671439486742612	2.18092797559309	0.0202272425532301	0.00811409208459002
1.42103837201233	-0.0694809323283158	0.0167853560300272	0.00678992525559886	1.93758339484621	0.0175314841934255	0.00701415776055177
1.43103837201233	-0.0513236973997473	0.0169482530649772	0.0068550359232425	1.69380144402559	0.0150899542528049	0.00602600234629487
1.44103837201233	-0.0356059678644875	0.0170879954331485	0.00691077062552857	1.44969961074315	0.0128982036943736	0.00514003786130556
1.45103837201233	-0.0223304740234307	0.0172070287894799	0.0069581318934331	1.20536694012727	0.0109463678491079	0.00434991773108168
1.46103837201233	-0.011499181295341	0.0173076779284733	0.00699806817708216	0.960868224931145	0.00921930343281209	0.00365305918323227
1.47103837201233	-0.003113515361483	0.017392115578384	0.00703147005833774	0.71624738920199	0.00770144408006639	0.00304122526382145
1.48103837201233	0.0028254540100719	0.0174623398777556	0.00705915590956714	0.471532228192865	0.00637444160132292	0.00250622111989013
1.49103837201233	0.00631687200337568	0.0175201536863981	0.00708186084682553	0.226738935187873	0.00521608310672903	0.00204286535841566
1.50103837201233	0.00736000145805999	0.0175671421952666	0.00710023596478235	-0.0181243783593128	0.0042047797007994	0.00164019926331948
1.51103837201233	0.00595416756142956	0.0176046585815749	0.0071148368103816	-0.263052840501694	0.00331687253333669	0.00128774183828401
1.52103837201233	0.00209874612293633	0.0176338093587944	0.0071261182151934	-0.508040570165763	0.00252722401363682	0.00097479078797854
1.53103837201233	-0.00420680503223632	0.0176554423634636	0.00713442881550178	-0.753076290577864	0.00180908877598425	0.000691201221929407
1.54103837201233	-0.0129628712654276	0.0176701361318194	0.00714000758369037	-0.998139070336372	0.00113471337028729	0.000426604883318471
1.55103837201233	-0.0241695629315549	0.0176781909657815	0.00714298151568746	-1.24319410598138	0.000476175086811926	0.000169115270489226
1.56103837201233	-0.037826553993377	0.0176796227315634	0.00714336226872431	-1.48818830822697	-0.000194875227658508	-9.36625945574101e-05
1.57103837201233	-0.0539328774223634	0.0176741587516984	0.00714104318431697	-1.73304586491836	-0.000907690482704582	-0.000373136477731094
1.58103837201233	-0.0724866774611555	0.01766123477783	0.00713579915409083	-1.97766406934481	-0.00169165191170859	-0.00068082233744712
1.59103837201233	-0.0934849195053939	0.0176399944886816	0.00712728681473331	-2.22190915387104	-0.00257581380476863	-0.0010287058357573
1.60103837201233	-0.116923058494667	0.0176092919014713	0.00711504496198497	-2.46561214356353	-0.00358889540468952	-0.00142858240717472
1.61103837201233	-0.142794667023887	0.0175676964659012	0.00709849658255031	-2.70856491948281	-0.00475895050454985	-0.0018919754525131
1.62103837201233	-0.171091025100276	0.0175135015138346	0.00707695215622432	-2.95051649633523	-0.00611302455463781	-0.00242996508956415
1.63103837201233	-0.201800674100739	0.0174447364660401	0.00704961460808718	-3.19116960952209	-0.00767668472360497	-0.00305315770514598
1.64103837201233	-0.234908938361214	0.0173591835811624	0.00701558555793461	-3.43017763670928	-0.00947376388884603	-0.00377107336067981
1.65103837201233	-0.270397418649128	0.0172543993750059	0.00697387392211197	-3.66714204757502	-0.0115258087285216	-0.00459202358421547
1.66103837201233	-0.308243462901784	0.0171277412072011	0.00692340709239283	-3.90161049488741	-0.0138512268557419	-0.00552350025407614
1.67103837201233	-0.34841962088876	0.016976400082949	0.00686304361142503	-4.13307552626376	-0.0164649132570855	-0.00657145672663064
1.68103837201233	-0.390893090464572	0.0167974393450813	0.00679158888436009	-4.36097419859015	-0.01937752061896	-0.0077402693921795
1.69103837201233	-0.435625164527581	0.0165878396983406	0.00670781346315281	-4.58468866307337	-0.0225947246227335	-0.00903268612692876
1.70103837201233	-0.482570689046827	0.0163445506266792	0.00661047373224449	-4.80354782728898	-0.0261166131217776	-0.0104495478276437
1.70942255952685	-0.523598775598369	0.0161123992824141	0.00651751157859393	-4.98277734801357	-0.0292974839575997	-0.0117377939282939
1.71942255952685	-0.57944192103985	0.0132038666330994	0.0520645932352453	-6.38704647534102	0.835393245395594	5.82039553827634
1.72942255952685	-0.652351035267252	0.040304469416329	0.104644479290756	-8.18300203593371	4.55155058195501	4.72595787556646
1.73942255952685	-0.739626285094612	0.0953511571891577	0.151559616832255	-8.99894600292724	5.87598026401438	4.64308548800213
1.74942255952685	-0.829358878695098	0.152079302044029	0.195294321434005	-8.8741975377483	5.32782733548083	4.04930152553532
1.75942255952685	-0.91642269858584	0.200578285086201	0.232097105712353	-8.52875017168571	4.35309174462529	3.3104037137171
1.76942255952685	-0.999968558346404	0.23921850021702	0.261705737091476	-8.18898874144814	3.39315615888239	2.62623715004887
1.77942255952685	-1.08042182574564	0.26890962968535	0.284976980944766	-7.91364359714537	2.57139897277607	2.04571296702582
1.78942255952685	-1.15847228388046	0.291161713012961	0.30298768198146	-7.7074772815679	1.90503451388529	1.57157582147464
1.79942255952685	-1.23476501738206	0.30746820799847	0.3167511389304	-7.55985989166634	1.37845622476175	1.19477789433602
1.80931201405175	-1.30899693899575	0.319021250726808	0.327048840983111	-7.45885461479328	0.975576764076388	0.899688165792618
1.81931201405175	-1.37963490093813	0.331925760128664	0.290244329807787	-6.42392158607397	0.244706782041073	-5.14214989259032
1.82931201405175	-1.43576837988867	0.315267801464051	0.243660051736962	-4.78951141113696	-3.57900540965444	-4.20293892631012
1.83931201405175	-1.47748142388788	0.266292755083678	0.201866830040181	-3.82250495253387	-5.5965512498484	-4.26515811341038
1.84931201405175	-1.51575830227906	0.210295465157115	0.160776993101518	-3.93870396706327	-5.40260120846894	-3.86679971287052
1.85931201405175	-1.55745110399384	0.160480080609529	0.12544448411203	-4.42596282956502	-4.51104323377478	-3.18666241897085
1.86931201405175	-1.60439601550837	0.12031380525005	0.096989281552655	-4.95551079719069	-3.53466481710556	-2.5174239054918
1.87931201405175	-1.65628358629019	0.0893222116471227	0.0747243185827202	-5.40444311980362	-2.69362351353076	-1.95416231844733
1.88931201405175	-1.71212274424084	0.0658474629286465	0.0574933623093447	-5.74535617692596	-2.03115284584068	-1.50924823618617
1.89931201405175	-1.77085550528248	0.0481687270826996	0.0441885050322309	-5.98566401766028	-1.52896647897814	-1.16629524052239
1.90931201405175	-1.83155533180624	0.0348439481495936	0.0338961165649523	-6.14168255478614	-1.15441308012341	-0.904276745528823
1.90948138233158	-1.83259571459405	0.0346489193351558	0.0337432203375361	-6.14368103262061	-1.14906180631178	-0.900256882588935
1.91948138233158	-1.8889576778514	0.0253888181583172	-0.0179606346755812	-4.91958867710321	-2.11475433822287	-6.09270742974025
1.92948138233158	-1.93014805509755	-0.0137832079270004	-0.0729763062038367	-3.37293942214804	-5.55468479883155	-5.07809455595179
1.93948138233158	-1.96138071101032	-0.0740076797031446	-0.123378909934613	-3.07525432293598	-6.10347976094989	-4.85535274388544
1.94948138233158	-1.99384165945585	-0.131655619888591	-0.168431588531593	-3.46564193738466	-5.32844575499635	-4.12667324382904
1.95948138233158	-2.03102107051994	-0.179852774331215	-0.205751310944021	-3.96710296468658	-4.3090779598499	-3.35025845523151
1.96948138233158	-2.07293144718312	-0.218167907243524	-0.235764061848522	-4.39739987285565	-3.37931960141748	-2.67292639913032
1.97948138233158	-2.11858790467627	-0.248005149817594	-0.259625726359724	-4.71459561400145	-2.61724805037531	-2.11895845031704
1.98948138233158	-2.16685687443641	-0.271058071059814	-0.278528066885446	-4.92201773680545	-2.01897593618686	-1.67855025943495
1.99948138233158	-2.21671350220895	-0.288849138745918	-0.293509510533465	-5.03503403652763	-1.56003307882837	-1.33194554350828
2.00948138233158	-2.26730002095893	-0.30263000202535	-0.305420051664148	-5.0707746752808	-1.21234253847713	-1.06184820544953
2.01948138233158	-2.31792211865148	-0.313388353055545	-0.314940202010884	-5.0445206200856	-0.951744662279197	-0.851523756595987
2.02948138233158	-2.36802707000643	-0.321887349973366	-0.322604800732202	-4.9692650154877	-0.757580917724621	-0.6884668486822
2.03948138233158	-2.41717939009809	-0.32870705231675	-0.328830957546719	-4.85560262647294	-0.613301170993211	-0.562641922577661
2.04948138233158	-2.46503838515389	-0.334281907382928	-0.333943200714868	-4.7118302361221	-0.50683757115172	-0.464267686063198
2.05948138233158	-2.51133836684146	-0.338935123537451	-0.33818931053089	-4.5447461437806	-0.427726827508523	-0.388090600409686
2.06948138233158	-2.55587302312219	-0.342903224771546	-0.341760490177217	-4.35952319357961	-0.36878689490763	-0.328442594679941
2.07948138233158	-2.59848226451238	-0.346358287871327	-0.344802079045278	-4.16026865473564	-0.324278440634797	-0.281681645910507
2.08422736569311	-2.6179938779915	-0.347855589772894	-0.346093582300183	-4.06171329929579	-0.307077251665535	-0.262860471442059
2.09422736569311	-2.65994746150889	-0.357315993211666	-0.305489762091611	-4.55331538227795	-0.275280907890516	5.3856780288453
2.10422736569311	-2.71032270343032	-0.3454836695117	-0.256802213117579	-5.51577268831879	2.62472560579989	4.38398057799893
2.11422736569311	-2.77004123691529	-0.30554150982213	-0.216678017491754	-6.3288311966874	5.08393174907889	3.88517837581318
2.12422736569311	-2.83314280739753	-0.25218979284018	-0.178027922078257	-6.15956040776035	5.33227214262354	3.73536766088563
2.13422736569311	-2.8916598598395	-0.201941639920351	-0.143266434336614	-5.50429926280555	4.63875800217438	3.18874282172416
2.14422736569311	-2.9429155913337	-0.160058934977689	-0.11445776270544	-4.74709933241609	3.735361313708	2.57878975246952
2.15422736569311	-2.98677137816393	-0.12696147238303	-0.0914497287956987	-4.03728259832124	2.90719653544665	2.03822490917354
2.16422736569311	-3.0239533789685	-0.101399916419776	-0.073354455368409	-3.41396767368273	2.2317938245026	1.59686669538136
2.17422736569311	-3.05532913391289	-0.0818285014178257	-0.0591958200714028	-2.87401821570355	1.70576892161079	1.24839703493811
2.18422736569311	-3.08166189763576	-0.0668764692350579	-0.0481239016712045	-2.40270921882181	1.30316463707193	0.976645813791734
2.19422736569311	-3.10356055476192	-0.0554485332936505	-0.0394554631647758	-1.98481142306315	0.99652487077456	0.765553916154252
2.20422736569311	-3.12149371236285	-0.0467026918206742	-0.0326567477934313	-1.60768591542019	0.763040860450802	0.601391141789132
2.21422736569311	-3.13581786144	-0.0400000194409938	-0.0273144259404801	-1.26156797433553	0.585200458412825	0.472976105145396
2.22422736569311	-3.14680379437851	-0.0348565035123715	-0.0231095389001752	-0.938996662720448	0.449410723436685	0.372429923367521
2.23422736569311	-3.15465753964556	-0.0309051092237802	-0.0197950518560229	-0.634340858544805	0.345421773433322	0.293775141228928
2.24422736569311	-3.15953621988782	-0.0278669691643969	-0.0171786165547837	-0.343393323410597	0.265780621424731	0.231873863589144
2.25422736569311	-3.16156001855036	-0.0255291983325052	-0.0151108893284397	-0.0629047717540737	0.204548024666493	0.183432071774291
2.26422736569311	-3.16082095574362	-0.0237292773747616	-0.0134747003057464	0.209543942940603	0.157525523493509	0.145265680957592
2.27422736569311	-3.1573896412343	-0.0223425581587075	-0.0121785044241838	0.475822120077551	0.12139780899069	0.11517428294643
2.28422736569311	-3.15132031943599	-0.0212733240907342	-0.0111503846108268	0.737349028190232	0.0936788500840313	0.0913657328949641
2.29422736569311	-3.14265478365598	-0.0204478081310221	-0.0103339088420985	0.99521917733906	0.0723870792580146	0.0726245645029812
2.30422736569311	-3.13142537675997	-0.0198091105540498	-0.0096844657420774	1.25024441699257	0.0560791093564136	0.0578546137489875
2.31422736569311	-3.11765738661347	-0.0193131571413639	-0.0091667843739668	1.50302439729141	0.0436578731570499	0.0461899004260643
2.32422736569311	-3.10137095699217	-0.0189256476802831	-0.00875292847087097	1.75399080326965	0.0342717546540088	0.0369844313003681
2.33408920712147	-3.08285919915545	-0.0186235058566233	-0.00842482125583012	2	0.0273384103393847	0.0298553913908025
2.34408920712147	-3.0616175464217	-0.0183773279744943	-0.00815569520547811	2.24811400071115	0.0221762318622937	0.0242079819595146
2.35408920712147	-3.03790118401389	-0.0181749807951294	-0.0079363609500379	2.49494320720133	0.0185295967720608	0.0198269801034235
2.36408920712147	-3.01172299751675	-0.0180028489829982	-0.00775531072139777	2.74046752539743	0.0160924849421881	0.0165148422431449
2.37408920712147	-2.9830965341194	-0.0178498272420605	-0.00760312276918845	2.98457540372685	0.0146682045857748	0.0140446376479235
2.38408920712147	-2.95203682386642	-0.0177066598760395	-0.00747208791908561	3.22708011042167	0.0140947305390136	0.0122704001694185
2.39408920712147	-2.91856114234088	-0.0175654877005699	-0.00735581275626247	3.4677203109923	0.0142501882385879	0.0110792690590566
2.40408920712147	-2.88268974197928	-0.0174194984180562	-0.00724892785677597	3.70616224091098	0.0150463125164378	0.0103766999028146
2.41408920712147	-2.84444656020003	-0.0172626585748779	-0.00714687864460822	3.94200330549603	0.0164127640235521	0.0100968956915463
2.42408920712147	-2.80385990522762	-0.0170895269271623	-0.00704574633289173	4.17477311337497	0.0182958614533911	0.0101875617470788
2.43408920712147	-2.76096312222584	-0.01689512328453	-0.00694211269646407	4.40393495470756	0.020656793047286	0.010599335971179
2.44408920712147	-2.71579523724449	-0.0166748404377232	-0.00683296301647529	4.62888828449112	0.0234676022066344	0.0112826993998242
2.45408920712147	-2.66840157502875	-0.0164243818535002	-0.00671563869917649	4.84897445422673	0.0266938878661989	0.012215039572354
2.46408920712147	-2.6188343374495	-0.0161397475275045	-0.00658777222645455	5.06347898983475	0.0303019264364231	0.0133781765866297
2.47408920712147	-2.56715313687576	-0.0158172390005229	-0.00644724913443174	5.2716360292495	0.0342604030324385	0.0147487267741313
2.48408920712147	-2.51342547244722	-0.0154534815733508	-0.00629218718921086	5.47263434857166	0.0385405608401515	0.0162930942240711
2.49408920712147	-2.45772713761866	-0.0150454537171131	-0.00612094156721161	5.66562637555075	0.0431075733874888	0.0179820810615311
2.50408920712147	-2.40014254395247	-0.0145905291913582	-0.00593211311264851	5.84973797107986	0.0479154664435764	0.0197991063234123
2.51408920712147	-2.34076494653839	-0.0140865347289368	-0.00572454319085875	6.02407738333204	0.0529141853717075	0.0217239098353296
2.52408920712147	-2.27969656075008	-0.0135318052769158	-0.00549732320801469	6.18774664711965	0.0580504402262992	0.0237303168842475
2.53408920712147	-2.2170485572073	-0.0129252409752572	-0.00524980038191591	6.3398534505944	0.0632723146804917	0.0257770256279765
2.54408920712147	-2.15294092731894	-0.0122663500651206	-0.00498160393330633	6.47952614586936	0.0685218058460285	0.0278246368254115
2.55408920712147	-2.08750221349735	-0.0115552663363803	-0.00469270729632796	6.60593354027579	0.0737047813454194	0.0299009518446047
2.56408920712147	-2.02086908096511	-0.0107928411869525	-0.00438330812990386	6.71828500818493	0.0787701846310207	0.0319373544694361
2.57408920712147	-1.95318576691072	-0.00998060853406808	-0.00405394415399077	6.81585720736815	0.0836433195720929	0.0339124347125393
2.58408920712147	-1.88460337476896	-0.00912081520013332	-0.0037054351948846	6.8980014707002	0.0882618940828991	0.0357801052896632
2.59408920712147	-1.81527904371888	-0.00821639332592867	-0.00333890697349867	6.96415999393888	0.0925587239400221	0.0375100259041052
2.60408920712147	-1.7453749936396	-0.00727093819974538	-0.00295576229202805	7.0138754580541	0.0964726234353344	0.039068852826459
2.61408920712147	-1.67505746999317	-0.00628864619510485	-0.00255769520906032	7.04680433607757	0.0999292048001774	0.0404645925928267
2.62408920712147	-1.60449559654627	-0.00527427924089728	-0.00214661090888456	7.06271821397842	0.102875254868571	0.0416780548001307
2.63408920712147	-1.53386017230175	-0.00423308475169899	-0.00172460437001154	7.06150984101639	0.105273762099406	0.0426765028557196
2.64408920712147	-1.46332243200003	-0.00317070600747229	-0.00129393016694563	7.04319607410496	0.107101296821883	0.0434217720300749
2.65408920712147	-1.39305280019802	-0.00209306842290679	-0.000857000249330456	7.00792162765599	0.108325859802749	0.0439187108707779
2.66408920712147	-1.32321965731215	-0.00100629272045232	-0.00041631001624547	6.95595240627487	0.108926585027061	0.0441749048996417
2.67408920712147	-1.25398815103831	8.33996626021842e-05	2.56265946703445e-05	6.88766738614463	0.1089069387255	0.0441732970903786
2.68408920712147	-1.18551908150584	0.00116980504203759	0.000466291636520275	6.80355374041949	0.108276974678816	0.0439090621769448
2.69408920712147	-1.11796787661776	0.0022468457709461	0.000903191311896152	6.70419824356043	0.107044385438756	0.0434072966260128
2.70408920712147	-1.05148367465442	0.0033086562064492	0.00133391675895798	6.59027309623186	0.105226584170207	0.0426958781430973
2.71408920712147	-0.986208529957674	0.00434964990080136	0.00175622384392163	6.46251798454242	0.102876203748896	0.0417496306488988
2.72408920712147	-0.922276765013255	0.00536463570227101	0.00216798571484071	6.32173504736126	0.100031402415752	0.0405920402168896
2.73408920712147	-0.859814453779667	0.00634886618595336	0.00256725872834759	6.16877029871475	0.0967379578249974	0.0392458506494175
2.74408920712147	-0.798939051774306	0.00729809263567048	0.00295230379780497	6.00449949386521	0.0930472296763889	0.0377341746783594
2.75408920712147	-0.739759165882637	0.00820860057528368	0.00332161651665128	5.82981285872938	0.089022639792039	0.0360636211648466
2.76408920712147	-0.682374467268027	0.00907727699756478	0.00367385817297978	5.6456110235942	0.0846890810755979	0.0343273773715317
2.77408920712147	-0.626875708402895	0.00990154585643063	0.00400803175125184	5.45277411514305	0.0801347023521023	0.032488214218444
2.78408920712147	-0.573344884237056	0.0106794535297741	0.00432331249283757	5.25217001496285	0.0754055049524598	0.0305970545135994
2.79408920712147	-0.521855467414524	0.0114095938794457	0.0046191876609408	5.04462905232576	0.0705910503679547	0.0286101689532069
2.80408920712147	-0.472472758435476	0.0120911759103554	0.00489527095173532	4.83095592741448	0.0657147928997316	0.0266172412486304
2.81408920712147	-0.425254277821776	0.0127239171124723	0.00515146095041001	4.61190438675371	0.060836220242561	0.0246246596226567
2.82408920712147	-0.38025023642263	0.0133080420170805	0.00538785942411645	4.38817976236096	0.0560088248000929	0.0226421000836186
2.83408920712147	-0.337504045844362	0.0138442575541887	0.00560472283844523	4.16043892068967	0.0512599845219425	0.0207234062200791
2.84408920712147	-0.297052847614785	0.0143336635235347	0.00580253779140547	3.92927746854856	0.046647684591986	0.0188463625879527
2.85408920712147	-0.258928076565597	0.0147777514456914	0.00598190215386333	3.69523963374252	0.042199914151316	0.0170393117417519
2.86408920712147	-0.22315601635594	0.0151783242959177	0.0061435666638883	3.45881120919246	0.0379524643287754	0.0153013101482829
2.87408920712147	-0.189758361236682	0.0155374688390272	0.00628836327457069	3.22042597970492	0.033918150254604	0.013666660740593
2.88408920712147	-0.158752756413425	0.0158574769094167	0.0064172405045741	2.98046099819306	0.0301213170153111	0.0121325164923408
2.89408920712147	-0.130153326529774	0.0161408074135323	0.00653121548898024	2.73924183899752	0.0265814712556757	0.0106935858872427
2.90408920712147	-0.103971177761497	0.0163900428940949	0.00663134148272465	2.49704673488743	0.023305985881441	0.00935794736329807
2.91408920712147	-0.080214868122986	0.0166078378959939	0.00671869807732362	2.25410870585361	0.0202961440695546	0.00813497983866928
2.92408920712147	-0.0588908438239496	0.0167968681678967	0.00679438655072503	2.01061757499524	0.0175556524961235	0.00701819393952144
2.93408920712147	-0.0400038422327366	0.0169597999784358	0.00685949051658475	1.76672623798872	0.0150772949133148	0.00601407334641509
2.94408920712147	-0.0235572525573701	0.0170992428637574	0.00691507956839673	1.52255247544295	0.0128549606233901	0.00511762754379006
2.95408920712147	-0.0095534384882087	0.0172177176330199	0.00696218918699019	1.27818369021387	0.0108803926049328	0.00432007318186212
2.96408920712147	0.00200598035573404	0.0173176281125699	0.00700180127859007	1.03368181961825	0.00913946011242944	0.00361749380035951
2.97408920712147	0.011119890112522	0.0174012299706568	0.00703483896866178	0.789086862685023	0.00761629183674259	0.0030029588512147
2.98408920712147	0.0177874859035875	0.0174706075583916	0.00706215240235489	0.544421588357433	0.00629112943966801	0.00247179393381285
2.99408920712147	0.0220081186434916	0.0175276489370092	0.00708451567659957	0.299695156957066	0.00514421042059325	0.00201413287822965
3.00408920712147	0.0237811839769798	0.017574027668314	0.00710261642334827	0.0549076996214911	0.00415446703879976	0.00161830290356284
3.01408920712147	0.0231060540424899	0.0176111879727304	0.00711704453940489	-0.189944885172407	0.00329706601334042	0.00127659314882187
3.02408920712147	0.0199820530883116	0.0176403279034059	0.00712829079833865	-0.434867123390379	0.00254637851316906	0.00097955910508456
3.03408920712147	0.0144084759205636	0.017662386434304	0.00713674246579513	-0.679859718760243	0.00187659053907102	0.000715240334761278
3.04408920712147	0.00638464925607984	0.0176780344681965	0.00714267550553789	-0.924914828902141	0.00125974864511908	0.000473733877565666
3.05408920712147	-0.00408996294087717	0.0176876643073998	0.00714625456501749	-1.17001211789712	0.000668089935316141	0.000242744875803375
3.06408920712147	-0.0170156111849666	0.017691383634209	0.00714752791702508	-1.41511416378057	7.2867258632829e-05	1.04989411813362e-05
3.07408920712147	-0.0323920685309851	0.0176890100106072	0.0071464258107353	-1.66016217163872	-0.000555180824255423	-0.000234788446853896
3.08408920712147	-0.0502183953931068	0.0176800675789035	0.00714275892292784	-1.90507163703915	-0.00124574167306899	-0.000504605023442486
3.09408920712147	-0.0704926613149896	0.0176637853198206	0.00713621872104111	-2.14972817824669	-0.00202815452987891	-0.000811220418911715
3.10408920712147	-0.0932116245554797	0.0176390983759223	0.00712637722170245	-2.393983279944	-0.0029315374309199	-0.00116679480598412
3.11408920712147	-0.118370370366712	0.0176046519012631	0.00711268816006894	-2.63765020218127	-0.00398466698652642	-0.00158291247512928
3.12408920712147	-0.145961909491441	0.0175588077570675	0.00709448991827033	-2.88050013316932	-0.00521549035272181	-0.00207077339018618
3.13408920712147	-0.175976739137949	0.0174996549102035	0.00707100964435365	-3.12225857016837	-0.00665073243749775	-0.00264105755932493
3.14408920712147	-0.208402369359231	0.0174250239124218	0.00704136908347221	-3.36260204661992	-0.00831540659788729	-0.00330385470079861
3.15408920712147	-0.243222818708235	0.0173325060845863	0.0070045922061455	-3.60115528609322	-0.0102323155115324	-0.00406847514072324
3.16408920712147	-0.280418084035253	0.0172194778351108	0.00695961510698909	-3.83748891963641	-0.0124213940500942	-0.00494345907553597
3.17408920712147	-0.319963590502211	0.0170831308445532	0.00690529790129495	-4.07111783263784	-0.014899194113914	-0.00593616918638291
3.18408920712147	-0.36182962905476	0.0169205083495321	0.00684043918680763	-4.30150031246087	-0.0176782853108182	-0.00705246919726272
3.19408920712147	-0.4059807899624	0.0167285479773709	0.00676379284348045	-4.52803809000002	-0.0207668019603358	-0.00829604387740126
3.20408920712147	-0.452375402309024	0.0165041310973673	0.0066740874984497	-4.75007743802996	-0.0241679894417504	-0.00966772219618428
3.21408920712147	-0.500964990566313	0.0162441381740931	0.00657004939943342	-4.96691153981646	-0.0278792970681395	-0.011165820981185
3.21860243014672	-0.523598775598299	0.0161143242093498	0.00651806316815527	-5.0628680372286	-0.0296543864394568	-0.0118808733669853
3.22860243014672	-0.580241248578072	0.013199836744856	0.0520610267323768	-6.46673791382229	0.834265706597015	5.82016150654544
3.23860243014672	-0.653943855946058	0.0402838908214271	0.104633359425111	-8.26177295510393	4.54792982051261	4.72791380433223
3.24860243014672	-0.742002113888463	0.095293275833022	0.15153788963047	-9.07754698074234	5.87323777686984	4.6408508245985
3.25860243014672	-0.832519293826419	0.151990556214099	0.195251692503832	-8.9524753106925	5.32455458443671	4.04659074545185
3.26860243014672	-0.920362085106612	0.200449343256772	0.232028981462587	-8.60627184315421	4.34852891332883	3.30757385541494
3.27860243014672	-1.00467891114774	0.239038923429037	0.26160713432841	-8.26560737050198	3.38746121702669	2.62337420627764
3.28860243014672	-1.08589400922435	0.268671777978403	0.284844521801588	-7.98929882949215	2.56511740890646	2.04263841215371
3.29860243014672	-1.16469644085374	0.290863092552376	0.302817444779054	-7.78181163038297	1.8972889127444	1.57110664292769
3.30860243014672	-1.24172945340729	0.307106667849445	0.316548148916391	-7.63329128820594	1.37233442522456	1.19146888580527
3.31747211319154	-1.30899693899596	0.317594230506684	0.325884636911162	-7.53980066158468	1.0065359222985	0.924036578526444
3.32747211319154	-1.3804199380221	0.330777654693762	0.289251790679511	-6.49949272659531	0.265801220983943	-5.12303308589165
3.33747211319154	-1.43728243178866	0.314279576153965	0.242843988863396	-4.8597874718548	-3.56750715493188	-4.18794195246457
3.34747211319154	-1.47968638815554	0.265408933067528	0.201173991947811	-3.89148265332554	-5.58500433141135	-4.25476582265796
3.35747211319154	-1.51864972745652	0.209529112446521	0.160186436328065	-4.00681401373294	-5.39125586345585	-3.85606951283176
3.36747211319154	-1.56101736167138	0.159827108582563	0.124947961216174	-4.49262946839657	-4.50037697564852	-3.17754888017807
3.37747211319154	-1.60862002995484	0.119762016659405	0.0965741590851916	-5.0203190518017	-3.52532609526898	-2.50985919982055
3.38747211319154	-1.66114563670729	0.0888565805929092	0.0743777069576803	-5.46721658610123	-2.68577701637212	-1.94788392690262
3.39747211319154	-1.71760207660328	0.0654532346217021	0.0572038762887551	-5.80605928066506	-2.02454867267663	-1.50437504006695
3.40747211319154	-1.77693099925092	0.0478328806308575	0.0439459401506063	-6.04425362249144	-1.52351616477526	-1.162490633828
3.41656619907601	-1.83259571459422	0.0356110696380856	0.034516047772179	-6.18712173051216	-1.17999764332879	-0.920933322167439
3.42656619907601	-1.88937804717235	0.0259906381299858	-0.0173184810418142	-4.96024625932269	-2.15586515118343	-6.09775645242585
3.43656619907601	-1.93097284074886	-0.013592544210139	-0.0723927177266172	-3.41756891541316	-5.58372067316353	-5.09405632107389
3.44656619907601	-1.96272909597521	-0.0739545391196824	-0.122907370886306	-3.13299950930255	-6.10720042832882	-4.86104632335951
3.45656619907601	-1.99579497778679	-0.131586364548491	-0.167994091803272	-3.52761609939386	-5.32532735164205	-4.12382012913703
3.46656619907601	-2.03360533512373	-0.179718650922984	-0.205311959692958	-4.03036139473876	-4.30305711862264	-3.34634055322019
3.47656619907601	-2.07615074137684	-0.217958017930458	-0.23530980543002	-4.46068763257075	-3.37203822899326	-2.67065028212189
3.48656619907601	-2.12243692942325	-0.24772287361834	-0.259153986906118	-4.77721955786868	-2.60995814087945	-2.11817507747742
3.49656619907601	-2.17132606294774	-0.270711474780696	-0.278042536667954	-4.98333503563533	-2.01371155820223	-1.67602894598755
3.50656619907601	-2.22179057195642	-0.288450687242655	-0.293010641063851	-5.09513587621565	-1.55563559167102	-1.3303569464206
3.51656619907601	-2.27297186200266	-0.30219115593987	-0.304911420972745	-5.12956530937574	-1.20893056783178	-1.06090766540559
3.52656619907601	-2.32417525512089	-0.31291989574334	-0.314425434568703	-5.10197211105126	-0.949308135253115	-0.851041966779766
3.53656619907601	-2.37484810244522	-0.321398975703256	-0.322087186861242	-5.02540470706348	-0.75598438435035	-0.688428606958563
3.54656619907601	-2.42455536321914	-0.32820680945265	-0.328314051135139	-4.91041159186182	-0.612743981813545	-0.562317405072724
3.55656619907601	-2.47295676836292	-0.333777199475594	-0.333428650344695	-4.76547575354069	-0.506673410520445	-0.464660539081315
3.56656619907601	-2.51978745514605	-0.338431373390371	-0.33767973179143	-4.5972424701563	-0.428121243453402	-0.388566204304997
3.57656619907601	-2.56484178823881	-0.342405075704109	-0.341257294198625	-4.41098038157788	-0.369471670910886	-0.329286664769894
3.58656619907601	-2.60796052800291	-0.345869085202685	-0.344306889124405	-4.2107312372501	-0.325336259594446	-0.282499814610081
3.58896312268438	-2.6179938779915	-0.346638091013241	-0.344972304905358	-4.16102038441236	-0.316442501378117	-0.272764232777637
3.59896312268438	-2.66097771489896	-0.356108304608012	-0.304495747663094	-4.6599267718551	-0.266566760466667	5.36638524078396
3.60896312268438	-2.71244389530741	-0.344132605196926	-0.255985834656206	-5.62718257973043	2.64451170269601	4.36760520139309
3.61896312268438	-2.77327470328076	-0.304003631891696	-0.215961602749376	-6.43369600339433	5.0868804105123	3.8864478176453
3.62896312268438	-2.83735965715911	-0.250737263508657	-0.177350461282255	-6.25309237584851	5.31562375217167	3.72730717367072
3.63896312268438	-2.89678844779033	-0.200693158960139	-0.142684496415031	-5.59399308981847	4.61618979968285	3.17843744083567
3.64896312268438	-2.94893855945267	-0.159034733664024	-0.113980465175009	-4.83660612201096	3.71347437222637	2.56895893271675
3.65896312268438	-2.99369498371635	-0.126140696365086	-0.0910669438776363	-4.12797845377498	2.888377535884	2.02961608890185
3.66896312268438	-3.03179138297773	-0.100750028830006	-0.0730510490530146	-3.50614449037468	2.21634945954448	1.58972324699013
3.67896312268438	-3.06409599800887	-0.0813175341552082	-0.058956888367098	-2.96759193969762	1.69338739832161	1.24253794999335
3.68896312268438	-3.09137058879655	-0.0664766685789371	-0.0479366967863302	-2.49748056744838	1.29329923589572	0.971978735322012
3.69896312268438	-3.11422211152969	-0.055137004514546	-0.0393093813883994	-2.08059270294301	0.988711277171052	0.761862219088616
3.70896312268438	-3.13311742361919	-0.0464608928909933	-0.0325431583503313	-1.70432168740136	0.756902960252183	0.598440237056606
3.71896312268438	-3.14841158667293	-0.0398129989285278	-0.0272265145489851	-1.35891927809676	0.580350979403197	0.470729936392471
3.72896312268438	-3.16037422742568	-0.0347124045961206	-0.0230416991312138	-1.03697090132747	0.445630141891957	0.370653153758754
3.73896312268438	-3.16921047070699	-0.0307944815726073	-0.0197429291741226	-0.732852667677959	0.34246730917783	0.292408676877688
3.74896312268438	-3.17507669837581	-0.0277823913161841	-0.0171387463980105	-0.442375885044716	0.263471031672416	0.230833628054067
3.75896312268438	-3.17809247326125	-0.0254649094953666	-0.0150805268969596	-0.162304565996257	0.202756568235208	0.182604531597588
3.76896312268438	-3.17834927184975	-0.0236808370543003	-0.0134517669158458	0.109781325624282	0.156122430614256	0.144612893817707
3.77896312268438	-3.17591717823811	-0.0223066361085019	-0.0121614039107797	0.375748342212174	0.120288640219016	0.114640261972069
3.78896312268438	-3.17084989821402	-0.0212474810833609	-0.0111379572771246	0.637021933933579	0.0927728643805431	0.0909322215847959
3.79896312268438	-3.16318862958605	-0.0204303510545794	-0.0103253262282661	0.894702847480497	0.0716129324533684	0.0722692850358188
3.80896312268438	-3.15296503094828	-0.0197989670731683	-0.00967916353751883	1.14961159175352	0.0553865884461459	0.0575404861544027
3.81896312268438	-3.14020359010393	-0.0193097529549814	-0.00916445419117492	1.40236390625956	0.042991341516627	0.045915080633527
3.82896312268438	-3.12492349761253	-0.0189288518032583	-0.00875341839102651	1.65340355445194	0.0336052645539013	0.0367039103359105
3.83896312268438	-3.10714018852712	-0.0186297603688299	-0.0084240517852634	1.90304566562062	0.0265511137317751	0.0294763355228778
3.84286029504916	-3.09953470644114	-0.0185307113370575	-0.00831386823767743	2	0.024333982876513	0.0270875529740283
