=========================== Parameters =====================================
l1 [m]	l2 [m]	l3 [m]	c1 [m]	c2 [m]	c3 [m]	m1 [kg]	m2 [kg]	m3 [kg]
0.22	0.22	0.2458	0.044	0.066	0.17206	0.1564	0.23764	0.1564
============================== Data ========================================
t [s]	th1 [rad]	th2 [rad]	th3 [rad]	th1d [rad/s]	th2d [rad/s]	th3d [rad/s]
0	0	0	0	0	0	0
0.01	-0.00185004426711956	0.0012479202432936	0.000639428664775243	-0.340415622856873	0.199076537928666	0.117566316585391
0.02	-0.00646751204397957	0.00348569315633719	0.00201487577267401	-0.572981409764366	0.233968248831416	0.147099357067858
0.03	-0.0131880913223929	0.00575387021845121	0.0034525953279991	-0.767802000662775	0.214854019052302	0.137068632739711
0.04	-0.0217891735915653	0.00773438996231529	0.00471832190218085	-0.951758647291427	0.180317687236629	0.115387446946318
0.05	-0.032222010965408	0.0093591895663148	0.00575754676485648	-1.13511829522378	0.145118611656874	0.0927288696559033
0.06	-0.0445012589905071	0.0106514838073714	0.00658192232555441	-1.32129873934777	0.114165094315595	0.0727681847422482
0.07	-0.0586600946286992	0.0116613219223947	0.00722335540891584	-1.511037417552	0.088634895222596	0.056167999361294
0.08	-0.0747329015398881	0.0124410738317544	0.00771587416648588	-1.70401602026073	0.068080491799587	0.0428485992281302
0.09	-0.0927491513446791	0.0130367918451658	0.00808971385145014	-1.89962050335084	0.0517085637099412	0.0323097215423258
0.1	-0.112731816186924	0.0134862736427858	0.00836972194054781	-2.09718723385943	0.0386870590391607	0.0240152041020344
0.11	-0.134697403464804	0.0138194435828476	0.00857559177718948	-2.29610131581153	0.0283143408836983	0.0174358824586645
0.12	-0.158656494802487	0.0140595322250846	0.00872254812134853	-2.49580125682471	0.019989168328742	0.0121590922795274
0.13	-0.184614321358839	0.0142243178783435	0.00882215797403894	-2.69577012247958	0.0131937978454901	0.00790109168485333
0.14	-0.212571216788872	0.0143271868258227	0.0088831345629518	-2.89553895581345	0.00754839246684017	0.00439521896463204
0.15	-0.24252294082384	0.0143780811320934	0.00891191786942812	-3.09466217675879	0.00275170909760315	0.00143638530075361
0.16	-0.274460856055118	0.0143842418456567	0.00891317288248156	-3.29270478602441	-0.00143425526162933	-0.00113192870470833
0.17	-0.308371985045567	0.014350800309442	0.00889018520410184	-3.48923188924659	-0.00519665776972161	-0.00342881581622886
0.18	-0.344238970673322	0.01428124477211	0.00884517592601595	-3.68380118511891	-0.00867866814752027	-0.00554902810443887
0.19	-0.382039963022284	0.0141777937082234	0.00877954600519375	-3.87595618003075	-0.0119895453260659	-0.00756657265890735
0.2	-0.42174845286843	0.014041699254385	0.00869406229614795	-4.06521920134659	-0.0152212101589166	-0.00952515876764451
0.21	-0.463333062691112	0.013873471692399	0.0085890339374086	-4.25109397609752	-0.0184305275047419	-0.011473565228708
0.22	-0.506757321181957	0.0136730822014532	0.00846442690161705	-4.43306102506934	-0.0216560607510926	-0.0134501995265011
0.223770315954278	-0.523598775598299	0.0135891075505133	0.00841230990404381	-4.50054216557327	-0.0228851121708281	-0.0142042894155622
0.233770315954278	-0.574552353393604	0.00858937717053842	0.043996019848979	-5.89837464104483	0.0358358167062183	5.53826850156511
0.243770315954278	-0.644760351858247	0.0300746584848171	0.094154718343774	-8.12800624507734	4.22585811837635	4.51190047443483
0.253770315954278	-0.733429802635975	0.0841136416450085	0.139750155295332	-9.24486533323582	5.86423107855024	4.73249529408713
0.263770315954278	-0.825717816087914	0.141294481540842	0.185625061435287	-9.11077752480055	5.42281055007179	4.33871017565941
0.273770315954278	-0.914607778046487	0.191056986677011	0.22546174923151	-8.64797903655719	4.50162443391436	3.61054245759997
0.283770315954278	-0.998626993747555	0.231273820110712	0.257807199200988	-8.16343832264953	3.55437930321128	2.86819124960215
0.293770315954278	-1.07811229011687	0.262525002588886	0.28313243271275	-7.74776895805141	2.7192588956664	2.21394241814105
0.303770315954278	-1.15386953455269	0.286134945861618	0.302454805763866	-7.41780490331645	2.02673652555359	1.6684123017979
0.313770315954278	-1.22673193952111	0.303512100439713	0.31685466789236	-7.16669383782513	1.46944331886582	1.22911526940005
0.323770315954278	-1.29742879623899	0.315937198734731	0.327326472681031	-6.98255234784102	1.03362448997732	0.880023033764613
0.325430050148008	-1.30899693899577	0.317600703609011	0.328745553470869	-6.95731133244715	0.970872602398321	0.831037859223166
0.335430050148008	-1.37440264005881	0.331727683443952	0.303006971042168	-5.94412809715967	1.125804153932	-4.8773096541713
0.345430050148008	-1.42356273127762	0.32218847465242	0.258292510662462	-3.86577044924017	-3.06669107507344	-4.04620059735571
0.355430050148008	-1.45347000838583	0.275623844701632	0.217576820957082	-2.43806701192416	-5.52218551178194	-4.40767320692073
0.365430050148008	-1.47687657860701	0.21906914591219	0.173048742917418	-2.39436804523228	-5.57151289378736	-4.34563031294999
0.375430050148008	-1.50331952219253	0.166978103630409	0.132594358685805	-2.94803260260755	-4.77273222837415	-3.69195106533917
0.385430050148008	-1.53631906383014	0.124293202741244	0.0995638800497768	-3.65299234146946	-3.76388691298944	-2.91584242722008
0.395430050148008	-1.57614493992479	0.0913476514620063	0.0740186698293385	-4.29316669944505	-2.85103370729766	-2.21661932599448
0.405430050148008	-1.621734934094	0.0666486124611619	0.054769388875264	-4.80155029553825	-2.12089506296523	-1.65629802626576
0.415430050148008	-1.67173729465801	0.0483549777825779	0.0404144103731662	-5.1779218230881	-1.56662027921217	-1.23300118469288
0.425430050148008	-1.72492292874632	0.0348440726232566	0.0297276467125321	-5.44245876578061	-1.15703761564785	-0.919941102256785
0.435430050148008	-1.78028905655102	0.0248399676250991	0.0217467245729675	-5.6178346791754	-0.859156893179063	-0.688809842219189
0.444651698491574	-1.83259571459405	0.0178916932741077	0.0161599048430463	-5.71781734629526	-0.657673947412916	-0.530530385247645
0.454651698491574	-1.88483433507164	0.016458718612432	-0.0239713851249306	-4.48842984896501	-0.784427816642775	-5.68771118405943
0.464651698491574	-1.91949419005831	-0.0118681913429388	-0.0752851416940177	-2.46002387231877	-4.84129451494673	-4.59978373652583
0.474651698491574	-1.93880352942205	-0.069008038378882	-0.122594475359539	-1.72917396755833	-5.99781990693589	-4.83327820838298
0.484651698491574	-1.95751840056335	-0.126760854002782	-0.168809584116809	-2.1004721017196	-5.4269091261537	-4.32451064301497
0.494651698491574	-1.98161707330084	-0.176328683848562	-0.208344535150214	-2.72778918891555	-4.47266541223095	-3.57096672358748
0.504651698491574	-2.01195015348962	-0.216307187905793	-0.240380646214139	-3.32294441780672	-3.54206032895682	-2.85081632122986
0.514651698491574	-2.04768272479068	-0.247654708448827	-0.265721894905396	-3.80236355587884	-2.75346067281035	-2.23770293855652
0.524651698491574	-2.0875760198921	-0.271893538834676	-0.285535040249413	-4.1559057063127	-2.1195353165372	-1.7435399533868
0.534651698491574	-2.13042062901636	-0.290509420545226	-0.300947786041365	-4.39531738964669	-1.62548268334359	-1.35458684658237
0.544651698491574	-2.1751626333953	-0.304785649473633	-0.312929010352012	-4.53858472526303	-1.24702113673178	-1.05518493514235
0.554651698491574	-2.22092798190551	-0.315770377499599	-0.322277243700137	-4.60279534219636	-0.963589702995825	-0.825268005180513
0.564651698491574	-2.26700995071371	-0.324298638289313	-0.32962656481386	-4.60426495766442	-0.752949785846392	-0.652640081279018
0.574651698491574	-2.31284870101061	-0.331016763647913	-0.335475967948127	-4.55618622158154	-0.599001437117279	-0.523355946684556
0.584651698491574	-2.35800659016267	-0.33641730560321	-0.340208425761626	-4.46971154222809	-0.487510294244745	-0.427499946105262
0.594651698491574	-2.40214569111878	-0.340868060363829	-0.344114051550456	-4.35380371381447	-0.407199326317962	-0.357065048826261
0.604651698491574	-2.44500767659092	-0.344638230051852	-0.347409951797667	-4.21537309462032	-0.349938011769866	-0.304885629566709
0.614651698491574	-2.48639633593238	-0.347921989267834	-0.350255266194835	-4.0599285100569	-0.30899733176051	-0.266190820603075
0.624651698491574	-2.52616350182622	-0.350856545327823	-0.352765369476702	-3.89170522413173	-0.279307241513485	-0.237427099274035
0.634651698491574	-2.56419774894038	-0.353536607504189	-0.355023188782545	-3.71382056651809	-0.257526077936053	-0.215422152400047
0.644651698491574	-2.60041534139977	-0.356026380640113	-0.357087053649749	-3.52867282646053	-0.241067433156527	-0.198093855101723
0.649701604396849	-2.61799387799149	-0.357225684408855	-0.358068690383582	-3.43308314101564	-0.233872807016345	-0.191037174036568
0.659701604396849	-2.65336382188112	-0.367792930798111	-0.328047771518888	-3.78074987616797	-1.28327331280507	5.3075255087868
0.669701604396849	-2.69764473110398	-0.364983190104182	-0.279350104188288	-5.0772147850549	1.86734051417408	4.39401740467439
0.679701604396849	-2.75488185195599	-0.330623003463335	-0.239612240432859	-6.35442119492043	4.94028441021028	3.65472486406639
0.689701604396849	-2.82041233576793	-0.276432935629708	-0.200285566789287	-6.56156964259469	5.60472470794556	4.05640585412459
0.699701604396849	-2.88357880195633	-0.222240991572924	-0.161094683511396	-5.99254852594792	5.11597098010743	3.70233227110434
0.709701604396849	-2.93938746156451	-0.175414858914404	-0.12716266182502	-5.15239541482248	4.22357852133295	3.06551922541231
0.719701604396849	-2.98662566538474	-0.137793324405324	-0.0998104687079488	-4.30643752582641	3.31591471242177	2.41557759397288
0.729701604396849	-3.02584738442533	-0.10863087438091	-0.0785324121936178	-3.55702137372292	2.54351261473405	1.85925869044594
0.739701604396849	-3.05815070619075	-0.0863776800090585	-0.0622380345959099	-2.92218990460693	1.9339503953387	1.41726670836534
0.749701604396849	-3.08462436874288	-0.0694851768951102	-0.0498285073929541	-2.38774014903254	1.46661070340921	1.07916170490071
0.759701604396849	-3.10617093882899	-0.0566674294073758	-0.0403814376087219	-1.93316490134897	1.11346097239334	0.822207509549072
0.769701604396849	-3.12349005906891	-0.0469259612664334	-0.0331787547048593	-1.53938920244757	0.847273508532921	0.627393497073161
0.779701604396849	-3.13711013971563	-0.0395062380989457	-0.0276759075536154	-1.19118806421746	0.646082424919213	0.479858045297933
0.789701604396849	-3.1474272052569	-0.0338428687743135	-0.0234629401421943	-0.87712264869545	0.493558043243424	0.367884622193896
0.799701604396849	-3.15473815235985	-0.0295121316549556	-0.0202312925558659	-0.588737187205334	0.377771958214453	0.2824109360202
0.809701604396849	-3.15926634001599	-0.026195159740898	-0.0177484563757894	-0.319682107001765	0.289577831166016	0.217102546116423
0.819701604396849	-3.16118040124474	-0.023651179108657	-0.0158383529687432	-0.0652278213228251	0.22217501766868	0.167217454143993
0.829701604396849	-3.1606080547626	-0.0216978287449748	-0.0143669284151177	0.178108892241963	0.170720286024621	0.128855357262864
0.839701604396849	-3.15764638141714	-0.0201962326910317	-0.0132321718500051	0.413008340725422	0.13132789907302	0.0994203698293559
0.849701604396849	-3.15236931290087	-0.0190405116724403	-0.012355937290565	0.641461306488303	0.10119777315293	0.0767605758961896
0.859701604396849	-3.14483334206124	-0.0181495498941867	-0.0116784331575692	0.865009746626149	0.0780524013088604	0.0594618249709977
0.869701604396849	-3.13508174221064	-0.0174612336868082	-0.0111535106403445	1.08476955849315	0.060355566008441	0.0461764045271238
0.879701604396849	-3.12314787865187	-0.0169277534315366	-0.0107456089229728	1.30158130274454	0.0469188731359599	0.0359047136689893
0.889701604396849	-3.10905775290601	-0.0165121068789505	-0.0104273573927441	1.51610080888269	0.0366955345062749	0.0280827127224774
0.899701604396849	-3.09283193849039	-0.0161856702825156	-0.0101774345291024	1.72878124288313	0.028977591796743	0.0221536492417284
0.909701604396849	-3.0744871695973	-0.015926142039224	-0.0099792260344881	1.93993720889966	0.0232217886813247	0.017697753268107
0.912557981266092	-3.06886017018369	-0.0158617553828218	-0.00993020212921323	2	0.021885533818505	0.0166372014276011
0.922557981266092	-3.04781176445871	-0.0156630922813412	-0.00977975211675556	2.20947731959882	0.0180579240291572	0.0136171602866472
0.932557981266092	-3.0246746549053	-0.0154966277723142	-0.00965519236729443	2.41775036029928	0.0153918706895511	0.0114430498423675
0.942557981266092	-2.99946078630404	-0.0153519854427258	-0.0095488456152076	2.62482300191728	0.0136647349870964	0.00994521851258136
0.952557981266092	-2.9721824136743	-0.0152207324925761	-0.00945452007845909	2.83063297627966	0.0126984197782291	0.00900783806934623
0.962557981266092	-2.94285274820879	-0.015095915701623	-0.00936714172290773	3.03505476736193	0.0123630310814157	0.00853608608545123
0.972557981266092	-2.91148654671324	-0.0149716989602423	-0.00928248803492992	3.23790548149819	0.0125636264168524	0.00845333770912094
0.982557981266092	-2.87810065681254	-0.0148430902850715	-0.00919698520032425	3.43894903506745	0.0132308025207808	0.00869776285021356
0.992557981266092	-2.84271452949112	-0.0147057351465001	-0.00910755919458396	3.63790042061026	0.0143091087294074	0.00922563356080099
1.00255798126609	-2.80535070582973	-0.0145557609676052	-0.0090115298964527	3.83443043785955	0.015742721364275	0.0100212809233321
1.01255798126609	-2.76603527320856	-0.0143896960777559	-0.00890649086676489	4.02815796902473	0.0175125665263921	0.0110370511748756
1.02255798126609	-2.72479831246086	-0.0142043702874261	-0.00879028589822856	4.21866182685956	0.0195934404265568	0.0122471532092621
1.03255798126609	-2.68167431617057	-0.0139968678735589	-0.00866096818517836	4.40548290269374	0.0219525576821942	0.0136447139436187
1.04255798126609	-2.63670257961381	-0.0137645101120306	-0.00851676243518248	4.58812335334736	0.0245622433790934	0.0152200426303704
1.05255798126609	-2.58992756343527	-0.0135048496105459	-0.00835604538155831	4.76604800352527	0.0274058427197516	0.0169492588487114
1.06255798126609	-2.54139922419543	-0.013215666982537	-0.0081773501939226	4.93869026363507	0.0304677065431695	0.0188059611310207
1.07255798126609	-2.49117330695922	-0.0128949654452429	-0.00797939448929918	5.10546314638845	0.0337050966920195	0.0207988597460196
1.08255798126609	-2.43931157890738	-0.0125410195941872	-0.00776104740982883	5.26575309860748	0.0370941279717249	0.0229060941746261
1.09255798126609	-2.38588201500571	-0.0121524014017826	-0.00752133864379935	5.41892491242587	0.0406331420808828	0.0250697315016904
1.10255798126609	-2.33095893366921	-0.0117279606747275	-0.0072595368137045	5.5643455069816	0.0442712763024633	0.0272956226397728
1.11255798126609	-2.27462304522017	-0.0112668836766727	-0.00697511957504605	5.7013789049008	0.0479587784728314	0.02958289146772
1.12255798126609	-2.21696142995233	-0.010768733478205	-0.0066677668824678	5.82938817223951	0.0516711064587962	0.0318905587218016
1.13255798126609	-2.15806744465499	-0.0102334538204202	-0.00633739949421304	5.94775047603535	0.0553809403290512	0.034177548516117
1.14255798126609	-2.09804054553169	-0.00966136869307959	-0.00598421453259238	6.05587236293355	0.0590307258876286	0.0364422327403529
1.15255798126609	-2.03698601622241	-0.00905321329009211	-0.0056086654985156	6.15319110494979	0.0625634415158001	0.0386805464150285
1.16255798126609	-1.97501460247171	-0.008410186804233	-0.00521139800381739	6.23916514967982	0.0659982360668373	0.0407813452925265
1.17255798126609	-1.9122421013149	-0.00773383484811135	-0.00479340934655376	6.31332602428456	0.0692514580411323	0.0427789964902369
1.18255798126609	-1.84878882118855	-0.00702612100945808	-0.00435592683481688	6.37525510869022	0.0722658284704871	0.0446738204833851
1.19255798126609	-1.78477898383	-0.00628941901525949	-0.00390038125714835	6.42458676203867	0.0750279932408646	0.0464090834429387
1.20255798126609	-1.72034006958349	-0.00552645198568602	-0.00342843877227231	6.46102764041947	0.0775154947436164	0.0479469097312919
1.21255798126609	-1.65560209996539	-0.00474024593880519	-0.00294199807393511	6.48436676707179	0.0796773231450858	0.0492969637858122
1.22255798126609	-1.59069686551263	-0.00393411393141941	-0.00244313142183632	6.49447027807797	0.0814724190842722	0.0504636697859086
1.23255798126609	-1.52575711341601	-0.00311166681999536	-0.00193397718192182	6.49126261298513	0.0829582719169477	0.0513229486820179
1.24255798126609	-1.46091577271699	-0.002276590095808	-0.00141695169059922	6.47479323082432	0.0840203510361373	0.0520024560170137
1.25255798126609	-1.3963050878489	-0.00143278322529723	-0.000894446505849448	6.44516331194547	0.0846729780385323	0.0524600760970283
1.26255798126609	-1.33205582522044	-0.000584245562462854	-0.000368877615997572	6.40254633333049	0.0849664583677272	0.0526143896599514
1.27255798126609	-1.26829651119123	0.000265057054954303	0.000157239059333785	6.34721438005198	0.0848644669031359	0.0525165941538087
1.28255798126609	-1.20515268353585	0.00111121249184786	0.00068136919801955	6.27952056013249	0.0842969678102866	0.0522759814079087
1.29255798126609	-1.14274616950531	0.00195027020083213	0.00120119498589646	6.19983845527008	0.0833854468681883	0.0517435204399994
1.30255798126609	-1.08119450900405	0.00277847981471789	0.00171437995396874	6.10862705542094	0.0821460866330332	0.0509274449291646
1.31255798126609	-1.02061039358629	0.00359228905902471	0.00221866335162904	6.00640520864149	0.0805630213947514	0.0498896295066335
1.32255798126609	-0.961101193588778	0.00438837077525917	0.00271190421989616	5.89373830747041	0.0786087064908817	0.0487160112082755
1.33255798126609	-0.902768552663056	0.00516357442772033	0.00319222079063553	5.77119800129914	0.0763741785616646	0.0473327926385795
1.34255798126609	-0.845708118269085	0.00591507561148723	0.00365784077224035	5.63939896370424	0.0738808531645567	0.045769235021416
1.35255798126609	-0.790009321027655	0.00664036379337564	0.00410716670581037	5.49897666895481	0.0711361756070223	0.044078410639343
1.36255798126609	-0.735755238729436	0.00733722423560121	0.00453883751888977	5.35056549216305	0.0681891548330835	0.0422581140494613
1.37255798126609	-0.683022556952302	0.00800377926672107	0.00495169487473926	5.19480199272834	0.0650838800775497	0.0403148828987845
1.38255798126609	-0.631881600316598	0.0086385036981012	0.00534477427442659	5.03232114712594	0.0618446199684883	0.0382837648362793
1.39255798126609	-0.582396428480691	0.00924021722531074	0.00571731743283411	4.86374661495815	0.0584884674044728	0.0362095143229474
1.40255798126609	-0.534624988850955	0.00980805157932257	0.00606880977214454	4.6896741306409	0.0550695833239742	0.0340835505861438
1.41255798126609	-0.488619339806431	0.010341482725744	0.00639891721574615	4.51068213185467	0.0516144554324185	0.0319338629980471
1.42255798126609	-0.444425904513976	0.0108402978666208	0.00670750598368785	4.3273200869537	0.0481526696283393	0.0297810562884871
1.43255798126609	-0.402085767732148	0.0113045831757911	0.00699462586786815	4.14010689239671	0.044709573459599	0.0276479510266184
1.44255798126609	-0.361634997669336	0.0117346922143817	0.0072605142593169	3.94952392594808	0.0413243233987573	0.0255336942565304
1.45255798126609	-0.323104998556492	0.0121312508068223	0.00750554381845278	3.75602364367642	0.0380069342191056	0.0234735332762434
1.46255798126609	-0.286522863877374	0.0124951046511724	0.00773024636916911	3.56001792882677	0.0347817975910065	0.0214774228575587
1.47255798126609	-0.251911745685484	0.0128273011412925	0.00793528578334807	3.3618806009863	0.0316754084539492	0.019546989341574
1.48255798126609	-0.219291225296762	0.0131290697130329	0.00812143092397482	3.16195029978162	0.028704898760338	0.0176914655945527
1.49255798126609	-0.18867767965628	0.0134017992124449	0.00828953178332263	2.96053291341971	0.0258705134461379	0.0159381869898106
1.50255798126609	-0.160084632592922	0.0136469869774708	0.00844053515328073	2.75789373063826	0.0231922655729765	0.0142812090771262
1.51255798126609	-0.133523103881199	0.0138662292550466	0.00857544298380635	2.5542654914524	0.0206824775004815	0.0127199219557638
1.52255798126609	-0.109001939340552	0.0140611974131112	0.00869529199652689	2.34985109711302	0.0183415976812479	0.011265084863644
1.53255798126609	-0.0865281204811719	0.0142336049325573	0.00880114819268177	2.14482269734115	0.0161699734306839	0.00992253094138621
1.54255798126609	-0.0661070551380282	0.014385180150024	0.00889409567054218	1.93932270152651	0.0141724776235881	0.00868693817664029
1.55255798126609	-0.0477428484513853	0.0145176491017037	0.00897521404363658	1.73346824844622	0.0123494784557435	0.00755478506479346
1.56255798126609	-0.0314385500854714	0.0146327168901863	0.0090455609357756	1.52735466459922	0.0106924433737101	0.00653082854291452
1.57255798126609	-0.0171963745649561	0.0147320386306304	0.00910617229008418	1.32105445618185	0.00919831103271628	0.00560826815135794
1.58255798126609	-0.00501790064713472	0.0148172072501222	0.00915804227511519	1.11462214166569	0.00785999221225701	0.0047823961570346
1.59255798126609	0.00509575637303371	0.0148897348501987	0.00920211548022527	0.908096073869509	0.00666944915161509	0.00404660136602435
1.60255798126609	0.0131437967073225	0.0149510400923871	0.00923927384687777	0.701501975048426	0.00561380067017809	0.0033981463487728
1.61255798126609	0.0191256156291661	0.0150024292863032	0.00927033551761663	0.494853523809631	0.00468364886222299	0.00282678890343727
1.62255798126609	0.0230407063363967	0.015045088938981	0.00929604053109167	0.288156749619303	0.00386572014384285	0.00232538860336846
1.63255798126609	0.0248885903108631	0.0150800726679493	0.00931704718676576	0.081411779666569	0.00314644656265998	0.00188515078799767
1.64255798126609	0.0246687727416209	0.0151082926276095	0.00933392466057036	-0.12538418202454	0.00251046978196491	0.00149797450325995
1.65255798126609	0.0223807244377383	0.0151305096393259	0.00934714985292519	-0.332234814580603	0.00194302922198807	0.00115333592333739
1.66255798126609	0.01802388898182	0.0151473272840052	0.009357100935665	-0.53914155638638	0.00142788900299389	0.000841415251764787
1.67255798126609	0.0115977163216395	0.0151591851522436	0.00936405421724187	-0.746101196183297	0.000948231243604586	0.000552052517927475
1.68255798126609	0.00310172225876503	0.0151663536496699	0.00936818088147035	-0.953103255663799	0.000486705643874649	0.000274880770785475
1.69255798126609	-0.00746442576131265	0.0151689288388911	0.00936954569519009	-1.1601277350446	2.69890244726016e-05	-2.65893691977936e-06
1.70255798126609	-0.0201007976932982	0.0151668320724013	0.00936810104116845	-1.36714142835958	-0.000450558744707142	-0.000289016195642186
1.71255798126609	-0.0348070622145475	0.0151598037405382	0.00936369134716005	-1.57409688039317	-0.000962361773255994	-0.000597474109426515
1.72255798126609	-0.0515823240270616	0.0151474059906069	0.00935604722548904	-1.78092839286503	-0.00152733604644981	-0.000937903316820831
1.73255798126609	-0.0704249340140801	0.0151290206226078	0.00934478890532509	-1.98755036710126	-0.0021630729329513	-0.00132184867123532
1.74255798126609	-0.0913322748956007	0.0151038515404073	0.00932942610085514	-2.19385450290791	-0.00288693542147987	-0.00176069197273676
1.75255798126609	-0.114300522259575	0.0150709288711495	0.00930935872546313	-2.39970703997532	-0.00371726745772747	-0.00226361612664571
1.76255798126609	-0.139324380945554	0.0150291111803849	0.00928388389868351	-2.60494750675604	-0.00466878917977935	-0.00284368029971216
1.77255798126609	-0.166396800472547	0.0149770962569783	0.00925219501047099	-2.80938512802389	-0.00575820760517082	-0.00350951764813606
1.78255798126609	-0.195508668114295	0.0149134283465818	0.00921339032707869	-3.01279761800392	-0.00700070717226534	-0.00426977301362241
1.79255798126609	-0.226648483810555	0.0148365108793528	0.00916647901595212	-3.21492908134677	-0.00841103960971667	-0.00513104300157264
1.80255798126609	-0.259802017810141	0.0147446181497091	0.00911039417584216	-3.41548963408729	-0.00999866103957443	-0.00610411590479744
1.81255798126609	-0.294951956709914	0.0146359166494555	0.00904399834476136	-3.61415283514618	-0.0117732921997416	-0.00719555299173993
1.82255798126609	-0.332077539772045	0.0145084886510501	0.00896609219894961	-3.81055385870364	-0.0137490743126349	-0.00840120960897267
1.83255798126609	-0.371154185370956	0.0143603394772892	0.0088754527471897	-4.00429555536424	-0.0159180955983296	-0.00974270676429082
1.84255798126609	-0.412153127993282	0.0141894521210084	0.00877081166613389	-4.19493833328251	-0.0182929149240697	-0.0112071220502801
1.85255798126609	-0.455041049624356	0.0139937987733834	0.00865090064564696	-4.38200819590084	-0.0208766430415527	-0.0127883259257568
1.86255798126609	-0.499779724600553	0.0137713617816282	0.00851448955056162	-4.56500299712257	-0.0236431487436565	-0.0145141665976079
1.86772314471019	-0.523598775598365	0.0136453490369252	0.00843715323551757	-4.65774666120431	-0.0251579547265433	-0.0154371575714738
1.87772314471019	-0.576119545120229	0.00861414922686813	0.0440086938647853	-6.05442231517108	0.0312944940895127	5.53755136640335
1.88772314471019	-0.647878075714061	0.0300373878609628	0.0941568099065822	-8.281814334439	4.21779214070052	4.50978440666862
1.89772314471019	-0.738091591403405	0.0840166066959301	0.139703711087178	-9.39935271750966	5.8580816346761	4.72801918280551
1.90772314471019	-0.831921084614356	0.141131242904443	0.185522628106893	-9.2645000072238	5.41582633326363	4.33127481030247
1.91772314471019	-0.922338263870631	0.190802914695575	0.225285728437514	-8.79972097159401	4.49071450799494	3.60287547055904
1.92772314471019	-1.00786668567971	0.230901563264135	0.257541450523346	-8.31350351231607	3.54163957552257	2.85816351521776
1.93772314471019	-1.08884332120424	0.262015635344409	0.282762205498404	-7.8960000154164	2.70482075546953	2.20304858118412
1.94772314471019	-1.16607421376918	0.285478175607312	0.301971675841068	-7.56414164265147	2.01120836223372	1.65771135572059
1.95772314471019	-1.24039227968406	0.302705457577744	0.316258059313419	-7.31139283014209	1.45478566449708	1.21769201347314
1.9672280468013	-1.30899693899575	0.314477929158432	0.326185376834872	-7.13316785273138	1.03870789829015	0.884825216543226
1.9772280468013	-1.37608764590665	0.329201396545594	0.300844419384694	-6.10332932724612	1.16800787620545	-4.8366055014857
1.9872280468013	-1.42675468097703	0.319938493885016	0.256514304269233	-4.00785018043592	-3.05359116601635	-4.00965639441957
1.9972280468013	-1.45807543630373	0.273560901441341	0.21601870075275	-2.58018953389307	-5.49890281878883	-4.38983405197229
2.0072280468013	-1.48290520928608	0.217255115919649	0.17167843366776	-2.53612732081199	-5.54740135653471	-4.3233760663213
2.0172280468013	-1.51076134911917	0.16542165355873	0.131425271515004	-3.08876890157381	-4.74493324607606	-3.67557727649068
2.0272280468013	-1.54514590921212	0.122983351845687	0.0985775285431293	-3.78925539337716	-3.74180219062645	-2.89699678254318
2.0372280468013	-1.58631456531062	0.0902511111133159	0.0731952161187118	-4.42505055898961	-2.8319061804945	-2.20094129944402
2.0472280468013	-1.6332008845046	0.065730030776079	0.05408481200986	-4.92928167379759	-2.10290609539994	-1.64624323875786
2.0572280468013	-1.68445319289599	0.0475847786092328	0.0398415631249437	-5.3006380662913	-1.55300976802346	-1.2232625034119
2.0672280468013	-1.73884223934075	0.0341942594661562	0.02924563393336	-5.56023725769896	-1.1473227752067	-0.91031228059127
2.0772280468013	-1.79536562343394	0.0242855087558949	0.0213391877441385	-5.73116630977468	-0.851190758697263	-0.68145915556665
2.08368075453613	-1.83259571459405	0.0192827395618758	0.0173201128204775	-5.80373488618242	-0.704769204971294	-0.567665559868405
2.09368075453613	-1.88566371070775	0.0172904029518413	-0.0230960430996631	-4.56668127509779	-0.857785265275564	-5.69352161155323
2.10368075453613	-1.9210948102785	-0.0117941002903356	-0.0744543932054662	-2.53677851402082	-4.91796884208031	-4.60321986749981
2.11368075453613	-1.94138352697528	-0.0692304805966255	-0.122000015952574	-1.84155655412508	-6.00545786429896	-4.84532777056124
2.12368075453613	-1.961301684429	-0.126939022596151	-0.168272201625741	-2.22705613935438	-5.41177522011625	-4.3282995971209
2.13368075453613	-1.98668594096809	-0.176346843351782	-0.207773423519842	-2.85794265201711	-4.45486712343501	-3.56440478599685
2.14368075453613	-2.01832595009153	-0.216137773859552	-0.239736131726023	-3.45371641536854	-3.52301631711016	-2.84292503002365
2.15368075453613	-2.05536042827965	-0.247301230651841	-0.264995956320612	-3.93172294463668	-2.73605912430061	-2.22932788905327
2.16368075453613	-2.096536764636	-0.271375451332156	-0.284731154222366	-4.28310073378046	-2.1038695460722	-1.7367654586339
2.17368075453613	-2.14063847927938	-0.289851906562925	-0.300076666091733	-4.51980565196329	-1.61202856091705	-1.34970880691962
2.18368075453613	-2.18660827733218	-0.304014585213296	-0.312006152697743	-4.65960078214894	-1.23787430269229	-1.04956615868642
2.19368075453613	-2.23356980831334	-0.314914366414637	-0.321314652416155	-4.72086167283089	-0.95632108040854	-0.822094269133612
2.20368075453613	-2.28081689904356	-0.323382248472516	-0.328638738444356	-4.71927030150014	-0.747979699427611	-0.650906152125071
2.21368075453613	-2.32779058001196	-0.330062354110104	-0.334475418658443	-4.66829601321296	-0.595920284569013	-0.523061693572315
2.22368075453613	-2.37405486527645	-0.335443999435921	-0.339206143730427	-4.57911208258738	-0.485989015936045	-0.428479462675895
2.23368075453613	-2.41927395175124	-0.339891197041971	-0.343120038195099	-4.46050632663904	-0.407683854348444	-0.358088846796746
2.24368075453613	-2.46319137034853	-0.343671109487825	-0.346431086006046	-4.31974404822693	-0.3515448799991	-0.306604553574276
2.25368075453613	-2.50561313141735	-0.346974798681657	-0.349297360376149	-4.16219512028253	-0.311403360581212	-0.268549354130849
2.26368075453613	-2.54639319239286	-0.349936839484884	-0.351833228403033	-3.99198691727138	-0.282610188413633	-0.23986417150206
2.27368075453613	-2.58542196271547	-0.352650409914782	-0.354119848224753	-3.81237338485868	-0.261287955322344	-0.218191322558906
2.28240973070443	-2.61799387799149	-0.35486553973155	-0.355957501696111	-3.64977571640224	-0.246801971909585	-0.203326712723525
2.29240973070443	-2.65562356031986	-0.365430253357782	-0.325968034020183	-4.02168084865546	-1.24268811818563	5.27150554867249
2.30240973070443	-2.70240311714036	-0.362026455750812	-0.277647801910041	-5.33509229262521	1.94268191976807	4.35861257933849
2.31240973070443	-2.7622774777688	-0.326809372231108	-0.23818395677931	-6.60574981847828	4.98312752891653	3.68644950858402
2.32240973070443	-2.83005834518032	-0.272609987947277	-0.198645786626892	-6.76727639080857	5.5805792493282	4.05632161698516
2.33240973070443	-2.89515877062893	-0.21882665565372	-0.159558388984372	-6.17696874781207	5.06342753754589	3.68409070034609
2.34240973070443	-2.95277616987161	-0.172557048178464	-0.125860374139694	-5.33142103169463	4.1667347511439	3.03962736056566
2.35240973070443	-3.00181086664608	-0.135483900267334	-0.0987647337495556	-4.48757822993835	3.26448890241564	2.39033641501614
2.36240973070443	-3.04286587569528	-0.106797846965097	-0.0777169340859337	-3.74271696489272	2.49981984707612	1.83866156241102
2.37240973070443	-3.07705210473848	-0.0849363240244038	-0.0616118105659476	-3.11280564446525	1.89827117942547	1.40123350003406
2.38240973070443	-3.10545607236801	-0.0683580501634649	-0.0493515846008965	-2.58292685104393	1.43864299407037	1.06604544547177
2.39240973070443	-3.12897386524238	-0.0557889114184216	-0.0400210287723316	-2.13211238762402	1.09152906629749	0.811865459645464
2.40240973070443	-3.14829812924017	-0.0462429459922374	-0.0329085302617056	-1.74135766055019	0.829876216420421	0.619674477314996
2.41240973070443	-3.16395114877307	-0.0389767221142265	-0.0274746423816824	-1.39569848464872	0.63251950842313	0.473869823222504
2.42240973070443	-3.17632410859778	-0.0334334372152798	-0.0233142538897106	-1.08373991422031	0.483040656194834	0.363220934551222
2.43240973070443	-3.18571005102933	-0.0291963542034392	-0.0201225757577195	-0.797089440497966	0.369552349653863	0.278909359450839
2.44240973070443	-3.19232925223578	-0.0259523295709166	-0.0176699275675409	-0.529490904919649	0.283128643075898	0.214533721920305
2.45240973070443	-3.19634786229446	-0.0234652353515584	-0.0157824033536967	-0.276305459846568	0.217227704110773	0.16518190134557
2.46240973070443	-3.19789162483488	-0.0215561985521594	-0.0143280211731951	-0.0340249881727998	0.166830547620336	0.127353733011007
2.47240973070443	-3.19705589575973	-0.0200893412651537	-0.013206154966173	0.199983737890377	0.128209387812375	0.0983542474874139
2.48240973070443	-3.19391306814069	-0.0189612137072395	-0.0123397448523516	0.427674438118795	0.0987126432130737	0.0759209300994489
2.49240973070443	-3.18851820733415	-0.0180925723483478	-0.011669992713128	0.650599540264208	0.0760431941153031	0.0587450250879666
2.50240973070443	-3.18091315622398	-0.0174228249231651	-0.0111515387768611	0.86988827095755	0.0586583457850039	0.0455499169087625
2.51240973070443	-3.17112977270661	-0.0169054017813926	-0.0107494517819997	1.08639797187361	0.0453713520005068	0.035383003291227
2.52240973070443	-3.15919239023732	-0.016504391916305	-0.0104367587192348	1.30077591132903	0.0352618742667198	0.0275420708283644
2.53240973070443	-3.14511973895472	-0.0161919818678974	-0.01019257951481	1.51350856604362	0.0275939690526053	0.0215407959601272
2.54240973070443	-3.12892645839812	-0.0159465375018226	-0.0100006626050156	1.72494682300201	0.0218008595837245	0.0170172909766038
2.55240973070443	-3.1106243105265	-0.0157511617911597	-0.00984823768037103	1.93531678945231	0.0175048980325438	0.0136206279632346
2.55549358739025	-3.10455631094585	-0.0156988618729364	-0.00980757762357231	2.0000000000006	0.0164342548722007	0.0127589858757929
2.56549358739025	-3.08350972534321	-0.0155492807156128	-0.00969198250242656	2.20917270885411	0.0136479244442171	0.0104820707792349
2.57549358739025	-3.06037570490968	-0.0154229324032443	-0.00959571769636593	2.41748869561216	0.0117550659714358	0.00887141660762791
2.58549358739025	-3.03516287975116	-0.0153117413340968	-0.00951275936737497	2.62492395605122	0.0105960512323463	0.00779867401315802
2.59549358739025	-3.00788041596987	-0.0152090356850925	-0.00943818315482555	2.83139776310028	0.0100414130285484	0.0071800680224404
2.60549358739025	-2.97853858068785	-0.0151092067328196	-0.00936788164679443	3.03677257524949	0.0100011871742764	0.00694249979761115
2.61549358739025	-2.94714927215374	-0.0150074403764718	-0.00929836414472426	3.24085774521802	0.0104152463384017	0.00702097354276946
2.62549358739025	-2.91372652505507	-0.0148995060820154	-0.00922661862449915	3.44341581857166	0.0112308302902095	0.00737753610615661
2.63549358739025	-2.87828699238753	-0.0147816136666811	-0.00914999013662422	3.64416230000197	0.0124059198201797	0.0079866818268996
2.64549358739025	-2.84085041268528	-0.0146503084074909	-0.00906609322540004	3.84276613942131	0.0139093685108035	0.00882738546194419
2.65549358739025	-2.80144006382799	-0.0145023984511343	-0.00897274851150347	4.03885021650472	0.0157214961077979	0.00987609070086256
2.66549358739025	-2.76008320434553	-0.0143349029450857	-0.00886794550847372	4.23199390347194	0.0178271960806832	0.0111114430132871
2.67549358739025	-2.71681150071137	-0.0141450133465023	-0.00874983120897628	4.42173877741332	0.020197692660909	0.0125359247400191
2.68549358739025	-2.67166142813102	-0.0139301004759105	-0.00861666998132015	4.60758372704302	0.0228182041205829	0.0141338888400573
2.69549358739025	-2.62467465161189	-0.0136877158013272	-0.00846683985657327	4.78898782240669	0.0256861280780749	0.0158715862784636
2.70549358739025	-2.57589838203462	-0.0134155813361335	-0.00829886713917984	4.96538211078164	0.0287752943111524	0.0177453394990998
2.71549358739025	-2.52538568711857	-0.0131116206522049	-0.00811142055573512	5.13616959460126	0.0320521643728654	0.0197573379297826
2.72549358739025	-2.47319575704874	-0.0127739992712021	-0.00790330485672447	5.30072463831426	0.0354977361346669	0.0218838721045669
2.73549358739025	-2.41939412339514	-0.0124011461822681	-0.0076734892272718	5.45840175755196	0.0390941478955547	0.0240934891114195
2.74549358739025	-2.36405281907762	-0.0119917729446377	-0.00742114346664451	5.60854682399457	0.0428046852421018	0.0263747892274412
2.75549358739025	-2.30725046808924	-0.0115449039754403	-0.0071456590997937	5.7505048047748	0.0465712865730101	0.0287400485078861
2.76549358739025	-2.24907228690062	-0.0110599621176231	-0.00684658995385211	5.88360659458813	0.0504012223638283	0.0311041109049176
2.77549358739025	-2.18961003751749	-0.0105367177941332	-0.00652377771183218	6.00720684967995	0.054245723221183	0.0334554199766833
2.78549358739025	-2.12896187114228	-0.00997533214248999	-0.00617733626172529	6.12068483020635	0.0580331207346077	0.0358106160027472
2.79549358739025	-2.06723207805404	-0.00937641472361426	-0.00580760352149959	6.22343767532178	0.0617343456501524	0.0381239969044159
2.80549358739025	-2.00453076398685	-0.00874100493039598	-0.00541518594872691	6.31489993357219	0.0653203662097391	0.040348740347341
2.81549358739025	-1.94097343241261	-0.00807056365538815	-0.00500097267781295	6.39455603340906	0.0687481369525726	0.0424582734295607
2.82549358739025	-1.87668048269416	-0.00736694520735153	-0.00456616033517746	6.46195664559127	0.0719288784403114	0.0444924985789243
2.83549358739025	-1.81177659523516	-0.00663248972812159	-0.00411209140079331	6.51668549274499	0.0748982531944313	0.0463208473962717
2.84549358739025	-1.74639010343871	-0.00586985520888991	-0.00364044063345435	6.55842074742348	0.0775925887516515	0.0479578272104295
2.85549358739025	-1.68065225288562	-0.0050820406119353	-0.00315311724553525	6.58691992080487	0.0799363507454853	0.049441886600176
2.86549358739025	-1.61469640718853	-0.00427240390761262	-0.00265215951075742	6.60200267060028	0.0819328924438134	0.0507095092047433
2.87549358739025	-1.54865724325931	-0.00344455515719997	-0.00213979195773412	6.60357717285582	0.0835694561306333	0.0517296062595915
2.88549358739025	-1.48266990602046	-0.00260231046028306	-0.00161838697982373	6.59164000395047	0.084825063004731	0.0524933402931765
2.89549358739025	-1.41686915806675	-0.0017496260555397	-0.00109044677098767	6.56628055869802	0.0856529904041331	0.0530393108863458
2.90549358739025	-1.3513885178121	-0.000890606547880542	-0.000558476637659505	6.52765492362713	0.0860825765745303	0.0533110895276478
2.91549358739025	-1.28635945112848	-2.93854509193423e-05	-2.50356226631889e-05	6.47600625601237	0.0861225714931848	0.0532928111848661
2.92549358739025	-1.22191059868856	0.000829985121454513	0.000507224699061333	6.41168044144253	0.0856778580112102	0.053125740637688
2.93549358739025	-1.1581669919058	0.00168338294177098	0.00103588505505941	6.33504191154353	0.084872684558995	0.0526544485075813
2.94549358739025	-1.09524943397372	0.00252687945573419	0.00155849491309394	6.24654681377759	0.0837198105208349	0.0518901489622638
2.95549358739025	-1.03327389279063	0.00335674372774701	0.00207266544942474	6.14671829987741	0.0821897660522708	0.0509126806675626
2.96549358739025	-0.972350973019063	0.00416943072059735	0.00257617494112224	6.03611699034346	0.0802971809266003	0.0497484037304453
2.97549358739025	-0.912585491078266	0.00496162886278007	0.0030669801836325	5.91533549980105	0.078086008050735	0.0483897890677916
2.98549358739025	-0.854076142077585	0.00573030853386851	0.00354321486903141	5.78499532103184	0.0756042166501328	0.0468297027601456
2.99549358739025	-0.796915262801136	0.00647278537710537	0.00400315481502163	5.64575168039168	0.0728457575763654	0.0451415540623603
3.00549358739025	-0.74118865575374	0.00718666011712762	0.00444534392900895	5.49825418080167	0.0698760390895122	0.0433020495194893
3.01549358739025	-0.686975534204787	0.00786989691224431	0.00486851323255435	5.34316274047387	0.0667310311253745	0.0413314634516109
3.02549358739025	-0.63434852960944	0.00852081974387198	0.00527160267881403	5.18113533736152	0.0634351917980969	0.0392672947866865
3.03549358739025	-0.583373774693419	0.00913810905121663	0.00565377092262172	5.01281874412663	0.0600100250726307	0.0371511259300887
3.04549358739025	-0.534111048519868	0.0097207738136424	0.00601442852120027	4.83883281030597	0.0565126002205906	0.0349735400338998
3.05549358739025	-0.48661399636038	0.0102681865824718	0.0063531726974524	4.65978134822121	0.0529678449922409	0.0327681176503591
3.06549358739025	-0.440930382876321	0.0107800463715469	0.00666981417946871	4.47623825291513	0.0494067003079084	0.0305570621455404
3.07549358739025	-0.397102393045734	0.0112563656197869	0.00696436221464083	4.28874512088238	0.0458604683836498	0.028358376635906
3.08549358739025	-0.355166963473412	0.0116974455751609	0.00723701888856651	4.09780661812558	0.0423679847894729	0.0261751728969409
3.09549358739025	-0.3151561447468	0.0121038773160459	0.0074881317572172	3.90389743502517	0.0389383306785708	0.0240474531129826
3.10549358739025	-0.277097466789517	0.01247648504298	0.00771822288762622	3.70744895212433	0.0356003840100867	0.0219822135112849
3.11549358739025	-0.241014324345573	0.0128163120984367	0.00792795455203248	3.50885341229203	0.0323829592649097	0.0199810131686709
3.12549358739025	-0.206926364363049	0.0131246013086448	0.00811810054853376	3.30846697629724	0.0293020794920449	0.0180576501494446
3.13549358739025	-0.174849868857708	0.0134027667955385	0.00828952826018902	3.10661030053263	0.0263606903006368	0.0162384837915778
3.14549358739025	-0.144798125298134	0.0136523450476532	0.00844320947399485	2.90356176422671	0.0235806080561044	0.0145176396355819
3.15549358739025	-0.116781794592665	0.013874984343767	0.00858017796059017	2.69956551121379	0.0209749375274072	0.0128957887678093
3.16549358739025	-0.0908092604196043	0.0140724200818911	0.00870150810105987	2.49483422313964	0.0185435541865913	0.0113866494769362
3.17549358739025	-0.0668869572641399	0.0142464370360164	0.00880831382041183	2.28954682365648	0.0162905779987483	0.00999269893462883
3.18549358739025	-0.0450196816369946	0.0143988466093287	0.00890172891282199	2.08385161294258	0.0142202789915179	0.00871118404311317
3.19549358739025	-0.0252108813015463	0.014531465120166	0.00898288878724962	1.87786941169065	0.0123335905350403	0.00753931345196349
3.20549358739025	-0.00746292161369581	0.0146460950394131	0.00905291120884372	1.67169735180735	0.0106224307293408	0.0064825486943596
3.21549358739025	0.00822267563781853	0.0147444941793923	0.00911289729188108	1.46540755566089	0.00908545790190922	0.00553284421427013
3.22549358739025	0.021845013841789	0.0148283647630102	0.00916390801292137	1.25905277041123	0.0077153497812384	0.00468683365880468
3.23549358739025	0.0334036312755815	0.0148993325957561	0.00920695804263008	1.05266764397833	0.00650420948021138	0.00393858792064417
3.24549358739025	0.042898335025013	0.0149589334766066	0.00924300278108628	0.846272138215002	0.00544022736984039	0.00328462810578088
3.25549358739025	0.0503290620884822	0.0150085950827132	0.0092729349842916	0.639872630598568	0.00451391391434044	0.00271549905558796
3.26549358739025	0.0556957643976859	0.0150496279865666	0.00929757164466743	0.433465908955817	0.00371239698507762	0.00222406547038892
3.27549358739025	0.058998320916391	0.0150832127111122	0.0093176493036758	0.227041127389664	0.00302212322231031	0.00180199967857822
3.28549358739025	0.0602364750422051	0.0151103900302772	0.00933381747152404	0.0205824949915216	0.00242852253617562	0.00144050744237122
3.29549358739025	0.0594097978857548	0.0151320520360794	0.00934663341883187	-0.18592820188034	0.00191635180146685	0.00113008020977721
3.30549358739025	0.056517677307289	0.0151489344389938	0.00935655748431385	-0.392509027356555	0.00146983478449148	0.00086051419705089
3.31549358739025	0.0515593326755164	0.0151616103324276	0.00936394839910027	-0.599175151283991	0.0010721048155832	0.000621891544298483
3.32549358739025	0.0445338557543803	0.0151704839522263	0.00936906055191975	-0.805936461332131	0.000706146872173267	0.000403446438574274
3.33549358739025	0.0354402774692591	0.0151757857712683	0.00937204121667618	-1.01279500483142	0.000355071191205708	0.000193362684680372
3.34549358739025	0.0242776603328562	0.0151775701911613	0.00937292594468245	-1.21974177720251	-2.72975309286953e-07	-1.76988363516542e-05
3.35549358739025	0.0110452180748545	0.0151757097977372	0.00937164060526085	-1.42675515139378	-0.000376882688485606	-0.000242605173150614
3.36549358739025	-0.00425753988941612	0.0151698961406149	0.00936799620929523	-1.63379719803605	-0.000793881652009837	-0.00049154734385604
3.37549358739025	-0.02163063668036	0.01515963677866	0.00936169107211078	-1.84081182626366	-0.00126931186531606	-0.000776318711407471
3.38549358739025	-0.0410734308229087	0.0151442561721845	0.00935230993848526	-2.04772193305553	-0.00182109359301365	-0.00110871831854985
3.39549358739025	-0.0625843934339119	0.0151228979666779	0.00933932382486244	-2.25442656939738	-0.00246806601719733	-0.00149880381414983
3.40549358739025	-0.0861608596949583	0.0150945265555864	0.00932209396520881	-2.46079902644792	-0.00322747447604245	-0.00195808667093985
3.41549358739025	-0.111798756136774	0.0150579312091003	0.00929987570325108	-2.66668471086736	-0.00411369213908048	-0.00250094754652903
3.42549358739025	-0.139492306553525	0.0150117400874755	0.00927181251457614	-2.87189615801385	-0.00514927022794073	-0.00312870074573653
3.43549358739025	-0.16923371116668	0.0149544158310014	0.00923696056933452	-3.07621608144436	-0.00634350200951652	-0.00385917758840634
3.44549358739025	-0.201012812512469	0.0148842806283203	0.00919427702309948	-3.27939042851893	-0.0077131285141629	-0.00469713713105128
3.45549358739025	-0.234816739079263	0.0147995235845166	0.00914263888188366	-3.48112950051377	-0.00927088017515651	-0.005649741882445
3.46549358739025	-0.270629536240795	0.0146982173412927	0.00908085510171783	-3.68110707005918	-0.011023660105974	-0.00672846429141444
3.47549358739025	-0.30843178940921	0.0145783491812631	0.0090076649362689	-3.87895564659	-0.0129882837377629	-0.00792632777878769
3.48549358739025	-0.34820023250525	0.0144378199689958	0.00892178841444367	-4.07427571549154	-0.0151514885344721	-0.00927330634981121
3.49549358739025	-0.389907372551554	0.0142745173274462	0.00882187952567743	-4.2666186733995	-0.0175407666472296	-0.010736262678978
3.50549358739025	-0.433521094516775	0.0140862906307787	0.00870662423012727	-4.45550891000576	-0.0201361767575403	-0.0123419758518105
3.51549358739025	-0.47900430150973	0.0138710285135791	0.0085747010634482	-4.64042891843887	-0.0229375953242513	-0.014082180571146
3.52492965537021	-0.523598775598435	0.0136412774251102	0.00843376401414116	-4.81078086150353	-0.0257800662500186	-0.0158188808892927
3.53492965537021	-0.577645124123936	0.00859454325559433	0.0440035717641548	-6.20647013512412	0.0290160058723371	5.53694171454328
3.54492965537021	-0.650914681491056	0.0299797712543293	0.094141058717854	-8.43161610701751	4.21177749158198	4.50831320316141
3.55492965537021	-0.742626463627791	0.0839090493055982	0.13964645982987	-9.54896701690202	5.85252583446547	4.72390067943451
3.56492965537021	-0.837947024756583	0.1409611591636	0.185411415795154	-9.4130320295333	5.40894547745696	4.32408109728167
3.57492965537021	-0.92983915741255	0.19054340651525	0.225101414349895	-8.94615170730463	4.47973733110425	3.59546278437149
3.58492965537021	-1.01682388608215	0.230524649678425	0.257267888769666	-8.458287688822	3.52904785423835	2.84810539608486
3.59492965537021	-1.09923903284721	0.261502970410964	0.282384514187205	-8.0389131565629	2.69035919316519	2.19246695103002
3.60492965537021	-1.17789093133131	0.284819505482201	0.30148261239323	-7.70532979034509	1.99621302929869	1.64668831576523
3.61492965537021	-1.25361262102825	0.301899240169776	0.315657112415993	-7.451012104632	1.44075126847026	1.2059528586941
3.62243958345658	-1.30899693899575	0.311415183670121	0.323674287905187	-7.30438087947148	1.1042373844125	0.937398300707102
3.63243958345658	-1.37772654644132	0.326709609791889	0.298726749202041	-6.25807221500449	1.20795648050406	-4.79640422240856
3.64243958345658	-1.42985728862712	0.317703097062716	0.254775095951623	-4.14601328352347	-3.04096893608177	-3.97575408643692
3.65243958345658	-1.46254582414267	0.271487768780165	0.21449274082918	-2.71827186546894	-5.47693024924021	-4.37329628340681
3.66243958345658	-1.48876329269594	0.215424799790701	0.170330735949558	-2.67506450320044	-5.52196886492043	-4.30376401658035
3.67243958345658	-1.51800386470738	0.163853297252492	0.130270568728844	-3.22615025470822	-4.71917615814179	-3.65613148407011
3.68243958345658	-1.55374605559766	0.121663471749432	0.0976066805365588	-3.92314870948525	-3.71824359524275	-2.87974501318137
3.69243958345658	-1.59623164862449	0.0891490449222803	0.0723857494205355	-4.55449990158651	-2.81182506395297	-2.18614425586098
3.70243958345658	-1.64438902582612	0.0648107859426562	0.0534114533182539	-5.05408118079684	-2.0861850042664	-1.63406143297851
3.71243958345658	-1.69686570861262	0.0468158227111073	0.0392801497136542	-5.4207257604632	-1.5395935208593	-1.21301859425319
3.72243958345658	-1.75243276283942	0.0335463276312652	0.0287760035676258	-5.67590812768208	-1.1358718800141	-0.902977984034743
3.73243958345658	-1.81008886263317	0.0237346834323747	0.0209426420659059	-5.84229409617157	-0.8421573543651	-0.675528298034111
3.73627683117641	-1.83259571459421	0.020678649089428	0.0184880942616058	-5.8868342571121	-0.752499992112502	-0.605243216719902
3.74627683117641	-1.88646499592752	0.0181232263600884	-0.022223373549333	-4.64192129988228	-0.932301089426579	-5.69930975598205
3.75627683117641	-1.92263614981876	-0.0117337284511866	-0.0736227491493356	-2.60975321831731	-4.99777117612859	-4.60522704613693
3.76627683117641	-1.94389211390308	-0.0694417226654723	-0.121412942732724	-1.95254876673395	-6.01051441979505	-4.85926809638175
3.77627683117641	-1.96499343504416	-0.127099325384207	-0.167741505333585	-2.35055336420476	-5.39986124447864	-4.3271446826623
3.78627683117641	-1.99163906801363	-0.176350072377542	-0.207202777841195	-2.98587602565585	-4.43638723249297	-3.55875929946987
3.79627683117641	-2.02456180233307	-0.215953813053938	-0.239092212198176	-3.58187575903875	-3.50472210973504	-2.8341268901497
3.80627683117641	-2.06287335309321	-0.246935431710971	-0.264269091670333	-4.05870587070834	-2.71845878048578	-2.22139711721765
3.81627683117641	-2.10530827446795	-0.270846056250093	-0.283926629212709	-4.40776703996484	-2.08866898544797	-1.72951121342271
3.82627683117641	-2.15064294139119	-0.289183828507838	-0.299205370930896	-4.64160893013164	-1.59977067271107	-1.34331212799817
3.83627683117641	-2.19781637678917	-0.303235147631613	-0.311081220012055	-4.77839800409005	-1.22826395227052	-1.04467760855056
3.84627683117641	-2.24595087512031	-0.314050383177678	-0.320350090416663	-4.83665811172714	-0.948999845726802	-0.819033393778809
3.85627683117641	-2.29434049853149	-0.322458153814914	-0.327648704176557	-4.83203014966654	-0.743112129157066	-0.649016388356635
3.86627683117641	-2.3424272898875	-0.329100192716196	-0.333472303219628	-4.7781964842759	-0.593086045887462	-0.522356311273205
3.87627683117641	-2.38977701464306	-0.334462551310025	-0.338200854505104	-4.68633728770201	-0.484899475740441	-0.428737826046134
3.88627683117641	-2.43605592567079	-0.338906030314152	-0.342121725589724	-4.56525757169917	-0.408076425958812	-0.359062464780108
3.89627683117641	-2.48100969662689	-0.342694930524054	-0.345446950745159	-4.42228178293598	-0.35297471183688	-0.308343301964004
3.90627683117641	-2.52444657245098	-0.346017415348378	-0.348333289854676	-4.26270533043471	-0.313733660617917	-0.270745664516655
3.91627683117641	-2.56622260026735	-0.349005819840485	-0.350893614555626	-4.09067316397784	-0.28563800560169	-0.242377605745098
3.92627683117641	-2.60623016142614	-0.351751512281678	-0.353207753732678	-3.9094687007769	-0.2646897754482	-0.221122923498644
3.92930767044807	-2.6179938779915	-0.352545567981709	-0.353869681852202	-3.85308871572998	-0.259449102375974	-0.215621761440972
3.93930767044807	-2.65775129005519	-0.363094482147795	-0.323931021250175	-4.24902679705593	-1.20220944320433	5.23537948485896
3.94930767044807	-2.70689208133312	-0.359104764611431	-0.275980773182425	-5.57919685756617	2.01697067531704	4.32412989647696
3.95930767044807	-2.76925819213535	-0.323065180748491	-0.236760863040932	-6.84034465520431	5.01850416549999	3.7206554205315
3.96930767044807	-2.83914309555507	-0.268878029498419	-0.197029405548033	-6.95907315944488	5.55434677812332	4.05710408257451
3.97930767044807	-2.90604891546468	-0.215502640410482	-0.158047921274434	-6.34946483339125	5.01297101682945	3.66430437495636
3.98930767044807	-2.9653570544537	-0.169775107429105	-0.124581650074189	-5.49882899358994	4.11121132824835	3.01471941841912
3.99930767044807	-3.01607398458831	-0.133233723752412	-0.0977359383016494	-4.65730959341494	3.21449692435038	2.36609500203146
4.00930767044807	-3.05884863590754	-0.105008894132203	-0.0769112077711439	-3.91715385685915	2.45803747276072	1.81802015200335
4.01930767044807	-3.09480366537343	-0.0835260870458559	-0.0609896684553564	-3.29214464878154	1.86445973750545	1.38470933946281
4.02930767044807	-3.12502321274851	-0.0672513193093267	-0.0488748848839486	-2.76667945656697	1.41190684956252	1.05286470078154
4.03930767044807	-3.15039701201009	-0.0549223859128421	-0.0396579680333875	-2.31952537108689	1.07033659632794	0.801770934840707
4.04930767044807	-3.17161103239695	-0.0455655563685773	-0.0326332573867113	-1.93182216323959	0.813154614872747	0.612002072068567
4.05930767044807	-3.1891819079246	-0.0384476856456411	-0.0272667368951465	-1.58871662861099	0.61937472035281	0.468073898084033
4.06930767044807	-3.20349629513361	-0.0330204353806754	-0.0231576434833083	-1.27894052418147	0.472831550398294	0.358747730837091
4.07930767044807	-3.21484373707888	-0.0288737515596197	-0.020004850673879	-0.994154237699495	0.361635389652992	0.275497209133534
4.08930767044807	-3.22344178304415	-0.0256999252923968	-0.0175814949936086	-0.728168098928244	0.276967021464974	0.212003246883016
4.09930767044807	-3.22945445156476	-0.0232672397864879	-0.0157158469587885	-0.476410709888455	0.212442804013356	0.163316723312966
4.10930767044807	-3.23300581013109	-0.0214003460873414	-0.0142776916658161	-0.235415141558267	0.16313438034908	0.125957681609211
4.11930767044807	-3.23418985821594	-0.0199661848238465	-0.0131678410957405	-0.0025691844633526	0.125356419029517	0.0972891307838822
4.12930767044807	-3.23307784778922	-0.0188635232507682	-0.0123104650280456	0.224090677653319	0.0964030900337849	0.075218420664774
4.13930767044807	-3.22972376053063	-0.0180150992878842	-0.0116474863185526	0.44605892093959	0.0742294318701322	0.0581578582820052
4.14930767044807	-3.22416843226309	-0.0173617342364974	-0.0111343943562589	0.664497290506984	0.0571954539670994	0.0450267795809488
4.15930767044807	-3.21644265161953	-0.0168580502265516	-0.0107368867961907	0.880280860875572	0.0440996680079111	0.0349404977110393
4.16930767044807	-3.2065695570219	-0.0164691632261976	-0.0104284290744631	1.09405902878926	0.0340909871991226	0.0271371227125499
4.17930767044807	-3.19456651962417	-0.0161680918701052	-0.0101885186799358	1.30633276651849	0.0264696616976478	0.0211092553150522
4.18930767044807	-3.18044660604391	-0.0159338727877011	-0.0100012428248627	1.51748021987355	0.0206690362641146	0.0165184106263859
4.19930767044807	-3.16421974159403	-0.0157501640323509	-0.00985412134210139	1.72776048167317	0.0163033359104848	0.0130438689021222
4.20930767044807	-3.1458936821852	-0.0156040986385286	-0.00973733401457079	1.93734625105905	0.0130782864213249	0.0104441432630994
4.2123028378501	-3.13999716440922	-0.0155660970739713	-0.00970704329623651	2.00000000000001	0.0123079616338385	0.00979534157022495
