=========================== Parameters =====================================
l1 [m]	l2 [m]	l3 [m]	c1 [m]	c2 [m]	c3 [m]	m1 [kg]	m2 [kg]	m3 [kg]
0.22	0.22	0.2458	0.066	0.154	0.14748	0.1564	0.23764	0.1564
============================== Data ========================================
t [s]	th1 [rad]	th2 [rad]	th3 [rad]	th1d [rad/s]	th2d [rad/s]	th3d [rad/s]
0	0	0	0	0	0	0
0.01	-0.0017139526007708	0.00107689665598484	0.000559615211258949	-0.30621006671709	0.150665486286379	0.103651822707689
0.02	-0.00585974538437699	0.00263462821131791	0.00170730042792608	-0.517117266828008	0.152849554051762	0.116728191538214
0.03	-0.0120000598974546	0.00405630195313297	0.00280636181175736	-0.710010901755823	0.130313724008425	0.101224684766277
0.04	-0.0200547587067342	0.00523408591919096	0.00372265713112575	-0.901169602218238	0.10567993435259	0.0820709373742603
0.05	-0.0300304872913928	0.00618068377402913	0.0044556857624306	-1.09438382245083	0.0842428065264781	0.065075536768863
0.06	-0.0419512970321554	0.00693280473453199	0.00503359951469578	-1.29017051793424	0.0667723010860913	0.0510298334647251
0.07	-0.0558410134799798	0.00752695964029414	0.00548600053432495	-1.48810502723821	0.0525881405527524	0.0398568757398286
0.08	-0.0717190870742734	0.00799374261622895	0.00583836157914623	-1.68775535555491	0.0411790508896465	0.030954290735556
0.09	-0.0896002971504802	0.00835787452371896	0.0061111021974571	-1.88865859818225	0.0319694223918647	0.0238629697133776
0.1	-0.109495062228912	0.00863892576098936	0.00632031538203604	-2.09040654158659	0.0245074561219213	0.0181767733982187
0.11	-0.131409880012503	0.00885232038307836	0.00647850709710966	-2.29260299255244	0.0183673565728861	0.0136254131597744
0.12	-0.155347585127209	0.00901002358580131	0.00659543155851984	-2.49492663025058	0.0133239407920807	0.00988644493373828
0.13	-0.181307608758947	0.00912140057507083	0.00667850056746412	-2.69701351111286	0.00907343400981108	0.00681811694650565
0.14	-0.209285985761889	0.00919359271287791	0.00673340042564909	-2.89853899399616	0.00545357841234004	0.00423353691624405
0.15	-0.239275368917541	0.00923204167489833	0.0067643756487079	-3.09915718525985	0.00230327804366908	0.0020132817663518
0.16	-0.271264917097802	0.009240804754492	0.00677455042411239	-3.29851140247637	-0.000501327674299285	5.81685468037554e-05
0.17	-0.305240135434631	0.00922283716476039	0.00676615819458684	-3.49622654923301	-0.00305824677296826	-0.00171101242522924
0.18	-0.341182665103646	0.00918021605936251	0.00674072933132645	-3.69190566748723	-0.00544240299163194	-0.00335938890829608
0.19	-0.379070040202983	0.00911433154008166	0.00669923451035521	-3.8851227780807	-0.00771958731092624	-0.00493168107329047
0.2	-0.418875412768538	0.00902602875184295	0.00664221490920409	-4.07542595221679	-0.00993655432897131	-0.00646652782508856
0.21	-0.460567265400193	0.00891573113641496	0.00656988431056664	-4.26233759949719	-0.0121200264341834	-0.00800142522100331
0.22	-0.504109128863385	0.00878356907094056	0.00648219068055722	-4.44534137673596	-0.0143113127714528	-0.0095437757023233
0.224345998840956	-0.523598775598307	0.00871929168523502	0.00643924236211966	-4.52352365322625	-0.0152649613315355	-0.0102258860513428
0.234345998840956	-0.583902921700776	0.031613188418425	0.0164883459140727	-7.51206559446339	4.53883336936713	2.05185515022455
0.244345998840956	-0.666371494116437	0.0825719093814114	0.0584695059061935	-8.75481592510827	5.3702742511861	5.8814854444903
0.254345998840956	-0.755110964561913	0.136572661708377	0.117892956509693	-8.81586739720782	5.18390933680078	5.72518403551406
0.264345998840956	-0.841111984978644	0.184042655928327	0.170547524210073	-8.36328886767075	4.28218525109116	4.76849718733522
0.274345998840956	-0.922375096920701	0.222222776054883	0.213286850408482	-7.90163981734108	3.37311889704405	3.79651416343302
0.284345998840956	-0.999439754197209	0.251948126056118	0.246982717020003	-7.52731941845747	2.59676923399126	2.96901431592675
0.294345998840956	-1.07322897000046	0.274645943257761	0.273175540454135	-7.2445812170482	1.96548025230879	2.29395869310026
0.304345998840956	-1.14458449708426	0.29167646212316	0.293314650359193	-7.03792113589045	1.46013247881547	1.75430199449223
0.314345998840956	-1.2141893736675	0.304205065201952	0.308633975735591	-6.89216464981504	1.06241044700736	1.32579846614944
0.324345998840956	-1.2825788307089	0.313207544142618	0.320148790271679	-6.79265302044851	0.751879257084282	0.990455178128371
0.328243682159538	-1.30899693899575	0.315938851537713	0.323791826444392	-6.76410938990438	0.651722665577851	0.880318601881523
0.338243682159538	-1.36359094888162	0.300323815681848	0.323260186073467	-4.12968567856713	-3.79074747250875	-1.01237043722217
0.348243682159538	-1.39801754966062	0.256127537214363	0.290094420617603	-2.90380731387937	-4.85696225549254	-5.26716084824596
0.358243682159538	-1.42473623038293	0.2043378934772	0.234521345445303	-2.66359847606275	-5.17806496437362	-5.53817277721176
0.368243682159538	-1.45391089889567	0.15631019466274	0.182796070028938	-3.22946354557807	-4.35036289933225	-4.72195355935354
0.378243682159538	-1.48970543031114	0.117790094853795	0.140610153177637	-3.92218280804032	-3.36758625518737	-3.72316216077304
0.388243682159538	-1.53199787228957	0.0884164968169056	0.107845361874213	-4.51204202834527	-2.54348243304584	-2.85842391024279
0.398243682159538	-1.57949838997597	0.066314957184937	0.082756631168872	-4.96527098102705	-1.90859823166294	-2.18811171298473
0.408243682159538	-1.63089515272546	0.0496943152226665	0.063554729683923	-5.29628128924679	-1.43847049214929	-1.67639625917091
0.418243682159538	-1.68510775122871	0.0371469910824417	0.0488112134496715	-5.53210199650653	-1.08856518154903	-1.28987622868372
0.428243682159538	-1.74129091029721	0.0276307525533696	0.0374434491520017	-5.6935389004514	-0.827434847205662	-0.997000071030009
0.438243682159538	-1.79878217160365	0.0203772229219682	0.0286409727597019	-5.79625641111758	-0.63202752345933	-0.774149990565528
0.444057544615599	-1.83259571459405	0.0169692150405625	0.024454564015102	-5.83343308336531	-0.542535189582808	-0.669016494450359
0.454057544615599	-1.87695966295637	-0.0105737333911799	0.00748036817751556	-3.06644004106751	-4.90218214687384	-2.76313374130526
0.464057544615599	-1.90185290565027	-0.0635889204943181	-0.0408568345072996	-2.09882619522965	-5.59304039922258	-6.10800791043103
0.474057544615599	-1.92327039996525	-0.118510043313504	-0.101083309369626	-2.33280419134144	-5.18728638302636	-5.71126808339035
0.484057544615599	-1.94969663023931	-0.165703071000717	-0.153198677162746	-2.96401080010811	-4.23214122649421	-4.69821210667166
0.494057544615599	-1.98232391766742	-0.203462850192029	-0.195191522806972	-3.54331305275808	-3.34053874672839	-3.72945833912644
0.504057544615599	-2.02011934653601	-0.233069036726488	-0.228363226170576	-3.9934941047573	-2.6081059120112	-2.93459285656353
0.514057544615599	-2.06176857464425	-0.256147254756549	-0.254433997864251	-4.31636885291914	-2.03220350033626	-2.30411142080382
0.524057544615599	-2.10609091322216	-0.274135658597801	-0.274912636728199	-4.53219156400324	-1.58386574329389	-1.81311355428519
0.534057544615599	-2.15210753679058	-0.288199047892786	-0.291032003781601	-4.658412679621	-1.2429349889878	-1.42828151919569
0.544057544615599	-2.19902117280873	-0.299269912559739	-0.303763607360952	-4.713805633494	-0.98307114879077	-1.1310108756861
0.554057544615599	-2.24619378016826	-0.308074445520247	-0.313876596750208	-4.71206414612325	-0.787745715095429	-0.900928506057689
0.564057544615599	-2.29311637170043	-0.315177780451247	-0.321969560289808	-4.66564720034765	-0.640432855504869	-0.725006058128218
0.574057544615599	-2.33938748180593	-0.321009812036483	-0.328510703966354	-4.58341905712386	-0.531151232041659	-0.589433923466007
0.584057544615599	-2.38469067790346	-0.325897514872272	-0.333859877633498	-4.47320990606151	-0.450181562477421	-0.485246683243374
0.594057544615599	-2.42877820867649	-0.330085251129074	-0.338293543933376	-4.34113094421962	-0.390248037779395	-0.40509052463205
0.604057544615599	-2.47145654378714	-0.333753902425887	-0.342022443252462	-4.1920927072197	-0.345521757504507	-0.343490901638055
0.614057544615599	-2.51257509938118	-0.337035053111967	-0.345207135870598	-4.02972245887121	-0.312156407999872	-0.295581637552866
0.624057544615599	-2.55201651636771	-0.340024049922071	-0.347968401104975	-3.85706424911269	-0.286722864736863	-0.25821467787176
0.634057544615599	-2.58968964856953	-0.342788431229483	-0.350397331423867	-3.67640323029831	-0.266894956455841	-0.228738340965787
0.641912173435549	-2.6179938779915	-0.344833531615588	-0.352117186232913	-3.53007534544845	-0.254089036678175	-0.20982163640059
0.651912173435549	-2.65996719066043	-0.336975098110715	-0.340503911027616	-4.87003329764677	1.84734780633396	2.51550585910354
0.661912173435549	-2.7159840778957	-0.306408565190163	-0.302913541264882	-6.44350201998197	4.58201168077253	4.6045645783815
0.671912173435549	-2.78333332086208	-0.25433719552361	-0.25231809083573	-6.74998596793467	5.40175347660763	5.23331889877128
0.681912173435549	-2.84784185529593	-0.203057252812296	-0.202262652238163	-6.07452719795216	4.74220561438182	4.66509398959121
0.691912173435549	-2.90418437675406	-0.160424454887167	-0.160006768537212	-5.19207322422392	3.78106011345748	3.77960892542289
0.701912173435548	-2.95196247366251	-0.127008997612751	-0.126466785427105	-4.38259078906707	2.9281177719368	2.95548661515125
0.711912173435548	-2.99227442182406	-0.101226094305092	-0.100371736892045	-3.70014029855043	2.25693720024653	2.2919390521554
0.721912173435548	-3.02634298406391	-0.0813314468634803	-0.0801290192577837	-3.13014514911552	1.74551082197412	1.77910094712339
0.731912173435548	-3.0551632389836	-0.0659131847952157	-0.0643890597833279	-2.64636094012316	1.35580918019043	1.38601126489642
0.741912173435548	-3.07948554365796	-0.0539101180553355	-0.0521105148351337	-2.22701662476166	1.05702811102294	1.08349084928871
0.751912173435549	-3.09986939629897	-0.0445328169673695	-0.0425044284426624	-1.85668120586867	0.828166206876251	0.847689432457211
0.761912173435549	-3.11673704762367	-0.0371846634862351	-0.0349749417313866	-1.5223080338545	0.649335322824916	0.665404198100111
0.771912173435549	-3.13040848008439	-0.0314152643658468	-0.0290630497693397	-1.2160093743433	0.51017641087481	0.522911529047797
0.781912173435549	-3.14112976373902	-0.0268781019170185	-0.0244155982658958	-0.931399156201567	0.401694724905851	0.411107593968124
0.791912173435549	-3.14909132922472	-0.0233049717986859	-0.0207590469314535	-0.663403645808227	0.316480908801229	0.323637614467981
0.801912173435549	-3.15444093180856	-0.0204880535619274	-0.0178798689258523	-0.4084241915803	0.249585556486461	0.25496138573905
0.811912173435549	-3.15729380824713	-0.0182651736671647	-0.0156113813650739	-0.163612809675494	0.197016373688888	0.2009671658453
0.821912173435549	-3.15774000185356	-0.0165095024125853	-0.0138230888724831	0.0732421644637176	0.155675717344147	0.158469640821588
0.831912173435549	-3.1558499552933	-0.0151216901368492	-0.0124125736376004	0.303819960025041	0.123261705696141	0.124890323581767
0.841912173435549	-3.15167901547128	-0.0140233449427744	-0.0112997077908245	0.5296238338678	0.0974909377882719	0.0986703901480438
0.851912173435548	-3.14527042622505	-0.0131532854733889	-0.0104209795830427	0.75153085297044	0.0773186071271539	0.0779059806982921
0.861912173435548	-3.13665837788004	-0.0124628881678432	-0.0097267061607535	0.97042787172588	0.0614049598287065	0.0615914264971343
0.871912173435548	-3.12586986853603	-0.011913854972809	-0.00917757349070245	1.18692386090623	0.0488873384893128	0.0487658564227646
0.881912173435549	-3.1129264502919	-0.0114758491224017	-0.00874251188159789	1.40147635139727	0.039098347155345	0.0386680363354328
0.891912173435549	-3.09784561752514	-0.0111247202656011	-0.00839696558685955	1.61444856689775	0.0314486830557303	0.030762298560553
0.901912173435549	-3.08064190216957	-0.0108412398178964	-0.00812142092373754	1.82608314705484	0.0255123462925793	0.0245951394725323
0.910172181374896	-3.06483961617401	-0.0106470621783034	-0.00793547694410235	2	0.021655832196677	0.0205622593515977
0.920172181374896	-3.04379098171694	-0.0104495314301714	-0.0077499158501444	2.2095454301121	0.0180251170950325	0.0167196085189699
0.930172181374896	-3.02065231618905	-0.0102834228548995	-0.00759801576613273	2.41800727736161	0.0153344164082971	0.0138017246571682
0.940172181374896	-2.99543457142586	-0.0101402520665824	-0.00747141580136219	2.62534967879385	0.0134146655561696	0.0116318062928871
0.950172181374896	-2.96814934454907	-0.0100130341384106	-0.00736332274448602	2.83148384079315	0.0121242195659425	0.0100802038599157
0.960172181374896	-2.93880941906792	-0.00989597414827839	-0.00726815408249969	3.03626167563069	0.0113658101079579	0.00903294267071734
0.970172181374896	-2.90742928811689	-0.00978419718922132	-0.00718128498319244	3.23948672001379	0.0110592985012789	0.00840450308467697
0.980172181374896	-2.87402564995897	-0.00967354803677576	-0.0070988421052196	3.44091727458128	0.0111336632605762	0.00813532874661238
0.990172181374896	-2.83861788170421	-0.00956044681811743	-0.00701753424119913	3.64026322808412	0.0115349124867822	0.00817659401751638
1.0001721813749	-2.80122849588116	-0.00944178683436056	-0.00693451463367131	3.83717943969873	0.0122430421916324	0.00846816530042569
1.0101721813749	-2.76188360903146	-0.00931479570753746	-0.00684733394336547	4.03129626232525	0.0131963154987486	0.00900372462160787
1.0201721813749	-2.72061334692398	-0.00917704093204364	-0.00675380491376492	4.22218206598511	0.0143874957554901	0.00973749632852405
1.0301721813749	-2.67745227996139	-0.00902633340682024	-0.00665199811224244	4.40937422666379	0.0157891933381191	0.0106501748084326
1.0401721813749	-2.63243981125422	-0.00886071012418877	-0.00654019369328996	4.59237446690897	0.0173703252292708	0.011731042454335
1.0501721813749	-2.58562053940747	-0.00867842469479919	-0.00641684939870107	4.77064712469094	0.0191069015646386	0.0129658814543186
1.0601721813749	-2.53704458429963	-0.00847795740795396	-0.00628056906169214	4.94361237807589	0.0210073510961157	0.0143118568345381
1.0701721813749	-2.48676790711982	-0.00825794703190708	-0.00613015804352738	5.11068834446571	0.0230169458372598	0.0157848469616237
1.0801721813749	-2.43485252557906	-0.00801727321888565	-0.00596455007326287	5.27125202609802	0.0251283090644062	0.017356085232945
1.0901721813749	-2.3813667207077	-0.00775502663165	-0.00578284582965699	5.42466629218599	0.0273279472350114	0.019001093290732
1.1001721813749	-2.32638516788683	-0.00747051581536673	-0.0055843224112001	5.5702880206512	0.0295921401603372	0.0207031279169743
1.1101721813749	-2.2699890048472	-0.00716325955746926	-0.00536845864857171	5.70748545630677	0.0318615074382666	0.0224766334933779
1.1201721813749	-2.21226578247687	-0.00683308343499345	-0.00513486403068297	5.83559711857066	0.034164156552759	0.0242531867534687
1.1301721813749	-2.1533094144753	-0.00648001407672453	-0.00488339310217084	5.95400423312604	0.0364547293147623	0.0260309739421268
1.1401721813749	-2.09321997678592	-0.00610433450233021	-0.00461410696117307	6.062111259803	0.0386854485148911	0.0278093845949148
1.1501721813749	-2.03210343181308	-0.00570660488757856	-0.00432726158284484	6.15934417296009	0.0408330085218153	0.0295646693464806
1.1601721813749	-1.97007126372244	-0.00528768097190315	-0.00402329194940287	6.24514783115776	0.042927711651802	0.0312236221747901
1.1701721813749	-1.90724008380067	-0.00484858508130661	-0.00370292547677213	6.31906374227062	0.0448798669483837	0.0328252538275314
1.1801721813749	-1.84373104697579	-0.00439063824331687	-0.00336704572395055	6.38065771560608	0.0466824041307912	0.0343337769152391
1.1901721813749	-1.77966927402707	-0.00391537931813392	-0.0030167454882754	6.4295643649541	0.048317909165466	0.03572557381395
1.2001721813749	-1.7151831633889	-0.00342458378775416	-0.00265327972206146	6.46547217594642	0.0498127347160605	0.036939803472859
1.2101721813749	-1.65040371094799	-0.00292011076074821	-0.00227817031879098	6.48820214565161	0.0510529771700807	0.0380496764748174
1.2201721813749	-1.58546364292171	-0.00240409925714552	-0.00189298059544419	6.49758644458186	0.0520999167858143	0.0389706798453374
1.2301721813749	-1.5204966798529	-0.00187874916414536	-0.00149946912290827	6.49357826775576	0.0529205476183588	0.0397108563211803
1.2401721813749	-1.45563666441683	-0.00134639672229204	-0.00109946616886779	6.47619309605774	0.05353808727238	0.0402316717957044
1.2501721813749	-1.39101678367003	-0.000809344144105224	-0.000694974928232355	6.4455863297496	0.0538356435641976	0.0406302400565774
1.2601721813749	-1.32676863717291	-0.000270108054849014	-0.000287882794563019	6.40189306014174	0.0539539578348403	0.0407707577626764
1.2701721813749	-1.26302157521254	0.000268941148437779	0.000119763141434944	6.3454098510096	0.0538255106117215	0.0407163129275719
1.2801721813749	-1.19990186145936	0.000805392137373799	0.000525987423777998	6.27646689689351	0.0534835858784022	0.0404422529464286
1.2901721813749	-1.13753205054183	0.00133700659184203	0.000928743568710982	6.19552593059334	0.0528006927735934	0.0400783624837912
1.3001721813749	-1.07603021140546	0.00186137775228752	0.00132628293650247	6.10296516228675	0.0520112389589911	0.0394240230118504
1.3101721813749	-1.01550957621815	0.00237646808498865	0.00171670441377505	5.99936038786786	0.0509847403053839	0.0386214014286959
1.3201721813749	-0.956077906919976	0.00288022878718122	0.00209835020630306	5.8852494702913	0.0497964462626317	0.037626006688784
1.3301721813749	-0.897837216308401	0.0033708909815823	0.00246957335439256	5.76127684540899	0.0483416968160368	0.0365635466789328
1.3401721813749	-0.840883352282263	0.00384668769062253	0.00282902679679182	5.62801879974751	0.0467525897427815	0.0353431079857727
1.3501721813749	-0.785305872629221	0.00430608127551738	0.00317547761923504	5.4860956467053	0.0450936508915848	0.0339385892580337
1.3601721813749	-0.731187952419304	0.00474785332328118	0.00350774230231303	5.33620852949349	0.0432477815634861	0.0324937799967897
1.3701721813749	-0.678606227822451	0.00517082511278284	0.00382495817181515	5.17897018859368	0.0413214124674289	0.030946192539522
1.3801721813749	-0.627630921212561	0.00557408972137846	0.00412637426815845	5.0150266094974	0.0393199122484144	0.0293273223619003
1.3901721813749	-0.578325916669916	0.0059569407709691	0.00441141761094284	4.84501001210119	0.0372488464552548	0.0276682222678188
1.4001721813749	-0.530748914024385	0.00631883926439639	0.0046797186769858	4.6695156845732	0.0351573006630415	0.0259588194769765
1.4101721813749	-0.484951689940831	0.00665951089421362	0.00493101090966167	4.48915468884124	0.0329925747933031	0.0242821244146987
1.4201721813749	-0.440980292357837	0.00697875857231424	0.00516528975023101	4.30444815153526	0.0308553020229222	0.0225773450872577
1.4301721813749	-0.398875418510569	0.00727664080730681	0.00538262864787297	4.11592987274022	0.0287329736312576	0.0208865218316274
1.4401721813749	-0.358672705719655	0.0075533560487851	0.00558326434586154	3.92408495815465	0.0266477726173462	0.0192172039817963
1.4501721813749	-0.320403116034481	0.00780930831866308	0.00576751144453009	3.72939230398481	0.0245452552864158	0.0176453946474819
1.4601721813749	-0.284093226907675	0.00804490060549319	0.00593592730692979	3.53221494079991	0.0225673276106719	0.0160623444877563
1.4701721813749	-0.249765723380918	0.00826081612830852	0.00608902308563903	3.33296672065258	0.0206320915889379	0.014563887689521
1.4801721813749	-0.21743968026519	0.0084577681223691	0.00622746668916883	3.13198017098098	0.0187664465792074	0.0131420736294137
1.4901721813749	-0.187130965197811	0.00863656376823914	0.00635199401160386	2.92955225996334	0.0169926689847811	0.0117902821029374
1.5001721813749	-0.158852603530089	0.00879809414409798	0.00646338879309835	2.72594895275885	0.0153196862878393	0.0105113399463567
1.5101721813749	-0.132615127292416	0.00894331617513598	0.00656247037352016	2.52140556727885	0.0137458321192497	0.00931503142480834
1.5201721813749	-0.10842690755483	0.00907323326210575	0.0066500834775725	2.31612652679719	0.0122638783024558	0.00821353002490598
1.5301721813749	-0.086294463636425	0.00918886499386309	0.00672709922621564	2.11027894115165	0.0108821989093528	0.00720190170307147
1.5401721813749	-0.0662227617489322	0.00929124309849377	0.00679439313647314	1.90400084729122	0.00960956542047973	0.00627234153824338
1.5501721813749	-0.0482154906518197	0.00938140669247806	0.00685282527171256	1.69740880262231	0.00844194420183827	0.00542656925710557
1.5601721813749	-0.0322753072582339	0.0094603823374637	0.00690323610346719	1.49059656939092	0.00737197308592082	0.0046672110954804
1.5701721813749	-0.0184040570807893	0.00952916359822552	0.00694644452588671	1.28363311445875	0.00640036127496115	0.00398740323684667
1.5801721813749	-0.00660297604652194	0.00958870821283877	0.00698323125273884	1.0765700965766	0.00552357506936055	0.00338237798180866
1.5901721813749	0.00312713717182656	0.00963992671928593	0.00701433183778451	0.86944405923065	0.0047349243242179	0.00284862556655062
1.6001721813749	0.0107857752943589	0.00968367082202039	0.00704043159999459	0.662277988027877	0.00402730019612847	0.0023815195007637
1.6101721813749	0.0163726023916216	0.00972072353453881	0.00706216049968514	0.455083380953744	0.00339465158302729	0.00197410348466358
1.6201721813749	0.0198873589096362	0.00975179318202014	0.00708008594795721	0.247864016993913	0.00282920319323468	0.00161981752020103
1.6301721813749	0.0213297939486191	0.00977750583331356	0.00709470849991826	0.040618373731193	0.00232207323805976	0.00131206355565779
1.6401721813749	0.0206996238543518	0.00979839853675222	0.00710645814045957	-0.166657948497979	0.00186387431197946	0.00104377767243309
1.6501721813749	0.0179965170131732	0.00981491363060745	0.00711569082490812	-0.373969624090497	0.00144486589582442	0.000807409997037934
1.6601721813749	0.0132201049722561	0.00982739383343864	0.00712268547710096	-0.581318972003559	0.0010550398798995	0.000594960021561814
1.6701721813749	0.00637001985143861	0.00983607823865744	0.0071276412712364	-0.78870321622723	0.000683936079463299	0.000398258048439788
1.6801721813749	-0.00255404181775399	0.00984109893063908	0.00713067542432562	-0.99611179252361	0.000320579734400451	0.000209132367492442
1.6901721813749	-0.0135522288198707	0.00984247824851612	0.00713182149315005	-1.20352369888456	-4.64667955526311e-05	1.94693804586907e-05
1.7001721813749	-0.0266244181700629	0.00984012575836477	0.00713102903190463	-1.41090542873098	-0.000427592959907923	-0.000180071453754561
1.7101721813749	-0.0417700728843835	0.00983383899802071	0.00712816095365193	-1.61820723856544	-0.000834834459303974	-0.000397439759237482
1.7201721813749	-0.0589880721790437	0.00982330160765009	0.00712299456543824	-1.8253613885231	-0.00127965171829411	-0.000641118750763839
1.7301721813749	-0.0782765163544961	0.00980808391082287	0.00711522175571158	-2.03227957120529	-0.00177282553866319	-0.000920074432977691
1.7401721813749	-0.0996325065341191	0.00978764538741826	0.00710444899056238	-2.23884991516306	-0.00232554661944114	-0.00124257802935129
1.7501721813749	-0.123051899129524	0.0097613371836258	0.00709019906186489	-2.44493470734451	-0.00294888080960088	-0.00161651403577782
1.7601721813749	-0.148529035876057	0.00972840458584591	0.00707191485370229	-2.65036897503331	-0.00365133347470003	-0.00205142414090643
1.7701721813749	-0.17605645402922	0.0096879979508884	0.00704895755060143	-2.85495526635724	-0.00444632016571704	-0.00255134681513535
1.7801721813749	-0.205624569116124	0.00963916897063	0.0070206209012115	-3.05846777465232	-0.00533660523209231	-0.00312897501350908
1.7901721813749	-0.237221349193337	0.0095808946901864	0.00698612257654612	-3.2606420372622	-0.00633558890982112	-0.00378563870524108
1.8001721813749	-0.27083196177348	0.00951207544802827	0.00694462265574858	-3.46118066474632	-0.00744901562477459	-0.00452794714400871
1.8101721813749	-0.30643841309974	0.00943154819821958	0.00689523107389912	-3.65975184948523	-0.00867571348206329	-0.00536677316662576
1.8201721813749	-0.344019184321713	0.00933811705280694	0.00683700250517275	-3.85597972251813	-0.0100298721732133	-0.00629626454070541
1.8301721813749	-0.383548847325746	0.00923054640125318	0.00676896930833381	-4.04945741669884	-0.0115074555771295	-0.00732462958466308
1.8401721813749	-0.424997695099178	0.00910759115418207	0.00669014352748027	-4.23974086680163	-0.013102444123658	-0.00845874417659045
1.8501721813749	-0.468331379700022	0.00896803181218841	0.00659951772883806	-4.42634154910116	-0.0148273206008821	-0.00968484657994298
1.8601721813749	-0.513510545062654	0.00881066565545118	0.00649610947488499	-4.60874554355809	-0.0166691234351746	-0.011008985971298
1.86235184636257	-0.523598775598299	0.00877388852430054	0.00647177787081887	-4.64789290899195	-0.0170859433570267	-0.0113098583968257
1.87235184636257	-0.585136178363369	0.0316272186745928	0.016521734832772	-7.63373033929483	4.53119567269946	2.05387789143977
1.88235184636257	-0.668835208543623	0.0825432730649289	0.0584937663831845	-8.87802559346975	5.36635302517464	5.88016750343453
1.89235184636257	-0.758801494009015	0.136496415348186	0.117892798765936	-8.93713902637535	5.17609845684737	5.72353040215551
1.90235184636257	-0.846013171098708	0.183888669224974	0.170508644678724	-8.48390962066329	4.27385690921406	4.76307082149681
1.91235184636257	-0.928474391649926	0.221971234745294	0.213190053678945	-8.02035253520017	3.36123481337473	3.7912926630364
1.92235184636257	-1.00672430705845	0.251581336932485	0.246818623107292	-7.64561499917228	2.58557867354607	2.96100889899132
1.93235184636257	-1.08168892008879	0.274158886673312	0.272934875474197	-7.36158940415611	1.95330666069021	2.28614185092061
1.94235184636257	-1.15420901585797	0.291067998553882	0.292996032333857	-7.1540874163102	1.44882791598071	1.74585122833802
1.95235184636257	-1.22496802491326	0.303482364134942	0.308237370671192	-7.00671682132877	1.05071372062192	1.31895243382096
1.96235184636257	-1.29449860707103	0.312378843408064	0.319680948154939	-6.90618682688199	0.742146941095521	0.983390719686879
1.96445371099574	-1.30899693899575	0.31387999992251	0.32168404669677	-6.88975285486618	0.686797911791774	0.923147420006619
1.97445371099574	-1.36466356048443	0.298235889269313	0.321735455163777	-4.21234616509001	-3.84598630870403	-0.926823440733513
1.98445371099574	-1.40016408421251	0.254131419086353	0.288784304266463	-3.01609307663885	-4.83543948809478	-5.25396747389594
1.99445371099574	-1.42802191548747	0.202591303985134	0.233360471599571	-2.77936541965803	-5.14862629047462	-5.52385411783331
2.00445371099574	-1.45834218735176	0.154837229239339	0.181805482989952	-3.34292488538886	-4.32421415370039	-4.70444588251826
2.01445371099574	-1.49525604706152	0.116563768837026	0.139784539408424	-4.03243686746693	-3.34454242252664	-3.70796621081738
2.02445371099574	-1.53862988335405	0.0873961694646293	0.107163724795532	-4.61995038446104	-2.52050378208642	-2.84930902277917
2.03445371099574	-1.58717575160344	0.0654696773272078	0.0821895547923133	-5.06808329367119	-1.89237594452512	-2.17809640544547
2.04445371099574	-1.63958042176616	0.0489914184686283	0.0630829604822106	-5.39529904884564	-1.42556217053426	-1.66782019094401
2.05445371099574	-1.69476574987128	0.0365611990788647	0.0484169608336834	-5.62732569687557	-1.07878554855313	-1.28215472266053
2.06445371099574	-1.7518867625516	0.0271395014916105	0.0371132391159385	-5.7857300887318	-0.81866407370519	-0.991487526239054
2.07445371099574	-1.81028253270113	0.0199638422772945	0.0283614669187917	-5.88476462234568	-0.625700853422396	-0.769000838364082
2.07823709047306	-1.83259571459405	0.0177117418675164	0.0255857752281755	-5.90970338027912	-0.56548680236547	-0.699881343490841
2.08823709047306	-1.87769486357975	-0.0101137416366524	0.00831412581694583	-3.13841654315833	-4.93291470716988	-2.79358807016845
2.09823709047306	-1.90340141344822	-0.0632672646902489	-0.0403124357879575	-2.18757098302783	-5.59819164984622	-6.11954360759291
2.10823709047306	-1.9257533759936	-0.118172318256565	-0.100587093043806	-2.42829241758204	-5.18400844005894	-5.70869407174275
2.11823709047306	-1.95315825881932	-0.165287829664803	-0.152677318273915	-3.06232353848051	-4.22423845931829	-4.69294502821471
2.12823709047306	-1.98677582767092	-0.202952298424978	-0.194620999702601	-3.64282337131278	-3.32968281364939	-3.72514887490302
2.13823709047306	-2.02556059115862	-0.232459358425982	-0.227740385743781	-4.09183415809024	-2.59899874867003	-2.92882173897587
2.14823709047306	-2.06818874294236	-0.255447715927877	-0.253758702027042	-4.41382743894252	-2.02317013292644	-2.29970584097828
2.15823709047306	-2.11347649557205	-0.273355607455027	-0.274193103868596	-4.62725467630553	-1.57816275988193	-1.8073131741761
2.16823709047306	-2.16044006973403	-0.287355052300446	-0.290273187776031	-4.7520098005311	-1.23768424952874	-1.42433325962421
2.17823709047306	-2.20828162884254	-0.298376206680118	-0.302974317426964	-4.80563466163971	-0.978754319843614	-1.12846334591566
2.18823709047306	-2.25636210611539	-0.307145607232244	-0.31306487412067	-4.80223290906718	-0.783910019779535	-0.900158579413486
2.19823709047306	-2.30417318797675	-0.3142254753892	-0.321144926923991	-4.75353176664161	-0.638643187367059	-0.724146287840444
2.20823709047306	-2.35131310624508	-0.320046259439684	-0.327679781947992	-4.66928801674969	-0.530720692973515	-0.588959820609164
2.21823709047306	-2.39746633086073	-0.324933033212927	-0.333028689312252	-4.55721839210571	-0.450779016366886	-0.485243378557889
2.22823709047306	-2.44238601898248	-0.329128765167123	-0.337466935358234	-4.42352721079982	-0.391342894253988	-0.405867270152888
2.23823709047306	-2.4858800220526	-0.332812096150856	-0.341205142035189	-4.27281962783479	-0.347418384901929	-0.344477015929211
2.24823709047306	-2.52779864612418	-0.336113959638286	-0.344402279277795	-4.10901343645606	-0.314423345031589	-0.297028252911679
2.25823709047306	-2.56802586519188	-0.339128120871153	-0.347178829379658	-3.93498270194675	-0.289395146775832	-0.259898159080497
2.26823709047306	-2.60647169910447	-0.341921155962246	-0.349625216980533	-3.75302590911974	-0.269988837739765	-0.230483929303472
2.27133088427533	-2.6179938779915	-0.342748235174266	-0.350326166029543	-3.6954560964658	-0.264739844567907	-0.222734560405992
2.28133088427533	-2.66180712330791	-0.334611729817307	-0.338997521553494	-5.07255339753921	1.91434922548589	2.47026210358462
2.29133088427533	-2.71999107403961	-0.303081830652429	-0.30192130646531	-6.63813048594272	4.61978475104683	4.62448019841643
2.30133088427533	-2.78900381801785	-0.251131679642548	-0.251137162957407	-6.89938081939159	5.36412892770779	5.23811303052903
2.31133088427533	-2.85494241939392	-0.20029352537987	-0.201165286297912	-6.21301113475417	4.69307409521303	4.64953706717256
2.32133088427533	-2.9126635823053	-0.158145768917893	-0.159090735444142	-5.33132033568369	3.73692574489399	3.75826171056651
2.33133088427533	-2.96184223385719	-0.125158136142301	-0.125735190685256	-4.52505610662906	2.89039190768864	2.93701289920349
2.34133088427533	-3.00359256279742	-0.0997311363095841	-0.0997945988736626	-3.8469646928628	2.22754672271159	2.27553197482662
2.35133088427533	-3.0391372350662	-0.0801232560999602	-0.0796786943188473	-3.27910812333773	1.7190377253374	1.76845708097456
2.36133088427533	-3.06946318430006	-0.0649400053025039	-0.0640374068372682	-2.79830166451268	1.33474672658972	1.37717231832312
2.37133088427533	-3.09531625075141	-0.0531280581599228	-0.0518368531449639	-2.38155749555991	1.04074140884162	1.07571969661739
2.38133088427533	-3.11725221021841	-0.0439046037951958	-0.0422937766327554	-2.012639348721	0.813912335482087	0.842489339024137
2.39133088427533	-3.13568893954112	-0.0366820347722926	-0.0348133147844975	-1.67993872154215	0.637925073356735	0.661183310146726
2.40133088427533	-3.1509441236761	-0.0310143195814343	-0.028939938242477	-1.37508613340397	0.501158405323321	0.519412608166884
2.41133088427533	-3.1632618487929	-0.0265589321779767	-0.0243229196784002	-1.09152468080297	0.394153048655692	0.408626056247299
2.42133088427533	-3.17283054683734	-0.0230519865116492	-0.0206897582824997	-0.824609159300958	0.310554210872065	0.321586674772382
2.43133088427533	-3.17979678037226	-0.0202881343278894	-0.0178288063779834	-0.570469664884259	0.244717169904404	0.25347842893687
2.44133088427533	-3.18427443290271	-0.0181081620663869	-0.0155740895107622	-0.326541683188145	0.193358673040828	0.199597114293442
2.45133088427533	-3.18635276570406	-0.0163867571691247	-0.0137965636836577	-0.0903170716197557	0.152640583932123	0.157498328540671
2.46133088427533	-3.18610122516815	-0.0150265335156072	-0.0123943538771823	0.139734762600112	0.120648171646654	0.124289521764942
2.47133088427533	-3.18357419656972	-0.0139508012122715	-0.0112877072859672	0.364955116718301	0.0955266856045565	0.098051733266146
2.48133088427533	-3.17881423115922	-0.0130991512823508	-0.0104140098242661	0.586450401684482	0.0756838104305463	0.0774195202222167
2.49133088427533	-3.17185456363204	-0.0124240652316026	-0.00972388805230068	0.805039867633845	0.059986325480802	0.0612210472056026
2.50133088427533	-3.1627211654263	-0.0118881273130898	-0.00917831406982853	1.02130064778544	0.04769529172445	0.0484015299213777
2.51133088427533	-3.15143449863369	-0.0114615711783269	-0.00874660509438904	1.2357607601908	0.0380166038080022	0.0383342168823956
2.52133088427533	-3.13801074104129	-0.0111208483840896	-0.00840440886705199	1.44877601672373	0.0304366743293074	0.0304271809436265
2.53133088427533	-3.12246292722106	-0.0108471843122225	-0.00813242599019835	1.66061588579202	0.0245254081976428	0.0242421439507444
2.54133088427533	-3.10480184831726	-0.0106255816273156	-0.00791528252171641	1.87145409596223	0.019973053158889	0.019410511386192
2.54744877369194	-3.09295912903165	-0.0105103892856553	-0.00780410318339015	2	0.0177401974850969	0.017005674126414
2.55744877369194	-3.0719112400849	-0.0103482750337928	-0.0076506108023851	2.20944016897196	0.0148212147951793	0.0138400174776952
2.56744877369194	-3.04877315495187	-0.0102113071432834	-0.00752478563650816	2.41803633975905	0.0126841554735649	0.0114463304932948
2.57744877369194	-3.02355349002589	-0.010092413264694	-0.00741962035076879	2.62574111158167	0.0111932487330707	0.00968066259462728
2.58744877369194	-2.99626159992808	-0.0099857200921082	-0.00732938542657355	2.83245885099797	0.0102328542049937	0.00843974152154259
2.59744877369194	-2.96690808015932	-0.00988630261730851	-0.00724933538247422	3.03803974120389	0.00972196299696606	0.00763460339114715
2.60744877369194	-2.93550525716724	-0.0097899727531751	-0.00717549384942718	3.24228398756311	0.00960261038464852	0.00719106667274357
2.61744877369194	-2.90206766635003	-0.00969310962777529	-0.00710449185876449	3.44494843633471	0.00982203212131919	0.00705810588094105
2.62744877369194	-2.86661251340445	-0.00959254328843724	-0.00703342975991766	3.64574388798589	0.0103383733212927	0.00719602151785404
2.63744877369194	-2.8291601290051	-0.00948546356102638	-0.00695977449962619	3.84433509995435	0.011120098910588	0.00757174111453794
2.64744877369194	-2.78973441614289	-0.00936934964159226	-0.00688128484636838	4.04034284895403	0.0121409834929093	0.00815923597002294
2.65744877369194	-2.74836328605958	-0.00924192167030057	-0.00679595430828325	4.23334488473042	0.0133789207017082	0.00893720848900614
2.66744877369194	-2.70507908081522	-0.00910110759655696	-0.00670197066475383	4.42287757476228	0.0148142854780741	0.00988784594408361
2.67744877369194	-2.65991897773242	-0.00894502318725253	-0.0065976882125622	4.60843784813695	0.0164290714049775	0.01099538764053
2.68744877369194	-2.61292537038185	-0.00877196223907797	-0.00648161060443297	4.78948576418405	0.0182061960470979	0.0122449780739573
2.69744877369194	-2.56414621983888	-0.00858039444698509	-0.00635238257440909	4.96544800642842	0.0201283974184141	0.0136222741724889
2.70744877369194	-2.51363536894829	-0.00836896928602861	-0.00620878858369315	5.13572222979516	0.0221770401125952	0.0151134630488459
2.71744877369194	-2.46145281159649	-0.00813652499262536	-0.0060497561524539	5.29968186793762	0.024331906847602	0.0167046561493556
2.72744877369194	-2.40766490929919	-0.00788210037664593	-0.00587436321931725	5.45668183527855	0.0265709090785613	0.0183816217825858
2.73744877369194	-2.35234454680618	-0.00760494879753824	-0.0056818476220948	5.60606469700815	0.0288707462562177	0.020128880579858
2.74744877369194	-2.2955712188866	-0.00730455329357035	-0.00547161730700056	5.74716710566836	0.0312088988936935	0.0219277882961642
2.75744877369194	-2.23743104100088	-0.00698064211557738	-0.00524325981317955	5.87932618533689	0.0335675525506719	0.0237530343600553
2.76744877369194	-2.17801668101001	-0.00663319521720002	-0.00499655784109955	6.00189048500596	0.0359275409151045	0.0255785798717924
2.77744877369194	-2.11742720861493	-0.00626243675655582	-0.00473151373508188	6.11423762605157	0.0382465888852548	0.027398313164032
2.78744877369194	-2.05576784510011	-0.00586884834605017	-0.00444834913898893	6.21577845516436	0.0404721599118457	0.0292147617373767
2.79744877369194	-1.99314960271361	-0.00545322571684081	-0.00414745756913845	6.3059343964371	0.0426218364491424	0.0309653068862661
2.80744877369194	-1.92968888759416	-0.00501659429289581	-0.00382948019230895	6.38419159589508	0.0446701851581906	0.0326278752271145
2.81744877369194	-1.86550697826959	-0.00456021234802245	-0.00349529197672423	6.45010256783323	0.0465665756031109	0.0342052630714426
2.82744877369194	-1.80072939432138	-0.00408563858654253	-0.00314591961975371	6.50324820854741	0.0483509696028796	0.0356186594350017
2.83744877369194	-1.73548530417321	-0.00359450941212933	-0.00278272019636554	6.5433600025444	0.0498646708406243	0.0369765966869027
2.84744877369194	-1.66990665036823	-0.00308886025603362	-0.00240704738855378	6.57013211252989	0.0512379357635561	0.0381237198947401
2.85744877369194	-1.60412750640067	-0.00257072934315432	-0.00202057578024472	6.58343461287915	0.0523656873389616	0.0391274552776328
2.86744877369194	-1.53828314686101	-0.00204238232594385	-0.00162504328447964	6.58317364121363	0.0532672298785136	0.0399451362964966
2.87744877369194	-1.47250924172195	-0.00150616355381593	-0.00122233471255214	6.56935919746503	0.0539198944504231	0.0405786402155131
2.88744877369194	-1.4069409812612	-0.00096450132052681	-0.000814418939548357	6.54208372597426	0.054312852776874	0.041024801243904
2.89744877369194	-1.34171219008009	-0.000419961636417597	-0.000403238876574092	6.50147135823511	0.0545705514215259	0.0411611504825265
2.90744877369194	-1.27695464430135	0.000125146867858856	8.98330363462212e-06	6.44787865615855	0.0544398409639196	0.0412212952840851
2.91744877369194	-1.21279705000909	0.000668215720352915	0.000420322925548624	6.38155757542933	0.05412542724932	0.0410204185358354
2.92744877369194	-1.14936451560173	0.00120688504695674	0.000828702874616419	6.30294113922758	0.0535564181989353	0.0406348470941579
2.93744877369194	-1.08677776102003	0.00173876354543101	0.0012322083210652	6.21246214818236	0.0528240352120305	0.039995975714724
2.94744877369194	-1.02515264447743	0.0022617540749046	0.00162883598628531	6.11071373836707	0.0517576097704079	0.0392827972023677
2.95744877369194	-0.964599470367977	0.00277361687092702	0.00201694488166499	5.99818111991587	0.0505770102449548	0.0383166484104328
2.96744877369194	-0.905222769472058	0.00327249436393662	0.00239481017706836	5.8755166837877	0.0491779649351773	0.0372230164160201
2.97744877369194	-0.847120831916611	0.00375658155956913	0.00276096263847112	5.74333514204622	0.0476236489394546	0.0359752694515917
2.98744877369194	-0.790385545967151	0.00422433120482665	0.00311402601630927	5.6023120685638	0.0458736798133435	0.0346451732630267
2.99744877369194	-0.735102166365499	0.0046742523396033	0.00345292452687555	5.45305541598276	0.0440845736479181	0.0331237470168242
3.00744877369194	-0.681349392194616	0.00510526689575219	0.00377656662652201	5.2962939653388	0.0421145902419549	0.0315795384021832
3.01744877369194	-0.629199233431485	0.00551632881329944	0.00408420560767497	5.13265249405681	0.0400691421797186	0.0299524848159152
3.02744877369194	-0.578717200412427	0.00590666564618574	0.0043752173444411	4.96278032520793	0.0379596459270141	0.028269498443711
3.03744877369194	-0.529962423359765	0.00627567486877163	0.00464919210396077	4.78728771292911	0.0358475412196741	0.0265104318090556
3.04744877369194	-0.482987927613734	0.00662306338220194	0.0049057957835047	4.60682172369598	0.0336398080982043	0.0247970967049851
3.05744877369194	-0.43784079623806	0.00694857800851961	0.00514500529801988	4.42191382048778	0.0314606735833637	0.0230483076518895
3.06744877369194	-0.394562580904195	0.00725225654422716	0.00536685760112636	4.2331230341645	0.0292824363541269	0.0213216604092616
3.07744877369194	-0.353189583494143	0.00753427236832868	0.00557157165905276	4.04095194610361	0.0271296067280247	0.0196240100610217
3.08744877369194	-0.313753236239689	0.00779496624158692	0.00575949418195802	3.84586991085791	0.0250154888532276	0.0179699882008736
3.09744877369194	-0.276280472723125	0.00803481440256509	0.00593110205125694	3.64830187242079	0.0229671516461714	0.0163586689371191
3.10744877369194	-0.240794129285095	0.00825445038324473	0.00608695342161767	3.44864870501818	0.0209728706497142	0.0148221425777127
3.11744877369194	-0.207313311870205	0.00845459359154709	0.00622772404000788	3.24725602648679	0.0190606403599356	0.0133526762697444
3.12744877369194	-0.175853794970958	0.00863606651249977	0.00635416106610263	3.04443373407558	0.0172505169936649	0.0119468527594444
3.13744877369194	-0.14642840952019	0.00879980462204356	0.006467043537453	2.84047201449055	0.0155169734659826	0.0106404883419648
3.14744877369194	-0.119047378704673	0.0089467664363095	0.00656723584155532	2.63560138126364	0.013892947923878	0.00941225141537509
3.15744877369194	-0.0937186948806303	0.00907798683342111	0.00665560917977135	2.43003368260716	0.0123711269434781	0.00827526088229506
3.16744877369194	-0.0704484360318129	0.00919452553985329	0.00673306133091984	2.2239439829384	0.0109545264775489	0.00723032479692482
3.17744877369194	-0.0492410790092584	0.00929746048145808	0.00680049616390823	2.01747761444711	0.00964430153910335	0.00627738744440629
3.18744877369194	-0.0300997826962921	0.00938786294568046	0.00685882156992611	1.81074671201122	0.00845438656718734	0.00540212083603896
3.19744877369194	-0.0130266667367277	0.00946682238813518	0.00690890307066763	1.6038543972491	0.00735691155472159	0.00462669007335389
3.20744877369194	0.00197697428380331	0.0095353722290266	0.00695161090837759	1.39686271185031	0.00636923992246495	0.00392925827571756
3.21744877369194	0.0149104367759918	0.00959453053876131	0.00698776249219224	1.18982486930836	0.00547944167819004	0.00331324160002382
3.22744877369194	0.0257734308253378	0.00964526410320928	0.00701813759280312	0.982773805479866	0.00468171679292241	0.00277465242162137
3.23744877369194	0.0345659186427062	0.0096884794661918	0.00704347028055814	0.775725430749629	0.00397490206491742	0.00230365261117137
3.24744877369194	0.0412879755056907	0.00972502436024841	0.00706443289040906	0.568687233273824	0.00334754140573352	0.00189855365561419
3.25744877369194	0.0459396853829997	0.00975566894925868	0.00708164026625661	0.361654998156137	0.0027928342391487	0.00155211226093385
3.26744877369194	0.0485210573343841	0.00978110180314982	0.00709564180919449	0.15461735931452	0.00230388276368587	0.00125607781611892
3.27744877369194	0.0490319683199969	0.00980192633313815	0.00710691447258583	-0.0524398464683392	0.00186942701402081	0.00100527525230414
3.28744877369194	0.0474721357080055	0.00981864934002236	0.0071158643082729	-0.259534099280247	0.00148182501195621	0.000790329770815994
3.29744877369194	0.043841111774189	0.00983168099127777	0.00712281859455657	-0.466680677181567	0.00112984988309337	0.000604455020299524
3.30744877369194	0.038138307634548	0.0098413275437442	0.00712802576967266	-0.673891613042037	0.00080274459026143	0.000439800127319197
3.31744877369194	0.0303630425276318	0.00984778716143486	0.00713165352378981	-0.881173277063292	0.000490832713305946	0.000286985152545156
3.32744877369194	0.0205146180649974	0.00985114991884035	0.00713378402373306	-1.08852196966394	0.000181142734922579	0.000139255926572704
3.33744877369194	0.0085924221733502	0.00985139027829352	0.00713441710132246	-1.29592413193902	-0.000135344453217732	-1.41311633801731e-05
3.34744877369194	-0.00540394506527459	0.00984837174203848	0.0071334632168895	-1.50335009186859	-0.000472691047695518	-0.000179465107544844
3.35744877369194	-0.0214745137891427	0.009841838857679	0.0071307492377903	-1.71075537246333	-0.000839993145494516	-0.000367740424777218
3.36744877369194	-0.0396187659397774	0.00983142401932871	0.00712601175135489	-1.91807414683163	-0.00125114472042991	-0.000585478324054425
3.37744877369194	-0.0598354252766544	0.00981664152233711	0.007118903547736	-2.12522043226766	-0.00171521118481536	-0.000843501948499653
3.38744877369194	-0.0821222270136213	0.0097968960959641	0.00710898827168593	-2.3320817653313	-0.00224582028938064	-0.00114806587888946
3.39744877369194	-0.106475656875587	0.00977147884148065	0.00709574850953514	-2.53852071558885	-0.00285102397712788	-0.00151006116834299
3.40744877369194	-0.132890671833494	0.00973957921182969	0.00707858107391146	-2.74436821652537	-0.00354398871020406	-0.00193489089135876
3.41744877369194	-0.161360391907162	0.00970028334970165	0.00705680721065398	-2.94942556569612	-0.00433224398376758	-0.00243218986742378
3.42744877369194	-0.191875775656248	0.0096525864074955	0.00702967245252383	-3.15345966150911	-0.00522440105331763	-0.00300932444006275
3.43744877369194	-0.224425275388603	0.00959540356604342	0.00699635055043839	-3.35620022911014	-0.00623246836796477	-0.00366894767199642
3.44744877369194	-0.258994470577801	0.00952756926739063	0.00695596141233018	-3.55734506897942	-0.00735474442188643	-0.00442452937587352
3.45744877369194	-0.295565701138666	0.00944787078107248	0.0069075606278971	-3.75654747058718	-0.00860445831761191	-0.0052734680183764
3.46744877369194	-0.334117676459954	0.00935504558952313	0.00685016597515951	-3.95342562537405	-0.00998418840415872	-0.00622044452231955
3.47744877369194	-0.374625087367542	0.00924779909299853	0.00678276870015552	-4.14756227466713	-0.0114861032704554	-0.00727683807522901
3.48744877369194	-0.417058227944541	0.00912484637883504	0.00670432610615521	-4.3384925290081	-0.0131234015499312	-0.0084312343878808
3.49744877369194	-0.461382604208608	0.00898490472642775	0.0066138031611977	-4.52572116629907	-0.0148892861186948	-0.00968712032248867
3.50744877369194	-0.507558570896389	0.00882672314105067	0.0065101829630804	-4.70872072073474	-0.0167660572457521	-0.0110541601477859
3.51083335002528	-0.5235987755983	0.00876885057540439	0.00647196169972321	-4.76959734895349	-0.0174354384242603	-0.0115318260125255
3.52083335002528	-0.586344006064359	0.031599057090678	0.0165298503911111	-7.75297834696534	4.52558656550009	2.05644612249178
3.53083335002528	-0.67124423845783	0.08248687090719	0.0584865630227686	-8.99747632848911	5.362373251987	5.87816952709286
3.54083335002528	-0.762401395007299	0.136393427170553	0.117859849153681	-9.05443655465811	5.16727837572461	5.72324421519993
3.55083335002528	-0.850789279726055	0.183711064255021	0.170439315785645	-8.60044766669338	4.26420771454607	4.75955637632333
3.56083335002528	-0.934413116448432	0.221696723259146	0.21306853504773	-8.13626376489096	3.35137189606246	3.78466684462872
3.57083335002528	-1.01381412076375	0.251196099410586	0.246631589264229	-7.76054863891457	2.57500144155191	2.9530078462296
3.58083335002528	-1.08991927146446	0.273656394514661	0.272674442995132	-7.4753881477111	1.94216087065121	2.27787411054107
3.59083335002528	-1.16357014549814	0.290449903753888	0.292657754652336	-7.26599360946417	1.43579018831138	1.73984701322465
3.60083335002528	-1.23544770566877	0.302750838381342	0.307826396446081	-7.11815119856598	1.04022485089944	1.31143216170144
3.61083335002528	-1.30608541990014	0.311545660778917	0.319200151303719	-7.01621022774949	0.732516206971179	0.976815637535137
3.61124841827316	-1.30899693899575	0.311847457720217	0.31960300570081	-7.01275468538963	0.721301634985211	0.96478878372321
3.62124841827316	-1.36571480329092	0.296179924631627	0.320217757864618	-4.30535068756401	-3.87072701289231	-0.868329003319462
3.63124841827316	-1.40231697471168	0.252303846365959	0.287313096777024	-3.12247561483696	-4.82011584958163	-5.24356261837812
3.64124841827316	-1.43126518515083	0.200961485025427	0.232041449403284	-2.88955060157768	-5.12735136862633	-5.50339070955871
3.65124841827316	-1.4626969186812	0.153448610084972	0.18068362646443	-3.45376907663504	-4.29971873488224	-4.68486380898639
3.66124841827316	-1.50070495801146	0.115405768414811	0.13885146246232	-4.14002027660497	-3.32363045546559	-3.68970694777957
3.67124841827316	-1.54513935606994	0.0864371307188902	0.106391759765341	-4.72274250552664	-2.50591906371163	-2.83130396097177
3.68124841827316	-1.59470729115399	0.0646719628643163	0.081554158267916	-5.16836015833835	-1.87805874897811	-2.16548356989539
3.69124841827316	-1.6480988906252	0.0483279416698406	0.0625576843998191	-5.492202091084	-1.41352556038379	-1.65780261816203
3.70124841827316	-1.70423634229121	0.0360072589763439	0.047981733361304	-5.72123722229265	-1.06790483052858	-1.27498136637674
3.71124841827316	-1.76227646810504	0.026676643720379	0.0367493912389225	-5.87568424381155	-0.811189449159545	-0.984416191754044
3.72124841827316	-1.82155742598534	0.0195731117069138	0.0280567408260076	-5.97188634194	-0.618625321147245	-0.764279928800308
3.72309489590299	-1.83259571459405	0.0184579016291157	0.0266783128582099	-5.9840711883882	-0.589148198314064	-0.729436279032191
3.73309489590299	-1.87840940739849	-0.00966092458742478	0.00912486716480424	-3.20693299284174	-4.96800187461549	-2.82001694592826
3.74309489590299	-1.90492884573599	-0.0628947275069285	-0.0398841246687848	-2.27163485249863	-5.60849838457836	-6.13201433525326
3.75309489590299	-1.92818111284667	-0.117816698275439	-0.100200987788187	-2.52332229146019	-5.17738661558852	-5.70976384207625
3.76309489590299	-1.95654558628458	-0.164861088372841	-0.152257027452698	-3.15796802613575	-4.2191078623796	-4.68424213206635
3.77309489590299	-1.99113618190061	-0.202434315351372	-0.194139330397843	-3.73870371370939	-3.32413762074197	-3.71470580864836
3.78309489590299	-2.03089135952396	-0.23185059020076	-0.227190045133913	-4.18848743190725	-2.59017802560669	-2.9220228029281
3.79309489590299	-2.07448138075722	-0.254752226827071	-0.253146057911141	-4.50945542519647	-2.0147569923269	-2.2940706709701
3.80309489590299	-2.12071733732928	-0.27258286868652	-0.273527570495233	-4.72068781589099	-1.57254293469368	-1.80096089838945
3.81309489590299	-2.16861080031501	-0.286521218926341	-0.289561214399977	-4.84422371160023	-1.23188487648259	-1.42058868879694
3.82309489590299	-2.21736406288089	-0.297493556155284	-0.302227571626649	-4.89567364150599	-0.974985373643324	-1.12503418747711
3.83309489590299	-2.2663361962332	-0.306229183815536	-0.312291482392436	-4.89059927413797	-0.7807153500093	-0.898451314620282
3.84309489590299	-2.31501985559251	-0.313286865225194	-0.320354875728212	-4.83973381714975	-0.637262305349461	-0.722625567121364
3.85309489590299	-2.36301310427811	-0.319097447018839	-0.326880186050089	-4.75364328217708	-0.530356594849023	-0.588209596909341
3.86309489590299	-2.41000141135612	-0.323984024332719	-0.332226045242392	-4.63988400700654	-0.451111441530198	-0.485330393412335
3.87309489590299	-2.45573915127633	-0.328187519432166	-0.336667197018649	-4.50446690360979	-0.392601951750818	-0.406276193234823
3.88309489590299	-2.50003503512633	-0.331885844787104	-0.340412468000192	-4.35230933988517	-0.349048832144963	-0.345560632613189
3.89309489590299	-2.54274087738616	-0.335207794471744	-0.343620814374173	-4.18698771819187	-0.3167909205466	-0.298173234464271
3.90309489590299	-2.58374159923278	-0.33824669138266	-0.346411172108637	-4.01166630235461	-0.292123896440428	-0.261324143965719
3.91180482178096	-2.6179938779915	-0.3407144546089	-0.348571730353328	-3.85255467207258	-0.275163948275017	-0.23559340191424
3.92180482178096	-2.66356225099216	-0.332301824853573	-0.337525244462799	-5.26640932264355	1.98073801565642	2.42548761157222
3.93180482178096	-2.72382739369465	-0.299808328279112	-0.300978062762431	-6.8199350058482	4.64792299276161	4.64925972776294
3.94180482178096	-2.79440732976362	-0.248005300319165	-0.250003707775006	-7.04343175271927	5.33391368260466	5.23507014973431
3.95180482178096	-2.86170106487976	-0.197597272660746	-0.20011749360145	-6.34443972533623	4.64570685712565	4.63406973232919
3.96180482178096	-2.92073054487069	-0.155918998531371	-0.158218196585742	-5.46210123192618	3.69052163561237	3.74134565838201
3.97180482178096	-2.97123957343802	-0.123345695146117	-0.125038707626332	-4.65832795042975	2.84846827073224	2.92450872636751
3.98180482178096	-3.01435649280951	-0.0982655931323095	-0.0992433243092918	-3.98516600594405	2.19540835271458	2.26329824824058
3.99180482178096	-3.05130355073717	-0.0789403548681339	-0.0792440719250004	-3.421615870897	1.69528800436887	1.75649895760744
4.00180482178096	-3.08306289360256	-0.063984530658884	-0.063697577030875	-2.94315183528636	1.3147788043314	1.3682801842723
4.01180482178096	-3.11037419159257	-0.0523571001974411	-0.0515725640912395	-2.52818817931888	1.02343062581759	1.06966443737379
4.02180482178096	-3.13378865483171	-0.0432842846146879	-0.0420886966866976	-2.16119827275807	0.799836780476381	0.837725618133928
4.03180482178096	-3.15372101705185	-0.0361846870600724	-0.0346543109779907	-1.83057628485186	0.627600259676373	0.656432696363026
4.04180482178096	-3.17048730658843	-0.03061533589998	-0.0288182443757302	-1.52683565818227	0.492239092552199	0.516205336702185
4.05180482178096	-3.18432888377879	-0.0262398880625588	-0.0242299114347329	-1.24455870782039	0.387123389315662	0.405979604504403
4.06180482178096	-3.19543295684663	-0.0227971704771231	-0.020619141778346	-0.978691265664213	0.304844201692048	0.319589843486056
4.07180482178096	-3.20394475228705	-0.0200850350174137	-0.0177753302435699	-0.72555530416789	0.240223714720539	0.251862251251211
4.08180482178096	-3.2099773302251	-0.0179462903085404	-0.0155339500566111	-0.482385822777678	0.18946782112664	0.198628936032856
4.09180482178096	-3.21361890917002	-0.0162582222768298	-0.013766299948192	-0.24702411726372	0.149618756464497	0.156681003219275
4.10180482178096	-3.21493838339848	-0.0149247520749627	-0.0123715707277709	-0.0177487252831606	0.118291571313026	0.123605159872304
4.11180482178096	-3.21398954149803	-0.0138704731760564	-0.0112707038419163	0.206830775637616	0.0935254232391076	0.0976165601948196
4.12180482178096	-3.21081422755542	-0.0130363263612495	-0.0104013922508898	0.427704093521567	0.0740462403124163	0.0770842308162657
4.13180482178096	-3.2054450320475	-0.0123757006520327	-0.00971471128052972	0.645717433517238	0.0586849644427223	0.0608938582741887
4.14180482178096	-3.19790723142541	-0.0118518614774686	-0.00917207131968673	0.861515852127895	0.0465707001224265	0.0481328970347137
4.15180482178096	-3.18822041725712	-0.0114357433314052	-0.0087430292790202	1.07561334295344	0.0369900848694519	0.0381160175093398
4.16180482178096	-3.17639973033541	-0.0111044299280767	-0.00840338891397941	1.2883326248497	0.029564664925321	0.0301393172978475
4.17180482178096	-3.16245707002045	-0.0108394750585568	-0.00813416804843854	1.50003427349095	0.0236934518321456	0.0239338056067747
4.18180482178096	-3.14640181273202	-0.0106263005545937	-0.00792012727404948	1.71089351004022	0.0191271318182262	0.0190837747720374
4.19180482178096	-3.12824165163906	-0.0104531821220572	-0.00774911782148121	1.92103033931344	0.0156495338782979	0.0152835353033757
4.19557048079757	-3.12085899329237	-0.0103963449614829	-0.00769382910180034	2	0.0145555594436623	0.014102125892372
