=========================== Parameters =====================================
l1 [m]	l2 [m]	l3 [m]	c1 [m]	c2 [m]	c3 [m]	m1 [kg]	m2 [kg]	m3 [kg]
0.22	0.22	0.2458	0.154	0.044	0.02458	0.1564	0.23764	0.1564
============================== Data ========================================
t [s]	th1 [rad]	th2 [rad]	th3 [rad]	th1d [rad/s]	th2d [rad/s]	th3d [rad/s]
0	0	0	0	0	0	0
0.01	-0.00196294705753936	0.00142720830059	0.000271581834614157	-0.365032345544923	0.216151126326627	0.0501470092889371
0.02	-0.00703923916393795	0.00368217904818356	0.000821029212533058	-0.644701317566255	0.221364618395322	0.05533869036207
0.03	-0.0148078690561833	0.00573493738684461	0.00133769042542975	-0.9082633812592	0.187345771524422	0.0473062876095674
0.04	-0.0252025256649944	0.00742465228438723	0.00176434292595757	-1.17091580820698	0.151232382280008	0.0381294301697231
0.05	-0.0382332210815208	0.00877748038988966	0.00210475796367073	-1.4356098369204	0.120325646604406	0.0302012625965939
0.06	-0.053922077833353	0.0098503732042299	0.00237339606612253	-1.70249629854923	0.0951499940560741	0.0237646700343769
0.07	-0.0722890062582328	0.0106968237181114	0.00258431943722028	-1.97113739350001	0.0748709426493419	0.0186234417723316
0.08	-0.0933489247810764	0.0113609443747877	0.00274919778388797	-2.24100637170965	0.0585332152634423	0.0145118962142089
0.09	-0.117111484659964	0.0118778168277548	0.00287726587919337	-2.51158092249836	0.045298702994289	0.0112161775045074
0.1	-0.143581186994475	0.0122749367579294	0.00297572724612341	-2.7823503218253	0.0344811652131077	0.00856142603796821
0.11	-0.172757434593037	0.0125736421101016	0.00305015620158102	-3.05280315574497	0.0255316313028199	0.00639429261555538
0.12	-0.204634437927197	0.0127903224937659	0.00310480944487699	-3.32241097303163	0.0180095991609853	0.00459094470247112
0.13	-0.239200976759499	0.0129373991281963	0.00314287708726908	-3.59061381861105	0.0115578763663155	0.00306355699859907
0.14	-0.276440035646873	0.0130241014337186	0.00316671732235401	-3.85681083486449	0.00589231078823436	0.00173434795835025
0.15	-0.316328343040922	0.0130571036473496	0.00317801191128182	-4.12035046401137	0.000784368198049597	0.000544249969815404
0.16	-0.358835832297269	0.0130410365818353	0.00317790636700726	-4.38052421482662	-0.00394812792273063	-0.000553806989091227
0.17	-0.403925048653165	0.0129789079993549	0.00316712092921571	-4.63656238081461	-0.0084489425789378	-0.00159769720857055
0.18	-0.451550524113243	0.012872451648983	0.00314604090420205	-4.88763192349046	-0.0128297770750108	-0.00261756173822838
0.19	-0.501658142801547	0.0127224215113708	0.00311479083419544	-5.13283655073978	-0.0171755013686744	-0.00363585438060777
0.194232510453816	-0.523598775598306	0.0126458235573676	0.00309848791499566	-5.23462228507414	-0.0190203457432938	-0.00406942242459642
0.204232510453816	-0.582428145332169	0.0203607087309247	0.0505914582137957	-6.71307161304598	2.40781635849533	6.19007406011268
0.214232510453816	-0.658392677296701	0.0644598369884536	0.107282515505092	-8.26659179176842	5.8479941570955	5.36585547858129
0.224232510453816	-0.74245414664679	0.123890000724598	0.157942206178906	-8.41733215569459	5.72223674600227	4.69145265110168
0.234232510453816	-0.825652516201551	0.176242577136261	0.200610145406464	-8.20783132793231	4.71341291335484	3.84964862845558
0.244232510453816	-0.906621915715446	0.218225033310062	0.235271135268353	-7.99402531413228	3.70580115885248	3.10305569684906
0.254232510453816	-0.985726670207553	0.250911944949977	0.263121210145707	-7.83699471032139	2.86126559945262	2.48682422429821
0.264232510453816	-1.06354462783554	0.276008858264456	0.28540493242757	-7.73465695214315	2.18396228496225	1.9884665829503
0.274232510453816	-1.14056065256619	0.295071947015151	0.303195821225803	-7.67435585205021	1.64990797662608	1.58498784506484
0.284232510453816	-1.21712844942087	0.309392730497601	0.317369757592383	-7.6431208032023	1.23162583601721	1.26137981976651
0.294232510453816	-1.2934840164649	0.320013099067579	0.328640938240154	-7.63031072388767	0.906357317425495	1.00217942458353
0.296265739870645	-1.30899693899575	0.321797930374352	0.330631644790569	-7.62916184980729	0.849877897008087	0.956091597498845
0.306265739870645	-1.38035355182761	0.321769887361354	0.292299890979453	-6.45648398147866	-1.65136166201681	-5.44150157697994
0.316265739870645	-1.43710804058438	0.284435240554498	0.242338151217103	-5.07110594780432	-5.31884354453377	-4.76107910764134
0.326265739870645	-1.4868750011085	0.228632115490164	0.19690816109814	-5.02351309162186	-5.48979595200797	-4.2361965208001
0.336265739870645	-1.53892802076657	0.178006836068964	0.15821793245371	-5.4087739368272	-4.580710011677	-3.49682356840126
0.346265739870645	-1.59508474238226	0.13715681051717	0.126732574642203	-5.81307392874375	-3.60862115964892	-2.81938301603962
0.356265739870645	-1.65491836533617	0.105266464851175	0.101449928931832	-6.13869377380271	-2.80017728325086	-2.25750747796901
0.366265739870645	-1.71756418033103	0.0805626761328676	0.0812086363487124	-6.37647589804039	-2.16785303626545	-1.80746185240455
0.376265739870645	-1.78218923387394	0.0614233021363755	0.0649948532131349	-6.53657213515022	-1.68185407282146	-1.44778693472292
0.383927945747451	-1.83259571459405	0.0497040194171539	0.0547819491722194	-6.61461880443453	-1.38725296639624	-1.22409717249768
0.393927945747451	-1.89310382697831	0.0275635908414328	-0.00102819522376884	-5.29860589878354	-3.89589271163591	-6.59026831643287
0.403927945747451	-1.93925076624148	-0.0281010846369627	-0.0621727886009891	-4.2439704506861	-6.42303927777832	-5.80894807293612
0.413927945747451	-1.98216426827581	-0.090427529649639	-0.116101385390638	-4.42184766921364	-5.83431072738537	-4.94012166221055
0.423927945747451	-2.02825522220279	-0.143297121071244	-0.160813888847394	-4.79617476605809	-4.73235527868395	-4.023735407151
0.433927945747451	-2.07786293777492	-0.185465717233036	-0.197030844836198	-5.1092409869173	-3.73221391930732	-3.24539384177606
0.443927945747451	-2.13010003821347	-0.218598992369641	-0.22620812262667	-5.32161111836619	-2.92614018494156	-2.61376351995317
0.453927945747451	-2.18398327545009	-0.244582648475757	-0.249703862415297	-5.44083282296769	-2.29696964984124	-2.10469962292376
0.463927945747451	-2.23865780647931	-0.265012235769927	-0.268638678613025	-5.48240698805396	-1.80983335119844	-1.69759595992072
0.473927945747451	-2.29342035454386	-0.281151161000161	-0.283922025295865	-5.46051715500457	-1.43471574232483	-1.36963373304718
0.483927945747451	-2.34769986677373	-0.293985409112748	-0.296274517700322	-5.38765184785279	-1.1450930613993	-1.10932801380257
0.493927945747451	-2.40103597625162	-0.304274659011599	-0.30628062084856	-5.27345304214014	-0.922290356446677	-0.900118424703268
0.503927945747451	-2.45305754949037	-0.312604396374314	-0.314404700635	-5.12594095184388	-0.750952143389091	-0.73129629806117
0.513927945747451	-2.50346577919223	-0.319424076646694	-0.321016044551729	-4.9517274656953	-0.618636879788818	-0.595966067783598
0.523927945747451	-2.55202057451046	-0.325076541205431	-0.326411596261087	-4.75602922007048	-0.516190087519418	-0.487031671498644
0.533927945747451	-2.59852906367252	-0.329823005442145	-0.330828113900809	-4.5430986668113	-0.436397579849881	-0.399362305583349
0.53825830271997	-2.61799387799149	-0.331649022774569	-0.332485970244395	-4.44643172509821	-0.407441031985651	-0.366898175095818
0.54825830271997	-2.66504277333734	-0.330754913966964	-0.290884522746307	-5.13620054102443	1.39134715909454	5.42842015699469
0.55825830271997	-2.72157028201435	-0.299550430046928	-0.241674246380402	-6.11911831244421	4.71479586985898	4.52357767289909
0.56825830271997	-2.78304954006602	-0.247819822658983	-0.198193641003858	-6.01229636032345	5.2211332853152	4.0912428161328
0.57825830271997	-2.84023073050638	-0.199091168995753	-0.160674149646157	-5.39531090943727	4.45147997683138	3.40522283832293
0.58825830271997	-2.89082900244567	-0.159149940083125	-0.129936047243381	-4.73009487273203	3.54851016003431	2.76045008006537
0.59825830271997	-2.93503907362136	-0.127645385836225	-0.105146694933056	-4.12351985825532	2.77907187161086	2.21784799377267
0.60825830271997	-2.97352938901416	-0.103029781849784	-0.085239979675206	-3.58516809889253	2.16892798393889	1.77990417646211
0.61825830271997	-3.00693415977966	-0.0838159707639421	-0.0692606215198963	-3.10427193337389	1.69378426182153	1.42908420089427
0.62825830271997	-3.0357648339327	-0.068800977714003	-0.0564263371663051	-2.66847024324218	1.32480316366024	1.14783623865036
0.63825830271997	-3.06041893192015	-0.0570493978647227	-0.0461120387557579	-2.26744157864815	1.03749133482269	0.923203999604181
0.64825830271997	-3.08120341256748	-0.0478403017292861	-0.0378156165433349	-1.89345901330338	0.813818524851102	0.741896067826575
0.65825830271997	-3.09835652553343	-0.0406148348858621	-0.0311409403556458	-1.54027932801817	0.638635993695892	0.597712507507003
0.66825830271997	-3.11206328134532	-0.0349409101566684	-0.0257669648904984	-1.20342565332017	0.501564087286893	0.481816009589983
0.67825830271997	-3.12246814900725	-0.0304821940537648	-0.0214373920792441	-0.87939436299499	0.394419342654038	0.387828458634327
0.68825830271997	-3.12968434338986	-0.0269757350483949	-0.017948973834865	-0.565308403060158	0.310251298186501	0.312635687725496
0.69825830271997	-3.13380043259231	-0.0242167239176778	-0.0151366126375258	-0.259072036429894	0.244251144066495	0.251894166907556
0.70825830271997	-3.13488600760905	-0.0220444599488596	-0.0128690339203121	0.0410452309768941	0.19231354653986	0.203293286246501
0.71825830271997	-3.13299563889667	-0.0203333034204157	-0.0110396908997684	0.336318710175401	0.151546547509194	0.164013640952817
0.72825830271997	-3.12817231022315	-0.0189843939516732	-0.00956357972887781	0.627789766889037	0.119504236585021	0.132404302719924
0.73825830271997	-3.12044993420435	-0.0179200770102521	-0.00837195689284128	0.916238054766166	0.0943753331749002	0.106832364320697
0.74825830271997	-3.10985552392745	-0.0170790339338084	-0.00740980134344672	1.20227990128798	0.074647626099537	0.0862990456217215
0.75825830271997	-3.09641087762477	-0.0164128911842562	-0.00663248504060046	1.48634947440357	0.0592193366394842	0.0697529724519182
0.76825830271997	-3.08013408152795	-0.0158832551812167	-0.00600410756612493	1.76875504642488	0.0471989676074422	0.0564527528479422
0.776486313279182	-3.06462875376232	-0.0155280933475626	-0.00557801365254313	2.0000000000002	0.0393989382722376	0.0474252128936907
0.786486313279182	-3.04322874129979	-0.0151730065828578	-0.0051502746986147	2.27977118798076	0.0319581436792428	0.0384511405116642
0.796486313279182	-3.0190380001341	-0.0148828327611749	-0.00480297147166053	2.55813634974426	0.0263572541701193	0.0312624625849052
0.806486313279182	-2.99207100087338	-0.0146408991315103	-0.00452006650786043	2.8350014844206	0.0222517103718132	0.025550800611743
0.816486313279182	-2.96234362063094	-0.0144335401604644	-0.00428839335765434	3.11017425530945	0.0194032483247054	0.020979718446454
0.826486313279182	-2.92987405790321	-0.0142493490708785	-0.00409729443001879	3.38338265140371	0.0175971374435077	0.0173780812860593
0.836486313279182	-2.89468370174731	-0.0140787005334743	-0.00393799699359059	3.65426500822164	0.0166727685021398	0.01459187069201
0.846486313279182	-2.85679800345639	-0.0139133496447972	-0.0038032210598498	3.92236967194834	0.0165168706993004	0.0124636156342091
0.856486313279182	-2.81624734832386	-0.0137461027749727	-0.00368693560734343	4.18716004494788	0.0170375156400139	0.0108796944698105
0.866486313279182	-2.77306791301826	-0.0135705899161297	-0.0035841074135136	4.44801481483031	0.018160222492508	0.00975582716103003
0.876486313279182	-2.72730251042149	-0.0133810964069144	-0.00349050282829671	4.70422933918723	0.0198239427532451	0.00902694187965405
0.886486313279182	-2.67900140985825	-0.0131724524228621	-0.00340251136275612	4.9550166951364	0.0219836625333681	0.00862061564894595
0.896486313279182	-2.62822312698821	-0.0129399421475282	-0.00331708654223545	5.19951593317578	0.0245903852734482	0.00850667814928309
0.906486313279182	-2.57503515700763	-0.0126792780413986	-0.00323158309898938	5.43679320877331	0.0276074800607664	0.00863077612932536
0.916486313279182	-2.51951464552057	-0.0123865730674153	-0.00314375094311763	5.6658536590175	0.0309913171755361	0.00896792612830312
0.926486313279182	-2.46174896660919	-0.0120583606692457	-0.00305164335099781	5.88564824162197	0.0347010029743822	0.00948359734279239
0.936486313279182	-2.40183619760505	-0.0116916140490347	-0.00295359219560865	6.09508657198222	0.038693167184355	0.0101429915812762
0.946486313279182	-2.33988546492306	-0.0112837749572679	-0.00284822159864955	6.29305335463954	0.042910703286858	0.0109436069928198
0.956486313279182	-2.2760171334987	-0.0108328221206633	-0.00273435544011991	6.47841867888559	0.0473044545036317	0.0118442083679452
0.966486313279182	-2.21036283968567	-0.0103372980665025	-0.0026110767005154	6.65006055755816	0.0518135352436388	0.0128256249654616
0.976486313279182	-2.14306533281703	-0.00979636620710542	-0.00247769353611988	6.80688167076676	0.056374609681021	0.0138625424980564
0.986486313279182	-2.0742781251245	-0.00920984866511513	-0.00233374868793065	6.94783010925636	0.0609195882732687	0.0149325814060722
0.996486313279182	-2.00416493743	-0.00857826210161354	-0.00217901126003201	7.07191907760651	0.0653793721172009	0.0160082896491674
1.00648631327918	-1.9328989450819	-0.00790282729457006	-0.0020135070081838	7.1782493511671	0.0696762786521775	0.0170851003307602
1.01648631327918	-1.86066181787412	-0.00718549462800347	-0.00183745292902675	7.26602389622213	0.0737442088053	0.0181238212524157
1.02648631327918	-1.78764258414611	-0.00642891364629306	-0.001651306403179	7.33456962716434	0.0775145133775238	0.019100506512665
1.03648631327918	-1.71403632205144	-0.00563640856357457	-0.00145573851988337	7.38335155450476	0.080923066780066	0.0199907053883124
1.04648631327918	-1.64004271455622	-0.00481191758318599	-0.00125165664800381	7.41198805113033	0.0839015256835921	0.0208027846917251
1.05648631327918	-1.56586448455098	-0.00395995611891175	-0.00104009491139986	7.42025333519731	0.0864056211261315	0.0214951887351667
1.06648631327918	-1.4917057709272	-0.00308550798146412	-0.000822274584092157	7.40808899599386	0.088392371727331	0.0220525963971953
1.07648631327918	-1.41777046138631	-0.0021939397178618	-0.000599548531671084	7.37560325652884	0.0898296228744483	0.0224601837918665
1.08648631327918	-1.34426053741589	-0.00129088328409352	-0.000373409451929585	7.32307109484056	0.0906856423102279	0.0227390675791082
1.09648631327918	-1.27137445494979	-0.000382157889510352	-0.000145352297624938	7.25091991233202	0.0909599442944943	0.0228513341702413
1.10648631327918	-1.19930562791498	0.000526380312604545	8.30451959958588e-05	7.15972757696309	0.0906500275805656	0.0228046194325221
1.11648631327918	-1.12824101816203	0.00142893237322518	0.00031021652456597	7.0502045139803	0.0897682486067371	0.0225981694835487
1.12648631327918	-1.05835988261175	0.002319876228135	0.000534602590426222	6.9231801874762	0.0883303150786765	0.0222568481516142
1.13648631327918	-0.989832684003138	0.00319383983185606	0.000754770274933073	6.77957853510108	0.0863794031174799	0.0217520824282444
1.14648631327918	-0.922820208690096	0.00404583346551758	0.000969302165989087	6.62040846976779	0.0839448736591868	0.0211277004502743
1.15648631327918	-0.857472863750613	0.00487128759358999	0.00117694740116193	6.44673456555372	0.0810772008176689	0.0203852545998779
1.16648631327918	-0.793930189988188	0.00566613234167575	0.00137658522675487	6.25966101454308	0.07783017208516	0.0195351062030786
1.17648631327918	-0.732320569197427	0.00642684345853465	0.00156724915134211	6.06031163569668	0.0742615228192501	0.0185884958039348
1.18648631327918	-0.672761120881105	0.00715047616153919	0.00174812362666887	5.849812419158	0.070427885959489	0.0175691950131749
1.19648631327918	-0.615357774507672	0.0078346822859343	0.00191855615468205	5.62927453904269	0.066384675941137	0.0165077211035205
1.20648631327918	-0.560205495037432	0.00847769779086773	0.00207810322386148	5.39977621937903	0.0621979297247128	0.0153998562617302
1.21648631327918	-0.507388655112813	0.00907835358554772	0.00222645831234889	5.16235504660767	0.0579232117786592	0.0142686677414457
1.22648631327918	-0.456981515669257	0.0096360444837857	0.00236347508449292	4.9179953334825	0.0536131494253709	0.0131368407228756
1.23648631327918	-0.409048800778968	0.0101506908814187	0.002489175709244	4.66761847521528	0.0493219562640519	0.0120095053685812
1.24648631327918	-0.363646347667992	0.010622705016364	0.00260371806912999	4.41207831297884	0.0450988139952868	0.0108923480788367
1.25648631327918	-0.320821809128984	0.0110529567219238	0.00270733940922028	4.15216002811655	0.0409753455648914	0.00982929150013547
1.26648631327918	-0.280615376111876	0.0114426876475983	0.00280045200567645	3.88856980098033	0.036997381259279	0.0088011910607569
1.27648631327918	-0.243060531258472	0.0117934904682538	0.00288351682294304	3.62194214641697	0.0331931132263266	0.00782540484952975
1.28648631327918	-0.208184788716292	0.0121072353866016	0.00295708804624856	3.35283640400496	0.0295903986133876	0.00690048067291248
1.29648631327918	-0.176010425499621	0.0123860237750623	0.00302175670748996	3.08174149631968	0.0262058639609671	0.00604182392531413
1.30648631327918	-0.146555183164064	0.0126321247812256	0.00307816917274551	2.80907669469403	0.0230544822279283	0.00525106243359457
1.31648631327918	-0.119832936685655	0.0128479252749083	0.00312700013992593	2.53519636054055	0.0201464974697397	0.00452686950129347
1.32648631327918	-0.0958543200401266	0.0130358799848336	0.00316893490601588	2.26039475752994	0.0174867739474489	0.00386836347124465
1.33648631327918	-0.074627304201116	0.0131984679006458	0.00320464796639668	1.98491184373801	0.0150724595643434	0.00328327092857348
1.34648631327918	-0.0561577187771955	0.013338139580514	0.00323481962710459	1.70893668113768	0.0129015742760077	0.00276243245188159
1.35648631327918	-0.0404497215136927	0.0134572850837912	0.00326010014768263	1.43261504105391	0.0109660552110345	0.00230314990707423
1.36648631327918	-0.0275062073909743	0.0135581981128823	0.00328110412799179	1.15605520024161	0.00925288691844977	0.00190649608994713
1.37648631327918	-0.0173291556894495	0.0136430383676185	0.0032984171537576	0.879332901779259	0.00774888649844644	0.00156408248457558
1.38648631327918	-0.00991991880367407	0.0137138091650274	0.0033125719281595	0.602498833556999	0.00643594826691299	0.00127392777807675
1.39648631327918	-0.00527944638287915	0.0137723285479034	0.00332405460790571	0.325583969778368	0.00529489469788448	0.00102959284267896
1.40648631327918	-0.0034084483833007	0.0138202090685288	0.00333329513663967	0.0486061897262569	0.00430436863609888	0.000824697527943917
1.41648631327918	-0.00430749512762248	0.0138588394168825	0.00334066196913505	-0.228423342795548	0.00344073220582453	0.000654153477351859
1.42648631327918	-0.0079770540128918	0.013889366961024	0.00334646257804665	-0.505494169882081	0.00267945165130568	0.000510707674776099
1.43648631327918	-0.0144174637911011	0.0139126849869831	0.00335093764669687	-0.782590008574627	0.00199444015571821	0.000387763340603535
1.44648631327918	-0.0236288454153723	0.0139294208650377	0.00335425970930434	-1.05968250627618	0.00135854371673948	0.000278584702806985
1.45648631327918	-0.0356109498150089	0.0139399265766272	0.00335653146304528	-1.33672493928494	0.000743794036799748	0.000176190914670765
1.46648631327918	-0.0503629425959592	0.0139442713263465	0.00335778435225199	-1.6136459157927	0.000121627443139302	7.33549065482327e-05
1.47648631327918	-0.0678831259102347	0.0139422363330138	0.00335797728366899	-1.89034309483456	-0.000536961087460551	-3.7170954634983e-05
1.48648631327918	-0.0881685979466382	0.0139333117318577	0.00335699609033374	-2.16667700027289	-0.00126114086630822	-0.000162751606063636
1.49648631327918	-0.111214851008685	0.0139166960178993	0.00335465319144437	-2.44246493476062	-0.00208000885062083	-0.000310743229885677
1.50648631327918	-0.137015309646808	0.0138912982772356	0.00335068782292929	-2.71747508177239	-0.0030222962543237	-0.00048841615653933
1.51648631327918	-0.165560811091308	0.0138557436378892	0.00334476693124408	-2.99142088147843	-0.00411601004460197	-0.00070291782931774
1.52648631327918	-0.196839031208741	0.0138083824992988	0.00333648675886756	-3.26395577997923	-0.00538803164058126	-0.000961181063519038
1.53648631327918	-0.230833860361801	0.0137473040704982	0.00332537543759681	-3.53466849403044	-0.00686361809005521	-0.00126992544705981
1.54648631327918	-0.267524735006671	0.0136703549552854	0.00331089648843921	-3.80307892166451	-0.00856588707180088	-0.00163549635586797
1.55648631327918	-0.30688593244299	0.0135751633715529	0.00329245349821868	-4.06863487969881	-0.0105152576867566	-0.00206362242316606
1.56648631327918	-0.348885837955019	0.013459169523141	0.00326939647729598	-4.33070988102956	-0.0127287663120241	-0.00255937340489627
1.57648631327918	-0.393486195615034	0.0133196627528942	0.00324102964273057	-4.58860212588934	-0.0152193931442231	-0.00312692549116135
1.58648631327918	-0.440641356078475	0.0131538258105828	0.00320662089849745	-4.8415349258062	-0.0179953889968436	-0.00376923527787424
1.59648631327918	-0.490297536802219	0.0129587863121469	0.00316541327441118	-5.08865878103184	-0.0210595841733409	-0.00448775797206124
1.60293156245594	-0.523598775598362	0.0128162598454888	0.00313489126954005	-5.24443131682068	-0.0231861723076544	-0.00499072296080728
1.61293156245594	-0.582525212136491	0.0204861621044454	0.0506246195618273	-6.72270126295513	2.4031153348666	6.18979624104213
1.62293156245594	-0.658594431782147	0.0645601416671724	0.107307378069548	-8.27770617526489	5.84702202061757	5.36577497933796
1.63293156245594	-0.742764914086158	0.123975072596393	0.157966633623999	-8.42815593859521	5.72056389117401	4.69097061045975
1.64293156245594	-0.82607114433069	0.176309842376205	0.200631833566417	-8.2185829977918	4.71152589216828	3.84973977545396
1.65293156245594	-0.907148324710977	0.218274910334626	0.23529088230101	-8.00480928817884	3.70414649369675	3.10281328916296
1.66293156245594	-0.986360817847798	0.25094594439776	0.263138834288915	-7.84776791271856	2.85980829454194	2.48644165791861
1.67293156245594	-1.06428611513666	0.276028592884687	0.285420295135086	-7.74536321230193	2.18264067685514	1.98815698446804
1.68293156245594	-1.14140866008132	0.295079019740978	0.303208866075999	-7.68493961386354	1.64866956562435	1.58492424289665
1.69293156245594	-1.21808167835823	0.309388529801896	0.317381107906177	-7.65357030660638	1.23059363485079	1.26115549729395
1.70293156245594	-1.29454078785179	0.319999179806468	0.328650606775169	-7.64057139588178	0.905480037761226	1.00195256570983
1.704823735494	-1.30899693899575	0.32166222190273	0.330505821580995	-7.6394439736813	0.852827115466226	0.959076606834842
1.714823735494	-1.38045285543321	0.321653773792725	0.292213752523938	-6.4662072252047	-1.64968797641609	-5.43945805508273
1.724823735494	-1.4373023811454	0.284331494600003	0.242268755919669	-5.08061821690066	-5.31732422872867	-4.76080881372545
1.734823735494	-1.48716328199262	0.228540673891421	0.196851250866295	-5.03304031524858	-5.48787011865421	-4.23695176999086
1.744823735494	-1.53930931724154	0.177928320867867	0.158171162930697	-5.41813586220396	-4.57888526107596	-3.49783406432394
1.754823735494	-1.59555742891946	0.137090796367631	0.126690799592533	-5.82198762931364	-3.60793244466823	-2.8174740772241
1.764823735494	-1.65547993331627	0.105209859762911	0.101416076611661	-6.14746014063006	-2.79935582823657	-2.25664211684822
1.774823735494	-1.71821230660311	0.0805137912024947	0.0811820977326669	-6.38512471100314	-2.16670774040244	-1.80818109179807
1.784823735494	-1.78292166333924	0.0613814300507121	0.0649725451399617	-6.54494143468733	-1.68096069791837	-1.44820766039457
1.79236585232563	-1.83259571459405	0.0498332812504372	0.0549100804394194	-6.62186406956198	-1.39051603878708	-1.22810030580893
1.80236585232563	-1.89317199047207	0.0276432397233833	-0.000885402739649036	-5.30548096553905	-3.90031397166155	-6.59188308762688
1.81236585232563	-1.93939949850284	-0.0280347859074668	-0.0620499485674215	-4.25252290936404	-6.42313318643762	-5.81036830286811
1.82236585232563	-1.98239850315003	-0.090361973210375	-0.115990194796719	-4.43035285290759	-5.83454120259203	-4.94043922365022
1.83236585232563	-2.02857506407775	-0.143231347764112	-0.160710360379037	-4.80474866290876	-4.7322349438925	-4.02451204319478
1.84236585232563	-2.07826842541647	-0.185398361178276	-0.196933935468931	-5.11778827674526	-3.73203227508083	-3.24593531696706
1.85236585232563	-2.1305907605004	-0.218529512422244	-0.226116361449345	-5.33009623152982	-2.92593867442462	-2.61414935428536
1.86236585232563	-2.18455845469711	-0.244511006341638	-0.249615993304938	-5.44923657664925	-2.29673510427807	-2.10512471547057
1.87236585232563	-2.23931645008163	-0.264938431587466	-0.26855456631512	-5.49065841897648	-1.80977478442534	-1.69748328635056
1.88236585232563	-2.29416105134887	-0.281076210905541	-0.283839004068676	-5.46874141362158	-1.43427772252281	-1.37084233017801
1.89236585232563	-2.34852134145501	-0.293909300646548	-0.296193672647078	-5.39573059777707	-1.14470602690803	-1.11049037195512
1.90236585232563	-2.40193685660717	-0.304197428061986	-0.306203069567359	-5.28127952374152	-0.922353553639695	-0.899937491082959
1.91236585232563	-2.45403616308965	-0.312527075354445	-0.314328318843277	-5.13363962908105	-0.750955336532002	-0.731433581861154
1.92236585232563	-2.50452064488899	-0.319346853298612	-0.320941386063298	-4.95924702085721	-0.618782110882884	-0.595747477982779
1.93236585232563	-2.5531501082154	-0.32500003587111	-0.326337656372804	-4.76342963785939	-0.516244712722579	-0.487206528594694
1.94236585232563	-2.59973183864601	-0.329747320380699	-0.330755429883657	-4.55033979825512	-0.436536898550597	-0.399337316317261
1.94641931825716	-2.61799387799152	-0.331460733064494	-0.3323117343199	-4.45987597105704	-0.409327383155298	-0.368939521087104
1.95641931825716	-2.66518229767096	-0.330569514077579	-0.290761717999046	-5.15031593848937	1.39115565357654	5.42626584816573
1.96641931825716	-2.72185511833983	-0.29935518462487	-0.241576484572541	-6.13419605195822	4.71720777669955	4.52171513306724
1.97641931825716	-2.78347302010872	-0.247630854254029	-0.198107635899265	-6.02540149206611	5.21867864041813	4.0902412192969
1.98641931825716	-2.8407830924375	-0.198930693430986	-0.160602093511131	-5.40808432091942	4.44844791910282	3.4037916119866
1.99641931825716	-2.89150912819845	-0.159018967807496	-0.129876842186831	-4.74295669287236	3.54591959124333	2.75865695007603
2.00641931825716	-2.93584804975142	-0.127539679969633	-0.105099332450984	-4.13647558742089	2.77678943387391	2.21671212416437
2.01641931825716	-2.97446849954319	-0.102945018259896	-0.0852021327427783	-3.5982335712604	2.16700070661789	1.77916784009357
2.02641931825716	-3.00800452997977	-0.0837484265378781	-0.0692299861160388	-3.11746684228349	1.69230392597391	1.42822466642984
2.03641931825716	-3.0369674553996	-0.0687473086698122	-0.0564017537726869	-2.68175416192396	1.32362405018822	1.14708756729754
2.04641931825716	-3.0617546100952	-0.0570068726895535	-0.0460925031089001	-2.28078580603361	1.0365095815639	0.922701176756751
2.05641931825716	-3.08267281178316	-0.0478066748776109	-0.037800342081851	-1.90683859891673	0.812940156237727	0.741774778079701
2.06641931825716	-3.09996014351228	-0.0405884927878359	-0.0311286058577822	-1.55372462729329	0.637982489216829	0.59746063246368
2.07641931825716	-3.11380157198199	-0.0349204160310009	-0.0257568944272189	-1.2169328377001	0.501118851548131	0.481376664298009
2.08641931825716	-3.12434154270343	-0.0304662240276426	-0.0214295501120664	-0.892923071898104	0.39402000105796	0.387619748022917
2.09641931825716	-3.13169316897678	-0.0269633888499455	-0.0179428227667639	-0.578863229972478	0.309914471806123	0.312530579102286
2.10641931825716	-3.13594497708309	-0.0242072731702145	-0.0151317602612247	-0.272653201529543	0.243978367446935	0.251825646654896
2.11641931825716	-3.13716651069586	-0.022037339642925	-0.0128651439909202	0.0274369360544196	0.19211241621561	0.203185959778334
2.12641931825716	-3.13541229742833	-0.0203280485783658	-0.0110365852306693	0.322690792892332	0.151397054121781	0.163887266961226
2.13641931825716	-3.13072526589339	-0.0189806279400409	-0.0095611953879541	0.614156093242487	0.119367943587863	0.132343498178683
2.14641931825716	-3.12313924378423	-0.0179175544569204	-0.00837014650446147	0.902605246276449	0.0942507746338477	0.10681191153886
2.15641931825716	-3.1126811475595	-0.0170775976472891	-0.0074084145823551	1.18865421225228	0.074544445953884	0.0862637818723467
2.16641931825716	-3.09937266427139	-0.0164124263985688	-0.00663146815014973	1.47274488013382	0.0591275877728072	0.0697130139953134
2.17641931825716	-3.08323173652351	-0.0158837012407938	-0.00600343087050451	1.75518862603927	0.0471087553524087	0.0564213028602077
2.18512939645012	-3.06687697993509	-0.0155104331205045	-0.00555485195232952	2.00000000000079	0.0389035195368307	0.0469081272377661
2.19512939645012	-3.04547693182816	-0.0151598460191834	-0.00513168702282835	2.27977937304231	0.031561179005629	0.0380137666051989
2.20512939645012	-3.02128594777089	-0.0148733273079544	-0.0047881701280267	2.55818128993789	0.0260174258206295	0.030947877321335
2.21512939645012	-2.99431825127561	-0.0146344480629103	-0.00450826919232995	2.83509936490222	0.0219801420793448	0.025256158367527
2.22512939645012	-2.96458949976598	-0.0144296421214393	-0.0042791123668211	3.11035289555657	0.0191687404175846	0.020749014557898
2.23512939645012	-2.93211765338393	-0.0142476365656952	-0.00409009982879991	3.38366634973373	0.0173865218527819	0.0172103165422122
2.24512939645012	-2.89692385867232	-0.0140789152324071	-0.00393249228119055	3.65467446525907	0.0164912195177616	0.0144379613071597
2.25512939645012	-2.8590333289651	-0.0139152844048024	-0.00379913971877191	3.92293047970316	0.0163541392269756	0.012329928910333
2.26512939645012	-2.81847620041046	-0.0137496077088913	-0.00368405860488927	4.18789760434828	0.0168876585055987	0.0107652816083771
2.27512939645012	-2.77528839661791	-0.013575555116841	-0.00358226072938169	4.44895499321666	0.018018520155056	0.00966055004371542
2.28512939645012	-2.72951247241165	-0.0133874446420866	-0.00348953833823125	4.70539757899478	0.0196896517313587	0.00894221906854736
2.29512939645012	-2.681198438726	-0.0131801214973294	-0.00340232847272941	4.95643991349161	0.0218514972155071	0.00855570022852618
2.30512939645012	-2.63040454969845	-0.012948890539679	-0.003317576268457	5.20121884315621	0.024464228369508	0.00844391255365852
2.31512939645012	-2.57719804416903	-0.0126894658645673	-0.00323267545886795	5.43880158250198	0.0274858446669079	0.00857237780174799
2.32512939645012	-2.52165581587063	-0.0123979627884514	-0.00314538519996544	5.6681922904421	0.030874181401502	0.0089131508638699
2.33512939645012	-2.46386499681408	-0.0120709107661369	-0.00305376987343527	5.8883409934148	0.034588091998105	0.00943358384509352
2.34512939645012	-2.40392343531667	-0.0117052746190159	-0.00295617870636919	6.09815649525269	0.038581652974656	0.0101085261872606
2.35512939645012	-2.34194004327065	-0.0112984964689433	-0.00285121124669811	6.29651945620037	0.0428063951735513	0.0109092792848563
2.36512939645012	-2.27803499620197	-0.0108485387005387	-0.00273771125201747	6.48229888560189	0.047208290257553	0.0118104843595998
2.37512939645012	-2.21233976474356	-0.0103539336607878	-0.00261475726250257	6.6543696123885	0.0517282062036419	0.0127879626877858
2.38512939645012	-2.14499696391599	-0.00981382700971033	-0.00248167222320227	6.81163226284578	0.0562985067247972	0.0138299503371704
2.39512939645012	-2.07616000324963	-0.00922802945876336	-0.0023379946134158	6.95303114522975	0.0608521737818957	0.0149108489785752
2.40512939645012	-2.00599253743013	-0.00859704674695905	-0.00218348767608192	7.07757534010829	0.0653213567934291	0.0159990566004185
2.41512939645012	-1.93466771289776	-0.00792209697439685	-0.00201814931306075	7.18435967138069	0.0696359320464545	0.017066003694234
2.42512939645012	-1.86236721623413	-0.0072051103713766	-0.00184222689917542	7.27258532422136	0.0737202771275921	0.0181015811549917
2.43512939645012	-1.78928013248489	-0.0064487252099544	-0.00165618846594692	7.34157589846342	0.0775020664481812	0.0190926790463901
2.44512939645012	-1.71560163609144	-0.00565626491296039	-0.00146069057312882	7.39079128730836	0.080920868039598	0.0200024389222383
2.45512939645012	-1.64153154453187	-0.00483167851647278	-0.00125659883596536	7.41984287352841	0.0839200849317979	0.0208015477314643
2.46512939645012	-1.56727276050771	-0.00397946752825724	-0.00104499204709645	7.42850445394032	0.0864421988311709	0.0214888645639315
2.47512939645012	-1.49302963544891	-0.00310461445537323	-0.000827107419536108	7.41671537899913	0.0884395900623977	0.0220626290603887
2.48512939645012	-1.41900629799177	-0.00221249852994163	-0.000604279577475207	7.38457951939735	0.0898856147990999	0.0224898039222389
2.49512939645012	-1.34540499505467	-0.00130877485346279	-0.000377959272411009	7.33236622444531	0.0907611608932031	0.0227510593121987
2.50512939645012	-1.27242447736912	-0.000399255120274414	-0.000149704814982578	7.26050547255392	0.0910480435807693	0.0228631494401777
2.51512939645012	-1.20025846404118	0.000510190162268245	7.89044503866768e-05	7.16957374097261	0.090744189097203	0.0228316607090012
2.52512939645012	-1.1290942298935	0.00141373977078259	0.000306318950615682	7.0602792595256	0.0898679846732303	0.022636417337614
2.53512939645012	-1.05911134763822	0.00230574560148595	0.000531004293462177	6.93344929725596	0.0884435611186726	0.0222754477570671
2.54512939645012	-0.990480601097945	0.00318083954405512	0.000751452753987948	6.79001335559172	0.0864939493427985	0.0217832821669472
2.55512939645012	-0.923363081343626	0.00403400049090583	0.000966285064647404	6.63097823430151	0.0840609912783715	0.0211643791587499
2.56512939645012	-0.85790949051392	0.00486063969411068	0.00117424848021059	6.45740973507401	0.081196196360271	0.0204171995591529
2.57512939645012	-0.794259648342151	0.00565667118090175	0.00137421343984636	6.27041421202085	0.0779522984998887	0.0195555225921437
2.58512939645012	-0.732542197064159	0.00641856370226298	0.0015651753249105	6.07112003934014	0.0743776791393563	0.0186206571166954
2.59512939645012	-0.67287448901714	0.00714334785899609	0.00174634601046433	5.86065337269688	0.0705381713017765	0.0176075684242073
2.60512939645012	-0.615362662218783	0.00782865669214661	0.00191708314719122	5.64012691691393	0.0664935444332509	0.016533808109213
2.61512939645012	-0.560101867119217	0.00847272255422234	0.0020769114802974	5.4106236240225	0.0623018890781838	0.0154207773126625
2.62512939645012	-0.507176633472643	0.00907436904343192	0.00222551173274893	5.17318450742041	0.0580161193921981	0.0143004713607306
2.63512939645012	-0.456661348347208	0.00963296936922394	0.0023627778824901	4.92879346332705	0.0537013618389258	0.0131568606776631
2.64512939645012	-0.408620841283503	0.0101484474462697	0.00248869698517869	4.67837687026825	0.0494024707641927	0.012025292856496
2.65512939645012	-0.363111027960562	0.0106212135919788	0.00260341680162021	4.42279165973248	0.0451662752493105	0.0109195456679657
2.66512939645012	-0.320179612026737	0.0110521217079942	0.00270721711846	4.16282216715208	0.0410370327011829	0.00984437155783518
2.67512939645012	-0.279866819277326	0.011442423115218	0.00280047511143405	3.89917917134226	0.0370507226001033	0.00881232980032172
2.68512939645012	-0.242206144406558	0.011793709031961	0.00288366120293842	3.63249842655953	0.0332382220040421	0.00783264143545473
2.69512939645012	-0.207225096501465	0.012107851904307	0.00295732824920738	3.36334098972315	0.0296271095770767	0.00690560347546596
2.70512939645012	-0.174945932973147	0.0123869580640198	0.0030220662940315	3.09219735478164	0.0262334285199855	0.00604868881124445
2.71512939645012	-0.145386362223037	0.0126332990286517	0.00307853236018996	2.81948726433751	0.0230748978576764	0.00525523816051653
2.72512939645012	-0.118560216885781	0.0128492689494824	0.00312739770944608	2.54556629147856	0.0201604850750337	0.00452854043960024
2.73512939645012	-0.0944780815865626	0.0130373319852635	0.00316934459546599	2.2707297395386	0.0174935427504047	0.0038724556903827
2.74512939645012	-0.0731478710716862	0.0131999703914534	0.00320506363927094	1.99521689147987	0.0150754174011333	0.00328197026337641
2.75512939645012	-0.0545753581488225	0.0133396463300787	0.00323522646751777	1.71921769048459	0.0129011305033846	0.00275782430162049
2.76512939645012	-0.0387646441254716	0.0134587621764776	0.00326048178905454	1.44287820867723	0.010961134008737	0.00230136397229116
2.77512939645012	-0.0257185674811191	0.0135596163653589	0.00328145756607039	1.16630544073867	0.00924595658978759	0.00190347524092588
2.78512939645012	-0.0154390581072172	0.0136443814405489	0.00329873575617482	0.889575030895041	0.0077404975368746	0.00156161297975804
2.79512939645012	-0.00792742518889567	0.0137150700819614	0.00331285542890298	0.612736553413601	0.00642775678901883	0.00127044961842794
2.80512939645012	-0.00318458525886299	0.0137735119250139	0.00332430307159029	0.335820080204515	0.00528788540966892	0.00102573455634293
2.81512939645012	-0.00121122697093168	0.0138213307704721	0.00333351090140316	0.0588422168777348	0.00429939519668307	0.000821546700588488
2.82512939645012	-0.002007913440471	0.013859925966828	0.00334085186679524	-0.218187546680293	0.00343916461892096	0.000651244081692277
2.83512939645012	-0.00557512177557027	0.0138904567417987	0.00334663472646358	-0.495260421172648	0.00268222426822345	0.000508965356579474
2.84512939645012	-0.0119132192664317	0.0139138277010565	0.00335110336263476	-0.772362167240385	0.00200260316869705	0.000387771872668738
2.85512939645012	-0.0210223767218182	0.0139306775271248	0.00335443364003555	-1.04946671881188	0.00137329430059121	0.000280471567760613
2.86512939645012	-0.0329024186367739	0.0139413696977679	0.00335673094077282	-1.32652982299607	0.000766281628298725	0.000180214079987986
2.87512939645012	-0.0475526101159066	0.0139459847170112	0.00335802969197137	-1.60348280956548	0.000153035690982319	7.96201238274303e-05
2.88512939645012	-0.0649713810394495	0.0139443149955978	0.00335829150943923	-1.88022626248537	-0.000495496807186324	-2.84858759393e-05
2.89512939645012	-0.0851559877043561	0.0139358615646293	0.00335740487234171	-2.15662384094734	-0.00120855091429492	-0.000151383455799572
2.90512939645012	-0.108102112943617	0.0139198333536474	0.00335518484391274	-2.43249618501183	-0.00201528472035788	-0.000296409618314385
2.91512939645012	-0.13380340613465	0.0138951492587472	0.00335137323888264	-2.70761499558131	-0.00294449694752332	-0.000470856562340298
2.92512939645012	-0.162250965274504	0.0138604433952077	0.00334563946723845	-2.9816973828292	-0.00402427425693945	-0.000681928259359868
2.93512939645012	-0.19343276426733	0.013814074074613	0.00333758211400981	-3.25440058447798	-0.00528157949495916	-0.000936691853681586
2.94512939645012	-0.22733302975651	0.013754137166486	0.00332673120573428	-3.52531716735305	-0.00674183489606268	-0.0012418365787914
2.95512939645012	-0.263931573198885	0.013678484410096	0.00331255156997341	-3.79397087999137	-0.00842843095361043	-0.00160344946898278
2.96512939645012	-0.303203085456905	0.0135847471137896	0.0032944480059388	-4.05981337038865	-0.0103620000066779	-0.00202729844482131
2.97512939645012	-0.34511640318975	0.0134703663246052	0.00327177111909666	-4.32222185822139	-0.0125598602179323	-0.00251839408439324
2.98512939645012	-0.38963375806454	0.013332629536171	0.00324382530790201	-4.58049806473999	-0.0150352554655742	-0.00308102575239255
2.99512939645012	-0.436710022070194	0.0131687144853423	0.00320987854735724	-4.83386857351576	-0.0177965637917999	-0.00371879971915692
3.00512939645012	-0.486291964363572	0.0129757404697034	0.00316917322579463	-5.0814867690293	-0.0208467526827034	-0.00443389293590712
3.01234666550175	-0.523598775598448	0.0128167862679	0.00313516010945027	-5.2561116150733	-0.0232267117283953	-0.00499661244334362
3.02234666550175	-0.58264184449289	0.0204859489898375	0.0506244939806973	-6.73433470801231	2.40297224673376	6.18979891904888
3.03234666550175	-0.658826036448037	0.0645552013311157	0.107307525303383	-8.28917691317839	5.84652131230049	5.36563058797113
3.04234666550175	-0.743111754042328	0.123966640415903	0.157965618903942	-8.43968548875701	5.72024464772213	4.6909362998148
3.05234666550175	-0.826533002323172	0.176297927722048	0.200630083087662	-8.23004851507718	4.71113898281378	3.84960524544359
3.06234666550175	-0.907724282721675	0.218258392857732	0.235288064057404	-8.01616310100155	3.70363000981002	3.10269252990643
3.07234666550175	-0.987049678030879	0.250923816340296	0.26313473634685	-7.85898937635412	2.85920383192503	2.48632819408676
3.08234666550175	-1.0650864588929	0.276000270698061	0.285414792457086	-7.75643077050822	2.18199953825585	1.98803554838841
3.09234666550175	-1.14231881181232	0.29504432550617	0.30320194318134	-7.6958290769416	1.64804336214668	1.58475816628365
3.10234666550175	-1.21909967720034	0.309347661143121	0.317372704715795	-7.66424579790093	1.22999300791842	1.26101423658844
3.11234666550175	-1.2956643433334	0.31995256726725	0.328640809400614	-7.651000626062	0.904931267922197	1.00182805722671
3.1140893936578	-1.30899693899575	0.321486872474225	0.330352350737604	-7.64991444929267	0.856394041109705	0.962144155370005
3.1240893936578	-1.38055417514049	0.321504714175687	0.292099492728237	-6.47610820179871	-1.6474679410566	-5.4369129630011
3.1340893936578	-1.43749940347491	0.284197517647321	0.242174933531291	-5.08997922299657	-5.31632121679436	-4.75813432104689
3.1440893936578	-1.48745578298811	0.228423960786032	0.196772262055196	-5.04246056920247	-5.48651212712155	-4.23404859836018
3.1540893936578	-1.5396965943053	0.17782980459319	0.158105017779066	-5.42736439781357	-4.57778410637836	-3.49456061994598
3.1640893936578	-1.59603699051923	0.137006701069055	0.126641449751286	-5.83136992333809	-3.60552643502048	-2.81932759594826
3.1740893936578	-1.6560499108883	0.105140139736038	0.101373712979365	-6.15640861721762	-2.79788942837816	-2.25652779578021
3.1840893936578	-1.71887012493684	0.0804563977121411	0.0811438174220513	-6.3935450006821	-2.16649022822412	-1.80500064814042
3.1940893936578	-1.78366410793468	0.0613323833910864	0.0649429565942847	-6.55326697510264	-1.68021184428609	-1.44741903564793
3.20151013063418	-1.83259571459405	0.0499593595261658	0.0550322127667959	-6.62892377826856	-1.39446211018114	-1.22955594765672
3.21151013063418	-1.89324032684537	0.0277221521026932	-0.000759006761855153	-5.31230837871661	-3.90479259705363	-6.59335035712967
3.22151013063418	-1.9395437806474	-0.0279805365809741	-0.0619400880938567	-4.26085337123131	-6.42368465334166	-5.81204217556218
3.23151013063418	-1.98262773656851	-0.090309064123208	-0.11589278369123	-4.43874821822175	-5.83515579596828	-4.93925254900008
3.24151013063418	-2.02889015321442	-0.14317722808816	-0.160618159658695	-4.81333787727091	-4.73208834507636	-4.02463005484593
3.25151013063418	-2.07866965525929	-0.185341008290008	-0.196846384081641	-5.12638165943807	-3.73169215827484	-3.24629978620316
3.26151013063418	-2.13107753734921	-0.218468924175002	-0.226031319617898	-5.33871368301028	-2.92521226554223	-2.61566028576177
3.27151013063418	-2.18513005448866	-0.244446699097598	-0.249534882405722	-5.45768684100697	-2.29629462849478	-2.10577388922113
3.28151013063418	-2.23997165473229	-0.264871101311224	-0.268476085999184	-5.49896872386041	-1.80944286584835	-1.69791108817613
3.29151013063418	-2.29489852943361	-0.281006395664923	-0.283762905225726	-5.47688327616833	-1.43411519765928	-1.37088516016163
3.30151013063418	-2.34933965407997	-0.293837515493854	-0.296120013522941	-5.40366787415444	-1.14481951184555	-1.10981076672515
3.31151013063418	-2.40283436729779	-0.304124671033617	-0.306130355933904	-5.28909286550724	-0.922397745672187	-0.89965489152545
3.32151013063418	-2.45501130637933	-0.312453886192396	-0.314256444240754	-5.14132177400701	-0.750947497350025	-0.731479342972933
3.33151013063418	-2.50557182393598	-0.319273835249012	-0.320869862254597	-4.96682260106164	-0.61862291825494	-0.596429836977471
3.34151013063418	-2.5542758787019	-0.32492722147325	-0.326267662327454	-4.77081493638391	-0.516276688272256	-0.487378479107176
3.35151013063418	-2.60093066895506	-0.329675214454195	-0.330686374720471	-4.5575744834912	-0.436617889032682	-0.399444123936847
3.3552888783787	-2.6179938779915	-0.33127628693061	-0.332141367832971	-4.47325606008272	-0.411178683584435	-0.371026515900037
3.3652888783787	-2.66531963326556	-0.330394771058177	-0.290614267981706	-5.16441349957324	1.39119929185014	5.42326902643522
3.3752888783787	-2.72213829336121	-0.299166922003914	-0.241458041763744	-6.14926533972172	4.71991632933859	4.51871952490139
3.3852888783787	-2.78389433957527	-0.247447732154229	-0.19800534392103	-6.03847177201483	5.2163829023581	4.08874166911073
3.3952888783787	-2.84133283782638	-0.198774945725839	-0.160516980360971	-5.42080562662686	4.44550045523185	3.40213140358836
3.4052888783787	-2.89218612692853	-0.158891839827914	-0.12980698110932	-4.75576473943597	3.543406168422	2.75665923740326
3.4152888783787	-2.93665334161248	-0.12743712267015	-0.10504316022814	-4.14938284881701	2.77460551987559	2.2152965460808
3.4252888783787	-2.97540334965122	-0.102862781810351	-0.0851571623667042	-3.61124171012734	2.16513656494287	1.77825642624825
3.4352888783787	-3.00907004151535	-0.0836828802641762	-0.0691936838845354	-3.13059132772527	1.69083401056167	1.42735053657068
3.4452888783787	-3.03816458530164	-0.068695255993858	-0.0563725411981565	-2.69496804492375	1.32245565027342	1.14631946025349
3.4552888783787	-3.06308419491146	-0.0569654736485122	-0.0460697499481924	-2.29401912179695	1.03537465141785	0.922689889895101
3.4652888783787	-3.08413545498206	-0.0477739448345715	-0.0377824672995721	-1.9201131034492	0.811929638340621	0.742076643856814
3.4752888783787	-3.10155629831909	-0.0405630181786548	-0.0311136807181415	-1.56710595254851	0.637357337682053	0.597127369759028
3.4852888783787	-3.11553170697084	-0.0349007300053398	-0.0257443503987507	-1.23040178257496	0.500801048950041	0.48054425068689
3.4952888783787	-3.12620614857436	-0.0304507955891035	-0.0214200143316124	-0.906384694087326	0.393630138631905	0.387386552745665
3.5052888783787	-3.13369254256913	-0.0269514826592307	-0.0179352474015989	-0.592354536226673	0.309597231378666	0.312368635303025
3.5152888783787	-3.13807942367252	-0.0241981315586939	-0.0151258514069456	-0.286163232653557	0.243690349576193	0.25180887637243
3.5252888783787	-3.13943625548892	-0.0220305046296904	-0.012860233483189	0.013886284074316	0.191944283755293	0.202979035115987
3.5352888783787	-3.13781757488492	-0.0203229621693369	-0.0110327888964988	0.309131151629232	0.151232405845007	0.163811831440224
3.5452888783787	-3.13326621164237	-0.0189770012663534	-0.00955817687569513	0.600583330598622	0.119238931845176	0.132263333329584
3.5552888783787	-3.12581593744988	-0.0179151235138038	-0.00836781702503034	0.88903189748804	0.0941316115688568	0.106778017586964
3.5652888783787	-3.11549356801846	-0.0170762120632327	-0.00740660190757425	1.17508618645568	0.0744451895740593	0.0862197733927529
3.5752888783787	-3.10232068458923	-0.0164119669205214	-0.00663013138445909	1.45919806006399	0.0590296817969504	0.069696015050672
3.5852888783787	-3.08631507685588	-0.0158841504683319	-0.00600240305776011	1.74167074723548	0.0470382281728107	0.0563321098421535
3.59447919721304	-3.06912059081451	-0.0154930930767442	-0.00553175825832646	2.00000000000001	0.0384246570279809	0.0463704850987969
