=========================== Parameters =====================================
l1 [m]	l2 [m]	l3 [m]	c1 [m]	c2 [m]	c3 [m]	m1 [kg]	m2 [kg]	m3 [kg]
0.22	0.22	0.2458	0.132	0.154	0.02458	0.1564	0.23764	0.1564
============================== Data ========================================
t [s]	th1 [rad]	th2 [rad]	th3 [rad]	th1d [rad/s]	th2d [rad/s]	th3d [rad/s]
0	0	0	0	0	0	0
0.01	-0.00179494060609199	0.00118563588895356	0.00026572769386326	-0.32013315053173	0.153335508808589	0.0457068752357477
0.02	-0.0061980036860245	0.0026376851790461	0.000715944346835949	-0.558683581461598	0.133358272022544	0.0419795533965365
0.03	-0.0129634754607123	0.00384249032048178	0.00109500201908622	-0.7946776872689	0.108177348495886	0.0339508972556559
0.04	-0.0220982611587608	0.00481560037029489	0.00139934719191164	-1.03261612332278	0.0871704153622425	0.0271404105254513
0.05	-0.0336217798229006	0.00559888328067707	0.00164252138850857	-1.27235833029584	0.0700846357856592	0.0216858455862489
0.06	-0.0475501567726504	0.00622799048424852	0.00183659377313792	-1.51352031360689	0.0562118888472549	0.0172923565680601
0.07	-0.0638956759735236	0.00673168880475134	0.00199119732643032	-1.75572674232082	0.044904656610812	0.013764478458929
0.08	-0.0826670672415277	0.00713298904840208	0.00211402601842903	-1.99863994813413	0.0356562226546853	0.0109089887683405
0.09	-0.103869740317357	0.00745027014693129	0.00221114680719134	-2.24192984897635	0.0280400348207828	0.00859845969714849
0.1	-0.127505849943816	0.00769812714371346	0.00228736601788884	-2.48527343437357	0.0217229245503094	0.00670742048565888
0.11	-0.153574260126205	0.00788810520413939	0.00234643368066328	-2.72833321671551	0.0164243267420598	0.00515177089319861
0.12	-0.182070385700137	0.00802925374088231	0.00239127275111401	-2.97075441499198	0.0119214747643227	0.00385381947914736
0.13	-0.212985953049653	0.00812859397655961	0.00242413091747472	-3.21215477899881	0.00803489626431295	0.00274713722161445
0.14	-0.246308685686478	0.00819150178945509	0.00244669704011462	-3.45211487886539	0.00461371581851853	0.00178622316724115
0.15	-0.282021921433992	0.00822200838817058	0.00246021690714767	-3.69017505791638	0.00153620558624935	0.00093246943824953
0.16	-0.32010418071908	0.0082230515262876	0.00246557986471425	-3.92583149156994	-0.00129369789661767	0.000150187432691575
0.17	-0.360528699072087	0.00819669104482107	0.00246337840343747	-4.15853065507142	-0.00395588993028036	-0.000584905540601464
0.18	-0.403262929206822	0.00814428059914394	0.00245397172089323	-4.38766883183319	-0.00651328524847394	-0.00129335836621203
0.19	-0.448268030746247	0.00806661582493915	0.00243753478047008	-4.61259171086269	-0.00901343677882954	-0.0019941086959526
0.2	-0.495498362340378	0.00796406771199039	0.0024140900188501	-4.83259296354276	-0.011495691015326	-0.00269597733219906
0.205741046443019	-0.523598775598308	0.00789397950942241	0.0023974366351276	-4.95638302013373	-0.0129221214167493	-0.00310545968378536
0.215741046443019	-0.585289600867986	0.0284142399199832	0.0457947619904892	-7.72871363101629	5.07646096389118	6.03969131330721
0.225741046443019	-0.668642065636825	0.0900536184681367	0.105947824609215	-8.4229203336637	6.14298605144357	5.74012466937408
0.235741046443019	-0.751140711455556	0.145794335030873	0.15817498526586	-8.06689639663504	4.98440911578995	4.70558880818638
0.245741046443019	-0.83018861198051	0.190193199227821	0.200534561032258	-7.75903662001715	3.93133133653993	3.79390062429091
0.255741046443019	-0.906615935792351	0.225078989025458	0.234659106891101	-7.54029368879995	3.07792099110934	3.05528228280344
0.265741046443019	-0.98122954822072	0.252312211095193	0.262116298705618	-7.39282256887257	2.39450419847966	2.45633341869784
0.275741046443019	-1.05464619891954	0.273418214647215	0.284182057931701	-7.29833171807309	1.84788505379909	1.97255912615956
0.285741046443019	-1.12732315448754	0.289633838229599	0.301891160721851	-7.24254871084996	1.41195966991975	1.58313546242382
0.295741046443019	-1.19959103065607	0.301963436347111	0.316086137680419	-7.21473612932794	1.06729518807408	1.26769883144823
0.305741046443019	-1.27168038777892	0.311226303336622	0.327445631212849	-7.20549909402165	0.796089205634682	1.01384300360731
0.310920048940618	-1.30899693899575	0.315042335265733	0.332401362995672	-7.2056448655526	0.680108454475928	0.901970593847441
0.320920048940618	-1.36979539317586	0.299579139651693	0.298521583659291	-4.68021473821341	-4.50983902696007	-5.33820151385812
0.330920048940618	-1.41128654068412	0.242837390219302	0.244541221017244	-4.0835632976022	-5.83887997660758	-5.2001704262507
0.340920048940618	-1.45468067034221	0.189583925190394	0.197010141701995	-4.62466233441905	-4.75127447039535	-4.29231705244961
0.350920048940618	-1.50364971864187	0.147528086572921	0.158441445977636	-5.15088674244362	-3.69682425538336	-3.45121800301299
0.360920048940618	-1.55729633947309	0.114848511752606	0.127464557363316	-5.56008883923755	-2.87405482819751	-2.77170256411284
0.370920048940618	-1.61450608846051	0.0894008096018567	0.102575578122002	-5.86701773394677	-2.24184472699664	-2.22840113266949
0.380920048940618	-1.6743571619627	0.0695230632685599	0.0825532033380239	-6.09104306368766	-1.75380165561258	-1.79344517023958
0.390920048940618	-1.73609882403014	0.053954874625441	0.0664289651465127	-6.24731801712978	-1.37499854323555	-1.4456100794862
0.400920048940618	-1.79911160273061	0.0417329996547184	0.0534290155159215	-6.34675903245464	-1.08135213780289	-1.1652080408949
0.406181349784483	-1.83259571459405	0.0363866143093463	0.0476314232738689	-6.37965803025738	-0.953644474288661	-1.04130598388757
0.416181349784483	-1.8847554639096	0.0054564188917035	-0.00320723300454228	-3.78830261599022	-6.00292867528031	-6.50257313522642
0.426181349784483	-1.92004484649212	-0.0594553868970942	-0.0672291220606974	-3.62346717172687	-6.23464642053503	-6.00653003258767
0.436181349784483	-1.95895621473398	-0.115587913714777	-0.121674342679044	-4.15429365339361	-4.99818490291315	-4.89315954240425
0.446181349784483	-2.0027613551537	-0.16009524357402	-0.165721518141364	-4.58399886575166	-3.9455307973398	-3.94709527196338
0.456181349784483	-2.05021899987731	-0.195251192865411	-0.201244869693042	-4.8881578248716	-3.12008761821587	-3.18450191332795
0.466181349784483	-2.1001780881743	-0.223096726416362	-0.229914257512679	-5.08783751473173	-2.47600575568064	-2.57073184567549
0.476181349784483	-2.15169536289155	-0.245235353013961	-0.253070671219142	-5.20304717952499	-1.97202756751422	-2.07933826248456
0.486181349784483	-2.20400414298222	-0.262916942458509	-0.271797506803145	-5.24850598000472	-1.58008068278931	-1.68135938789201
0.496181349784483	-2.25647772854391	-0.277125383796144	-0.286955427876934	-5.23785373523436	-1.27407337548046	-1.36234574601819
0.506181349784483	-2.30860668631734	-0.288628309605501	-0.299242367825737	-5.18114388874959	-1.03622327690644	-1.10483406417414
0.516181349784483	-2.35997593974649	-0.298026719421884	-0.309216612879932	-5.08709858044764	-0.851236966964085	-0.897397934926451
0.526181349784483	-2.4102483159201	-0.305788180588433	-0.317327614840051	-4.96273943836174	-0.70731142062112	-0.73023798995631
0.536181349784483	-2.45915003784149	-0.312275672919412	-0.323935699569471	-4.81394702300691	-0.594766363604617	-0.596325341357186
0.546181349784483	-2.50645969228452	-0.317768303763126	-0.329333191199275	-4.64508307134536	-0.507123098271004	-0.487497196203902
0.556181349784483	-2.55199761872233	-0.322481878223296	-0.333752410822054	-4.46011241420292	-0.438277585959532	-0.399557824147379
0.566181349784483	-2.59561875637433	-0.326581368053947	-0.33738084240224	-4.26213572278594	-0.383801887637455	-0.328403089252866
0.571499202152641	-2.61799387799149	-0.32855605827053	-0.339040940285425	-4.1525095029268	-0.359305616739273	-0.296620561122526
0.581499202152641	-2.66648054205929	-0.317457012628537	-0.299741193659099	-5.85022143630257	3.4539060535675	5.42228509276946
0.591499202152641	-2.73148535834608	-0.26574018493722	-0.247287120436356	-6.58647026344594	5.66073985190324	5.0849688224317
0.601499202152641	-2.79400139840724	-0.213258572685628	-0.200484130025955	-5.87279035497237	4.74004205335649	4.24190634355915
0.611499202152641	-2.84892104188203	-0.171039730498602	-0.162248634837333	-5.12757976042586	3.73622236838215	3.42700574224409
0.621499202152641	-2.8969087864684	-0.13782308518527	-0.131437427551186	-4.48722697231343	2.94208171146535	2.75721278312904
0.631499202152641	-2.93895267230535	-0.111623033829237	-0.106627322965236	-3.93468774483641	2.32466497187426	2.22285244001399
0.641499202152641	-2.97582481143294	-0.0908798214424244	-0.0866281457145646	-3.4494217920625	1.84362133552177	1.79253032295118
0.651499202152641	-3.0081097085542	-0.0744086130915923	-0.0704943734493699	-3.01537946424604	1.46672049563973	1.44480099321578
0.661499202152641	-3.03625565622897	-0.0612983261636352	-0.057475860942485	-2.61980094345095	1.1676441682498	1.16776378751418
0.671499202152641	-3.0606078379979	-0.0508478015377691	-0.0469619289092956	-2.255292045027	0.932011037322727	0.942306820665341
0.681499202152641	-3.08143800734858	-0.0425041662552398	-0.0384709348285165	-1.91436128840957	0.744109686182557	0.76197133850223
0.691499202152641	-3.09895871017447	-0.0358360750971887	-0.0316096589376771	-1.59252413629563	0.595049565017215	0.615712111956485
0.701499202152641	-3.11333864952836	-0.0305014185083037	-0.0260645848136067	-1.28561998577289	0.476214077870496	0.497770465980797
0.711499202152641	-3.12471143937511	-0.0262299199898905	-0.0215821480365131	-0.990595423922325	0.381378738046657	0.402572739061471
0.721499202152641	-3.13318324858326	-0.0228073216533411	-0.0179575822704469	-0.705117810481203	0.305837290909791	0.32530649728525
0.731499202152641	-3.13883891912815	-0.0200625775335735	-0.0150269876170517	-0.427051624949581	0.245152613826803	0.263392217449603
0.741499202152641	-3.14174565443869	-0.0178605824239973	-0.0126561253396336	-0.155142871145683	0.196928298358024	0.21276370053717
0.751499202152641	-3.14195750922394	-0.0160924763682752	-0.010738594196338	0.112050578251484	0.158149178710732	0.172142637243562
0.761499202152641	-3.13951734957528	-0.0146720389417319	-0.00918715034798616	0.375382233067837	0.127159806293512	0.139177558600789
0.771499202152641	-3.13445960773591	-0.0135298951794943	-0.00793202011238691	0.635689120622682	0.102239008802161	0.112698630361699
0.781499202152641	-3.12681176593531	-0.0126108026869192	-0.0069161898155347	0.893491226740666	0.0823655875389163	0.0911424235422433
0.791499202152641	-3.11659615040172	-0.0118700908756308	-0.00609413389334355	1.14931966603194	0.0663967294182453	0.0738373790808277
0.801499202152641	-3.10383092834215	-0.0112720790681434	-0.00542856562778272	1.40347557078945	0.0536760968750908	0.0597892010318252
0.811499202152641	-3.08853135879892	-0.0107878579901854	-0.00488953387185929	1.65622383325262	0.0435446055640811	0.0484400981367615
0.821499202152641	-3.07071065498195	-0.0103940747763027	-0.00445270894718941	1.90772485408683	0.0355087418643446	0.0392840268078874
0.825179846485552	-3.06351915994282	-0.0102680147375025	-0.00431362478526049	2.00000000000018	0.0329919757014175	0.036392831292818
0.835179846485552	-3.0422687437103	-0.00996799767216008	-0.00398534585423436	2.24989408670867	0.0272402588658289	0.0295265124852542
0.845179846485552	-3.01852516395335	-0.00971900224547118	-0.00371843009378046	2.49862045770864	0.0227518336716076	0.0240629297573279
0.855179846485552	-2.99230062277781	-0.00950927299106526	-0.00350066531943258	2.74606292824751	0.0193591970909959	0.0196490146368615
0.865179846485552	-2.9636086281937	-0.00932898490611838	-0.00332223883233988	2.99207707716773	0.0168411131674021	0.0161580759102279
0.875179846485552	-2.93246460623008	-0.0091699852427629	-0.00317502159349904	3.23642720148175	0.0150745036385439	0.0133935269636703
0.885179846485552	-2.89888660011556	-0.00902538229527579	-0.00305236382404967	3.47881940912903	0.0139447568712924	0.0112269215090359
0.895179846485552	-2.86289592660214	-0.00888930157497531	-0.00294878617593984	3.71889532337295	0.01335604023715	0.00956298169996162
0.905179846485552	-2.82451783210275	-0.00875669194811667	-0.00285973161253611	3.95622776713723	0.0132380148556714	0.00831269445786823
0.915179846485552	-2.78378215222046	-0.00862315717632341	-0.00278140562530346	4.19032585558433	0.0135303338524911	0.00741026414836068
0.925179846485552	-2.74072395576699	-0.00848484305251919	-0.00271061724679912	4.42063292378957	0.0141872941825147	0.00679547432532921
0.935179846485552	-2.69538418141617	-0.00833833709187348	-0.00264468096745956	4.64653237280733	0.0151650076274304	0.00642846546107883
0.945179846485552	-2.64781024420284	-0.00818061162619937	-0.00258131285550605	4.86734737631885	0.0164267868722424	0.00627418651349608
0.955179846485552	-2.59805661289749	-0.00800897806412384	-0.00251856225409618	5.08234534893039	0.0179397352317975	0.00630334282699649
0.965179846485552	-2.54618534097791	-0.00782106241247781	-0.00245475203123804	5.29074185838062	0.0196762022610888	0.00648579771297538
0.975179846485552	-2.49226654332491	-0.00761478597400533	-0.00238844565221689	5.4917090486163	0.0216076181129652	0.00679809563084086
0.985179846485552	-2.43637879949307	-0.00738836134555917	-0.00231841675238837	5.68438353732177	0.0237034971439154	0.00722268801721473
0.995179846485552	-2.37860947088331	-0.00714029684797814	-0.00224362589051338	5.86787541016223	0.0259315682356838	0.00774578920060521
1.00517984648555	-2.31905491675923	-0.00686940884428266	-0.00216319969143549	6.04127754787566	0.0282608312563382	0.00835072339265804
1.01517984648555	-2.25782059817832	-0.00657483301337656	-0.00207642196695933	6.203677781107	0.0306610006692056	0.00901814626445064
1.02517984648555	-2.19502105730413	-0.00625603322053793	-0.00198273399858436	6.35417338993071	0.0330991099002664	0.00973169920234469
1.03517984648555	-2.13077975891345	-0.00591281352314705	-0.00188173025346677	6.49188480001373	0.0355405627298649	0.0104763205871058
1.04517984648555	-2.06522878870015	-0.00554532643061877	-0.00177315712119062	6.61597019672285	0.037949516690258	0.0112381106053376
1.05517984648555	-1.99850840373909	-0.0051540772839313	-0.00165691145519126	6.72564017990948	0.0402898571434996	0.0120034902092801
1.06517984648555	-1.93076643524188	-0.0047399227591704	-0.00153303940464208	6.82017237232362	0.0425259118122992	0.0127590663916262
1.07517984648555	-1.86215754724373	-0.00430406383050305	-0.00140173278293635	6.8989250797107	0.0446240187259084	0.0134901761383061
1.08517984648555	-1.79284236056213	-0.00384803095912067	-0.00126332539573107	6.96135024546218	0.0465531490292588	0.0141812042370411
1.09517984648555	-1.72298645532912	-0.00337366109814116	-0.00111828938315903	7.00700537377256	0.0482842427923613	0.014818203485088
1.10517984648555	-1.65275926840079	-0.00288306977841905	-0.000967225985900388	7.03556280390022	0.0497912532487348	0.0153884491371756
1.11517984648555	-1.58233290787906	-0.00237861666709693	-0.000810854394487138	7.04681684803049	0.0510516855372516	0.0158807681232624
1.12517984648555	-1.5118809090463	-0.0018628660542272	-0.000649997636673842	7.04068827260484	0.0520472190332875	0.0162855345162739
1.13517984648555	-1.44157695870193	-0.00133854294498862	-0.000485566412028067	7.01722610293386	0.0527639924864776	0.0165950283092519
1.14517984648555	-1.37159361582738	-0.000808486415044441	-0.00031854047303362	6.97660650778838	0.0531929717646178	0.0168033762256572
1.15517984648555	-1.30210105700166	-0.000275601113779722	-0.000149948807472178	6.91912897932903	0.0533299564102185	0.0169068403959278
1.16517984648555	-1.23326587370029	0.000257191376068094	1.91514368777773e-05	6.84520981272469	0.053175596969713	0.0169037930156349
1.17517984648555	-1.16524994678891	0.000787000187873182	0.00018769638462154	6.75537319919806	0.052735277879046	0.0167946358796553
1.18517984648555	-1.0982094205489	0.00131101079733859	0.000354636214475398	6.65024034311363	0.0520186957973523	0.0165820004309406
1.19517984648555	-1.03229379454138	0.00182652697214168	0.000518955769982586	6.53051675924413	0.0510397754504582	0.016270101803407
1.20517984648555	-0.96764514803871	0.002331009334137	0.000679692213248757	6.39697868198745	0.0498157173087895	0.0158654508339629
1.21517984648555	-0.904397505935968	0.00282210786455487	0.00083595283447182	6.25045824373491	0.0483672321089004	0.0153752873923485
1.22517984648555	-0.842676352353317	0.00329769078011981	0.000986927231704829	6.09182908144011	0.046716956678023	0.0148091572092803
1.23517984648555	-0.782598290918038	0.00375586544103815	0.00113190092428457	5.92199116040778	0.0448902116606095	0.0141762423544108
1.24517984648555	-0.724270850257611	0.00419499638591494	0.00127026071114794	5.7418573348923	0.0429127468335393	0.0134880526471414
1.25517984648555	-0.667792424973483	0.00461371397643518	0.00140150364726409	5.55233930750368	0.0408122151610719	0.0127544850783103
1.26517984648555	-0.613252345145324	0.005010921857056	0.00152523516652224	5.35433651566466	0.0386151682895328	0.0119879260490878
1.27517984648555	-0.560731058101697	0.00538579387359822	0.00164117398493106	5.14872421773706	0.0363494705492708	0.011197789232653
1.28517984648555	-0.510300412960024	0.00573777237592285	0.00174914334551707	4.93634556847928	0.0340404007110963	0.0103963889374095
1.29517984648555	-0.462024027530059	0.0060665548327146	0.00184907312441638	4.71800227632872	0.0317142274837834	0.00959167801146329
1.30517984648555	-0.415957728474593	0.00637208509098985	0.00194098527304655	4.49445018316559	0.0293933250737449	0.00879508848661881
1.31517984648555	-0.372150042334962	0.00665453185219368	0.00202499431053604	4.26639255343324	0.0271008739920231	0.00801263826048548
1.32517984648555	-0.330642730785801	0.00691427491046122	0.0021012893269442	4.03447884222893	0.0248554268006723	0.00725388935030871
1.33517984648555	-0.291471347986555	0.00715187874612122	0.00217013217350133	3.79930073327191	0.0226756634230869	0.00652348430356962
1.34517984648555	-0.25466581560138	0.00736807388017339	0.00223184242880827	3.56139265533231	0.0205769983737629	0.00582633834412558
1.35517984648555	-0.220250997968526	0.00756373150765287	0.00228678604361453	3.32123177902664	0.01857203419157	0.00516785766959569
1.36517984648555	-0.188247272578855	0.00773984263855973	0.00233536790480458	3.07923942912684	0.0166700825682271	0.00455261959953873
1.37517984648555	-0.158671080811805	0.00789748832775257	0.00237802082928384	2.83578199890245	0.0148794498509926	0.00398347476896399
1.38517984648555	-0.131535460510469	0.00803781938514557	0.00241520060572132	2.59117360454049	0.0132074999956119	0.00345896231947873
1.39517984648555	-0.106850549743188	0.00816203682665458	0.00244736740139824	2.34568093803929	0.0116561793530268	0.00298260655727085
1.40517984648555	-0.0846240539484994	0.00827136368445959	0.00247498948936574	2.09952412064749	0.0102287726700139	0.00255115935527992
1.41517984648555	-0.0648616812364456	0.00836702987273184	0.0024985271341563	1.85288259168989	0.00892480803324904	0.00216377717031812
1.42517984648555	-0.0475675362098872	0.00845025304375146	0.00251842601613056	1.60589916645085	0.00774016106524022	0.00182219240757643
1.43517984648555	-0.0327444707062632	0.00852221653946734	0.0025351189911902	1.35868253458166	0.00667151919750953	0.0015231931087834
1.44517984648555	-0.0203943945422146	0.00858405582143725	0.00254901654101623	1.11131265029459	0.00571387638317218	0.0012633564963522
1.45517984648555	-0.0105185415469095	0.00863684401023877	0.00256050193268932	0.863845269459391	0.00486036662356727	0.00103966998313067
1.46517984648555	-0.00311769123637322	0.00868157894456554	0.00256992692805554	0.616316559125175	0.00410203431736978	0.000850232535606232
1.47517984648555	0.00180765507980118	0.00871916962747975	0.00257761142898549	0.368746950312443	0.00342956920489978	0.000691500072156594
1.48517984648555	0.00425714240098286	0.00875042590634836	0.00258384033600603	0.121145762373734	0.00283313149121702	0.000558865776185232
1.49517984648555	0.00423047495279927	0.00877605005781553	0.00258885970319248	-0.126483903788059	0.00230151210148823	0.000448387104641722
1.50517984648555	0.00172737460521106	0.00879662862226555	0.00259287483569356	-0.37414063181201	0.00182219914770796	0.00035690073488795
1.51517984648555	-0.00325241512103742	0.00881262428666168	0.00259605051018331	-0.621820570227481	0.00138248749070169	0.000280286624979505
1.52517984648555	-0.0107090802207043	0.00882436974172494	0.00259850986046381	-0.869512943515521	0.000969661914202995	0.000213352224910765
1.53517984648555	-0.020642642557385	0.00883206356829319	0.00260033173454235	-1.11719516096496	0.000570169193963811	0.000151494848813215
1.54517984648555	-0.0330528208161481	0.00883576664470334	0.00260154916989522	-1.36482813405854	0.000169307967050049	9.14378950554256e-05
1.55517984648555	-0.047938845513628	0.00883539756190703	0.00260215152996337	-1.61235241103418	-0.000247055431596628	2.84219497569279e-05
1.56517984648555	-0.0652992297555896	0.00883073084240493	0.00260208387374547	-1.85968366520645	-0.000692459953778311	-4.36045287542051e-05
1.57517984648555	-0.0851314964890262	0.008821398939022	0.00260124226782869	-2.1067072376288	-0.00118231483010038	-0.000127426895874936
1.58517984648555	-0.107431859542372	0.00880688970869135	0.002599479308929	-2.3532750766986	-0.00173053898553263	-0.000228184148730865
1.59517984648555	-0.132194863601457	0.0087865497668591	0.00259660241056475	-2.59920107977608	-0.00235052336551418	-0.000351337649663523
1.60517984648555	-0.15941298329141	0.00875959043066973	0.00259237128644798	-2.84425631981572	-0.00305681762336692	-0.000499407815290531
1.61517984648555	-0.1890761806784	0.00872508936078568	0.00258650598931894	-3.08816693175127	-0.00386076085894316	-0.000679143447649507
1.62517984648555	-0.221171430629662	0.00868200427518168	0.00257867936617803	-3.33060853476077	-0.00477562488860615	-0.000892142428993232
1.63517984648555	-0.255682209278644	0.0086291775935321	0.00256852885507335	-3.57120552387217	-0.00581061006269869	-0.00114474190429014
1.64517984648555	-0.292587959899952	0.00856535562751115	0.00255564980727733	-3.80952635497487	-0.00697623391093784	-0.00143814839350917
1.65517984648555	-0.331863532676714	0.00848919876542038	0.00253960866603433	-4.04508403769708	-0.0082783199681387	-0.00177820806814114
1.66517984648555	-0.373478615666151	0.00839930754376875	0.00251993649818353	-4.27733251971705	-0.00972427606434772	-0.00216395076450598
1.67517984648555	-0.4173971541458	0.00829423617959099	0.00249614865077048	-4.50566998501754	-0.0113143823847766	-0.00260202594248451
1.68517984648555	-0.463576782110146	0.00817252759466048	0.00246773547355227	-4.72943612793336	-0.0130508940084195	-0.00309026981011973
1.69517984648555	-0.511968263475247	0.00803273532826431	0.00243418049537438	-4.9479168257016	-0.0149316267265171	-0.00362829428318011
1.69751854459561	-0.52359877559837	0.00799727952638094	0.00242553767356875	-4.99816958797504	-0.015390468186723	-0.00376344889642032
1.70751854459561	-0.585706947236603	0.0284928290106434	0.0458028843079386	-7.77044691294687	5.07387971488658	6.03922820054492
1.71751854459561	-0.669478595817401	0.0901100241946705	0.105955184202358	-8.46500129049284	6.14114549445938	5.73950844194635
1.72751854459561	-0.752395241341889	0.145825867044119	0.158179846674427	-8.10822392725072	4.98079480881529	4.70676658394696
1.73751854459561	-0.83185822115268	0.190194323869296	0.200535717890641	-7.79983356143013	3.92662083183276	3.79641214027386
1.74751854459561	-0.908697325181454	0.225045033193889	0.234659199803475	-7.58125762464652	3.07413557359345	3.05555128038917
1.75751854459561	-0.983720312217887	0.252243432161352	0.262112139800565	-7.4334383858639	2.39061456012347	2.45674741376945
1.76751854459561	-1.05754260266758	0.273314523666599	0.284174506614447	-7.33874053963134	1.84458097107831	1.9719525414802
1.77751854459561	-1.13062094294751	0.289497123335791	0.301879677375952	-7.2825878615177	1.4091613524465	1.5819006226143
1.78751854459561	-1.20328514376701	0.301796939919395	0.316069447105639	-7.25408409001164	1.06451356740191	1.26709354075088
1.79751854459561	-1.27576431161161	0.311032962963384	0.327424742089481	-7.24416973924662	0.793707234309967	1.01316806618757
1.80210629175756	-1.30899693899575	0.314432168169335	0.331841663020566	-7.24382761370216	0.690415025256855	0.913402607548616
1.81210629175756	-1.37014484582632	0.299003148432253	0.298072027535015	-4.71199492254194	-4.51312250510864	-5.32657842057046
1.82210629175756	-1.41198721456092	0.242307715646968	0.244163780852298	-4.12009280428916	-5.83083964546259	-5.19368723006061
1.83210629175756	-1.45574569793946	0.189135619524477	0.196697272487116	-4.66049852367864	-4.74420736651007	-4.28474768021884
1.84210629175756	-1.5050711159601	0.14715118360414	0.158186090403333	-5.18601768573713	-3.69036024076832	-3.44585222131993
1.85210629175756	-1.55906491350034	0.114532385504297	0.127254847029254	-5.5941665675134	-2.86891263574903	-2.766833434359
1.86210629175756	-1.61661212431527	0.0891350788104666	0.102403926124287	-5.90025775528323	-2.23732344383508	-2.22482073003503
1.87210629175756	-1.67679120143905	0.0692995759418478	0.0824123887967263	-6.12338643364638	-1.74989162370275	-1.79076688379827
1.88210629175756	-1.73885127846793	0.053766732745504	0.0663130315526657	-6.27868950275831	-1.37173380703566	-1.44345351804211
1.89210629175756	-1.80217262902249	0.0415741789265953	0.0533333280336951	-6.37714227161047	-1.07862764182032	-1.16349807027893
1.89686518459487	-1.83259571459405	0.0367223556720473	0.0480691382220078	-6.40680423280198	-0.963019512308234	-1.05030806338153
1.90686518459487	-1.88501011649517	0.00565920347636169	-0.00281875893252704	-3.81387569237624	-6.01580071469573	-6.50875571925668
1.91686518459487	-1.92059923196991	-0.0592858035627765	-0.0668882130127462	-3.655061106659	-6.23452614313036	-6.00893783082806
1.92686518459487	-1.95983099784069	-0.115406564563701	-0.12135488678664	-4.18672316712981	-4.99600247355511	-4.89584198817734
1.93686518459487	-2.00395891278106	-0.159894704444475	-0.165418300214707	-4.6163593836212	-3.94324321763867	-3.94900658092761
1.94686518459487	-2.05173830730037	-0.195030250945093	-0.200954128870455	-4.92022782077016	-3.11805808901444	-3.18561846311922
1.95686518459487	-2.10201632714208	-0.222856830610188	-0.22963213201925	-5.11969593132086	-2.47385147164301	-2.57218250141664
1.96686518459487	-2.15384906874549	-0.244977891246324	-0.252796466387084	-5.23435599495902	-1.97045479414916	-2.07993395703403
1.97686518459487	-2.20646855665671	-0.262645151356177	-0.271528623478993	-5.27940268019596	-1.57860244291105	-1.68223600852423
1.98686518459487	-2.25924796530062	-0.276841623897603	-0.286692075897481	-5.26807834897077	-1.27325478712007	-1.36236935265901
1.99686518459487	-2.31167706439744	-0.28833607805626	-0.298982707431687	-5.21085385608707	-1.0355791967648	-1.10504789010102
2.00686518459487	-2.36334083572381	-0.297728710051012	-0.308960441084585	-5.11622502497794	-0.850893124164049	-0.897508081961004
2.01686518459487	-2.41390188819112	-0.305487249082167	-0.317074013726418	-4.99136514875792	-0.70702383247261	-0.730739303473685
2.02686518459487	-2.46308667732543	-0.311973893411302	-0.323684952899356	-4.84198927459981	-0.594742946245752	-0.596699951722043
2.03686518459487	-2.5106738283014	-0.317467677007413	-0.329085142994813	-4.67254861359654	-0.507358501720619	-0.48769269712783
2.04686518459487	-2.5564838589613	-0.322184147797731	-0.333506851513174	-4.48702978697215	-0.438726563044196	-0.399611727004802
2.05686518459487	-2.60037189204004	-0.326288164551043	-0.337137202950399	-4.28859752914719	-0.384266393930893	-0.328705884713439
2.06101546038662	-2.61799387799153	-0.327842302793812	-0.338448512830647	-4.20302404635139	-0.365095676163493	-0.30326859171809
2.07101546038662	-2.66702672663159	-0.316709274032527	-0.299255090559093	-5.9086945422519	3.46592058701237	5.41092889758087
2.08101546038662	-2.73255623139395	-0.265002477032818	-0.246867020378661	-6.63474701608361	5.65108490953822	5.07756361805867
2.09101546038662	-2.79554582150679	-0.212633905509016	-0.200136235690778	-5.92005831689408	4.72893125257179	4.23410478494689
2.10101546038662	-2.850938997029	-0.170522444467293	-0.161965981036063	-5.17527649865595	3.72647053317628	3.4207838224034
2.11101546038662	-2.89940625096239	-0.137396100056907	-0.131209325255174	-4.5352499842104	2.93330495692882	2.75329090641321
2.12101546038662	-2.94193452472138	-0.111272633592767	-0.106441528108633	-3.98343727637103	2.31785621236316	2.21871259296888
2.13101546038662	-2.97929580860111	-0.0905927333118225	-0.0864778726916245	-3.49854585346358	1.8378789265005	1.78927822808419
2.14101546038662	-3.01207388198672	-0.0741735016060911	-0.0703743455208304	-3.06452168045865	1.46113465476403	1.44361504756614
2.15101546038662	-3.04071535368978	-0.0611082336459307	-0.0573770694147895	-2.66971216660747	1.16409355434848	1.16488573674958
2.16101546038662	-3.06556652498128	-0.0506931265201538	-0.0468836123128983	-2.30512040524282	0.92832763305101	0.941307312175104
2.17101546038662	-3.08689740659247	-0.0423799262218687	-0.0384069882135887	-1.96463455236147	0.741598741635185	0.760247759688287
2.18101546038662	-3.10492110636358	-0.0357361353873332	-0.0315585330820261	-1.64290319130491	0.592828967685546	0.614607096605502
2.19101546038662	-3.11980568685548	-0.0304215448875458	-0.0260234672737015	-1.33617767502385	0.474438022535202	0.49681443044064
2.20101546038662	-3.13168467668947	-0.0261663841371605	-0.0215491245388406	-1.04130690699311	0.379956128944718	0.401762180636023
2.21101546038662	-3.14066411853578	-0.0227569854118426	-0.0179312131308427	-0.755936851258775	0.304626156380252	0.324753845883635
2.22101546038662	-3.14682859167476	-0.0200231947510244	-0.0150055338984723	-0.478069449680929	0.244362493578728	0.262607548011518
2.23101546038662	-3.15024549168087	-0.0178295873281528	-0.0126394995619165	-0.206133019036547	0.195976765180459	0.212681396772045
2.24101546038662	-3.15096832233206	-0.0160687634528535	-0.0107250279244697	0.0608889382052232	0.157535729576127	0.171792855549733
2.25101546038662	-3.14904013234843	-0.0146539999078453	-0.00917653442600922	0.324190489233456	0.126539425512868	0.139102263473919
2.26101546038662	-3.14449494258317	-0.0135167733466697	-0.00792337805825471	0.584384789654986	0.101845648944275	0.112423877971596
2.27101546038662	-3.13736018585945	-0.0126016153649103	-0.00690948785737611	0.842184988504211	0.0819648036301921	0.0910344163365309
2.28101546038662	-3.12765776267779	-0.011864385510605	-0.00608885377195358	1.09799754207836	0.0660882624083956	0.0736774398672377
2.29101546038662	-3.11540553742226	-0.0112694077661607	-0.00542456520638241	1.35219893144044	0.0533928449260618	0.0596610230520556
2.30101546038662	-3.1006182925904	-0.0107879742855175	-0.00488663881652963	1.60504091876548	0.0432777801371829	0.0483294309911405
2.31101546038662	-3.08330869014328	-0.0103968572047752	-0.00445079820233261	1.8566937222322	0.035252468186976	0.0391759787109478
2.31672982964888	-3.07228923859017	-0.010206504348338	-0.00423983071144909	2	0.031454742412506	0.0347560710145507
2.32672982964888	-3.05103864874014	-0.0099205829073702	-0.00392608437077408	2.24994099123168	0.0259498038327001	0.0282421804467904
2.33672982964888	-3.0272941421663	-0.00968325084371077	-0.00367094714000166	2.4987738023841	0.0216959279862685	0.0229918563708416
2.34672982964888	-3.00106717616887	-0.00948320028916508	-0.00346285780134322	2.74641100667548	0.0184634341151298	0.0187940793693504
2.35672982964888	-2.97237046570264	-0.00931107207329518	-0.00329233635394316	2.99268855530487	0.0160909049301248	0.0154414657070136
2.36672982964888	-2.94121866692954	-0.00915901713803085	-0.0031516446993939	3.23738330251395	0.0144339500687488	0.0127959038780792
2.37672982964888	-2.90762902815029	-0.00902040903408589	-0.00303440641145133	3.48020251539836	0.0133849766254772	0.0107333916784139
2.38672982964888	-2.87162205184976	-0.00888959073247107	-0.00293534736988127	3.72078600838474	0.0128620655293164	0.00914725371529553
2.39672982964888	-2.83322215847621	-0.00876166876316218	-0.00285010104631904	3.9587110380359	0.0127921281557828	0.00796466306854127
2.40672982964888	-2.79245833556441	-0.00863238161860507	-0.00277500325329008	4.1934853634954	0.0131254683690211	0.0071100604362272
2.41672982964888	-2.74936479552776	-0.00849796563676646	-0.00270698868178053	4.42455615189291	0.013812507642712	0.00653733142409511
2.42672982964888	-2.70398160709148	-0.00835508407511896	-0.00264345735908131	4.65130621356884	0.0148147989934916	0.00620312363512316
2.43672982964888	-2.65635531384884	-0.00820075945231166	-0.00258220047295437	4.87305946306753	0.0160956513353113	0.00607738388209225
2.44672982964888	-2.60653951534317	-0.00803234092400428	-0.0025213192251133	5.089081475952	0.0176262528621255	0.0061277671490599
2.45672982964888	-2.55459540999902	-0.00784747514868018	-0.0024591808025533	5.29858626115126	0.0193796608179241	0.00632627695278027
2.46672982964888	-2.50059228100152	-0.00764409189534344	-0.00239438370203479	5.50074362873365	0.021327038391689	0.00665270381960822
2.47672982964888	-2.44460791029723	-0.00742040336226817	-0.00232572708756831	5.69468652290383	0.0234378756973338	0.00709176718046569
2.48672982964888	-2.38672890722816	-0.00717491183576502	-0.00225218700604274	5.87951944605124	0.0256814030408596	0.00762882279056428
2.49672982964888	-2.32705093720185	-0.0069064233780688	-0.0021728974731305	6.054327890169	0.0280293096776765	0.00824385711268751
2.50672982964888	-2.2656788402003	-0.0066140560020334	-0.00208715058817775	6.2181923188826	0.0304506076286261	0.00891975617255363
2.51672982964888	-2.2027266211154	-0.00629725375231205	-0.0019943914761887	6.37020123580068	0.0329119379448078	0.00964150727715643
2.52672982964888	-2.13831730342083	-0.00595579950032483	-0.00189421585068975	6.50946518536713	0.0353780670769556	0.010395509120718
2.53672982964888	-2.07258263824078	-0.0055898248565243	-0.00178636891218359	6.63513134111079	0.0378126536660451	0.0111687985934483
2.54672982964888	-2.00566266429269	-0.00519981570722074	-0.00167074457026183	6.74639832192184	0.0401792447195463	0.0119481882496676
2.55672982964888	-1.93770511769087	-0.00478661319198575	-0.00154738242799046	6.84253043449231	0.0424434399138219	0.0127176024031156
2.56672982964888	-1.86886469700173	-0.00435140511051245	-0.00141646900204615	6.92287255004279	0.0445720178195101	0.0134609609442316
2.57672982964888	-1.79930219028369	-0.00389571125573818	-0.00127833560718331	6.98686356491985	0.0465329763692783	0.0141635576215523
2.58672982964888	-1.72918347698996	-0.0034213627287067	-0.00113345214128059	7.03404792144568	0.0482966188775348	0.0148116315570707
2.59672982964888	-1.65867842270579	-0.00293047396493126	-0.000982419031671844	7.06408535953878	0.0498361565158295	0.0153927452465993
2.60672982964888	-1.58795968777972	-0.00242540875475516	-0.000825955931926438	7.07675824476117	0.0511285193266188	0.0158956721752911
2.61672982964888	-1.51720147473303	-0.00190874048593046	-0.000664888294737524	7.07197643424069	0.0521547218180195	0.0163108881757911
2.62672982964888	-1.44657824122467	-0.00138320836608526	-0.00050013082769389	7.04977921835773	0.0529004453401287	0.0166304411964474
2.63672982964888	-1.37626340726717	-0.000851670173508784	-0.000332669427002913	7.01033453669967	0.053356118267244	0.0168484373080412
2.64672982964888	-1.30642808508618	-0.000317053564255926	-0.000163540859732059	6.95393522447332	0.053517184419765	0.016960896462345
2.65672982964888	-1.23723985962704	0.000217693289880848	6.18817315049093e-06	6.8809926710994	0.0533839665461764	0.0169660230512996
2.66672982964888	-1.16886164532284	0.000749649988191995	0.000175442679186677	6.79202797156884	0.0529615573474085	0.0168641342383808
2.67672982964888	-1.10145064202061	0.00127597005922505	0.000343160753566036	6.68766097589551	0.0522595816528509	0.0166575402504525
2.68672982964888	-1.03515740920089	0.00179392403419493	0.000508313773791566	6.56859769833927	0.0512917062834807	0.0163506342579862
2.69672982964888	-0.970125073106951	0.00230093812023116	0.000669925550335646	6.43561637147981	0.0500753355594924	0.0159494433702091
2.70672982964888	-0.906488677141031	0.00279462830369581	0.000827088864167395	6.28955284589565	0.0486309333007222	0.0154616914843478
2.71672982964888	-0.844374680726763	0.00327282877614075	0.000978980069289052	6.13128556064057	0.0469816021209737	0.0148962830188986
2.72672982964888	-0.783900607703285	0.00373361485950328	0.00112487046961729	5.96172074018962	0.0451523974478011	0.0142632043026251
2.73672982964888	-0.725174840776186	0.00417531993165966	0.0012641350313354	5.78177805998929	0.0431697872198521	0.0135731300523698
2.74672982964888	-0.668296555050409	0.00459654653572905	0.00139625797383558	5.59237719872613	0.0410610729344111	0.0128371367430951
2.75672982964888	-0.613355780558325	0.00499617187733677	0.00152083541328519	5.39442554332299	0.0388538085572775	0.0120664536827054
2.76672982964888	-0.560433581235783	0.0053733478885686	0.00163757527694476	5.18880721957407	0.0365753018616493	0.0112721791832757
2.77672982964888	-0.509602336211343	0.00572749635461239	0.00174629479527024	4.97637359181433	0.0342521889645245	0.0104649493397689
2.78672982964888	-0.460926108280408	0.00605829976225322	0.00184691539027573	4.75793539031424	0.0319098582779345	0.00965502835317455
2.79672982964888	-0.414461083753261	0.00636568782094544	0.00193945655860889	4.53425621345414	0.0295723964779338	0.00885159422961366
2.80672982964888	-0.37025606870811	0.00664982141193111	0.00202402701559033	4.30604783892331	0.0272618677519509	0.00806334549518496
2.81672982964888	-0.328353026167748	0.00691107297949025	0.00210081605029513	4.07396665397965	0.0249984609988824	0.00729777541271061
2.82672982964888	-0.288787640909133	0.00715000541812615	0.00217008376497299	3.83861157551224	0.0228003203192598	0.00656097759398592
2.83672982964888	-0.251589899116412	0.00736735005731978	0.00223214838923583	3.60052358711871	0.0206823639974114	0.00585976722361696
2.84672982964888	-0.216784670096991	0.00756398032929141	0.00228738254776465	3.36018462331799	0.018659559770421	0.00519520944003042
2.85672982964888	-0.184392283889103	0.00774089195633688	0.00233619186476507	3.11802081895526	0.0167414564247505	0.00457321049659048
2.86672982964888	-0.154429091489078	0.00789917697514679	0.00237901254439417	2.87440315422642	0.0149354682483525	0.00399765898765616
2.87672982964888	-0.12690800194818	0.00803999701426096	0.00241630320846833	2.62964926153644	0.0132487093479676	0.00346842007886824
2.88672982964888	-0.101838994359665	0.00816456452561301	0.00244853188985997	2.38402780048674	0.0116848932395457	0.00298621257652769
2.89672982964888	-0.0792295942073262	0.00827411873251031	0.00247616973712575	2.13776132640295	0.010245973785962	0.00255049747769358
2.90672982964888	-0.0590853142006292	0.00836990531534616	0.00249968386458117	1.8910301593684	0.00893215998235894	0.0021595291475909
2.91672982964888	-0.0414100565795013	0.00845315975803576	0.00251952598947037	1.64397752601065	0.00773931854244831	0.00181530145197101
2.92672982964888	-0.0262064707011828	0.00852508395065289	0.0025361360175324	1.39671161935985	0.00666456525102847	0.00151407686716347
2.93672982964888	-0.0134762712504163	0.00858683307046369	0.00254993148992943	1.14931122940862	0.00570318429806477	0.0012521038296066
2.94672982964888	-0.00322051169942947	0.00863950173521523	0.00256130132133077	0.901830597905565	0.00484768432335225	0.00102762562523809
2.95672982964888	0.00456018773629965	0.0086841090032498	0.00257060480238853	0.654303269428236	0.00408949381416318	0.000838195180523425
2.96672982964888	0.00986545654419594	0.00872158583452087	0.00257816925884829	0.406746398247034	0.00341956652150571	0.000679912991302101
2.97672982964888	0.0126950350195278	0.00875276475132047	0.00258428674447722	0.159165409014843	0.0028281219838954	0.000548157297475723
2.98672982964888	0.0130486801462928	0.00877837154157668	0.00258920980863811	-0.0884410234360805	0.00230358976358777	0.000439691961352871
2.99672982964888	0.0109261174522234	0.00879901602219585	0.00259315126225921	-0.336076827008345	0.00183364638801678	0.000351073706691607
3.00672982964888	0.00632703784460536	0.00881518434211128	0.00259628348626984	-0.583744206571917	0.00140580273397316	0.000277835262688437
3.01672982964888	-0.000748860595096584	0.00882723289367364	0.00259873702111121	-0.831439089688217	0.00100742001076888	0.000214661722251122
3.02672982964888	-0.0103017860958897	0.00883538447354753	0.00260059722623034	-1.07914607528194	0.000624480734386938	0.000157752415744744
3.03672982964888	-0.0223317206163609	0.0088397233515269	0.00260190478222823	-1.32683421610941	0.000242457734080099	0.000103476589016052
3.04672982964888	-0.0368382419275327	0.00884019102548712	0.00260265688263738	-1.57445293319761	-0.000152501059196099	4.64966174075756e-05
3.05672982964888	-0.0538203014383909	0.0088365850800456	0.00260280510361115	-1.82192714696551	-0.000574401983083539	-1.8548168612596e-05
3.06672982964888	-0.0732759575005724	0.00882855980872706	0.00260225258802298	-2.06915223280869	-0.00103876663803062	-9.44376749054498e-05
3.07672982964888	-0.0952020625640319	0.00881562327549356	0.00260085961244049	-2.31599095161964	-0.00155919906792694	-0.000187113428793653
3.08672982964888	-0.119593909449736	0.00879714184115362	0.00259843923756234	-2.56226813687121	-0.00214985714800108	-0.000301030473109931
3.09672982964888	-0.146444834594105	0.00877234350559747	0.00259475832327549	-2.80776669638676	-0.00282501399492747	-0.000439614933652859
3.10672982964888	-0.175745780545486	0.00874032105079829	0.00258954212829815	-3.05222463104201	-0.00359663697810601	-0.000609042232701715
3.11672982964888	-0.207484823852751	0.00870004368391498	0.00258246920543751	-3.29532994189635	-0.0044780236471579	-0.000811502890249081
3.12672982964888	-0.241646665914632	0.00865036244071447	0.00257318080030895	-3.53671925866826	-0.0054791087032747	-0.00105281174482716
3.13672982964888	-0.278212098493665	0.00859002715325877	0.00256127665304267	-3.77597358159229	-0.00661028252426659	-0.00133527601696237
3.14672982964888	-0.317157442935407	0.00851769849795746	0.00254632391052379	-4.01261761811662	-0.0078787849070433	-0.00166329448223391
3.15672982964888	-0.358453976020482	0.00843196985879362	0.00252785633063704	-4.24611732970488	-0.00929149732173303	-0.0020379550659289
3.16672982964888	-0.402067344805373	0.00833138416212744	0.00250538724150927	-4.47588146468582	-0.010850023512222	-0.00246484830319069
3.17672982964888	-0.4479569886863	0.00821446659420809	0.00247840318764795	-4.70125927189779	-0.0125579792338383	-0.00294083076623754
3.18672982964888	-0.496075567665003	0.00807974277713514	0.00244638711048748	-4.92154613154103	-0.0144114202480293	-0.00347002156034423
3.1922551039739	-0.523598775598442	0.0079971407350878	0.00242634714199255	-5.04080237577411	-0.0154966292457738	-0.00378434647773459
3.2022551039739	-0.58613186741968	0.0284888201594913	0.04580215755234	-7.81236109813988	5.07222938515207	6.03948749611119
3.2122551039739	-0.670325485308393	0.0900960627121251	0.105952975933594	-8.50701918105302	6.13973271478795	5.73972904736248
3.2222551039739	-0.753661408080376	0.145796115869231	0.158177041160465	-8.15016606522641	4.97934151699901	4.705795198175
3.2322551039739	-0.833540400442309	0.1901428364081	0.200530289503734	-7.84143666822271	3.92463193131897	3.79519842262209
3.2422551039739	-0.910792131370073	0.224967496019555	0.234649475603455	-7.62240736118359	3.07154003738228	3.05474339834626
3.2522551039739	-0.986223968560956	0.252137063456586	0.262098085013479	-7.47422552148513	2.38792450342982	2.45576035834619
3.2622551039739	-1.06045112146671	0.273178989098566	0.284155053232255	-7.3789863776112	1.84164856370003	1.97147395834237
3.2722551039739	-1.13392941740648	0.289332965503903	0.301855198156985	-7.32229457148844	1.40632556324375	1.58151121556332
3.2822551039739	-1.20698784623236	0.301605960263067	0.316040205245656	-7.29318160024867	1.06193452928209	1.26667414136943
3.2922551039739	-1.27985458400197	0.310817973328977	0.327390757075439	-7.28251108864966	0.791344914892025	1.01297421640138
3.29625706509584	-1.30899693899595	0.313800510940888	0.331266928516607	-7.2817650315671	0.700669823482724	0.925532302159455
3.30625706509584	-1.37048964013277	0.298399738461005	0.297622937052498	-4.74486284321314	-4.51294071733971	-5.32240607855324
3.31625706509584	-1.41268538495405	0.241761340590245	0.243777039968311	-4.15604749430686	-5.82374467107944	-5.1844425248998
3.32625706509584	-1.45680674951066	0.188672003861459	0.196381090487694	-4.6966872603927	-4.7357380278889	-4.27899646744439
3.33625706509584	-1.50648853371755	0.146764006205329	0.157925583814661	-5.22085510077567	-3.68413402403176	-3.4393870150018
3.34625706509584	-1.56082803291346	0.114207341201489	0.127043152384318	-5.62839687063297	-2.86287217180986	-2.76312988501825
3.35625706509584	-1.61871195478892	0.0888636633074305	0.102228650147741	-5.93312305487719	-2.23323438271679	-2.22008796960684
3.36625706509584	-1.67921748236199	0.0690716315567735	0.0822689841172866	-6.15544402302984	-1.74618746476426	-1.78743545622337
3.37625706509584	-1.74159464713578	0.0535759337630493	0.0661937718152231	-6.30950173752402	-1.36936493435334	-1.43947782444598
3.38625706509584	-1.80522255483804	0.0414127478346222	0.0532361454667025	-6.40729213300169	-1.07598063258396	-1.16148247422653
3.39051990058312	-1.83259571459405	0.0370521962028904	0.0485041470068197	-6.4340498167144	-0.971648319103162	-1.06034667959262
3.40051990058312	-1.88527116400855	0.00587522755110458	-0.00244271863084665	-3.84108829092771	-6.02480218366422	-6.51314439304874
3.41051990058312	-1.92116207660025	-0.0590945947493936	-0.0665513557585109	-3.68642111428542	-6.23444140951814	-6.01149147560099
3.42051990058312	-1.96071046938018	-0.115207138946376	-0.121039347297865	-4.21864078554118	-4.99450175253228	-4.8980335447478
3.43051990058312	-2.00515697842493	-0.159680572526537	-0.165117828574181	-4.64842168777176	-3.94110571735997	-3.95129736918458
3.44051990058312	-2.05325456761344	-0.194798749079199	-0.200666283273882	-4.95195765307296	-3.1163004512491	-3.18674237200225
3.45051990058312	-2.10384822798297	-0.222608888615846	-0.229352788750431	-5.15122583929334	-2.47195497545654	-2.57355169393011
3.46051990058312	-2.15599339785589	-0.244714407061631	-0.252524868147375	-5.26535986068567	-1.96909514284245	-2.08044295247691
3.47051990058312	-2.2089208265165	-0.26236882026646	-0.271262433843506	-5.30997298356233	-1.5774086334879	-1.6827955758531
3.48051990058312	-2.26200335349436	-0.276554804430123	-0.286430803883081	-5.29807484857977	-1.27248273204375	-1.36251781320641
3.49051990058312	-2.31473015392161	-0.288041743904408	-0.298725057461229	-5.24034178423488	-1.03498203407749	-1.10533623693967
3.50051990058312	-2.3666861340372	-0.297429380337904	-0.308706128137915	-5.14514993734158	-0.850559611590249	-0.897732394000181
3.51051990058312	-2.41753373573864	-0.305185476587435	-0.316822412956275	-5.01976409603243	-0.706829484296729	-0.731137638259241
3.52051990058312	-2.46699956045039	-0.311671680743858	-0.323436205181482	-4.86980355263711	-0.594834023210352	-0.596896312022601
3.53051990058312	-2.51486224186857	-0.31716703898251	-0.328838815492354	-4.69982913587259	-0.507615417960026	-0.487896280198106
3.54051990058312	-2.56094255375114	-0.321886648726639	-0.333262940215001	-4.5137737338604	-0.439186650659317	-0.399679701490742
3.55051990058312	-2.60509577870803	-0.325995326846344	-0.336895225796039	-4.31488512344246	-0.384764958974787	-0.328956223645191
3.55353069677227	-2.6179938779915	-0.327132279957405	-0.337857488057572	-4.25284211857203	-0.370695905787838	-0.310326868090987
3.56353069677227	-2.66756514827504	-0.31596554586682	-0.298768696311267	-5.96638624387606	3.47789916991099	5.39964892600659
3.57353069677227	-2.73361598435271	-0.264259374998555	-0.246446913318622	-6.68233735675491	5.64158391586593	5.0703334318623
3.58353069677227	-2.7970716496204	-0.212003585444449	-0.199788760914714	-5.96634859461417	4.71726379472645	4.22719922148004
3.59353069677227	-2.85293023040389	-0.170000952372559	-0.161683039953811	-5.2221551343685	3.71654912147528	3.41469268636719
3.60353069677227	-2.90186922258022	-0.136965669091552	-0.130981171405242	-4.58244068589495	2.9243023654353	2.7496452484724
3.61353069677227	-2.94487419946853	-0.110919520406689	-0.106255551773129	-4.03141079059596	2.31094634200514	2.21465452698557
3.62353069677227	-2.98271711445327	-0.0903034019815543	-0.0863274561315073	-3.54690741055991	1.83205333778584	1.78610031371088
3.63353069677227	-3.01598067019112	-0.0739372322781112	-0.0702528787471024	-3.11320544926443	1.45621659764641	1.44117003217266
3.64353069677227	-3.04511077571857	-0.0609162039078086	-0.0572787429137216	-2.71875740693398	1.16016616875385	1.16264072041056
3.65353069677227	-3.07045341322883	-0.0505375052177538	-0.0468043577944029	-2.35440903810136	0.925071690076821	0.939512693688716
3.66353069677227	-3.09227818613852	-0.0422541501454958	-0.0383434351061639	-2.01408047846437	0.738770803086483	0.759064574383353
3.67353069677227	-3.1107975770528	-0.0356355015548284	-0.0315065121611739	-1.69275668050078	0.591029121138613	0.612735801742948
3.68353069677227	-3.12618005690142	-0.0303406350477461	-0.0259822170125873	-1.3860490204549	0.472652747395236	0.495861745144224
3.69353069677227	-3.13855838727944	-0.0261020329783874	-0.021515685669241	-1.0914077888677	0.378686661414135	0.400670732967085
3.70353069677227	-3.14803885282788	-0.0227057256638844	-0.0179046928644725	-0.806098025040652	0.30341711230326	0.324191894039554
3.71353069677227	-3.15470567809228	-0.0199827222370954	-0.014984264867648	-0.528366979279304	0.243381063524557	0.262159826381314
3.72353069677227	-3.1586261897481	-0.0177979797532457	-0.0126222236016033	-0.256606908680036	0.195306709995703	0.212099750410586
3.73353069677227	-3.15985396157525	-0.016044044626966	-0.0107114965904108	0.0103823315358522	0.156808315132972	0.171647834487814
3.74353069677227	-3.15843165057651	-0.0146351913806217	-0.00916549647284643	0.273532009269642	0.12605984560213	0.138782113270782
3.75353069677227	-3.15439334682266	-0.0135025982225808	-0.00791475747793282	0.533694075464509	0.10133274044579	0.112368284463966
3.76353069677227	-3.14776609361531	-0.0125914927391839	-0.00690251597583433	0.791403921200575	0.0816021974004668	0.0908679821238625
3.77353069677227	-3.13857164049796	-0.0118576444830787	-0.00608337842164801	1.0471927223716	0.0657653856335131	0.0735544180702898
3.78353069677227	-3.12682745664185	-0.0112656923634781	-0.00542026066513435	1.30138743159248	0.0531460353299947	0.059481637299392
3.79353069677227	-3.11254795444353	-0.0107869458037984	-0.00488347418035279	1.55430063476114	0.043014913491196	0.048227117342307
3.80353069677227	-3.09574522806892	-0.0103984334313983	-0.00444856360953383	1.80605944511344	0.0350169543506452	0.0390483972414161
3.81126182772116	-3.08103224691707	-0.0101478403653973	-0.00416968492128324	2	0.0299791490724595	0.0332329465275091
