=========================== Parameters =====================================
l1 [m]	l2 [m]	l3 [m]	c1 [m]	c2 [m]	c3 [m]	m1 [kg]	m2 [kg]	m3 [kg]
0.22	0.22	0.2458	0.022	0.198	0.04916	0.1564	0.23764	0.1564
============================== Data ========================================
t [s]	th1 [rad]	th2 [rad]	th3 [rad]	th1d [rad/s]	th2d [rad/s]	th3d [rad/s]
0	0	0	0	0	0	0
0.01	-0.0013521769711171	0.000494182587353168	0.000300768026912754	-0.247986057589871	0.0574341171716262	0.0407715771505161
0.02	-0.00488690892740299	0.00102226187919357	0.00067997398851365	-0.458728161609389	0.0478023812859297	0.0344233936065849
0.03	-0.0105285767444882	0.00145372613440108	0.000990069996807188	-0.669761825470529	0.0387726143647808	0.0278132996203414
0.04	-0.0182852251620756	0.00180333170652252	0.00124031122797537	-0.881701386180863	0.0313929781104398	0.0224319630024741
0.05	-0.0281650747689173	0.00208622110213585	0.00144207090165049	-1.09437442812698	0.0253883271313346	0.0180745786033645
0.06	-0.0401745298977799	0.00231472690522761	0.00160460420548251	-1.30759692337628	0.0204828246651682	0.0145515236008322
0.07	-0.0543182772100316	0.00249879267467975	0.00173536013819848	-1.52120540995936	0.0164673456596955	0.01169542450942
0.08	-0.070599374896727	0.00264643149517424	0.00184031353981963	-1.7350392177861	0.0131695697774696	0.00937270504959836
0.09	-0.0890192587470688	0.00276408665298833	0.00192424507667795	-1.94893407973253	0.010448146208537	0.00747601512032273
0.1	-0.109577680047052	0.00285692288697136	0.00199096695037548	-2.16271639843787	0.00818786017264573	0.00591823143993418
0.11	-0.132272583973763	0.00292906270214979	0.00204350429639836	-2.37619749792483	0.0062943696081548	0.00462878747068354
0.12	-0.157099935157195	0.00298377788100632	0.00208424162994509	-2.58916852080787	0.00468989654530079	0.00355080020668113
0.13	-0.184053495889046	0.00302364345184357	0.00211504258215987	-2.8013971929669	0.00331242761587836	0.00263657192783942
0.14	-0.213124563904937	0.00305066387697623	0.00213734630867092	-3.01262434509633	0.00211386275661491	0.00184498688339563
0.15	-0.244301677479747	0.00306638214865031	0.00215224096546498	-3.22255627266804	0.00104868194942784	0.00114756577761395
0.16	-0.277570285372863	0.00307195974962209	0.00216053162580867	-3.43086607149251	8.09756053753899e-05	0.000520012529019483
0.17	-0.312912393890693	0.00306824557112463	0.00216279365020325	-3.637192622131	-0.000814398061436817	-6.08418935407875e-05
0.18	-0.350306197928407	0.00305583898039606	0.00215941209903789	-3.8411355340875	-0.00166026735744836	-0.000611732580925856
0.19	-0.389725696735083	0.00303513769608029	0.00215061875265642	-4.04225533934457	-0.00247560326057423	-0.00114556439931883
0.2	-0.431140304129205	0.0030063786218733	0.00213652311378098	-4.24007406917909	-0.00327449842905692	-0.00167330013508812
0.21	-0.474514461049025	0.00296967420496711	0.00211713778343692	-4.43407545310322	-0.00406745365448609	-0.00220372411278118
0.22	-0.519807257476155	0.00292504345786868	0.00209240088732999	-4.62370641611148	-0.00486156373916478	-0.00274394387356106
0.220818660969159	-0.523598775598299	0.00292103637188755	0.00209013652495625	-4.63902037215882	-0.00492469255656512	-0.00279050090533751
0.230818660969159	-0.594710142850588	0.0456212684428683	0.032936959540721	-8.40969576358571	6.2409201010959	6.44231151878782
0.240818660969159	-0.678939330622589	0.106456614965779	0.0971774536049385	-8.24022079371155	5.59286838015088	5.96625132073813
0.250818660969159	-0.758975669922004	0.156564345073688	0.151003521389309	-7.78614384955913	4.46341641610867	4.82456469180241
0.260818660969159	-0.835044751344137	0.196413709393489	0.194373281701214	-7.44574263394791	3.53968196258653	3.88247413769297
0.270818660969159	-0.908208697253367	0.227956048892164	0.229247799926516	-7.20069125337897	2.79502029494745	3.1196697849749
0.280818660969159	-0.979298422208839	0.252788284327345	0.257254599732019	-7.027915160955	2.19319539656194	2.5031535571523
0.290818660969159	-1.04894899320308	0.272203379394069	0.279709710485107	-6.91038729728735	1.70774131444138	2.00516390332078
0.300818660969159	-1.11764483817101	0.287259075542816	0.297680394080663	-6.83505224136786	1.31832031925026	1.60276552165146
0.310818660969159	-1.18575164952463	0.298825713171104	0.312031904373955	-6.79087026755156	1.00711554198563	1.27891830031353
0.320818660969159	-1.25353810654327	0.307617616235946	0.323467948717344	-6.76921468990681	0.76022237399289	1.01874546323229
0.329015470687489	-1.30899693899575	0.313167545288656	0.33107298599591	-6.76376517616554	0.598777262578471	0.842887910399557
0.339015470687489	-1.3564990790733	0.282738582645616	0.307390062709257	-3.29200994116914	-5.57510397469917	-5.56021905495164
0.349015470687489	-1.38794500793315	0.224339575198588	0.249635901586686	-3.32874399069511	-5.51470790570415	-5.49241545078564
0.359015470687489	-1.42471239255401	0.175278068114033	0.200046118226039	-4.01625491815121	-4.31626869531149	-4.43651548308618
0.369015470687489	-1.46780515335545	0.137138911491512	0.160327949704392	-4.57865925423254	-3.35396466900307	-3.54215005903707
0.379015470687489	-1.51585249665847	0.107440654983285	0.128586094220319	-5.01186460106785	-2.61779960208574	-2.83384904397528
0.389015470687489	-1.56770209228405	0.0842204781530488	0.103170834387065	-5.34309792527941	-2.05010700277544	-2.27073310456678
0.399015470687489	-1.62244416296254	0.0660191088538485	0.0827918601949601	-5.59247482127446	-1.60988627693789	-1.82068424393212
0.409015470687489	-1.6793426066317	0.0517265101934352	0.0664356869716339	-5.77668225389196	-1.26382141254583	-1.46299118744067
0.419015470687489	-1.73779380227011	0.0404916812035484	0.0532950292695148	-5.90517295522601	-0.994154617390116	-1.17574817328885
0.429015470687489	-1.79729299601381	0.0316503766895171	0.0427294201606665	-5.98751389773993	-0.782885484289205	-0.945696001394067
0.434895797615091	-1.83259571459405	0.0273551559931202	0.0375082122419861	-6.01742293215263	-0.680387940711354	-0.832618831615499
0.444895797615091	-1.86947146619284	-0.0207237189692542	-0.00127142662716911	-2.61712089105512	-6.49886491393775	-6.86543980302562
0.454895797615091	-1.89708086690034	-0.0825700997891472	-0.0679283419060018	-3.05503623277899	-5.61649351384389	-6.13116817538627
0.464895797615091	-1.93077738697484	-0.132723852318605	-0.123117316022595	-3.66042472306655	-4.45433705214894	-4.94229457678824
0.474895797615091	-1.96978235485424	-0.172494704155158	-0.167524209528812	-4.11767501963263	-3.53645015821222	-3.97534535686091
0.484895797615091	-2.01271483483733	-0.204105573464468	-0.203266772374093	-4.4503925779175	-2.81382903778731	-3.20242699540649
0.494895797615091	-2.05844469913359	-0.229296509012347	-0.232067422729153	-4.68080555945862	-2.24584336276828	-2.58163257904433
0.504895797615091	-2.10605004869915	-0.249433541046835	-0.255297647006955	-4.82801303487026	-1.798851484523	-2.08328632982719
0.514895797615091	-2.15477694823751	-0.265594672262206	-0.274057380117646	-4.90655373586717	-1.44876071842517	-1.68187600321198
0.524895797615091	-2.20400573495563	-0.278638191647203	-0.289224376512973	-4.93061560832107	-1.17157293826115	-1.36280803137408
0.534895797615091	-2.25323251959593	-0.289236148960219	-0.301511813648867	-4.90806537829365	-0.956455014110726	-1.10459980838588
0.544895797615091	-2.30204287875311	-0.297924613360674	-0.311485171627391	-4.8486208868798	-0.78772178409357	-0.898215689187299
0.554895797615091	-2.35010050753298	-0.305121152737052	-0.319602442000675	-4.75841976399619	-0.65686542514508	-0.731490645171763
0.564895797615091	-2.39713047315403	-0.311154810421826	-0.326227627015957	-4.64380053542061	-0.554251193415668	-0.598203964912094
0.574895797615091	-2.44290989061048	-0.316280377243177	-0.331653996489555	-4.50926921185668	-0.473708631222189	-0.491512751583535
0.584895797615091	-2.48725820464225	-0.320694317750881	-0.336117526801183	-4.35808215957808	-0.411323165715309	-0.404666731411222
0.594895797615091	-2.53002819677935	-0.324549859027193	-0.339804718428216	-4.19377763053545	-0.362090510422745	-0.33477290974252
0.604895797615091	-2.57110079198765	-0.327964297130835	-0.342865074127561	-4.01909233383271	-0.322395067128632	-0.279129250961531
0.614895797615091	-2.6103803888813	-0.331025726122315	-0.345420027389254	-3.8355744530014	-0.290936435387552	-0.233550570057655
0.616890497953862	-2.6179938779915	-0.331600496219665	-0.345877871150732	-3.79810490918697	-0.285382534104213	-0.225586155392052
0.626890497953862	-2.66985268900968	-0.308860314496441	-0.313926526281232	-6.71144102167624	5.22850846449741	5.45611301746827
0.636890497953862	-2.73879989268033	-0.250914471146205	-0.257016557493771	-6.6638799547619	5.60251511431795	5.46681532450108
0.646890497953862	-2.80102317178313	-0.200661024078175	-0.20742773371648	-5.78530165101492	4.45436764851137	4.45099544975207
0.656890497953862	-2.85495343083147	-0.161051847184803	-0.167500909862513	-5.02346154901011	3.50625007929516	3.56970520861069
0.666890497953862	-2.90193084992042	-0.129769251074845	-0.135465314728669	-4.39045793839062	2.78237338173633	2.86358676775482
0.676890497953862	-2.94305431428375	-0.104906035901225	-0.109719072948919	-3.84807249167696	2.21449462649042	2.30559779887926
0.686890497953862	-2.97913026800723	-0.0850635604497317	-0.0889930895974675	-3.37670153560654	1.77045798414623	1.85703692913862
0.696890497953862	-3.01077016759219	-0.0691787368382125	-0.0722925040663468	-2.95872509251479	1.4193397156607	1.49679501254118
0.706890497953862	-3.03844407044452	-0.0564334495587617	-0.058825926646786	-2.58197174510113	1.13996511531303	1.20727043439665
0.716890497953862	-3.06251835409475	-0.0461895670187679	-0.0479611340041995	-2.23756786002583	0.916933850961517	0.97425234325527
0.726890497953862	-3.08328125058004	-0.0379449908320703	-0.0391915180556657	-1.91887443365778	0.738739129147348	0.786274633385362
0.736890497953862	-3.10096136560041	-0.031301531066436	-0.032110914377123	-1.62024882079973	0.595380867602901	0.63511256377871
0.746890497953862	-3.11574022508689	-0.0259434447255742	-0.0263920448558381	-1.33794879061908	0.480458947919965	0.512991414092664
0.756890497953862	-3.12776305283476	-0.0216183415024391	-0.0217719562098452	-1.06860583174638	0.388037756672816	0.414432262944041
0.766890497953862	-3.1371461264579	-0.0181244015972214	-0.0180388497027734	-0.809539434290104	0.313397086478898	0.335049400831099
0.776890497953862	-3.14398255345113	-0.0153002669905709	-0.0150217385248299	-0.558877196349227	0.253345580045151	0.270852017490563
0.786890497953862	-3.14834723507882	-0.0130161682937675	-0.0125829679173696	-0.314903457266197	0.204875924390475	0.219015728935848
0.796890497953862	-3.15030026113198	-0.0111680365022639	-0.0106112971644469	-0.0764173999345736	0.165957051049459	0.176958761193962
0.806890497953862	-3.14989010551078	-0.00967178352105773	-0.00901722697147127	0.157815003233031	0.134389185903959	0.143077401434421
0.816890497953862	-3.14715562205174	-0.00845995440325159	-0.00772825138422782	0.388554071202119	0.10889787787306	0.115673903667018
0.826890497953862	-3.14212814342938	-0.00747803334967203	-0.00668589314801122	0.616491785048846	0.0882816824711721	0.0935279418103257
0.836890497953862	-3.13483294835061	-0.00668200883601337	-0.00584289022363711	0.84217031806374	0.0715923523891515	0.0756413816483028
0.846890497953862	-3.12529053050039	-0.00603630719027647	-0.00516102920613191	1.06601050436166	0.0580782615738273	0.0612001777692795
0.856890497953862	-3.11351765732998	-0.00551214456636396	-0.00460939362970705	1.28832866963536	0.0471504371260686	0.0495345345867334
0.866890497953862	-3.09952827654188	-0.00508619328213821	-0.00416296159248488	1.50935903386251	0.0383350552239143	0.0401037401052022
0.876890497953862	-3.08333430070398	-0.00473951257050851	-0.00380147327415233	1.72926987052787	0.0312379255011904	0.0324818482683779
0.886890497953862	-3.06494629729959	-0.00445669703424758	-0.00350851062864125	1.94816969784549	0.0255291968502646	0.0263352442408401
0.889264930282177	-3.06025894629822	-0.00439750522064755	-0.00344749575092723	2.00000000000015	0.0243556287671319	0.0250550345300269
0.899264930282177	-3.03916955864753	-0.00417660573420324	-0.00322117173968521	2.2177123862322	0.019994220441617	0.0203743602167223
0.909264930282177	-3.01590801247159	-0.00399465158941377	-0.00303694483622237	2.43442927792756	0.0165239451631435	0.0166148987091865
0.919264930282177	-2.99048456632421	-0.00384364335756888	-0.0028864143120822	2.6500758119686	0.0137799294062047	0.0136107277382703
0.929264930282177	-2.96291051186833	-0.00371700892232035	-0.00276271879629896	2.86452438940606	0.0116321008245695	0.0112256380720501
0.939264930282177	-2.933198676255	-0.00360932728696244	-0.0026602384908408	3.07759707891231	0.00997637409051779	0.00934907966178994
0.949264930282177	-2.90136391546199	-0.00351610732929622	-0.00257435414090219	3.2890665308119	0.00872929408844879	0.00789141487938441
0.959264930282177	-2.86742360225639	-0.00343360989658808	-0.00250125291068359	3.49865670114833	0.00782355840544683	0.00678018500720551
0.969264930282177	-2.83139810984156	-0.00335870527623851	-0.00243777210597705	3.7060433793876	0.00720462507921238	0.00595688044305579
0.979264930282177	-2.79331129085595	-0.0032887590943512	-0.0023812738881522	3.91085495938214	0.006827667068893	0.00537455325422908
0.989264930282177	-2.75319094971166	-0.0032215412816728	-0.00232954524705274	4.11267363362224	0.00665469027495849	0.00499620597083389
0.999264930282177	-2.71106930400039	-0.0031551555565528	-0.00228071712628281	4.31103576288231	0.00665467012592608	0.00479142430874551
1.00926493028218	-2.66698343117585	-0.00308798387994806	-0.00223320062226981	4.50543315660945	0.00680320722086362	0.004734007366286
1.01926493028218	-2.62097569494318	-0.00301864224257932	-0.00218563783711559	4.6953159849556	0.00708034918371137	0.00480160233944406
1.02926493028218	-2.57309414373455	-0.00294594679230511	-0.0021368637621376	4.88009633812055	0.00746883428449726	0.00497539330685344
1.03926493028218	-2.52339287358095	-0.002868887989457	-0.00208587743363748	5.05915278340717	0.00795214217140634	0.00524028259269159
1.04926493028218	-2.47193234636593	-0.00278661217789684	-0.00203181981207028	5.23183515575575	0.0085140691758486	0.00558409142732332
1.05926493028218	-2.41877965462311	-0.00269840891693727	-0.0019739571819778	5.39746980979583	0.00913938341118279	0.00599610555971975
1.06926493028218	-2.36400872415442	-0.00260370206300962	-0.00191166954413406	5.5553659685196	0.00981418800734564	0.00646606594786861
1.07926493028218	-2.30770044553453	-0.00250204358243504	-0.00184444295128708	5.70482311475834	0.0105260173697354	0.00698355633502048
1.08926493028218	-2.24994272592804	-0.00239310958408589	-0.00177186456382704	5.84513904262548	0.0112643146736897	0.00753722889276716
1.09926493028218	-2.19083045470618	-0.00227669574873191	-0.0016936213134589	5.97562006328923	0.0120178625514615	0.00811667982555625
1.10926493028218	-2.13046537510096	-0.0021527148781282	-0.00160949867374476	6.09559054088384	0.012774846821699	0.00871226814559887
1.11926493028218	-2.06895585797279	-0.0020211948204368	-0.00151937987879836	6.20440249718787	0.013523572610716	0.00931449861174354
1.12926493028218	-2.00641657556479	-0.00188227565016352	-0.00142324556879455	6.30144558012344	0.0142527261796191	0.00991386683171735
1.13926493028218	-1.94296807509385	-0.00173620586033135	-0.00132117327015139	6.38615705184495	0.0149513793758057	0.0105009881673611
1.14926493028218	-1.87873625457491	-0.0015833374719239	-0.00121333615298573	6.45803139729232	0.0156090117874786	0.0110667676270641
1.15926493028218	-1.81385174591536	-0.0014241201911477	-0.00110000048030936	6.51662904584904	0.0162160397523713	0.0116021907125733
1.16926493028218	-1.74844921305805	-0.0012590947927297	-0.000981521283954628	6.56158373899341	0.0167652648747803	0.012097378210628
1.17926493028218	-1.682666576254	-0.0010888845347356	-0.000858337095812988	6.59260924347138	0.0172522080702192	0.012541570080134
1.18926493028218	-1.61664417634939	-0.000914182603513419	-0.000730965383642306	6.6095068351858	0.0176708139746307	0.0129269281694627
1.19926493028218	-1.55052389235165	-0.000735739305301934	-0.000599995760520301	6.61217056601738	0.0180104903395668	0.0132512144054983
1.20926493028218	-1.48444822638366	-0.000554354334612244	-0.000466076837707428	6.60058614706144	0.0182630646207606	0.0135122409454654
1.21926493028218	-1.41855937712953	-0.000370866797684763	-0.000329903153074429	6.57482933691905	0.0184269656450298	0.0137045712818614
1.22926493028218	-1.35299832082025	-0.000186140979124231	-0.000192204299307821	6.53506561744208	0.0185048112717308	0.0138216180976988
1.23926493028218	-1.2879039166077	-1.05010299962577e-06	-5.37349303169594e-05	6.48154965422538	0.0184977089493912	0.0138604026333796
1.24926493028218	-1.22341205134895	0.000183537519040355	8.47374109572275e-05	6.41462140841746	0.0184031757216667	0.0138232682734679
1.25926493028218	-1.15965483754309	0.000366765810317227	0.000222449504839007	6.33469599964715	0.018223204651181	0.0137111511697868
1.26926493028218	-1.09675988305942	0.000547802047357711	0.000358655639757792	6.24225584437893	0.0179647884173249	0.0135230227960431
1.27926493028218	-1.03484964668997	0.000725857208072676	0.000492631693193545	6.13784977796762	0.0176234015675364	0.0132693845809239
1.28926493028218	-0.974040869591251	0.000900175453811938	0.000623702898743291	6.02206793003213	0.0172164809420161	0.0129443833046523
1.29926493028218	-0.914444123211435	0.00107006604916545	0.000751234262736393	5.8955505253729	0.0167436910833067	0.012558406914292
1.30926493028218	-0.856163441394755	0.00123490175523916	0.000874646113756036	5.75897109320636	0.0162012219265632	0.0121260152131834
1.31926493028218	-0.799296047769717	0.00139410582044722	0.000993436447703222	5.61301178038434	0.0156130191625881	0.011639824277851
1.32926493028218	-0.743932206086552	0.00154719029556176	0.00110715780765214	5.45838055515804	0.014973484084145	0.0111176160812615
1.33926493028218	-0.690155132347726	0.00169372399438149	0.00121544972735544	5.29577445518099	0.0143060787748161	0.0105535708006989
1.34926493028218	-0.63804102693698	0.00183336658403287	0.00131801349666143	5.12589674458216	0.0136086240676422	0.00996322347173547
1.35926493028218	-0.587659164669484	0.00196585244103892	0.00141462577708835	4.94943627949566	0.0128807355739109	0.00936056423916346
1.36926493028218	-0.539072062848454	0.00209098517546205	0.0015051411857081	4.76705704173626	0.0121315427589696	0.00875136771597391
1.37926493028218	-0.492335712354248	0.00220863081390345	0.00158949350675454	4.57938849970234	0.011387670688768	0.00812642540013064
1.38926493028218	-0.447499880602625	0.00231874905149482	0.00166766361669957	4.38704769499133	0.0106357939306143	0.00750883089747052
1.39926493028218	-0.4046084241699	0.00242135103495642	0.00173970649573518	4.19060504690066	0.00988703855212044	0.00690060851764093
1.40926493028218	-0.363699661588135	0.00251651157970777	0.00180573189887436	3.9905945868605	0.00914883427312091	0.00630585783423944
1.41926493028218	-0.324806763014728	0.00260436321326062	0.00186589902120117	3.78751122100871	0.00842626848631082	0.00572955239690909
1.42926493028218	-0.287958156171648	0.00268508903339409	0.00192041144992046	3.58180823481504	0.00772468206924753	0.00517533039812231
1.43926493028218	-0.253177942436646	0.0027589181306283	0.00196950952102444	3.3738978383339	0.00704738676314203	0.00464735385758381
1.44926493028218	-0.22048631307862	0.00282611734137276	0.00201346555606023	3.16414964049924	0.0063992111113535	0.00414736164149373
1.45926493028218	-0.189899963330202	0.00288698774219054	0.00205257513018199	2.9528935481155	0.00578186771620747	0.00367853049615543
1.46926493028218	-0.161432493909541	0.00294185527962548	0.00208715352912855	2.74041850746163	0.00519923803077585	0.00324111766531827
1.47926493028218	-0.135094801469867	0.00299106851085985	0.00211752661307457	2.52697723413157	0.00465080576364586	0.00283794634581975
1.48926493028218	-0.110895446705802	0.00303498762005875	0.00214402946443954	2.31278426347549	0.00414004737213608	0.00246752255600699
1.49926493028218	-0.088841005689097	0.00307398325551619	0.00216699749625694	2.09802185691011	0.00366670026563346	0.00213049289119518
1.50926493028218	-0.0689363943795928	0.0031084291114914	0.00218676343695783	1.88284096941539	0.00323001375179403	0.00182702271022596
1.51926493028218	-0.0511851679531671	0.00313869590656281	0.00220365383622029	1.66736325217776	0.00283015671120911	0.00155571552448721
1.52926493028218	-0.0355897938420864	0.0031651475325422	0.00221798456676194	1.45168460950783	0.00246658865103586	0.00131502280997659
1.53926493028218	-0.0221518962608632	0.00318813694053223	0.00223005723089067	1.23587837145198	0.00213743907476282	0.00110383583461986
1.54926493028218	-0.0108724711617813	0.00320800111345627	0.00224015706846373	1.01999751332224	0.00184104780671873	0.000920278098104652
1.55926493028218	-0.00175207228769887	0.00322505762076002	0.00224855020741569	0.804077888305619	0.00157543217033849	0.000762218554825073
1.56926493028218	0.00520903262819659	0.00323960138258835	0.00225548142003797	0.588141360723749	0.00133801666497994	0.000627550230093252
1.57926493028218	0.0100107356795176	0.00325190166990828	0.00226117224985154	0.372198878301557	0.0011255166670229	0.000514346953498936
1.58926493028218	0.0126529934228958	0.00326219779950095	0.0022658207797128	0.156252259587394	0.000936567522135963	0.000418740298029315
1.59926493028218	0.0131357594403949	0.00327069974247928	0.0022695978110574	-0.0597003776061853	0.000766606257694171	0.000339200617072687
1.60926493028218	0.0114589496684728	0.00327758334160924	0.00227264797717539	-0.275663678615571	0.000612310890550447	0.000272905690708079
1.61926493028218	0.00762243608770564	0.0032829895111372	0.00227508794386855	-0.491641183970978	0.000469801774401659	0.000217268580693074
1.62926493028218	0.00162607180708789	0.0032870209585356	0.00227700704290632	-0.707633629283879	0.000337457975134722	0.000167643909186235
1.63926493028218	-0.00653025663260733	0.00328974533476393	0.00227846291395027	-0.923632371869504	0.000208363694233865	0.000123607722284065
1.64926493028218	-0.0168465419823159	0.00329118831870817	0.00227948583006878	-1.13962097100494	8.01088326332452e-05	8.08850206427736e-05
1.65926493028218	-0.0293225433222728	0.003291336390603	0.00228007530854816	-1.35556932832698	-5.1250009086506e-05	3.63758916316977e-05
1.66926493028218	-0.043957641246987	0.00329013606106011	0.00228019998536302	-1.57143085161969	-0.000190811464213431	-1.21185679814859e-05
1.67926493028218	-0.0607506620483862	0.00328749109516104	0.00227979956695283	-1.78714147169801	-0.00034054218386565	-6.9419184507167e-05
1.68926493028218	-0.0796996754701103	0.00328326697700448	0.00227878104298738	-2.00261319688822	-0.000506687831223732	-0.000136768166461951
1.69926493028218	-0.100801759207794	0.00327728717968062	0.00227702232288999	-2.21773452880315	-0.000692682349016382	-0.000217676602879363
1.70926493028218	-0.12405273752784	0.00326933562294639	0.00227437111601283	-2.43236635403429	-0.000901855297450667	-0.000315614165393587
1.71926493028218	-0.14944689185214	0.00325915874118767	0.00227064477910793	-2.64633863163061	-0.00113867666185034	-0.000432918195232006
1.72926493028218	-0.176976643790931	0.00324646544611413	0.00226563258911769	-2.85944929839731	-0.00140560043416763	-0.0005733326559594
1.73926493028218	-0.206632215393671	0.00323093144649885	0.00225909520350805	-3.07146038999419	-0.00170625402898159	-0.000739299327149323
1.74926493028218	-0.238401266371185	0.00321220262215715	0.00225076566627407	-3.28209562384235	-0.00204606180273924	-0.000931320754126201
1.75926493028218	-0.272268509361757	0.0031898936268822	0.00224035550266176	-3.49104264432679	-0.0024236153081419	-0.00115502142555326
1.76926493028218	-0.30821531493132	0.00316359913525331	0.00222755129205883	-3.69794621293989	-0.00284214699791288	-0.00141154154943555
1.77926493028218	-0.346219300333488	0.00313289591186939	0.00221202002465562	-3.90240970539457	-0.00330431398357891	-0.00170173448674176
1.78926493028218	-0.386253912943161	0.00309734816911948	0.00219341291789692	-4.10399515203334	-0.00381124726578046	-0.00202682673132149
1.79926493028218	-0.428288013422062	0.00305651444095043	0.0021713692242023	-4.30222330383835	-0.00436288859313257	-0.00238801618161495
1.80926493028218	-0.472285464879669	0.00300995498964865	0.00214552082788589	-4.49657454850706	-0.00495803775424815	-0.00278631182510573
1.81926493028218	-0.518204735617165	0.00295723984632304	0.00211549750259727	-4.68649062146621	-0.00559439586229432	-0.0032223837272909
1.82041327137584	-0.523598775598299	0.00295077231598804	0.00211176692794563	-4.70799002640668	-0.00566797222934872	-0.00327653891138084
1.83041327137584	-0.595393506424538	0.0456316957496485	0.032950268467498	-8.47760002097599	6.23821879475221	6.44074337563704
1.84041327137584	-0.680304896456564	0.106444481772097	0.0971844208281172	-8.30849735957556	5.59066301247766	5.96541901991026
1.85041327137584	-0.761021059403355	0.156523966212608	0.151000495905948	-7.85122554076922	4.4543638952456	4.82880277567605
1.86041327137584	-0.83776114126194	0.196327275363142	0.194364941320884	-7.51308082417922	3.53572524628253	3.88081145727668
1.87041327137584	-0.911593834318358	0.227822219931602	0.229227541827207	-7.26738618301224	2.79016992061785	3.11831632382365
1.88041327137584	-0.983347943056411	0.252604324560949	0.257221086753702	-7.09396539351026	2.18779166825616	2.50218226612181
1.89041327137584	-1.05365759835129	0.271968202380236	0.279663496267682	-6.97623762305608	1.70315576174234	2.00333110105234
1.90041327137584	-1.12300770125513	0.286976680479173	0.297619078943572	-6.8995389500126	1.31238829839528	1.60294665257029
1.91041327137584	-1.19176065882814	0.29849701084408	0.311959292647764	-6.85522188921549	1.00298947705012	1.27747785911968
1.92041327137584	-1.26018502370375	0.307247488882679	0.323384876494086	-6.83320438873477	0.757829976463671	1.0158679631206
1.92756071913343	-1.30899693899575	0.312134837859176	0.330085460521711	-6.82670283783537	0.614467585276223	0.862445680656349
1.93756071913343	-1.35701399820915	0.281637650692637	0.306664865728873	-3.35041342750175	-5.5663644529786	-5.54982890678199
1.94756071913343	-1.38907404649525	0.223387534864102	0.249019752869625	-3.39027548948714	-5.49944651503366	-5.47951255956655
1.95756071913343	-1.42645501455308	0.17448118973447	0.199538930283087	-4.07635849206326	-4.30275521125753	-4.4258282349857
1.96756071913343	-1.47014261712513	0.13647164137532	0.159911444313569	-4.63738173269637	-3.34184246666439	-3.53426816156377
1.97756071913343	-1.51876756742285	0.106882405133007	0.128242790044775	-5.06868785179108	-2.60803769129413	-2.82705285616682
1.98756071913343	-1.5711781351823	0.0837535594024564	0.102887712684815	-5.39832272738381	-2.04188470873248	-2.2651654840576
1.99756071913343	-1.62646472526201	0.0656280660200082	0.0825589702329635	-5.64690079768304	-1.60130809901774	-1.81751823749869
2.00756071913343	-1.68389265223053	0.0514008248729987	0.0662426967396209	-5.8289927047176	-1.25750562041864	-1.45966609883004
2.01756071913343	-1.74285712958119	0.0402202288675432	0.0531351919654906	-5.95585431148521	-0.98887930258722	-1.17302332140907
2.02756071913343	-1.8028535460844	0.0314241161761697	0.042596774526191	-6.03661475990159	-0.778376075065133	-0.943568287353942
2.03247696834043	-1.83259571459422	0.027812348703743	0.0381977121671971	-6.06135867863815	-0.69277464699375	-0.847671087173305
2.04247696834043	-1.86991219916036	-0.0203866427411979	-0.000735831661917108	-2.66471645478606	-6.50466727191105	-6.87403081940958
2.05247696834043	-1.89802512511523	-0.0822406606509385	-0.0674402792579747	-3.1070277529916	-5.61407232257489	-6.13508423783217
2.06247696834043	-1.93224046301145	-0.132372856358798	-0.122654102136416	-3.71165552854544	-4.45356435528076	-4.94259073580493
2.07247696834043	-1.97176578506247	-0.172117745383546	-0.167074668025584	-4.16995111238433	-3.53319823717754	-3.97686253402107
2.08247696834043	-2.01521863682544	-0.203699084565267	-0.202826548254684	-4.50270669392824	-2.81001389019347	-3.20404130171408
2.09247696834043	-2.06146615467695	-0.228860409324128	-0.231633756535651	-4.73255912446302	-2.2425283620368	-2.58266215281604
2.10247696834043	-2.10958435031581	-0.248970033626217	-0.254868832160263	-4.8788642522538	-1.79657510427306	-2.08337345465022
2.11247696834043	-2.15881682050898	-0.26510939278107	-0.273630050894066	-4.95741059033294	-1.44534687319324	-1.68366407828788
2.12247696834043	-2.20854482338066	-0.278133104794085	-0.288800690245788	-4.98011054665907	-1.16988375906874	-1.36308566955492
2.13247696834043	-2.25826231050844	-0.288716669659678	-0.301090606917274	-4.95660318234152	-0.955488261048985	-1.10454830339019
2.14247696834043	-2.30755484390118	-0.297395224857022	-0.311066515422281	-4.89617543911579	-0.787455633614714	-0.897846223311581
2.15247696834043	-2.35608559563924	-0.304586843738789	-0.319185579384698	-4.80536501201003	-0.656418150867325	-0.731877351034214
2.16247696834043	-2.40358034588212	-0.310618614229789	-0.325813859588315	-4.6897372009708	-0.554486356301373	-0.598214864388895
2.17247696834043	-2.44981581979311	-0.31574607973864	-0.331243164014273	-4.55439492718358	-0.474187101904656	-0.491649477405611
2.18247696834043	-2.49461184048894	-0.320164979222807	-0.335709815868755	-4.40246076274955	-0.411924432234209	-0.405030695157301
2.19247696834043	-2.53782154444495	-0.324028068201999	-0.339400342099546	-4.2374594655262	-0.362743199291394	-0.335402953605519
2.20247696834043	-2.57932645144735	-0.327451812437673	-0.342464774948741	-4.06192931738654	-0.323488375969033	-0.279457089428094
2.21220965139468	-2.61799387799149	-0.330446370708858	-0.344960993055681	-3.88274104471775	-0.292951712667888	-0.234983276547342
2.22220965139468	-2.67085567724903	-0.307460716168788	-0.313261761173404	-6.80607293697718	5.24046963521895	5.45246950625644
2.23220965139468	-2.74061646383006	-0.249642838103483	-0.256411633571628	-6.7412090661455	5.58324526961614	5.45451375905943
2.24220965139468	-2.80360302613614	-0.19959776587199	-0.206928025507204	-5.8629967431638	4.43684603755282	4.43888437083763
2.25220965139468	-2.85830745174589	-0.160168292357304	-0.167092406627485	-5.10274650545912	3.49243902633412	3.55901268862142
2.26220965139468	-2.90607350351041	-0.12903186491842	-0.135135256207852	-4.46826359597151	2.76558757559238	2.85958869315389
2.27220965139468	-2.94799254735186	-0.104298042884937	-0.109447280661369	-3.92934223956174	2.20530274424542	2.29799844195535
2.28220965139468	-2.98487468469999	-0.0845606646650272	-0.0887723047843976	-3.45833835808321	1.76219586646698	1.85125994402159
2.29220965139468	-3.01732807605361	-0.0687639520757972	-0.0721136343487176	-3.04062291100349	1.41176082276173	1.49260333452776
2.30220965139468	-3.04582155227129	-0.0560926459965012	-0.0586812030054518	-2.66429149335834	1.13338923896393	1.20403879726555
2.31220965139468	-3.07072068526594	-0.045910598307552	-0.0478442370074016	-2.3203570063785	0.911433857330098	0.971630982695472
2.32220965139468	-3.0923131039121	-0.0377173032309868	-0.0390974256929581	-2.00198403957289	0.733965007676922	0.784312651445478
2.33220965139468	-3.11082665113912	-0.0311165430490257	-0.0320351960847273	-1.70382112048206	0.591599074201512	0.633381637515417
2.34220965139468	-3.12644252405228	-0.025793651967057	-0.0263312786322042	-1.42188810667912	0.477427058519359	0.511518064572969
2.35220965139468	-3.13930562063423	-0.0214973230565173	-0.0217234384249272	-1.15273076783958	0.385330717570277	0.413419831095128
2.36220965139468	-3.14953163634033	-0.0180273569868045	-0.0179999061582098	-0.894137985096249	0.311590975954424	0.333894696602658
2.37220965139468	-3.15721374378462	-0.0152226064789171	-0.0149906811456521	-0.643715187636571	0.251909431334737	0.269888201832829
2.38220965139468	-3.16242647377802	-0.0129543831758111	-0.0125581923726951	-0.400010394895953	0.2038469803679	0.218122347742505
2.39220965139468	-3.16522982799606	-0.0111190154876259	-0.0105916930002482	-0.161636797368862	0.164986293284751	0.176349075901394
2.40220965139468	-3.16567199062959	-0.00963313272072249	-0.00900178066253726	0.0724976445012295	0.133442022899246	0.142716851979837
2.41220965139468	-3.16379154332502	-0.00842982433293843	-0.00771607715280922	0.30308247991746	0.108105234643194	0.115401483242353
2.42220965139468	-3.15961959175221	-0.00745486025682028	-0.00667635206672693	0.5308876783046	0.0876260987735197	0.0933139960336528
2.43220965139468	-3.15318110166574	-0.00666450825886575	-0.00583551590962907	0.756491949658762	0.0709988894432584	0.0755110312177664
2.44220965139468	-3.14449612735652	-0.00602352687276672	-0.0051554174585962	0.980271833396924	0.0575892017373082	0.0610877648073567
2.45220965139468	-3.13358095555576	-0.00550330954447811	-0.00460527479472722	1.20258878663243	0.0467376291227027	0.049437677232042
2.46220965139468	-3.12044891526659	-0.00508073022401702	-0.0041601340857512	1.42367571017805	0.0380013952112564	0.0399986269300847
2.47220965139468	-3.10511119080528	-0.00473698759034752	-0.0037998163737261	1.64372592778737	0.0309638145761777	0.0323667696892206
2.48220965139468	-3.08757748299934	-0.00445678950478803	-0.00350797398729969	1.86287483396414	0.025271155244045	0.0262311497085336
2.48848704464565	-3.07545291823239	-0.00430771212270556	-0.00335369200886459	2	0.0222931038185779	0.0229979192490326
2.49848704464565	-3.05436339533215	-0.00410542610435731	-0.00314601607016223	2.21775986335744	0.0183181418467902	0.0186900359770892
2.50848704464565	-3.03110061129974	-0.00393871161234426	-0.00297700318026002	2.43464411737154	0.0151501503189933	0.0152378420255391
2.51848704464565	-3.00567368270341	-0.00380023300241918	-0.00283892069731052	2.65057231409727	0.0126475534787581	0.012482071317943
2.52848704464565	-2.97809276654386	-0.00368395122950599	-0.00272544979296564	2.8654162027703	0.0106932354644956	0.0102967888604785
2.53848704464565	-2.9483695495427	-0.00358487525796513	-0.00263140919098841	3.07899878213741	0.00919259525591597	0.00858061376345622
2.54848704464565	-2.9165177334979	-0.00349886018200923	-0.00255253390705833	3.29109477861775	0.00806885278643847	0.00725219108896219
2.55848704464565	-2.88255351799359	-0.00342244555209183	-0.00248529658884902	3.50143052449668	0.00726010043920863	0.00624581271934059
2.56848704464565	-2.84649608126871	-0.00335272656551068	-0.00242676322143443	3.70968330003305	0.00671815387931289	0.00550683220456204
2.57848704464565	-2.80836805952181	-0.0032872499694655	-0.00237447841688913	3.91548198066642	0.00640548022918705	0.00498970062969022
2.58848704464565	-2.76819602312222	-0.00322392838158459	-0.00232637619771317	4.11841027070621	0.00628767766464331	0.00466051139306905
2.59848704464565	-2.72601094282207	-0.00316097615369637	-0.00228070617656331	4.31800709461088	0.00633326239014953	0.00449418010593813
2.60848704464565	-2.68184864214094	-0.00309686134760552	-0.00223597353451623	4.51376603358667	0.00651694372829216	0.00446929077528767
2.61848704464565	-2.63575023132541	-0.00303026809086509	-0.00219089258534002	4.70513637847721	0.00682110303523137	0.00456487928622846
2.62848704464565	-2.58776251682984	-0.00296006489226888	-0.0021443534877267	4.89152767022403	0.00723166389493816	0.00476221789367331
2.63848704464565	-2.53793837680564	-0.0028852802998447	-0.00209539759212026	5.07231529361686	0.00773367516141175	0.00504713897745259
2.64848704464565	-2.48633709225951	-0.00280508781675424	-0.00204319704880036	5.24684447931974	0.00831233721023702	0.00540812063579852
2.65848704464565	-2.43302462624715	-0.00271879545271536	-0.0019870401198803	5.41443536651425	0.00895387939423008	0.00583471573963439
2.66848704464565	-2.37807384192052	-0.00262583834971593	-0.00192632144898624	5.57438947479354	0.00964553916826701	0.00631691275073048
2.67848704464565	-2.32156465000963	-0.00252577384602931	-0.00186053604727388	5.72599728453716	0.0103752054355078	0.00684493827486462
2.68848704464565	-2.26358407685551	-0.00241827836179276	-0.0017892759590182	5.86854666963419	0.0111311156277163	0.0074091596437868
2.69848704464565	-2.20422624506761	-0.00230314542269555	-0.00171222880802144	6.00133202495642	0.0119017031148201	0.00799999135643279
2.70848704464565	-2.14359226014163	-0.00218028426277454	-0.00162917748104968	6.12366387144491	0.0126757335009982	0.00860767616300579
2.71848704464565	-2.08178999828398	-0.00204971803115628	-0.00154000069315164	6.2348790867632	0.0134420094300427	0.00922252188584709
2.72848704464565	-2.0189337924139	-0.00191158139234355	-0.00144467368870284	6.33435134734875	0.0141890455706688	0.00983524781513763
2.73848704464565	-1.95514401570061	-0.00176611734785756	-0.00134326844360351	6.42150138514567	0.0149050169258311	0.0104371757470574
2.74848704464565	-1.89054656458729	-0.00161367323168285	-0.00123595277780166	6.4958066201795	0.0155783298621951	0.0110199617696215
2.75848704464565	-1.82527224581701	-0.00145469634702565	-0.00112298751508096	6.55680939048509	0.0161998670605965	0.0115739846301014
2.76848704464565	-1.75945607562374	-0.00128972800276052	-0.00100472239645772	6.60412442321211	0.0167649354456095	0.0120870038052343
2.77848704464565	-1.69323650288809	-0.00111939283620085	-0.000881593157205335	6.63744774891449	0.0172696627218348	0.0125474135692582
2.78848704464565	-1.62675456814554	-0.00094438552239	-0.000754118023193558	6.65656524260969	0.0177052008359791	0.0129493017641504
2.79848704464565	-1.56015301021527	-0.00076546188536247	-0.000622887972723067	6.66135519717576	0.0180612217082647	0.0132898085134228
2.80848704464565	-1.49357533906019	-0.000583430538939457	-0.000488554241612484	6.65178800695403	0.0183318436374043	0.0135644444296708
2.81848704464565	-1.42716489526008	-0.000399139906520618	-0.000351817708946018	6.62792713256266	0.0185149275035652	0.0137678435736834
2.82848704464565	-1.36106391308212	-0.000213463863529366	-0.000213417961783755	6.58992898799786	0.0186097155954834	0.013895833098273
2.83848704464565	-1.29541260445525	-2.72883369034255e-05	-7.41206612415888e-05	6.53804018191606	0.018616242235099	0.0139459824135837
2.84848704464565	-1.23034828190307	0.000158501998910248	6.52954962315674e-05	6.47259312004261	0.0185345999432954	0.0139182127478259
2.85848704464565	-1.16600453641271	0.000343036257622702	0.000204052185573959	6.39399981279418	0.0183647415881133	0.0138149045503739
2.86848704464565	-1.10251048284186	0.00052546527241372	0.00034138781979989	6.30274126818517	0.018112845544501	0.0136355254040135
2.87848704464565	-1.03999009072323	0.000704977203795503	0.000476566197281034	6.19936256130438	0.017783298339622	0.0133830911084746
2.88848704464565	-0.978561602637285	0.00088080530643441	0.000608889761957761	6.0844617684456	0.017382014199054	0.0130612180642513
2.89848704464565	-0.918337051348279	0.00105223750055177	0.000737709130300707	5.95868075323471	0.0169146998614082	0.0126753135009891
2.90848704464565	-0.859421882674711	0.00121863447385742	0.000862422999349929	5.82270347266361	0.0163686040504587	0.0122473894285801
2.91848704464565	-0.801914657838947	0.0013793982244869	0.000982516235788015	5.67721633452704	0.0157750903672032	0.0117640688146829
2.92848704464565	-0.745906893728113	0.0015340186906511	0.00109753055967457	5.52293147147128	0.0151389008586627	0.0112347392199978
2.93848704464565	-0.691482973027705	0.00168206190128857	0.00120708055675137	5.36056553764347	0.0144631171630228	0.0106706514362573
2.94848704464565	-0.638720151584144	0.00182317027522764	0.0013108568551955	5.19082980060064	0.0137515131034379	0.0100826855589805
2.95848704464565	-0.587688648533179	0.00195706012653374	0.00140862887910871	5.01441986399025	0.013013418203172	0.00947705755699993
2.96848704464565	-0.538451812337309	0.00208352017975462	0.00150024418020674	4.83200806939701	0.0122648166016004	0.0088541758794153
2.97848704464565	-0.491066360449662	0.00220242635804137	0.00158561197675377	4.6442505953164	0.0115002380676031	0.00823167748299995
2.98848704464565	-0.445582653148681	0.00231370991223804	0.00166472344960816	4.45175950290456	0.0107413859508603	0.00760401090915922
2.99848704464565	-0.402045040357309	0.00241738285001663	0.00173762276857003	4.25512170321233	0.00998802175008665	0.00698289244454676
3.00848704464565	-0.360492224353996	0.0025135200736729	0.00180441249940273	4.05488535226637	0.00924022500691532	0.00637881861302357
3.01848704464565	-0.320957652626342	0.00260224858575095	0.00186525234646685	3.85155314384912	0.00850793280248637	0.00579303384213546
3.02848704464565	-0.283469935218365	0.00268375060200125	0.0019203453574253	3.6455878735067	0.00779615888076157	0.00522972235136357
3.03848704464565	-0.248053266484159	0.00275825502321999	0.00196993341488593	3.43740982897617	0.00710925445694186	0.0046924422978891
3.04848704464565	-0.214727850453697	0.00282603112162364	0.00201429065429793	3.22739679948041	0.00645105699438163	0.00418399231087502
3.05848704464565	-0.183510322892426	0.00288738342386657	0.00205371590293702	3.01588571916997	0.0058228398952183	0.00370811918947339
3.06848704464565	-0.154414160835319	0.00294264004381682	0.00208853077271377	2.80316965987837	0.00523225775913046	0.00326215075995048
3.07848704464565	-0.127450085037652	0.0029921561545483	0.00211906554681738	2.58950715260776	0.00467697441529991	0.00285059038461751
3.08848704464565	-0.102626435942551	0.00303629969781949	0.00214566040043478	2.37511769148886	0.00415846327856975	0.00247374495479867
3.09848704464565	-0.0799495335719551	0.00307544836862813	0.00216865780324971	2.16018627138275	0.00367719129167698	0.00213178596312554
3.10848704464565	-0.0594240115037265	0.00310998238175803	0.0021883991653618	1.94486458527435	0.00323539642088347	0.00182251856364063
3.11848704464565	-0.0410531275157213	0.00314028276762741	0.00220521759282908	1.72927651919028	0.00283108570730891	0.00154642727154936
3.12848704464565	-0.0248390437950013	0.00316672325790031	0.00221943676759897	1.51351842502504	0.00246342197190402	0.00130228693595575
3.13848704464565	-0.0107830808034603	0.00318966679653517	0.00223136669475907	1.29766286351607	0.00213091584036294	0.00108873923385114
3.14848704464565	0.00111405886766043	0.00320946045774466	0.00224130153613932	1.08176085005851	0.00183293486042585	0.000903112897685525
3.15848704464565	0.0108520949697715	0.00322643340265003	0.00224951559808217	0.865846255623533	0.00156670527137434	0.000743976701711011
3.16848704464565	0.0184310054313749	0.00324089201872476	0.00225626235171075	0.64993771084315	0.00132967388092035	0.000609242714457201
3.17848704464565	0.0238508913537737	0.0032531172505926	0.00226177221306938	0.434041986756279	0.00111874571330466	0.000496859118550815
3.18848704464565	0.0271118730032816	0.00326336032516365	0.00226625222565714	0.218155847189402	0.000932779713119648	0.000402798862365467
3.19848704464565	0.0282140136004672	0.00327184368746842	0.00226988192054723	0.00227177100022652	0.000766845081143209	0.000325857143109454
3.20848704464565	0.0271572763724618	0.00327875546505078	0.00227281500418415	-0.213621669936113	0.000617847071796709	0.000263040402263275
3.21848704464565	0.0239415094080102	0.00328424904414223	0.00227517720216872	-0.4295356118058	0.000482017075488856	0.000211681528461532
3.22848704464565	0.0185664620127077	0.00328843986950041	0.0022770667760541	-0.645479099101981	0.000357509433451699	0.000167327626174406
3.23848704464565	0.0110318284806746	0.00329140818600139	0.00227855044878793	-0.861452790645382	0.00023743737501428	0.000129530143379885
3.24848704464565	0.00133732661731509	0.00329319215919022	0.0022796676238813	-1.07745045545916	0.000119493870003405	9.39209693214256e-05
3.25848704464565	-0.010517198040499	0.00329379070215026	0.00228042686403551	-1.29345300245373	-3.13768619494107e-07	5.74228784730396e-05
3.26848704464565	-0.0245316359489403	0.00329316248080115	0.00228080583983913	-1.50942573349222	-0.000127073264630259	1.77965702422045e-05
3.27848704464565	-0.0407054462871312	0.00329122324215155	0.00228075304628508	-1.72531716477113	-0.000263055996035466	-2.95715340017348e-05
3.28848704464565	-0.059037462613784	0.003287849526855	0.00228018448252068	-1.94105304120877	-0.000414084484339233	-8.63405245803741e-05
3.29848704464565	-0.0795256655865982	0.0032828756465355	0.0022789864778441	-2.15653601948694	-0.000583908667104764	-0.000155847609087926
3.30848704464565	-0.102166928671192	0.00327609554534755	0.00227701482367038	-2.37164182655435	-0.000776216913422242	-0.000241378980028908
3.31848704464565	-0.126956735049365	0.0032672641235636	0.00227409496478821	-2.58621629527424	-0.000994969554263214	-0.00034584138945497
3.32848704464565	-0.1538888668661	0.00325609815994967	0.00227002311266616	-2.80007321795128	-0.00124326509498451	-0.000472620398694358
3.33848704464565	-0.182955070038685	0.00324228048858595	0.00226456553226535	-3.01299027618844	-0.00152666243222948	-0.000622792833387622
3.34848704464565	-0.214144692147352	0.0032254579795939	0.00225746347480978	-3.22471047338827	-0.00184528690683328	-0.000801486740772061
3.35848704464565	-0.247444304017417	0.00320525035278873	0.00224843052418472	-3.43493595716145	-0.00220272624954673	-0.0010105096053463
3.36848704464565	-0.282837299969657	0.00318125238275284	0.00223715612202226	-3.64332787948512	-0.00260285071905011	-0.00125083095599315
3.37848704464565	-0.32030348434123	0.00315303721848107	0.00222330940765485	-3.84950643222779	-0.00304717770648052	-0.00152464493240059
3.38848704464565	-0.35981864998148	0.0031201628880919	0.00220654162780989	-4.05304949363571	-0.00353628863999723	-0.00183407829888737
3.39848704464565	-0.401354152742649	0.00308217867844593	0.00218648989644364	-4.25349258060152	-0.00406974492602417	-0.00218113379591884
3.40848704464565	-0.44487648919284	0.00303863307317798	0.00216278093735035	-4.45032884787006	-0.00464736524264239	-0.00256651001657753
3.41848704464565	-0.490346883980358	0.00298908141741379	0.0021350362917143	-4.64301061656672	-0.0052688883875916	-0.00298975850567918
3.42554715768296	-0.5235987755983	0.00295024760167386	0.00211281123912566	-4.77622607094613	-0.00573618928879638	-0.00330866056714983
3.43554715768296	-0.596068283786115	0.0456150378624043	0.0329585247996182	-8.54546163278311	6.23743021810296	6.44065077334731
3.44554715768296	-0.681654726858591	0.106412758592416	0.0971887183946176	-8.37533046179458	5.58774468751095	5.96535162393626
3.45554715768296	-0.763038446875341	0.156461640312846	0.150997748375163	-7.91787843461199	4.45112393316311	4.82755874780199
3.46554715768296	-0.840441237498759	0.19622527166214	0.194351245293813	-7.57902046275739	3.53117539685114	3.87982162926857
3.47554715768296	-0.91493192046041	0.227673953489875	0.229201403955991	-7.33295516058847	2.78532524952672	3.11703308456783
3.48554715768296	-0.987339598640691	0.252406969780299	0.257181365391935	-7.15910271441018	2.18286358165604	2.50075783992404
3.49554715768296	-1.05829795367496	0.271721609247293	0.279609706484934	-7.04082185625847	1.69826193369929	2.00196383282399
3.50554715768296	-1.12829092429704	0.286682549643872	0.297551620455123	-6.96355134769181	1.30789518816514	1.60147225942944
3.51554715768296	-1.1976799466469	0.298159028272617	0.311878596230745	-6.91843573840906	0.998811764098621	1.27621304171461
3.52554715768296	-1.26673207383275	0.306870202672931	0.323292139690525	-6.8955441707287	0.754219330994598	1.01465517974145
3.53167989156802	-1.30899693899575	0.311103306595697	0.329100287299658	-6.8888393284196	0.629813152549956	0.881960481391974
3.54167989156802	-1.35756118888621	0.280617422265612	0.305889916996921	-3.40857266170254	-5.55709474978194	-5.53873823772887
3.55167989156802	-1.39022358469971	0.222502904406553	0.248366093403757	-3.45114701038289	-5.48430938456758	-5.46724083561008
3.56167989156802	-1.42820580872236	0.173738078258261	0.199000770309311	-4.13566138121617	-4.28967540123243	-4.41531697132094
3.57167989156802	-1.47247749933727	0.135847779433454	0.159468908655046	-4.69493728850259	-3.33096140611233	-3.52562795082712
3.58167989156802	-1.52167003303145	0.106358605200071	0.127878432338886	-5.12465747865885	-2.59886125099412	-2.81998749831906
3.59167989156802	-1.57463263505849	0.083314289920071	0.102587400832554	-5.45275837552005	-2.03412781806804	-2.25936666900157
3.60167989156802	-1.63045602307616	0.0652602854014688	0.0823112048836778	-5.6998130902916	-1.59476042918673	-1.81275305168988
3.61167989156802	-1.68840549151057	0.0510933374709412	0.0660380719634535	-5.880401487208	-1.25193644540223	-1.45580281305851
3.62167989156802	-1.74787615329246	0.0399634769815959	0.0529658855892217	-6.00570214993889	-0.984230117657938	-1.16984144159891
3.63167989156802	-1.80836316766652	0.0312098008285235	0.0424563870223232	-6.08490131854669	-0.774479732881409	-0.940979859524608
3.63565542715972	-1.83259571459405	0.0282715352252456	0.0388732240029338	-6.10505756405692	-0.704571868166513	-0.862981380640769
3.64565542715972	-1.87035635738025	-0.0200313159131341	-0.000208716607521343	-2.71266816384932	-6.50882295659851	-6.88199749900555
3.65565542715972	-1.89896695746803	-0.0818942849730275	-0.0669582882249131	-3.15768269143633	-5.61331628879206	-6.13800732687535
3.66565542715972	-1.93369240753103	-0.132011604865267	-0.122195661698038	-3.76292892249978	-4.45150345732505	-4.94450208987378
3.67565542715972	-1.97373141878647	-0.171732939100425	-0.166631675912408	-4.22131126413617	-3.53073308578833	-3.97798524893096
3.68565542715972	-2.01769782771561	-0.203287624013485	-0.202393449419758	-4.55401151526065	-2.80720787082713	-3.20492620766055
3.69565542715972	-2.06445635590596	-0.228422016335253	-0.231207281456983	-4.78345593958594	-2.23991161494959	-2.58319482235181
3.70565542715972	-2.11308089545209	-0.248506801310002	-0.254446748551311	-4.92921305709638	-1.79424199872369	-2.08373672452276
3.71565542715972	-2.1628135636697	-0.264624690210987	-0.273211049023863	-5.00710635015982	-1.44334781209752	-1.68398450906876
3.72565542715972	-2.21303460788602	-0.277630893636791	-0.288384198974797	-5.02903282802535	-1.16833834100148	-1.36332799232972
3.73565542715972	-2.26323724234294	-0.288201254077161	-0.300676377960854	-5.00470469180672	-0.95438961643053	-1.10476534270571
3.74565542715972	-2.31300660446627	-0.29687089921915	-0.310654536692645	-4.94344539440889	-0.786748959249952	-0.898106473213454
3.75565542715972	-2.3620057203801	-0.304057590370432	-0.318776098540948	-4.8517680696506	-0.656133113494909	-0.73211838893771
3.76565542715972	-2.40996032756645	-0.310088160911669	-0.32540709482296	-4.73529616406005	-0.55455072648433	-0.598484918836887
3.77565542715972	-2.45664728735394	-0.315217760437142	-0.330839353374355	-4.59914693590123	-0.474521155675732	-0.491997754393591
3.78565542715972	-2.50188671836586	-0.319641609740635	-0.335309318011773	-4.44640278899115	-0.4125594626373	-0.405362269681437
3.79565542715972	-2.54553206061573	-0.32351213149573	-0.339003391154112	-4.28063396626855	-0.363628359234136	-0.335727678644654
3.80565542715972	-2.58746522132403	-0.326945450131989	-0.342071508100148	-4.1044056740721	-0.324529178234518	-0.27984628126401
3.81322105911273	-2.6179938779915	-0.329307076093104	-0.344051276649412	-3.96529331398305	-0.300223408173591	-0.244722751543696
3.82322105911273	-2.67180847911878	-0.306145150329173	-0.312459502781303	-6.89811700252635	5.25104098196414	5.45452260506182
3.83322105911273	-2.74237203818962	-0.248432170773975	-0.255689474118599	-6.8142748745999	5.55947154603738	5.44622879211553
3.84322105911273	-2.80610475748329	-0.198584916828837	-0.206331570347705	-5.93721116319741	4.41652074192184	4.42868790339116
3.85322105911273	-2.86156649473221	-0.15932450719858	-0.166606062065573	-5.17794366262827	3.47449356630078	3.55141161220861
3.86322105911273	-2.9101002609462	-0.128332793848759	-0.13473627844999	-4.54644954340956	2.75422940933752	2.84999693208541
3.87322105911273	-2.95279965010371	-0.10371513795963	-0.10912472094912	-4.00620634784516	2.19124632473497	2.29408166341809
3.88322105911273	-2.99046838876811	-0.0840793439024943	-0.0885090342018609	-3.53687349531007	1.75182467944407	1.8468159815042
3.89322105911273	-3.02371578370003	-0.0683674072589217	-0.0718994386455344	-3.12019847218014	1.4037000351476	1.48842985429849
3.90322105911273	-3.05300930713148	-0.0557672100926526	-0.0585071014286807	-2.74484569237996	1.12747985886397	1.19992952392417
3.91322105911273	-3.07871409037156	-0.0456438227969148	-0.0477034880881247	-2.40121283502814	0.906202310799404	0.968527409637542
3.92322105911273	-3.10111668208548	-0.0374993724196808	-0.0389838386789203	-2.08315392375185	0.729402335157384	0.781965470853949
3.93322105911273	-3.12044428204009	-0.0309393922035168	-0.0319434649431047	-1.78551249211273	0.588106662888438	0.631240902433832
3.94322105911273	-3.13687787655956	-0.0256500859251361	-0.0262573642492534	-1.50396969780805	0.474681838502709	0.509669744862081
3.95322105911273	-3.15056202521279	-0.0213813102736089	-0.0216640217176242	-1.23509985227975	0.383069284549922	0.411927205012865
3.96322105911273	-3.16161225692407	-0.0179336645942219	-0.017952432916542	-0.976557524489378	0.309265109529269	0.333080439145232
3.97322105911273	-3.17012124269176	-0.0151474912089455	-0.0149525679159005	-0.726467022477441	0.250078771190413	0.269178586631466
3.98322105911273	-3.17616361676407	-0.0128942565044138	-0.0125277409832609	-0.48294098118404	0.202150436620476	0.217723318484553
3.99322105911273	-3.17979909575186	-0.0110711979876725	-0.0105673039024327	-0.244833966368967	0.163585045089991	0.176049601765624
4.00322105911273	-3.18107571018867	-0.00959547588745636	-0.00898212768285161	-0.0110694741324616	0.132541460724053	0.142282142289772
4.01322105911273	-3.18003202450562	-0.0084002954808154	-0.00770033394232645	0.219292284523858	0.107391973780792	0.115036249303495
4.02322105911273	-3.17669887170152	-0.00743193509854946	-0.00666376933510903	0.446909876671857	0.0870402771011543	0.0930223453580025
4.03322105911273	-3.17110093576081	-0.00664701273133279	-0.00582546984205083	0.672331076908496	0.0705655571186371	0.075234425665186
4.04322105911273	-3.16325796749532	-0.00601047934411607	-0.00514747127050243	0.895988776446082	0.0572352046076361	0.0608550936752379
4.05322105911273	-3.15318581550488	-0.00549397696296406	-0.00459907496836107	1.1182254775579	0.0464545110416182	0.0492295930170567
4.06322105911273	-3.14089729538802	-0.0050745316085047	-0.00415544240702645	1.33930536157157	0.0377411077933555	0.039832837984275
4.07322105911273	-3.12640294007085	-0.00473350494943468	-0.00379646128258044	1.55942294374959	0.0307053361444329	0.0322422589429811
4.08322105911273	-3.1097116619016	-0.00445575125061181	-0.00350583136973207	1.778710074284	0.0250330998127466	0.0261171485365307
4.09322105911273	-3.090831349785	-0.00422893920387437	-0.00327032691571265	1.99724113796055	0.0204717571971968	0.0211823311029122
4.09334750142275	-3.09057864070047	-0.0042263516378051	-0.00326765402287708	2	0.0204194230999653	0.0211272554411177
