=========================== Parameters =====================================
l1 [m]	l2 [m]	l3 [m]	c1 [m]	c2 [m]	c3 [m]	m1 [kg]	m2 [kg]	m3 [kg]
0.22	0.22	0.2458	0.022	0.176	0.22122	0.1564	0.23764	0.1564
============================== Data ========================================
t [s]	th1 [rad]	th2 [rad]	th3 [rad]	th1d [rad/s]	th2d [rad/s]	th3d [rad/s]
0	0	0	0	0	0	0
0.01	-0.00145970440514264	0.000692582813780367	0.000631236873321656	-0.268677702213293	0.103768557717004	0.113865380584057
0.02	-0.00516750900979497	0.00184268898709736	0.00196477453998811	-0.466731113395866	0.119478899551503	0.143041580378046
0.03	-0.0107193622161329	0.00300098864247886	0.00336897322129596	-0.641487613795303	0.109801206534111	0.134401045545327
0.04	-0.0179748274642717	0.00401507394724912	0.00461430063200945	-0.809132200989478	0.0925143371330241	0.11386708854529
0.05	-0.0269003217161023	0.00485007149394151	0.0056421652284028	-0.97614040345135	0.0747194223962086	0.0918876532055495
0.06	-0.0375032282664686	0.00551609720321481	0.00646026146739705	-1.14481096440312	0.0589428811191913	0.0722258425109257
0.07	-0.0498038585491141	0.00603748782573748	0.00709800346024695	-1.31569690467083	0.0458045394686641	0.0558632658830688
0.08	-0.0638240270203169	0.00644036404238475	0.00758839226452566	-1.48866408092261	0.0351800620450043	0.0427025383075877
0.09	-0.0795827882523958	0.00674810070527155	0.00796131533031303	-1.66334321138454	0.0267011176876134	0.0322888087183018
0.1	-0.0970951609346412	0.00698010299681502	0.00824163905054633	-1.83931390937087	0.0199612875305168	0.0241022106920039
0.11	-0.116372015634697	0.00715187973459716	0.00844919347031164	-2.01617189398722	0.0145925312931745	0.0176662987293705
0.12	-0.137420347107999	0.00727555479920924	0.00859940905825116	-2.19354730583516	0.0102875392676414	0.012579125631989
0.13	-0.160243612420027	0.00736046574682359	0.00870409510573713	-2.37110327212822	0.00679963422952199	0.00851444559355926
0.14	-0.184842016550528	0.00741372043740896	0.00877216463924357	-2.54852545594845	0.00392978646960552	0.00521614533250199
0.15	-0.211212706516502	0.00744066398569578	0.00881025214274897	-2.72551367396703	0.00151982435853471	0.0024848726230811
0.16	-0.239349874595283	0.00744525833022976	0.00882321483056865	-2.90177414900208	-0.000553805712563019	0.000165447093692051
0.17	-0.26924478151827	0.00743038545593136	0.00881453030337423	-3.07701260927133	-0.00238603682250141	-0.00186328757826032
0.18	-0.300885713834168	0.00739808867239971	0.00878660807239005	-3.25092772031865	-0.00405026229107746	-0.00369508920717294
0.19	-0.334257887892752	0.00734976214365699	0.00874103421264753	-3.42320664039687	-0.00560235225873923	-0.00540261310049818
0.2	-0.369343313569305	0.00728630143873892	0.00867876277862043	-3.59352127369759	-0.0070847300847552	-0.00704162854571555
0.21	-0.406120628367346	0.00720822342279298	0.00860026647375663	-3.76152548376294	-0.0085297982527097	-0.00865406224638828
0.22	-0.444564911315126	0.00711576201277443	0.00850565646101192	-3.92685349643871	-0.0099621080893804	-0.0102706454940734
0.23	-0.484647485453801	0.00700894559438261	0.00839477847829005	-4.08911915129386	-0.0113999968314516	-0.011912952600506
0.239354928224532	-0.523598775598299	0.00689592968065963	0.00827602076918458	-4.23778143061079	-0.0127708028164812	-0.0134790192385393
0.249354928224532	-0.587626243891693	0.0448256691988041	0.00059831143796224	-7.63662395780288	5.5466605920098	-0.232301964890835
0.259354928224532	-0.665793779921359	0.0946480478595822	0.0180824156317796	-8.00512214215151	4.4423970585276	3.69835941554951
0.269354928224532	-0.748754581636998	0.13725475576724	0.0695317618578451	-8.61592376761091	4.39534669936257	5.86429943287781
0.279354928224532	-0.835247373458325	0.180458906174432	0.127858852390856	-8.57556481765561	4.12984165195603	5.62136558665693
0.289354928224532	-0.91910287061795	0.218598747652067	0.180003931290136	-8.17212680611858	3.47548984442624	4.76240899504273
0.299354928224532	-0.998512373997078	0.249764636340091	0.22289956852944	-7.71472256462211	2.76634241299014	3.82043048702521
0.309354928224532	-1.07356566011295	0.274137737396716	0.256733231112303	-7.30781009691982	2.12366094542377	2.96671823959917
0.319354928224532	-1.14492392524146	0.292569970486938	0.282681178381594	-6.97600795126961	1.57796563924083	2.24733967559325
0.329354928224532	-1.21334606950453	0.306056398609548	0.302108288107818	-6.71973365955639	1.13424237401366	1.66051797968365
0.339354928224532	-1.27953843194642	0.315561490912361	0.316293872874659	-6.52871490808175	0.780891742851165	1.19554589365404
0.343891227297829	-1.30899693899575	0.318796640863922	0.321310341294697	-6.4609083341282	0.647912946016863	1.01972904435689
0.353891227297829	-1.35537290918877	0.291293946676991	0.338606365846283	-3.3330579785856	-4.92605326875343	1.5178811400103
0.363891227297829	-1.38687113839927	0.246197144185409	0.332750715213524	-2.98086807596782	-4.04433197383104	-2.72838410931447
0.373891227297829	-1.41361756648262	0.206897275532886	0.288008207251254	-2.26744849087423	-4.23995231095808	-5.48816330715274
0.383891227297829	-1.43501988196497	0.16328582406125	0.23107091030291	-2.16659358622629	-4.30266434524543	-5.68254129906365
0.393891227297829	-1.45895279584523	0.123052362049822	0.17740477663246	-2.67923943272452	-3.68045355244056	-4.96187054754015
0.403891227297829	-1.48917659224926	0.0902531064243752	0.132706658315455	-3.36913548242792	-2.8802829597365	-3.96567034051932
0.413891227297829	-1.52615450722718	0.0651864218459588	0.0978888005402005	-4.00869032464014	-2.15482177640133	-3.02139196987059
0.423891227297829	-1.56892207612282	0.0466538852665671	0.071702402043847	-4.52239603911354	-1.57686263363336	-2.24733497536114
0.433891227297829	-1.61616705360122	0.0331705201971589	0.0523334909141486	-4.90613624920243	-1.14195246095604	-1.65467053692995
0.443891227297829	-1.66667601641336	0.0234265671303465	0.0380967661288834	-5.17906159398399	-0.824092681374888	-1.2151273661284
0.453891227297829	-1.71945634338278	0.0163937992596745	0.0276360714059333	-5.36418034969866	-0.595105808226346	-0.894051145568995
0.463891227297829	-1.77373324457026	0.0113053694909914	0.0199242692899591	-5.48154340403708	-0.431331352659144	-0.661133905177274
0.473891227297829	-1.82891103632875	0.00760357299618759	0.0142043546247094	-5.54659899134309	-0.315255573995843	-0.492202128032194
0.47455537109536	-1.83259571459405	0.007396338192499	0.0138805879167339	-5.5493518354781	-0.308938552003784	-0.482749043078815
0.48455537109536	-1.86767584022189	-0.0324983770382036	0.0163739085024313	-2.43390147061771	-5.53717338077804	-0.358515358486606
0.49455537109536	-1.8909450033481	-0.082120528822257	-0.00641272466183409	-2.20867129030312	-4.42197765732972	-4.15569234697229
0.50455537109536	-1.91069115145947	-0.125342765968682	-0.0601966860437088	-1.76301805301918	-4.44624046659155	-5.90131433576089
0.51455537109536	-1.92911648127907	-0.168532264034674	-0.118058481242843	-2.01547182748449	-4.09211194343874	-5.51616841563159
0.52455537109536	-1.95195043427031	-0.206160910541054	-0.168923664252682	-2.56659071984527	-3.41754299539836	-4.62556934729894
0.53455537109536	-1.98044823735707	-0.236848352546944	-0.210511429849467	-3.12245387495014	-2.72922699648756	-3.70533622667512
0.54455537109536	-2.0140751931753	-0.261074011763468	-0.243409529018889	-3.585544261607	-2.13176626600695	-2.89957956636856
0.55455537109536	-2.05178095507731	-0.279858593376179	-0.268988488237333	-3.93724657882351	-1.64292445168978	-2.24075719480055
0.56455537109536	-2.09246782580773	-0.29427659479313	-0.288685493547549	-4.18339524745049	-1.25729474864603	-1.71969987562321
0.57455537109536	-2.13514500800763	-0.305298386004144	-0.303778608148588	-4.33796417302945	-0.960887638821367	-1.31657308882555
0.58455537109536	-2.17897218041418	-0.313742844320749	-0.315336251450886	-4.41604440860272	-0.739002247118272	-1.0093500203147
0.59455537109536	-2.2232604569689	-0.32027567539281	-0.32422095513042	-4.43234519603949	-0.576558785576441	-0.778649036031811
0.60455537109536	-2.26745892714515	-0.325421821746707	-0.33111280075619	-4.40011818821891	-0.459511852043682	-0.608300124799629
0.61455537109536	-2.31113662690057	-0.329582128387229	-0.336539004410244	-4.32987704293491	-0.377612871827409	-0.483477691330278
0.62455537109536	-2.35396101920557	-0.33305747091081	-0.340898408589477	-4.23092093731382	-0.320842348648459	-0.393512679907111
0.63455537109536	-2.39568046783227	-0.336065107357417	-0.34448958082997	-4.10993616149832	-0.283015257268811	-0.328504983826024
0.64455537109536	-2.43610564143451	-0.338760624422728	-0.347529525177176	-3.97292940688087	-0.257485020766026	-0.282362925513773
0.65455537109536	-2.47509687288834	-0.341249118445619	-0.350175762002957	-3.82370546578101	-0.241150877296346	-0.248891020165029
0.66455537109536	-2.51255064792648	-0.343601970098133	-0.352538048981097	-3.66589158266981	-0.229940335353442	-0.225003708664157
0.67455537109536	-2.54839191499821	-0.345862865947029	-0.354693757216978	-3.5015068529499	-0.222544846662815	-0.207097715259056
0.68455537109536	-2.5825655071784	-0.348058729195942	-0.356694464695533	-3.33254083733507	-0.216881930022319	-0.193585502770976
0.69455537109536	-2.61503159618653	-0.350203254672769	-0.358574842278563	-3.16020586827364	-0.212096154703061	-0.182866461983426
0.695495160636448	-2.6179938779915	-0.35040231372448	-0.358746326690432	-3.14383494681385	-0.211755964790342	-0.181886697002132
0.705495160636448	-2.66057224465228	-0.331154835471908	-0.36332240946591	-5.40122352877188	4.13700102713518	-0.782000979890567
0.715495160636448	-2.7191420948961	-0.283292084586432	-0.362682104457711	-5.91241547344218	4.52332361242607	1.57657342336458
0.725495160636448	-2.77812491824786	-0.242387699056846	-0.33044613873581	-5.91518238345127	3.72007607315632	4.83155621587143
0.735495160636448	-2.83918265032842	-0.202123775503554	-0.276892957810002	-6.14867558727004	4.18846351532542	5.58101513481876
0.745495160636448	-2.8986450873503	-0.161482244070982	-0.222471329254194	-5.66152806362207	3.84145087812383	5.18717654810183
0.755495160636448	-2.95151244527662	-0.12629252205706	-0.174656002619527	-4.89205899468274	3.17451315319667	4.34142769613236
0.765495160636448	-2.99641592253201	-0.0980717299122541	-0.135793286838382	-4.09864603942097	2.48294741373951	3.43920731768962
0.775495160636448	-3.03378351691655	-0.0762828487752056	-0.105483840130722	-3.39282464656029	1.89552730141708	2.64773312685604
0.785495160636448	-3.06464165711944	-0.059737536572888	-0.0823128918325938	-2.79659858826006	1.43373758406048	2.01252201665794
0.795495160636448	-3.0900399347653	-0.0472449709561497	-0.064742524180746	-2.29808175133926	1.08202617005746	1.52318269338351
0.805495160636448	-3.11085872843706	-0.0378161526122094	-0.0514474390904796	-1.87692320994544	0.816172066040125	1.15336835738095
0.815495160636448	-3.12778137624346	-0.0306890398474786	-0.0413799822474783	-1.51586336911226	0.618109621474512	0.873751633143266
0.825495160636448	-3.14132450880633	-0.0252881444835041	-0.0337445074884322	-1.19917241411336	0.469230877288282	0.663170224462528
0.835495160636448	-3.15187362407807	-0.0211854151004458	-0.0279428011492634	-0.915517443768668	0.356845232325858	0.504391345052189
0.845495160636448	-3.15971625230389	-0.0180621507091384	-0.0235267281005658	-0.656625659219484	0.271888096515775	0.384275710352328
0.855495160636448	-3.16506751208394	-0.015680074598206	-0.0201602822686774	-0.416307709941545	0.207510680678103	0.29317085353507
0.865495160636448	-3.16808890243174	-0.0138603544208949	-0.0175907392725872	-0.189956776356024	0.158604603609805	0.223929824152553
0.875495160636448	-3.1689020562684	-0.012468299064303	-0.0156273342001949	0.0258171954153354	0.121466509505789	0.17115579275925
0.885495160636448	-3.16759893657652	-0.0114018960245035	-0.0141257621885934	0.233655121903539	0.0930938355578152	0.130970235809049
0.895495160636448	-3.16424912615205	-0.0105838939523068	-0.0129763852044308	0.435435857269731	0.0714737682420244	0.100288432255862
0.905495160636448	-3.15890547020113	-0.00995542453946047	-0.0120958455267931	0.632635526791301	0.0549518551381756	0.0768786986293809
0.915495160636448	-3.1516081381327	-0.00947162719125073	-0.0114205491876272	0.826331275483966	0.0423588862081227	0.0589958219284325
0.925495160636448	-3.14238778676237	-0.00909816043254295	-0.0109019287216191	1.01735469267761	0.0327600457251872	0.0453505949353165
0.935495160636448	-3.13126791842761	-0.00880870110816922	-0.0105027907403493	1.20631998986045	0.0254627462659193	0.0349521407862931
0.945495160636448	-3.11826672190506	-0.00858300307804093	-0.0101945935451149	1.39368270177502	0.0199356177297994	0.0270506327555296
0.955495160636448	-3.10339849942101	-0.00840544634719651	-0.00995537111213875	1.57977020951401	0.0157774794104824	0.0210735810923815
0.965495160636448	-3.08667479766858	-0.00826393048908865	-0.00976816027506756	1.7648082270056	0.0126850170882189	0.0165840373808412
0.975495160636448	-3.06810531893206	-0.00814902973348791	-0.00961980658142068	1.94894290736529	0.0104226483911986	0.0132529439400342
0.978276226814415	-3.06261415851486	-0.00812077183606981	-0.00958400766263002	2.00000000000013	0.00992348594925589	0.0124916289253476
0.988276226814415	-3.04169802529585	-0.00802935231421691	-0.0094706911111981	2.18308564907812	0.00846695354522229	0.0102856836330268
0.998276226814415	-3.01895509208849	-0.00794992884235614	-0.00937598003000388	2.36535858410229	0.00750161811679379	0.00874817567811939
1.00827622681441	-2.99439365392398	-0.00787811497405397	-0.00929387087923464	2.54677743200142	0.00692710505353987	0.00774887181764256
1.01827622681441	-2.96802266256066	-0.00781035935886921	-0.00921952631021729	2.7272532029788	0.00667507431122352	0.00718373951264206
1.02827622681441	-2.93985214712284	-0.00774373779165528	-0.00914899576344335	2.90665884639177	0.00669006712673637	0.00697662247874286
1.03827622681441	-2.90989359935218	-0.0076758051083304	-0.00907899692016036	3.08482976198318	0.00692995503331932	0.00706995981854533
1.04827622681441	-2.87816033805934	-0.00760448160168743	-0.00900675211663762	3.26156565481483	0.00736273200004449	0.00742009670394721
1.05827622681441	-2.84466785713173	-0.0075279683102004	-0.00892986572601413	3.43663199352244	0.00796394213504324	0.00799371410805457
1.06827622681441	-2.80943416038692	-0.00744468494577305	-0.00884623315078379	3.60976110085437	0.00871495352277316	0.00876486442086913
1.07827622681441	-2.77248008504558	-0.00735322512149471	-0.00875397464345124	3.78065329330845	0.00960136567341979	0.00971283190114243
1.08827622681441	-2.73382961505945	-0.00725232256038463	-0.00865139026908015	3.94897994821217	0.0106074782355921	0.0108234435826013
1.09827622681441	-2.69351018107188	-0.00714083019833433	-0.0085369284121582	4.11438513002489	0.0117146711165345	0.0120882096287413
1.10827622681441	-2.65155294095969	-0.0070177188620779	-0.00840915827423468	4.27647946584423	0.0129182225712925	0.0134910644398095
1.11827622681441	-2.60799305159408	-0.00688206274868374	-0.00826676528999902	4.43484818473456	0.0142127898992753	0.0150172665102581
1.12827622681441	-2.56286991681646	-0.00673303611344593	-0.00810854934747797	4.58905502556918	0.0155883282757846	0.0166553149039593
1.13827622681441	-2.51622740858866	-0.00656991735864746	-0.0079334258938789	4.73864384683621	0.0170323561123211	0.0183946823988752
1.14827622681441	-2.46811405842688	-0.0063920956756302	-0.00774043114554522	4.88314063209638	0.018532487441944	0.0202235616015389
1.15827622681441	-2.41858321492262	-0.00619907797369032	-0.00752873112954493	5.02205685055223	0.0200770692426843	0.0221281025935376
1.16827622681441	-2.36769316297701	-0.00599049417751189	-0.00729763427238793	5.15489495455305	0.0216521305737406	0.0240943698708469
1.17827622681441	-2.31550720079089	-0.00576609834426407	-0.00704660787346674	5.28115729676723	0.0232316707896124	0.026115071257368
1.18827622681441	-2.26209365705995	-0.00552579472925101	-0.00677527690225976	5.40033739500602	0.0248091837886606	0.0281677066505451
1.19827622681441	-2.2075258679735	-0.00526963446283452	-0.00648344179522515	5.51193154206149	0.0263837473425861	0.0302244484765075
1.20827622681441	-2.15188209964214	-0.00499780743921938	-0.00617109712515684	5.61545297967771	0.0279409940125513	0.0322656781383607
1.21827622681441	-2.09524540482231	-0.00471064861935748	-0.0058384369142845	5.7104347230728	0.02946043185627	0.0342752609340211
1.22827622681441	-2.03770341948943	-0.00440864232946471	-0.00548585731099125	5.79643236384929	0.0309230611779583	0.0362356776165288
1.23827622681441	-1.97934810073722	-0.00409242013166363	-0.00511395916804656	5.87302975261535	0.0323123932504681	0.0381277937822952
1.24827622681441	-1.92027540591847	-0.00376275438963898	-0.0047235486814489	5.93984589350697	0.0336123595811261	0.0399328209956757
1.25827622681441	-1.86058491244626	-0.00342055395568912	-0.00431563143344857	5.99653840029599	0.0348123794026297	0.0416293048374571
1.26827622681441	-1.80037938549101	-0.00306685385288098	-0.00389140549338966	6.04280921426503	0.0359062791488876	0.0431943828979687
1.27827622681441	-1.73976430090822	-0.00270279380423681	-0.00345225733955597	6.07841623804899	0.0368764276239472	0.0446153065221525
1.28827622681441	-1.67884731144428	-0.00232962742422361	-0.00299973183827347	6.10316138428643	0.0377299807407148	0.0458646531841048
1.29827622681441	-1.61773770103153	-0.00194867735847493	-0.00253553571853656	6.11691505264158	0.0384503080180759	0.0469345165273769
1.30827622681441	-1.5565457954205	-0.00156132834174671	-0.00206151114591679	6.11961216081556	0.0390111350892988	0.0478269814384584
1.31827622681441	-1.49538234574037	-0.00116904185818334	-0.00157959143591682	6.11123144871557	0.0394265618499726	0.0485195574322246
1.32827622681441	-1.43435793285152	-0.000773306061809685	-0.00109179975990374	6.09181932150864	0.0396973455565115	0.0490027324708659
1.33827622681441	-1.37358235888884	-0.0003756206761719	-0.000600222225279088	6.0614879460214	0.0398134950510761	0.049278255778794
1.34827622681441	-1.31316404010292	2.2492216146648e-05	-0.000106962442495658	6.02039426155999	0.0397980562111082	0.0493286749863954
1.35827622681441	-1.25320945412882	0.000419550293716744	0.00038585289538421	5.96877001030882	0.0396325534260004	0.0491691633845422
1.36827622681441	-1.19382258889571	0.00081410510412748	0.000876114786944928	5.90690337173465	0.0392906688453971	0.0488239477092367
1.37827622681441	-1.13510442077373	0.00120471236942316	0.0013617876251457	5.83510369218097	0.0388086749657668	0.0482770961445923
1.38827622681441	-1.07715248406729	0.00159000383725447	0.00184089202252421	5.75373817444445	0.0381905232612722	0.0475383268675532
1.39827622681441	-1.02006044415702	0.0019686477946083	0.00231156242605403	5.66319019055047	0.0374902599938098	0.046585358428277
1.40827622681441	-0.963917786556811	0.00233944390519299	0.00277200815259331	5.56391314344589	0.0366760100771834	0.0454582460306903
1.41827622681441	-0.908809499085262	0.00270126599059923	0.00322057685177507	5.45637752256441	0.035736684433628	0.0441847643782227
1.42827622681441	-0.854815847250806	0.00305307726522323	0.00365576392303888	5.3410700889381	0.0346697872983803	0.0427885234472663
1.43827622681441	-0.802012202404673	0.00339392561392024	0.00407623206903388	5.21847997475584	0.0334991436420462	0.0412762516005603
1.44827622681441	-0.750468937125888	0.00372295446950814	0.00448081618629553	5.08909696272182	0.0322652877805495	0.0396441037406299
1.45827622681441	-0.700251387191643	0.00403943305033735	0.00486851099371642	4.9534247020702	0.0309824788084969	0.0379072014847809
1.46827622681441	-0.651419857226492	0.00434276127067328	0.00523847258503865	4.81197732491532	0.0296343653593724	0.0361022864131926
1.47827622681441	-0.604029653682066	0.00463242141837512	0.0055900534607824	4.66523976931351	0.0282533106938011	0.0342321658383793
1.48827622681441	-0.558131206609462	0.00490802729011291	0.00592276638959127	4.51369841027352	0.0268407372140275	0.0323208239177451
1.49827622681441	-0.513770195479465	0.00516928955997151	0.00623630341456861	4.35781382308483	0.0254204627108761	0.0303760020513091
1.50827622681441	-0.470987747115235	0.0054160647103412	0.00653049385333447	4.19805400319672	0.0239556109769398	0.0284467559306245
1.51827622681441	-0.429820600933232	0.00564826143495034	0.00680535894242958	4.03482806107979	0.0224934299590752	0.0265224247720725
1.52827622681441	-0.390301374632871	0.00586592021714341	0.00706104370202731	3.86854365520459	0.021029555327515	0.024626893665937
1.53827622681441	-0.352458785911818	0.00606914930258962	0.00729784685522725	3.69956397731529	0.0196022117699546	0.0227528563954133
1.54827622681441	-0.316317938962229	0.00625817629994631	0.00751616867591191	3.52824758607872	0.0181988610999549	0.0209266472742798
1.55827622681441	-0.281900575702198	0.00643329833881579	0.00771652822000387	3.35491740170768	0.0168252097414258	0.0191601051120161
1.56827622681441	-0.249225350618657	0.00659487478448544	0.00789955001751437	3.17986061889569	0.0155047491959287	0.017450817299383
1.57827622681441	-0.218308124233912	0.0067433600972683	0.00806592221918145	3.00335771002134	0.0142128940959366	0.0158279140980519
1.58827622681441	-0.18916220907811	0.00687923421764628	0.00821642575980775	2.82563948850808	0.0129756956683435	0.0142833476971938
1.59827622681441	-0.161798658921643	0.00700304411632561	0.00835188610490404	2.64692325983648	0.0117890941744077	0.0128281006476815
1.60827622681441	-0.136226513396676	0.00711536238101671	0.00847318295240758	2.46739059156725	0.0106716757891485	0.0114554980892293
1.61827622681441	-0.112453059260604	0.00721680741632417	0.00858121744622584	2.28720888869444	0.00961813272528176	0.0101736515649715
1.62827622681441	-0.0904840585870933	0.00730801623142614	0.00867691301159673	2.10651952046137	0.00862927862016763	0.00898463510775563
1.63827622681441	-0.0703239722494858	0.00738963786952413	0.00876120255215122	1.92544056925793	0.00770907132354768	0.00788663921145723
1.64827622681441	-0.0519761743342085	0.00746234027216499	0.00883500717158831	1.74407901463899	0.00684039144214668	0.00689092069275656
1.65827622681441	-0.0354431280189808	0.00752676561575782	0.00889925171647029	1.56250631990872	0.00604435152959999	0.00598062241873268
1.66827622681441	-0.0207265785690344	0.00758356247734417	0.00895482786204015	1.3807881863967	0.00531638587679171	0.00515535905648195
1.67827622681441	-0.00782770494018211	0.00763336276130462	0.00900259669879756	1.19897498236155	0.004651996385852	0.00441340418980045
1.68827622681441	0.00325273767030934	0.0076767778670666	0.00904337898940821	1.01710551302942	0.00404218365857516	0.00375497702797098
1.69827622681441	0.0125142982150002	0.00771438300678568	0.00907795473958752	0.835202104991949	0.00348870164356156	0.00317172926100003
1.70827622681441	0.0199567193928573	0.00774672129957123	0.00910705002715807	0.65327937419008	0.00298817438594097	0.0026579018660687
1.71827622681441	0.025579849813506	0.00777429738358555	0.00913133212686878	0.471345254999379	0.00253384904359036	0.00220920230005247
1.72827622681441	0.0293835762052101	0.00779756637137262	0.00915140882664978	0.289398411855625	0.00212559105921098	0.00181593997653181
1.73827622681441	0.0313677665935192	0.00781693882841901	0.00916781748373542	0.107436671573325	0.00175478066831862	0.00147362591614272
1.74827622681441	0.0315322386985145	0.00783276930752725	0.00918102637816322	-0.0745464955692433	0.00141642503492034	0.00117462409003067
1.75827622681441	0.0298767416937811	0.00784535543138671	0.00919142951298353	-0.256558335515243	0.0011049649187352	0.000911147196505938
1.76827622681441	0.0264009566805228	0.00785493532541984	0.00919934331299252	-0.438604637891865	0.000813424799413754	0.000675921064833532
1.77827622681441	0.021104516360544	0.00786168231752753	0.00920500594034497	-0.620689793819366	0.000537645415504632	0.000459308269957942
1.78827622681441	0.0139870392624764	0.00786570752908553	0.00920857179839836	-0.802811563074737	0.00026847209548408	0.000254813470943591
1.79827622681441	0.00504818628515492	0.00786705272004496	0.00921011350184274	-0.98496303859112	3.3951766890454e-07	5.31756828085406e-05
1.80827622681441	-0.00571226866574812	0.00786569216781684	0.00920961823952905	-1.16712852798313	-0.000273993257937886	-0.000153898184830295
1.81827622681441	-0.0182943481909079	0.00786153048260507	0.0092069876686646	-1.34928263691142	-0.000561417430821062	-0.000375070419673073
1.82827622681441	-0.0326977636816408	0.0078544022734909	0.00920203727394118	-1.53138839691533	-0.000868634962337902	-0.000619183219585365
1.83827622681441	-0.048921790029271	0.00784407271857103	0.00919449590655581	-1.71339513946581	-0.00120292045041535	-0.000894643252059344
1.84827622681441	-0.0669651222552102	0.00783023756606389	0.00918400661629377	-1.89523720246355	-0.0015710292999848	-0.00121008727600221
1.85827622681441	-0.0868257152189652	0.00781252466089132	0.00917012741919351	-2.07683203760054	-0.00197953767540055	-0.0015740400580115
1.86827622681441	-0.108500606312323	0.00779049595990459	0.0091523328422727	-2.25807851102106	-0.00243484171518822	-0.00199479670367622
1.87827622681441	-0.1319857217725	0.00776365028963649	0.00913001620279718	-2.43885528307688	-0.00294311588825258	-0.00248031940425051
1.88827622681441	-0.157275667372654	0.00773142694847621	0.0091024926959831	-2.61901926555821	-0.00351028209298491	-0.00303811185050734
1.89827622681441	-0.184363504440721	0.00769321017237229	0.00906900342820858	-2.79840421623873	-0.0041419095862169	-0.00367512667576427
1.90827622681441	-0.213240512429276	0.00764833449579504	0.00902872052323702	-2.97681952177445	-0.0048429944071438	-0.00439774209857132
1.91827622681441	-0.243895939575287	0.00759609106848151	0.00898075340051627	-3.15404919646062	-0.00561762891944468	-0.00521180163256591
1.92827622681441	-0.276316743546427	0.00753573503109128	0.00892415627777696	-3.32985108723116	-0.00646866446185233	-0.00612264737278306
1.93827622681441	-0.310487324325271	0.00746649401408488	0.00885793695018053	-3.50395629152071	-0.00739744002132517	-0.00713509932412359
1.94827622681441	-0.346389252091073	0.00738757807320019	0.0087810666875331	-3.67606860271116	-0.00840409236624732	-0.00825302631938215
1.95827622681441	-0.384000993309439	0.00729819144659435	0.00869249099236941	-3.84586372665023	-0.00948912890832204	-0.00947803971401015
1.96827622681441	-0.42329763735768	0.00719754353029464	0.00859114298238182	-4.01299010148358	-0.0106521887287301	-0.0108101523244288
1.97827622681441	-0.464250628590075	0.00708486136086453	0.00847595768702754	-4.17706966342455	-0.011891862520786	-0.0122477158427467
1.98827622681441	-0.50682750783621	0.00695940288160957	0.00834588756669831	-4.3376989993175	-0.0132056581585757	-0.0137872805260281
1.99211573204031	-0.523598775598299	0.00690768956068346	0.00829177696342547	-4.3983666029998	-0.0137290423213861	-0.0144044410816388
2.00211573204031	-0.589226637192116	0.0448182541845864	0.000606102196638909	-7.79649859429467	5.54467489645706	-0.233661973131923
2.01211573204031	-0.668984047377087	0.0946067488727481	0.0180732012136275	-8.16277882842353	4.43685773614632	3.69627265371776
2.02211573204031	-0.753511224213198	0.137148101468925	0.0694790541653443	-8.77111853990499	4.38619067300555	5.85998413891699
2.03211573204031	-0.841547480853765	0.180245626037004	0.127757653109271	-8.72924930189254	4.11825859431957	5.61519670161332
2.04211573204031	-0.926929457586852	0.218253892252633	0.179829624685315	-8.32359302978331	3.46049708355571	4.7541659084037
2.05211573204031	-1.00784678024204	0.249264634943512	0.222625656896684	-7.86429422823584	2.74913929094213	3.80984097550104
2.06211573204031	-1.08439030206615	0.273465984144393	0.25633824011946	-7.45608663882281	2.10612522236318	2.95364785107548
2.07211573204031	-1.15722381160466	0.291720842613505	0.282149889591076	-7.12267054849573	1.55985370514748	2.23355913411596
2.08211573204031	-1.22710701519556	0.305031539281647	0.301435496713545	-6.86527013361879	1.11727429768843	1.64618822276482
2.09211573204031	-1.29474775215551	0.31437188874135	0.315481438370454	-6.67295017088976	0.765245829623652	1.18187690131305
2.09425656510199	-1.30899693899575	0.315940461731021	0.317919595281524	-6.63942863542678	0.701114233425366	1.0963667503474
2.10425656510199	-1.35691275243453	0.288502137562612	0.336119021641254	-3.4963999983561	-4.8893676283193	1.56836582408083
2.11425656510199	-1.39003248073382	0.243823049501681	0.330595319308262	-3.13874447766455	-4.00438866121485	-2.7072451320951
2.12425656510199	-1.41829329609988	0.204833573001546	0.286045624335209	-2.4147979695777	-4.21575054861308	-5.46543628770295
2.13425656510199	-1.44117083735871	0.161477685087123	0.229342574799984	-2.31362822829773	-4.27720890443337	-5.65750919311289
2.14425656510199	-1.46657111861478	0.121508163669061	0.175923307896918	-2.82491836345276	-3.65448091064619	-4.93727253314355
2.15425656510199	-1.49823509514927	0.0889577735098983	0.131462488100133	-3.51073929579795	-2.85791750668029	-3.94224243283356
2.16425656510199	-1.53661154612621	0.0641088853158054	0.0968568983332665	-4.14612758846276	-2.13501196667524	-3.00150001383711
2.17425656510199	-1.5807315220042	0.0457616418782973	0.0708509582687132	-4.65542710717565	-1.55958124241418	-2.2311055311926
2.18425656510199	-1.62928210950126	0.0324336083172291	0.0516313269757088	-5.03442713392816	-1.12767455811753	-1.6412894881571
2.19425656510199	-1.6810501183618	0.0228178854565506	0.0375164018566187	-5.3026739879644	-0.812480655491525	-1.20421502104676
2.20425656510199	-1.73504366463076	0.0158897160406824	0.0271537643546393	-5.48317740430783	-0.58585110855724	-0.885217450707944
2.21425656510199	-1.79048874467343	0.0108855669599053	0.0195198244244568	-5.5959843948676	-0.424159163228668	-0.654005918731455
2.22174489702009	-1.83259571459405	0.00805867198184103	0.0151297229235524	-5.64581823646269	-0.33431697556824	-0.524042764297716
2.23174489702009	-1.86866749184514	-0.0320190460916326	0.0171431417196318	-2.54258989672774	-5.53340823135387	-0.422389763294568
2.24174489702009	-1.89302532160701	-0.0815942451011061	-0.00629608197021888	-2.31857486701365	-4.41487184228176	-4.22246567724737
2.25174489702009	-1.91383979975569	-0.124920645333568	-0.0604150493541393	-1.87632492887816	-4.4561644059792	-5.90677712554713
2.26174489702009	-1.93348001740341	-0.168108848259447	-0.118231802663401	-2.14296306340796	-4.08458601262353	-5.50439392618527
2.27174489702009	-1.95761500135717	-0.20563379995558	-0.168935487014612	-2.6985912366671	-3.40486596443911	-4.60668091311481
2.28174489702009	-1.98744160313078	-0.23617899593134	-0.210329044239673	-3.25430106909978	-2.71736590047152	-3.68329129368254
2.29174489702009	-2.0223941355366	-0.260260034178303	-0.243031744447687	-3.7173697733629	-2.11776881583782	-2.88060996766087
2.30174489702009	-2.06140966524178	-0.278906884566356	-0.268434991135535	-4.06664572052153	-1.63090235077596	-2.22358894073279
2.31174489702009	-2.10337953092427	-0.293207723112677	-0.287978877158892	-4.31089220441217	-1.24505546905207	-1.70701688876263
2.32174489702009	-2.1473105760573	-0.304131220797364	-0.302948829895292	-4.46160065728929	-0.952548391589235	-1.30538214521219
2.33174489702009	-2.19235824083942	-0.312502523644671	-0.314409375176279	-4.53631702856014	-0.73314257069635	-1.00073236898157
2.34174489702009	-2.23783374106956	-0.31898584870798	-0.323222216765143	-4.54946921434211	-0.572642870829071	-0.772722672079405
2.35174489702009	-2.28318748167953	-0.324103599398192	-0.330065447867097	-4.51411173049172	-0.45762869966372	-0.604514684108539
2.36174489702009	-2.32799011768392	-0.328254616778684	-0.335462729211236	-4.44107679172799	-0.377189696787475	-0.481755728009772
2.37174489702009	-2.37191190038249	-0.331735757875196	-0.339810608562672	-4.33921005907102	-0.322451535176624	-0.392814555681572
2.38174489702009	-2.41470298879769	-0.334763067702757	-0.343403147724735	-4.21591733777576	-0.285533767007529	-0.329231234440079
2.39174489702009	-2.45617712032075	-0.337488048239983	-0.346455692368601	-4.0765875478002	-0.261279855970251	-0.283731550042557
2.40174489702009	-2.49619644609686	-0.340014737478	-0.349122229028777	-3.92554619798422	-0.245337329771342	-0.251234616459085
2.41174489702009	-2.5346601388615	-0.342411319320191	-0.351511480198196	-3.76587830417248	-0.234927731769136	-0.227644200049714
2.42174489702009	-2.57149463013446	-0.344721088097728	-0.35369812960511	-3.60008798252165	-0.227568301278925	-0.210407779770587
2.43174489702009	-2.60664696193548	-0.346968740339167	-0.355733235961752	-3.42974462436839	-0.222177335404157	-0.197157366368629
2.43508126982489	-2.61799387799149	-0.347707339843807	-0.356384676859021	-3.37213876135424	-0.220609991424196	-0.193380657888411
2.44508126982489	-2.66320508096788	-0.327840071136806	-0.361394266219275	-5.7007012023086	4.27357845108048	-0.859846638550131
2.45508126982489	-2.72415081538798	-0.280077302772159	-0.360306304315727	-6.13330657957724	4.47046093244889	1.66616402349498
2.46508126982489	-2.78538568401051	-0.239646224757623	-0.327085500523906	-6.16155357575473	3.72268165775434	4.89492347639089
2.47508126982489	-2.84881182243622	-0.199302838143442	-0.273435772757971	-6.36809104628404	4.17913970559202	5.56282091161103
2.48508126982489	-2.91033228813312	-0.158915472659294	-0.219333922215125	-5.85974767521406	3.81040270139154	5.1402660746947
2.49508126982489	-2.9651212854886	-0.124115955052757	-0.17201157644268	-5.08020020720693	3.12993593876837	4.29205092132421
2.50508126982489	-3.01192064441649	-0.0963036812776598	-0.133652648924692	-4.29012970303416	2.44576735291763	3.38968809602077
2.51508126982489	-3.05121771489782	-0.0748728596385115	-0.10379300027231	-3.58829065752812	1.86317152909385	2.60626329918831
2.52508126982489	-3.08405337623088	-0.0586247445507217	-0.0809940281799016	-2.99660480751289	1.40657156236276	1.97951871471794
2.53508126982489	-3.1114763967902	-0.0463722703019106	-0.0637208596937157	-2.50246519941819	1.05999583617622	1.49726835963986
2.54508126982489	-3.13436071416142	-0.0371358495682179	-0.0506588291305122	-2.08585321093476	0.800311020596792	1.13195241953745
2.55508126982489	-3.15338405172483	-0.0301596464718176	-0.0407742350805828	-1.72760383802192	0.605101427668895	0.857411142846423
2.56508126982489	-3.16905622175578	-0.0248777985415723	-0.0332807441836718	-1.41333219115891	0.458720314025134	0.650692047723602
2.57508126982489	-3.18175779027951	-0.020868715435193	-0.0275888257290739	-1.13178851913092	0.348551666026581	0.494788037646419
2.58508126982489	-3.19177246939946	-0.017818690832662	-0.0232574768415124	-0.874593486691387	0.265190476353281	0.377032538605102
2.59508126982489	-3.19931210656733	-0.0154940630658592	-0.0199559605790938	-0.635881911475393	0.202450809229256	0.28750234255387
2.60508126982489	-3.2045358798375	-0.0137190984084095	-0.0174361658259758	-0.41086670892297	0.154759248644456	0.219527161590295
2.61508126982489	-3.20756345998572	-0.0123618363710937	-0.0155108287675677	-0.196175118988377	0.118416012066981	0.167829666470288
2.62508126982489	-3.20848512438305	-0.0113226406731066	-0.0140382993452783	0.0106972579893348	0.0907098379379271	0.128426018522755
2.63508126982489	-3.20736910622137	-0.0105259946606047	-0.0129111677389949	0.211648148800562	0.0695795004826322	0.0983430723916587
2.64508126982489	-3.20426701277938	-0.00991450070063014	-0.0120477912393304	0.408119227943773	0.0534561233100838	0.0753516767776835
2.65508126982489	-3.19921787685375	-0.00944440997429926	-0.0113859854455223	0.601214427134286	0.0411278028661148	0.0577857505376333
2.66508126982489	-3.19225118826238	-0.00908232762258182	-0.0108782661636754	0.791754952360621	0.0317117637631039	0.0443590714395448
2.67508126982489	-3.18338922320206	-0.00880268138983261	-0.0104883098346875	0.980360426262603	0.0245406424814342	0.0340942358611979
2.68508126982489	-3.17264883132396	-0.00858581540350931	-0.0101882799617664	1.16750805414945	0.0190796380153513	0.0262683110205611
2.69508126982489	-3.16004279958426	-0.00841660282073645	-0.00995676513721133	1.35353845674088	0.0149510460275501	0.0203118003577194
2.70508126982489	-3.14558095454542	-0.0082833305668842	-0.00977725828703598	1.53870437971675	0.0118507392782179	0.0158035864118636
2.71508126982489	-3.1292710257747	-0.00817689460652217	-0.0096369706007605	1.72317700666356	0.00955346762048988	0.0124195132682175
2.72508126982489	-3.11111935894914	-0.00809017096264168	-0.00952593980596471	1.9070619779392	0.007890286097729	0.00991193747317455
2.73014632044424	-3.10122456776932	-0.00805191769218381	-0.00947830896826513	2.00000000000052	0.00723549277104824	0.00892288807926743
2.74014632044424	-3.08030870291803	-0.00798464230474103	-0.00939713734704813	2.1830867720539	0.00628235809579568	0.00740557711699311
2.75014632044424	-3.05756465254181	-0.00792504238352545	-0.00932857266573334	2.3656286186051	0.00569269467145711	0.00638063315344261
2.76014632044424	-3.03299811495129	-0.00786984504009204	-0.00926815801452682	2.54756919462894	0.00539726408285177	0.00575900323961138
2.77014632044424	-3.00661556095046	-0.00781634419347072	-0.00921223655651184	2.72881272328917	0.00534670936341559	0.00547181103845982
2.78014632044424	-2.97842460066865	-0.00776226043283873	-0.00915775188777656	2.90922671703432	0.00550600865937426	0.0054659807153591
2.79014632044424	-2.9484343343851	-0.00770563425590987	-0.00910209772484439	3.08864468262921	0.00584833513816545	0.00570214999214278
2.80014632044424	-2.91665569072006	-0.00764474974600098	-0.00904300254558868	3.26686565397009	0.00635581370442723	0.00614921102048914
2.81014632044424	-2.88310176147899	-0.00757806948871377	-0.00897845005065793	3.44366015499439	0.00700556269659604	0.00679018457580594
2.82014632044424	-2.84778812197371	-0.00750420576651702	-0.00890660840746876	3.61876182387511	0.00778854546941182	0.00760608867219716
2.83014632044424	-2.81073315525429	-0.00742188346642011	-0.00882579204084033	3.79187391389083	0.00869489243384529	0.00858378979552528
2.84014632044424	-2.77195836641397	-0.00732992181261824	-0.00873443137241144	3.96266966836435	0.00971370739002045	0.00971426668491841
2.85014632044424	-2.73148868537564	-0.00722723238391957	-0.00863104791733182	4.13078697294791	0.0108466011521493	0.0109817085705632
2.86014632044424	-2.68935277397563	-0.00711278969853914	-0.00851426170424553	4.29584709193309	0.0120672175374158	0.012390514130048
2.87014632044424	-2.64558329308189	-0.00698566609847591	-0.00838276435918252	4.45743169272834	0.0133767285048965	0.0139257399393931
2.88014632044424	-2.60021717752343	-0.00684501179374784	-0.00823533855058746	4.61510168854055	0.0147651765907599	0.0155792921539193
2.89014632044424	-2.55329587328246	-0.00669007248348478	-0.00807085752604573	4.76839187894796	0.0162291124600048	0.017337111153042
2.90014632044424	-2.50486555670296	-0.0065201874448716	-0.0078883028420053	4.91682121181	0.0177548982579309	0.0191904100903995
2.91014632044424	-2.45497731301192	-0.00633480717270647	-0.00768677159652411	5.05989050147495	0.0193318565313727	0.0211262797181203
2.92014632044424	-2.40368728199075	-0.00613349989262003	-0.00746549318929558	5.19708881926299	0.0209469480186437	0.0231312799243231
2.93014632044424	-2.3510567619524	-0.00591595445501269	-0.00722384911465256	5.32790278129573	0.0225740945053297	0.0251988773537514
2.94014632044424	-2.297152251985	-0.00568201316417297	-0.00696137129752348	5.451804580013	0.0242130749540376	0.0273024908612894
2.95014632044424	-2.24204546233282	-0.00543165545454754	-0.00667777293666451	5.56827427647727	0.0258514369916853	0.0294222230729559
2.96014632044424	-2.18581325538641	-0.00516500827107958	-0.00637295808725913	5.67680233661432	0.0274722737030586	0.0315397607921517
2.97014632044424	-2.12853752858384	-0.00488234972314581	-0.00604703237247305	5.77689570980512	0.0290545930465241	0.0336385105815037
2.98014632044424	-2.07030503098324	-0.00458411941463067	-0.00570030477973906	5.86807768422821	0.0305882644395498	0.0356936553021291
2.99014632044424	-2.01120712825989	-0.00427089923578064	-0.00533330515875711	5.94990688200052	0.0320454895114485	0.0376925211069626
3.00014632044424	-1.95133948575346	-0.00394343424923989	-0.00494676852352461	6.02196596685075	0.0334210425546659	0.0396071113399349
3.01014632044424	-1.89080170591662	-0.00360261463343619	-0.00454164096285688	6.08387583502876	0.0347139273865466	0.0414074312133529
3.02014632044424	-1.82969691036039	-0.00324944823736306	-0.00411908651398601	6.13531432115647	0.0358978572200799	0.0430825858423046
3.03014632044424	-1.76813125156185	-0.00288506843106755	-0.00368046405003351	6.17600782700393	0.0369521608781938	0.0446197986428836
3.04014632044424	-1.70621337814099	-0.00251073683539456	-0.00322730262193475	6.20572450629956	0.0378875823623608	0.045986944829442
3.05014632044424	-1.64405389003856	-0.002127775305289	-0.00276132140564457	6.22431551757394	0.0386607577067895	0.0471925102125762
3.06014632044424	-1.58176470173455	-0.00173763341045435	-0.00228435131556527	6.23165866546947	0.0393088886737203	0.0481922276701954
3.07014632044424	-1.51945845689643	-0.00134178686131984	-0.00179837097230133	6.22771996596791	0.0398135716100007	0.0489841433319623
3.08014632044424	-1.45724787423309	-0.000941764241923252	-0.00130545085077449	6.21252309159242	0.0401720046676307	0.049559267281622
3.09014632044424	-1.39524511913783	-0.000539111088367883	-0.000807739354600571	6.18616196069558	0.0403674771219823	0.0499222383461422
3.10014632044424	-1.33356117557596	-0.000135374064169795	-0.000307434066056979	6.14879820602605	0.0403718544076252	0.0500896361310176
3.11014632044424	-1.27230522119381	0.000267877578436689	0.000193272962793429	6.10063161898801	0.0402072639163953	0.0500470104769666
3.12014632044424	-1.21158405330375	0.000669079131411352	0.000692215326016589	6.04190454906486	0.0399282776817581	0.0497611677575889
3.13014632044424	-1.15150157528622	0.00106674721985079	0.00118723633025067	5.97294125906183	0.0395225419439768	0.0492491470089595
3.14014632044424	-1.09215827805839	0.00145943930148142	0.00167625255967707	5.89410441666255	0.0389984449471825	0.0485169636214342
3.15014632044424	-1.03365081858474	0.00184581297070889	0.00215724530136071	5.80582246472907	0.0383100185344694	0.0476115832199249
3.16014632044424	-0.976071603193505	0.00222456318440124	0.00262833380260209	5.70853116898311	0.0374762738121482	0.0465375354078575
3.17014632044424	-0.919508479595701	0.00259446566155676	0.00308777114619692	5.60269095247625	0.0365272870918118	0.0452940728794195
3.18014632044424	-0.864044486530388	0.0029544053041495	0.00353394679467684	5.48879451932471	0.0354720898071161	0.0438971349342154
3.19014632044424	-0.809757652958891	0.00330336980812798	0.00396540946771717	5.36735088442295	0.03432031301078	0.0423638855413968
3.20014632044424	-0.756720865732511	0.00364045337583955	0.00438087896973751	5.23887771622472	0.0330852294793712	0.0407101958324565
3.21014632044424	-0.705001800571493	0.00396486344991688	0.00477925192641088	5.10389708398689	0.0317796457777262	0.0389531054515684
3.22014632044424	-0.654662909921816	0.00427592304477999	0.00515960665529143	4.9629294456398	0.0304166353525854	0.0371099251219937
3.23014632044424	-0.605761466390596	0.00457307503535537	0.00552120288163117	4.81649043073008	0.0290049285273051	0.0352010739978996
3.24014632044424	-0.558349653155096	0.00485587978030365	0.00586348248080346	4.66508435343182	0.0275529128244765	0.0332469466292341
3.25014632044424	-0.512474697352935	0.00512400914273475	0.00618606936684148	4.50919662242538	0.0260764068314848	0.0312621789466018
3.26014632044424	-0.468179049868734	0.0053772576064139	0.00648875439605223	4.34929966932824	0.0245769642053875	0.029270453683573
3.27014632044424	-0.425500583970648	0.00561552103366992	0.00677149999564446	4.18583737389639	0.0230704784765171	0.0272843309680476
3.28014632044424	-0.384472831842297	0.00583879968067472	0.0070344254754394	4.01922795844258	0.0215750429872115	0.0253134690474019
3.29014632044424	-0.345125239085485	0.00604719304423176	0.00727779591396022	3.84986233540044	0.0201104336745638	0.0233647916671846
3.30014632044424	-0.307483443292612	0.00624091278493376	0.00750199671519202	3.67811636929166	0.0186671044922747	0.0214639098353833
3.31014632044424	-0.271569544253861	0.00642025144650661	0.00770753753723126	3.5043328775333	0.0172452112426871	0.0196278401188419
3.32014632044424	-0.237402390132329	0.00658557304984155	0.00789503995081789	3.32881999006487	0.0158573983542508	0.0178629773034111
3.33014632044424	-0.204997869474446	0.00673731213785642	0.0080652185039336	3.1518562420623	0.0145171646946832	0.0161731365838103
3.34014632044424	-0.17436920002935	0.00687596930342772	0.00821886383806137	2.97369379981986	0.0132322857878001	0.0145641071447448
3.35014632044424	-0.145527210174694	0.00700210114574827	0.00835682957924524	2.79455823337292	0.0120067987555418	0.0130422739973694
3.36014632044424	-0.118480612353637	0.0071163097667465	0.00848001970996789	2.61464832449996	0.0108435023508089	0.0116129062481286
3.37014632044424	-0.0932362660538531	0.00721923165061135	0.0085893767645774	2.43413567830838	0.00974740295083073	0.0102778087791597
3.38014632044424	-0.0697994302131364	0.00731153019577512	0.00868586807884225	2.25316704728247	0.00872339263640528	0.00903700682173049
3.39014632044424	-0.0481740034196827	0.00739389186412878	0.00877047028508628	2.07186924257443	0.00776836365210514	0.0078943179973216
3.40014632044424	-0.0283627445815025	0.00746701218303342	0.00884416176830742	1.89034680435512	0.00688006977563398	0.0068512802288653
3.41014632044424	-0.0103674796731004	0.00753158662287931	0.00890791272854485	1.70868298460988	0.00605863908071242	0.00590620278801638
3.42014632044424	0.00581070728400094	0.0075883038302188	0.00896267467334502	1.52694219688351	0.00530488822377002	0.00505544904316867
3.43014632044424	0.0201713002999127	0.0076378394692706	0.00900937059774016	1.34517264685439	0.00461832359474234	0.00429493995010572
3.44014632044424	0.0327141954178741	0.00768084950952483	0.00904888667607871	1.16340828368384	0.00399675291259767	0.00362053698510524
3.45014632044424	0.0434395626883189	0.00771796334008331	0.00908206519318492	0.98167031528785	0.00343692631225568	0.00302770674207865
3.46014632044424	0.0523477259011388	0.00774977745643821	0.00910969816871589	0.799968799383382	0.00293502107285193	0.00251129083066765
3.47014632044424	0.0594390600815078	0.00777684979490262	0.00913252157999654	0.618304356574533	0.00248685065773129	0.00206546278164715
3.48014632044424	0.0647139068564367	0.00779969444583336	0.00915121031665923	0.436669815589607	0.00208822190090639	0.00168357600300944
3.49014632044424	0.0681725072691617	0.00781877762096621	0.00916637319635644	0.25505241613576	0.00173401179885841	0.00135889650794895
3.50014632044424	0.0698149526527798	0.0078345133721467	0.00917854902224862	0.0734355160973631	0.00141836204383518	0.0010845511136419
3.51014632044424	0.0696411533582622	0.00784725942671325	0.00918820336305149	-0.108199926193899	0.00113537696910169	0.000853118875399664
3.52014632044424	0.0676508249636484	0.00785731392033371	0.00919572545082655	-0.289873529291794	0.00087904154239231	0.000656759547447588
3.53014632044424	0.0638434921714091	0.00786491253350428	0.00920142548603031	-0.471603663349151	0.000643133762016624	0.000487340992126943
3.54014632044424	0.0582185103700791	0.00787022611653752	0.00920553224705638	-0.653405553371932	0.000420979998673392	0.000336672130312242
3.55014632044424	0.0507751050928742	0.00787335835422666	0.00920819128590068	-0.835289623999466	0.000205770732068276	0.000196343549735779
3.56014632044424	0.0415124291802686	0.00787434403085028	0.0092094633051044	-1.0172596902647	-9.46091192584135e-06	5.7802196404784e-05
3.57014632044424	0.0304296378125994	0.00787314765961787	0.00920932288337006	-1.19931116930452	-0.000231798472321048	-8.76159004981662e-05
3.58014632044424	0.01752598144691	0.0078696625346647	0.00920765753249595	-1.38142928793412	-0.000468398719834471	-0.000248651467033055
3.59014632044424	0.00280091668587841	0.00786371023604522	0.00920426710863511	-1.5635872893569	-0.000726444322116413	-0.000434085033024074
3.60014632044424	-0.0137457649358261	0.00785504062839475	0.00919886361562274	-1.74574464439192	-0.00101309151225119	-0.000652695752328282
3.61014632044424	-0.0321137902985459	0.00784333233681036	0.00919107149973688	-1.92784532257807	-0.00133530356193221	-0.000913289824804121
3.62014632044424	-0.0523022404619926	0.00782819401365385	0.00918042832697395	-2.10981595445933	-0.00169997763971101	-0.00122451279671902
3.63014632044424	-0.0743093689921614	0.00780916612432754	0.00916638616050873	-2.29156413943745	-0.00211381644806361	-0.00159482570203457
3.64014632044424	-0.098132403393755	0.00778572353886892	0.00914831358478229	-2.47297676627593	-0.00258328603956284	-0.00203240592073552
3.65014632044424	-0.123767330256671	0.00775727893631092	0.00912549853020391	-2.6539184175288	-0.00311454480040599	-0.00254505170428788
3.66014632044424	-0.151208664981895	0.00772318709557136	0.00909715201426281	-2.83422988606548	-0.00371333575341491	-0.00314009531291727
3.67014632044424	-0.180449207215977	0.00768275013854308	0.00906241292223921	-3.01372683894529	-0.00438482742394561	-0.00382433522193945
3.68014632044424	-0.211479783428039	0.00763522378365176	0.00902035394990434	-3.19219866712251	-0.00513339032003288	-0.00460399743750292
3.69014632044424	-0.244288978404748	0.00757982465495381	0.00896998882476684	-3.36940756282803	-0.00596229716582603	-0.00548473617383826
3.70014632044424	-0.27886285778083	0.00751573859582298	0.00891028096400668	-3.54508792396957	-0.00687321202498459	-0.00647177083776307
3.71014632044424	-0.315184684479394	0.00744213071131337	0.00884015315152765	-3.71894562143698	-0.00786662330621202	-0.00756935965226083
3.72014632044424	-0.353234632098303	0.00735815722644049	0.00875849821087835	-3.89065709520552	-0.00894340119235125	-0.00877948963673689
3.73014632044424	-0.392989497618621	0.00726297670087579	0.00866419236373624	-4.05987002122153	-0.0101036175119224	-0.0101024776252034
3.74014632044424	-0.434422418286148	0.00715576272547599	0.00855610970130979	-4.22620401776244	-0.011346220030363	-0.0115369898670179
3.75014632044424	-0.477502596720178	0.00703571738368579	0.00843313809261914	-4.38925183629338	-0.0126686479287431	-0.0130801244077685
3.76014632044424	-0.522195038926582	0.00690208521621456	0.00829419644770899	-4.54858112242228	-0.0140662851920488	-0.0147276373332691
3.76045476597953	-0.523598775598299	0.00689773738090616	0.00828964731428274	-4.55343324174584	-0.0141067876239756	-0.0147826566921861
3.77045476597953	-0.590766375930131	0.0447827951105699	0.000609344862169138	-7.9506711992277	5.54285372360038	-0.234172180439046
3.78045476597953	-0.672056840296027	0.0945394846615247	0.018067838422719	-8.31567449867406	4.43356333497523	3.69374784154397
3.79045476597953	-0.758095989882746	0.13701454247323	0.069458336056025	-8.92133641759064	4.37800634965916	5.85775328857936
3.80045476597953	-0.847624755306484	0.180019015205523	0.127693835548857	-8.877243363603	4.10714336126322	5.60930490813763
3.81045476597953	-0.934477123035564	0.217904878194098	0.179687599166141	-8.46770071132699	3.4425027429934	4.74810553376327
3.82045476597953	-1.01684199477252	0.24876252476094	0.222380315385919	-8.00748592326942	2.73135547942678	3.79945872237433
3.83045476597953	-1.09481533941566	0.272794367170289	0.255967913241199	-7.59853508279252	2.08930842528423	2.93984971874712
3.84045476597953	-1.16906364370301	0.290873515649319	0.281641241701211	-7.26439705740964	1.54450608359098	2.21756515764623
3.85045476597953	-1.24034984658644	0.304014751759457	0.300781417815081	-7.00487395094068	1.10056065165246	1.63186066992372
3.86039843618378	-1.30899693899575	0.313152209002814	0.314621413113226	-6.81238115503695	0.751902803438347	1.17042108309645
3.87039843618378	-1.35840302075614	0.285766654211433	0.333692278663254	-3.65461583178958	-4.8544249900418	1.61649303025857
3.88039843618378	-1.39309725500897	0.241495811969467	0.328473768882346	-3.29207650683504	-3.96520369306868	-2.68869685688322
3.89039843618378	-1.42282723507461	0.202812749105507	0.284080790158795	-2.55694828281332	-4.19387843241015	-5.44425401733752
3.90039843618378	-1.44713496983602	0.159698516935281	0.227601491905043	-2.45595258646528	-4.25418279579111	-5.6318164405303
3.91039843618378	-1.47396393370698	0.119984338659851	0.174429811758154	-2.96769016149491	-3.62746039995942	-4.9135538381095
3.92039843618378	-1.5070337062064	0.0876791616502245	0.130209778177908	-3.65029271185353	-2.83289524936364	-3.92046223354544
3.93039843618378	-1.54677716470222	0.0630484112617811	0.0958189858311486	-4.28048445383031	-2.1150861608272	-2.98139825074686
3.94039843618378	-1.59221810626485	0.0448855278452223	0.0699968410987413	-4.78541276820997	-1.54222725322729	-2.21469101264395
3.95039843618378	-1.64204311565222	0.0317113096840347	0.0509294977881159	-5.16009971830956	-1.11246562766098	-1.6284044692639
3.96039843618378	-1.69503979916346	0.022222948129618	0.0369381313545966	-5.42358158349934	-0.800265414668802	-1.19364306845018
3.97039843618378	-1.75021677167674	0.0153984023946418	0.0266747419556804	-5.5994264662613	-0.576246747511197	-0.87660135979707
3.98039843618378	-1.80680091922726	0.0104774267014539	0.0191195083337859	-5.70774399125703	-0.416667757358782	-0.647108359456923
3.98490481170823	-1.83259571459405	0.00872844336053118	0.0163915185704643	-5.73883049881685	-0.360811392354111	-0.56574330115088
3.99490481170823	-1.86962483052461	-0.0315423809089722	0.0179192651309027	-2.64834475098357	-5.52950800168904	-0.487653634019536
4.00490481170823	-1.89504238500091	-0.0810681353662854	-0.00618769798745805	-2.42495315668351	-4.40889642167528	-4.28991070222889
4.01490481170823	-1.91689518648107	-0.124507716692337	-0.0606307553568754	-1.98823724991504	-4.46341254002229	-5.91349313475832
4.02490481170823	-1.93772665595417	-0.167689303569807	-0.118401236361981	-2.26782248592419	-4.07707771301471	-5.49222421601905
4.03490481170823	-1.96313659257446	-0.205109663189028	-0.16894113720854	-2.82865871200906	-3.39047937452021	-4.58886073494574
4.04490481170823	-1.99426524051255	-0.23551252160995	-0.210138825475583	-3.38484937318598	-2.70223215987943	-3.66365380565675
4.05490481170823	-2.03051793161837	-0.259445247737194	-0.242648098809862	-3.84645729362392	-2.10385175874976	-2.8615198078657
4.06490481170823	-2.07081576992347	-0.27795535866068	-0.267874480785861	-4.19402680702586	-1.61725862124978	-2.20769790103282
4.07490481170823	-2.11404311933029	-0.292135607761422	-0.287267959711496	-4.43491645728737	-1.23468706744589	-1.69282688588606
4.08490481170823	-2.15920054925733	-0.302962607068981	-0.302113381819177	-4.58268815044157	-0.943953710155613	-1.29440774662975
4.09490481170823	-2.20544229906928	-0.311260881081348	-0.313476757534815	-4.65421161870406	-0.726723056511852	-0.992568777958827
4.10490481170823	-2.25207925468841	-0.317694491502811	-0.32221774216725	-4.66429554486057	-0.568108252263607	-0.767274409513704
4.11490481170823	-2.29856349235559	-0.32278272974521	-0.329012802050567	-4.62558041114499	-0.455829481818557	-0.600593969641749
4.12490481170823	-2.3444670022495	-0.326923355294178	-0.33438121243584	-4.54964360924092	-0.377292439570592	-0.47949074599711
4.13490481170823	-2.38946248699536	-0.330410229573467	-0.338716337079186	-4.44531821002095	-0.323707070681249	-0.392260765460459
4.14490481170823	-2.43330299103728	-0.333455761303009	-0.342309739694107	-4.3196894142237	-0.287987105489976	-0.329819885215046
4.15490481170823	-2.47580454103458	-0.336209405010463	-0.34537343273163	-4.17839244698259	-0.26439309138275	-0.285438218788098
4.16490481170823	-2.51683193352598	-0.33877231226473	-0.34805942970345	-4.02548909815409	-0.249201759472964	-0.253581149906589
4.17490481170823	-2.55628634418402	-0.341211261061723	-0.350473964992109	-3.86426725042923	-0.239139807504031	-0.230637531260971
4.18490481170823	-2.5940964875894	-0.343567378280118	-0.352690569261863	-3.69695949859883	-0.232367320411856	-0.213583266456578
4.19146829382279	-2.6179938779915	-0.345081104820618	-0.354062150106665	-3.58480921401454	-0.228698191849465	-0.204847080427171
4.20146829382279	-2.6656776011067	-0.324594989635817	-0.359499804390045	-5.9813766288762	4.40372325969611	-0.932567323057285
4.21146829382279	-2.72880538198011	-0.277010215499068	-0.357908743271579	-6.33942643586151	4.42009968503349	1.75375547788117
4.22146829382279	-2.79215941463313	-0.23698987699846	-0.323762118349735	-6.39693750596807	3.74070977360173	4.9373653271387
4.23146829382279	-2.85778345586047	-0.196574462215461	-0.270065590931665	-6.5696928732391	4.16556894011996	5.5451923910938
4.24146829382279	-2.92120870784104	-0.15643908844556	-0.216290826591053	-6.04067285822147	3.77392230994556	5.09841406391331
4.25146829382279	-2.97777627580663	-0.122022361689924	-0.169446536053271	-5.25564651187889	3.08924977571524	4.24256417393863
4.26146829382279	-3.02633768397725	-0.0945984674163899	-0.131576739882858	-4.46729481072232	2.40826000593746	3.34336480053477
4.27146829382279	-3.06742910009155	-0.0735112593815261	-0.10214885534001	-3.77066323951139	1.83318494831095	2.56575507589749
4.28146829382279	-3.1021072395806	-0.0575459582268376	-0.0797081403810675	-3.18290770834138	1.38040527443041	1.94794336056858
4.29146829382279	-3.13141811805607	-0.0455230755921196	-0.062720671441427	-2.69328436950914	1.03931040635012	1.47206637792495
4.30146829382279	-3.15623072927109	-0.0364692530829578	-0.0498840548898514	-2.28018220969479	0.783416629822904	1.11251750078374
4.31146829382279	-3.17721598926777	-0.0296381024439852	-0.0401754110246206	-1.92514589718986	0.591904286117137	0.842156146884445
4.32146829382279	-3.19487835853127	-0.0244706461801275	-0.0328188221487976	-1.61352407602377	0.448411364720056	0.638796229347117
4.33146829382279	-3.20959385847761	-0.0205514856403117	-0.0272329558545354	-1.33421219142784	0.340538394844821	0.48554143090144
4.34146829382279	-3.22164259111657	-0.017572044609648	-0.0229833163887899	-1.07902200948068	0.259218261324656	0.369712023285908
4.35146829382279	-3.23123383335535	-0.0153022917338521	-0.019744709213453	-0.841876584051501	0.197706545087235	0.281954031927505
4.36146829382279	-3.23852451738234	-0.0135700439431068	-0.0172730025849517	-0.618253478019013	0.150976461348931	0.215360974865827
4.37146829382279	-3.24363266021015	-0.0122460146626262	-0.0153842271242684	-0.40485616970389	0.115463245868332	0.164677181495081
4.38146829382279	-3.24664728966053	-0.0112326288526354	-0.0139394172530804	-0.199171811250473	0.088413061993849	0.126040988786438
4.39146829382279	-3.24763561965123	-0.0104560716639968	-0.0128332686631368	0.000678482120968736	0.0677976354679581	0.096530305856516
4.40146829382279	-3.24664840849878	-0.00986029873147901	-0.0119858241232909	0.196137232653993	0.052048021206024	0.0739751001808606
4.41146829382279	-3.24372390864354	-0.00940268587366387	-0.0113362154632322	0.388288809804548	0.0400092945526724	0.0567166660884277
4.42146829382279	-3.23889086215322	-0.00905071585366617	-0.0108380265295288	0.577963951508975	0.030798941588352	0.0435059403100957
4.43146829382279	-3.23217075412499	-0.00877952890647729	-0.0104557837199595	0.765792649993419	0.023756659351157	0.0333901544295899
4.44146829382279	-3.22357954199263	-0.00857006455375616	-0.0101623188211074	0.952253330426517	0.0183835655825462	0.0256446947349205
4.45146829382279	-3.21312899351933	-0.00840765584975642	-0.00993677554318133	1.1377109806933	0.01429261321768	0.0197249356704513
4.46146829382279	-3.20082772938846	-0.00828097800841631	-0.00976308842025238	1.32243602113349	0.0111925523891872	0.0152152549526065
4.47146829382279	-3.18668205620384	-0.00818124521398613	-0.00962883037608529	1.50662166328269	0.00886766359148937	0.0117962609707213
4.48146829382279	-3.17069664689429	-0.00810159232002672	-0.00952434060104233	1.69040184840063	0.00715044207848044	0.0092283346432595
4.49146829382279	-3.15287510220492	-0.00803661446396184	-0.00944205239925344	1.87385695462088	0.00591784839764664	0.00732732593849588
4.49835322781288	-3.13953939979852	-0.00799812440563704	-0.00939513909392719	2	0.00529221185263383	0.00633863592132636
