=========================== Parameters =====================================
l1 [m]	l2 [m]	l3 [m]	c1 [m]	c2 [m]	c3 [m]	m1 [kg]	m2 [kg]	m3 [kg]
0.22	0.22	0.2458	0.132	0.11	0.17206	0.1564	0.23764	0.1564
============================== Data ========================================
t [s]	th1 [rad]	th2 [rad]	th3 [rad]	th1d [rad/s]	th2d [rad/s]	th3d [rad/s]
0	0	0	0	0	0	0
0.01	-0.00191495014270364	0.00135944274774399	0.000629126450672469	-0.350848445532999	0.212338422639535	0.124298571281747
0.02	-0.00667845782143231	0.00374397919740708	0.00212463244525853	-0.591683411117212	0.249918079985313	0.162686285989253
0.03	-0.0136220076844597	0.00617498943822015	0.00373318414483651	-0.793484376086369	0.231257022446798	0.154596733882129
0.04	-0.0225089720271568	0.0083129164685646	0.00516943733602238	-0.9830978348265	0.195217028741576	0.131547469729909
0.05	-0.0332804813175464	0.0100756064235638	0.00635691693134617	-1.17144776284662	0.157734689492916	0.106103582419327
0.06	-0.0459467461244281	0.011481149516656	0.00730078206417571	-1.36239059774262	0.124310505864711	0.0831804297542363
0.07	-0.060540164660221	0.0125798631499972	0.00803394011719765	-1.55689960933016	0.0963860677108887	0.0640712678505986
0.08	-0.0770960934409011	0.0134267415037842	0.0085945365513267	-1.75480664899514	0.0738180896285637	0.0486332417760649
0.09	-0.0956456098000368	0.0140713705094649	0.00901734444418241	-1.9555102217374	0.0558095072118073	0.0363923205465755
0.1	-0.116213250204157	0.0145549617037096	0.0093313652444041	-2.1583164770866	0.0414670791448921	0.0267800533920892
0.11	-0.138816751072917	0.0149103468004518	0.0095597510353423	-2.36256999435019	0.0300254990287672	0.0192047846636409
0.12	-0.163467491252563	0.0151630754179698	0.00972044883725271	-2.5676688213033	0.0208390861545805	0.0131667134481729
0.13	-0.190171061506001	0.0153327230159237	0.00982705629467273	-2.77304982191537	0.0133366973600333	0.00832014273474204
0.14	-0.218927722920872	0.015434001441045	0.00988977521609901	-2.97820346105611	0.00709901827265863	0.00434778760644034
0.15	-0.249732759208342	0.0154778096530585	0.00991609533152438	-3.18264496617832	0.00179193501831099	0.00100686369771154
0.16	-0.282576672512266	0.0154720585559743	0.0099113934658476	-3.38590095874105	-0.00284980451056732	-0.00188569887258229
0.17	-0.317445251520151	0.0154223301088755	0.00987941319892933	-3.58749875634704	-0.00703456677810697	-0.00446818686021582
0.18	-0.354319533240716	0.0153323927010085	0.00982265416241006	-3.78696090346469	-0.0109132700602214	-0.00685895242898106
0.19	-0.393175692994429	0.0152046381083274	0.00974264458738961	-3.98379145281317	-0.0146120026203931	-0.00913460579727463
0.2	-0.433984866645832	0.0150404044223329	0.00964018861751819	-4.17747476844642	-0.0182268147933812	-0.0113512325437232
0.21	-0.476712931388167	0.014840228127347	0.00951557293673016	-4.36747813933141	-0.02181000849568	-0.0135728465261703
0.22	-0.521320279016097	0.0146040974251501	0.00936867268543987	-4.55323777898057	-0.0254171921605231	-0.0158211939068868
0.220499909311561	-0.523598775598306	0.0145913437151199	0.00936073770369825	-4.56240217028008	-0.0255991994727111	-0.0159341698826583
0.230499909311562	-0.575834858500944	0.0164262350379652	0.0329329574120301	-5.88215304918242	0.393470226749257	4.7172901285053
0.240499909311561	-0.644662906972527	0.036145039746457	0.0835184802795421	-7.99832960749143	4.02521466604171	4.67762803167338
0.250499909311562	-0.73221408804467	0.0887353007079039	0.130548134564192	-9.13928872558951	5.73015199544298	4.90538784908011
0.260499909311561	-0.823630845058723	0.144711502154962	0.178439038281344	-9.04487362135353	5.320019262782	4.55568666462741
0.270499909311561	-0.91206233257121	0.193608853066384	0.220410261027009	-8.62003942161671	4.42844896040259	3.8145646463524
0.280499909311561	-0.99594062554734	0.233180285517423	0.25461744792734	-8.16118113822139	3.49582276108631	3.03502913360626
0.290499909311561	-1.07549029487097	0.263870559469675	0.281402473793695	-7.76132017745071	2.66308055163424	2.34092593513923
0.300499909311562	-1.15144187624812	0.286922631435483	0.301790522983581	-7.44238788644198	1.9706769898669	1.75580719402857
0.310499909311561	-1.22458770268717	0.303720073969211	0.316910189705913	-7.19878021800518	1.41084687609761	1.28513250810961
0.320499909311561	-1.29563426940635	0.315542730879898	0.327823772392431	-7.02020301747515	0.971965100784234	0.913451849088781
0.322407180144897	-1.30899693899575	0.317327714182697	0.329507613581855	-6.99269812299163	0.901243270873579	0.851697045379178
0.332407180144897	-1.37344291219182	0.32275615500223	0.316191786175608	-5.8917262085725	0.211805048166865	-3.56231153736268
0.342407180144897	-1.42395104212021	0.311717927974176	0.272257612457677	-4.00943020827125	-3.12665219717148	-4.22166325213334
0.352407180144897	-1.45560081458658	0.265077676602801	0.229255912249181	-2.66387795289779	-5.45188312310981	-4.65572783232585
0.362407180144897	-1.48143957389052	0.209524959351447	0.18222211021956	-2.6426794933499	-5.45580020644818	-4.59709499051032
0.372407180144897	-1.51027745689173	0.158574887089946	0.139328975639375	-3.17692758864776	-4.65992839092915	-3.92914688282139
0.382407180144897	-1.54542870657624	0.116916942444682	0.10415189663092	-3.85580535625799	-3.66821590409388	-3.10912304560176
0.392407180144897	-1.58717711086916	0.0848729253394077	0.0769076207031007	-4.47572323725135	-2.76625328163444	-2.36207861096388
0.402407180144897	-1.63451398469931	0.0609893125859711	0.0564206011484866	-4.96953077459558	-2.04011197766287	-1.7624131292246
0.412407180144897	-1.68612348711033	0.0434514599479149	0.041212898351105	-5.33241865463152	-1.49308626347699	-1.30328385479774
0.422407180144897	-1.74078841138739	0.0306331880976346	0.0299684226538944	-5.58400972152197	-1.09156596806065	-0.963519175640739
0.432407180144897	-1.79750737888809	0.0212485383129784	0.0216389588947375	-5.74687458767806	-0.800786711278754	-0.716138744540928
0.438477121623338	-1.83259571459405	0.0168074985899345	0.0176589459624798	-5.81063676644315	-0.666764861225667	-0.599377407737176
0.448477121623338	-1.88531604096235	0.00925813322623706	-0.0123295293327983	-4.72345965869441	-0.880006617950888	-5.33784251113769
0.458477121623338	-1.92282500807521	-0.0175163859930264	-0.064599359234296	-2.72750076393006	-4.70157082433797	-4.7514009938468
0.468477121623338	-1.94483411760793	-0.0733560547577502	-0.113385551971989	-2.00129223384216	-5.85726839171853	-5.00856576064128
0.478477121623338	-1.96609980022146	-0.129790110526051	-0.161546251236232	-2.33566321742088	-5.30670816895304	-4.53054986656265
0.488477121623338	-1.99233257932804	-0.178344311889057	-0.203025015364484	-2.92166864953645	-4.38550355750978	-3.7529572623212
0.498477121623338	-2.02444250063798	-0.217557780010489	-0.236697682162993	-3.48609817712976	-3.4739694467664	-2.99577299718537
0.508477121623338	-2.06168552528579	-0.248282243567211	-0.263300671062794	-3.94201097316058	-2.69679953565506	-2.34467919587871
0.518477121623338	-2.10287963121533	-0.27198431469353	-0.284028544497114	-4.2768860870928	-2.06857893182556	-1.82057471290096
0.528477121623338	-2.14684737958295	-0.29012462121836	-0.300077719728366	-4.4993971621428	-1.5806457363634	-1.4068574205412
0.538477121623338	-2.19255084390421	-0.303984412290641	-0.312483843734126	-4.62681267657591	-1.20914253586333	-1.08823398232074
0.548477121623338	-2.23912521158531	-0.314617481054068	-0.322102537790853	-4.67645408065558	-0.931364105756605	-0.846896583851549
0.558477121623338	-2.28587181508464	-0.3228607860815	-0.329618926527829	-4.66376857462385	-0.727797425147708	-0.665581204551768
0.568477121623338	-2.33223774473316	-0.32936326543796	-0.335567365260213	-4.60228036627288	-0.580855440746327	-0.530862327754195
0.578477121623338	-2.3777928398589	-0.33461621315269	-0.340357124352689	-4.50325069168213	-0.475823067268773	-0.432097168421253
0.588477121623338	-2.42220725433817	-0.338982685821657	-0.344297244626169	-4.37553675164985	-0.401659796328293	-0.35991193795683
0.598477121623338	-2.46523076957906	-0.34272557036002	-0.347616743153312	-4.22608462001684	-0.349886689562323	-0.306876814643588
0.608477121623338	-2.50667506869487	-0.346031629065924	-0.350481879000635	-4.06042670834041	-0.31353122788965	-0.268018716621687
0.618477121623338	-2.54639952075569	-0.349029927156506	-0.353012176975979	-3.88271542372739	-0.287625825327517	-0.239345568386346
0.628477121623338	-2.58429959906609	-0.35180721062012	-0.35529236516762	-3.69600580780414	-0.2688050341206	-0.217603102180282
0.637820594850692	-2.61799387799151	-0.354253022640348	-0.357248889547119	-3.51552214873032	-0.255251249117949	-0.201770705707648
0.647820594850692	-2.65490020270816	-0.359169011776509	-0.337085012112722	-3.8674296943232	-0.72171303655834	4.23447843168418
0.657820594850692	-2.69829741805202	-0.357485927758672	-0.288856059378146	-4.96347633427061	1.64820456534334	4.5384490991721
0.667820594850692	-2.75448277531083	-0.324989479294853	-0.247876385530384	-6.25984493803987	4.80152041447178	3.73664809472056
0.677820594850692	-2.81901547114387	-0.272043211701473	-0.207787449974748	-6.46188118341467	5.4838724276392	4.15671957924801
0.687820594850692	-2.88131726701186	-0.218932432219724	-0.167355025178752	-5.92220363147409	5.02378223058217	3.84344136680261
0.697820594850692	-2.93658920174526	-0.172864252737967	-0.131972888150929	-5.11391166605931	4.16228767354132	3.20924774385332
0.707820594850692	-2.98355512866782	-0.135754849004662	-0.103276025809362	-4.28833991703636	3.27231482875585	2.5385619103235
0.717820594850692	-3.02265477312418	-0.10697924189785	-0.0809199983151475	-3.54916500685051	2.50795055453787	1.9521352695925
0.727820594850692	-3.05490389465191	-0.0850625430469715	-0.0638464480488759	-2.91822591319845	1.90071779584193	1.48233241636912
0.737820594850692	-3.08134651167984	-0.0684875176653756	-0.050916981915711	-2.38477043231152	1.43481511355187	1.12106583446179
0.747820594850692	-3.10286444061725	-0.0559735180845324	-0.0411488306511645	-1.93009228517735	1.08402450619104	0.846204535019423
0.757820594850692	-3.1201483126862	-0.0465163026577886	-0.0337677950141901	-1.53544433748275	0.820359730591847	0.639336080884889
0.767820594850692	-3.13372134021265	-0.0393553078520316	-0.0281831646870317	-1.18574848119001	0.621633657954139	0.484451106239498
0.777820594850692	-3.1439750075471	-0.0339220007772042	-0.0239498313705938	-0.869819012682076	0.472055379989002	0.367705643866761
0.787820594850692	-3.1512017774306	-0.0297914096606831	-0.0207351163552958	-0.579173167637912	0.359398674764348	0.279249776169464
0.797820594850692	-3.15562050896311	-0.0266451280016446	-0.0182905380638547	-0.307333276542506	0.27396906552562	0.212544803495751
0.807820594850692	-3.15739519320747	-0.024244679761397	-0.0164289948246891	-0.0496493543009912	0.209112489274666	0.162063304017914
0.817820594850692	-3.15664916759418	-0.0224105294973913	-0.0150095348505731	0.19732254759251	0.159939538733361	0.123615202418607
0.827820594850692	-3.1534755589124	-0.0210067100578012	-0.0139260614351631	0.436259084649023	0.122445117567741	0.0945134569877784
0.837820594850692	-3.14794471636199	-0.0199304642752832	-0.0130977860814916	0.669046807121225	0.0940282993866672	0.0722421438512544
0.847820594850692	-3.14011011167581	-0.0191033351673077	-0.0124637092449184	0.897203297238819	0.072377282778725	0.0553550174388854
0.857820594850692	-3.13001246007911	-0.0184655951124108	-0.0119771855018661	1.12181207986558	0.0559208495298668	0.0425474656241874
0.867820594850692	-3.11768302428257	-0.017971491857064	-0.0116025944646829	1.34368083523596	0.04345622570198	0.0328545810500004
0.877820594850692	-3.10314609647923	-0.0175858697367242	-0.0113126013154599	1.56339078580145	0.0341015740785774	0.0255124020063802
0.887820594850692	-3.08642096653733	-0.0172815090056365	-0.0110862352500561	1.78137325189605	0.027122735406102	0.0200269428667142
0.897820594850692	-3.06752343250994	-0.0170372777275975	-0.0109072338537891	1.99790871623863	0.0219993977693705	0.015980777187475
0.897917478779377	-3.06732976585939	-0.0170351486813638	-0.0109056867981301	2.00000000000015	0.0219579791672877	0.01594686448098
0.907917478779377	-3.04625253258861	-0.0168348494551984	-0.0107616595692855	2.21524257649923	0.0183176276402511	0.0130238425615068
0.917917478779377	-3.02302892327038	-0.0166649078282378	-0.0106422966614282	2.42928143631702	0.0158406168082446	0.0109837392895594
0.927917478779377	-2.99767094561258	-0.0165148543901644	-0.010539712007317	2.64210893335238	0.0143083250352541	0.00964185753557923
0.937917478779377	-2.97019102961477	-0.0163761631392774	-0.0104475763789531	2.85365184424153	0.0135405624973795	0.00887891753383798
0.947917478779377	-2.94060268518137	-0.016241806139612	-0.0103606843329853	3.06376395819012	0.0134310469313888	0.00856896988664248
0.957917478779377	-2.90892113163135	-0.0161058194765108	-0.0102747505276146	3.2722552514094	0.0138549362226805	0.00867378835113418
0.967917478779377	-2.8751638391873	-0.0159631124832061	-0.0101860886949967	3.47886606030583	0.0147614271273707	0.00911058574301944
0.977917478779377	-2.83935108139161	-0.0158091991702199	-0.010091533625959	3.68329347977546	0.0160873797733373	0.00984736127185406
0.987917478779377	-2.80150643212657	-0.0156400859928999	-0.00998827952640724	3.88518140135398	0.0177944077282712	0.010846553447505
0.997917478779377	-2.76165725446918	-0.0154521541605711	-0.00987381371580346	4.08412780932306	0.0198475626210073	0.0120839453681305
1.00791747877938	-2.71983516495203	-0.0152420861827825	-0.00974586379815117	4.27968851773488	0.0222071097105578	0.0135528368200257
1.01791747877938	-2.67607645929461	-0.01500687163472	-0.00960230010187274	4.47136259782802	0.024884104331855	0.0151897084840922
1.02791747877938	-2.63042255769619	-0.0147436771627443	-0.0094412510235535	4.65863396858688	0.0278066912588609	0.0170377243484623
1.03791747877938	-2.5829203489979	-0.0144499712833386	-0.00926093215749131	4.840928837513	0.0309751726485915	0.0190497750498218
1.04791747877938	-2.53362255883323	-0.0141234524735954	-0.00905974827695638	5.01764826277264	0.0343638831386688	0.0212090439318913
1.05791747877938	-2.4825880455586	-0.0137620824027172	-0.00883628214656207	5.18816733029941	0.0379395278558752	0.0235044274607502
1.06791747877938	-2.42988204595868	-0.0133641202774785	-0.0085892957055157	5.35183704759357	0.0416731537678227	0.025914481893645
1.07791747877938	-2.37557636491746	-0.0129281491449097	-0.0083177496324354	5.5079912413023	0.0455380024444268	0.0284095132582783
1.08791747877938	-2.31974950500751	-0.0124530791829498	-0.00802085541320779	5.65596291123032	0.0494779909042526	0.0309908520655971
1.09791747877938	-2.26248669593896	-0.0119382371706288	-0.00769801901364496	5.79507045645965	0.0534813510043287	0.0335989843117458
1.10791747877938	-2.20387987666256	-0.0113833378392814	-0.00734892808551054	5.92464551215334	0.0575148853629639	0.0361964220796907
1.11791747877938	-2.14402758885741	-0.0107884573619736	-0.00697362844618701	6.04405891597187	0.0614664051874175	0.0388406469517251
1.12791747877938	-2.08303471306516	-0.0101542276261036	-0.00657231343384661	6.15266654169112	0.0653611583013671	0.0414145944215097
1.13791747877938	-2.02101222308979	-0.00948164432046253	-0.00614558336109411	6.24988981353928	0.0691203413980627	0.0439301922134441
1.14791747877938	-1.95807674774033	-0.00877220573261511	-0.00569427551914418	6.33517584902757	0.072729135454564	0.0463197470751937
1.15791747877938	-1.89435011114281	-0.00802780530145055	-0.00521958614054555	6.40804165801088	0.0761175372363031	0.0485867116758457
1.16791747877938	-1.82995873641088	-0.00725078555684513	-0.00472297312355457	6.46805733237897	0.0792469398521638	0.0506990777426947
1.17791747877938	-1.76503299486974	-0.00644389698398055	-0.00420616104855865	6.51485912594881	0.0820921635915243	0.0526135153405247
1.18791747877938	-1.69970648396738	-0.00561025152597634	-0.0036711367901935	6.54816049612015	0.0846268142828905	0.0542952258710126
1.19791747877938	-1.63411526164459	-0.00475321607581868	-0.00312020564072266	6.56778059755743	0.0867448887260569	0.0558173637438008
1.20791747877938	-1.56839695401078	-0.0038765757113514	-0.00255569738171166	6.57357341210936	0.0885156132718441	0.057043429010883
1.21791747877938	-1.50268997753125	-0.00298419781298071	-0.00198028652510211	6.56553067599611	0.0898412971172875	0.0580561178709898
1.22791747877938	-1.43713257537609	-0.00208027533696405	-0.00139658052208475	6.54367637709078	0.090818887997248	0.0587057114306235
1.23791747877938	-1.3718620355272	-0.00116895588955163	-0.000807471467189356	6.50817677694964	0.091362149941283	0.0590829793015814
1.24791747877938	-1.30701378623185	-0.000254450489168771	-0.000215885868188785	6.45927832922575	0.0914039088859349	0.0592662699887118
1.25791747877938	-1.24272051992647	0.000658836678339599	0.000375491034067197	6.39723682627778	0.0911227385293684	0.0590377833431212
1.26791747877938	-1.17911155421704	0.00156681560387645	0.000963690860611648	6.32247189320084	0.0903977583223104	0.0585650262400963
1.27791747877938	-1.11631202689967	0.00246543716933732	0.00154590844238857	6.23544430595243	0.0892025156344542	0.0579075129316002
1.28791747877938	-1.05444223149394	0.00335064310998211	0.00211966148896362	6.13661290554544	0.0877244282001737	0.0568665468806944
1.29791747877938	-0.993617188941124	0.00421883360885589	0.0026822938454609	6.02657611152582	0.0858532748776838	0.0556239966119475
1.30791747877938	-0.933946084021143	0.00506656601578674	0.00323142995705579	5.90594193824999	0.0835919027651754	0.0542275419228147
1.31791747877938	-0.875531880549934	0.00589053984146959	0.00376506020541273	5.77530134223852	0.0811143395384629	0.0525168388670144
1.32791747877938	-0.81847115036871	0.0066879823848865	0.00428111345605507	5.63534585971872	0.0783327731091198	0.0506639049969033
1.33791747877938	-0.762853800134141	0.0074563631120829	0.00477785693533369	5.48674938555118	0.0752679686936694	0.0487086381924631
1.34791747877938	-0.708762972068915	0.00819338724430439	0.00525393506909609	5.33015157390863	0.0720752580682053	0.0465251129588613
1.35791747877938	-0.656275123269869	0.00889730158505559	0.00570800603792132	5.16625475591352	0.0686862008449646	0.0442685967554536
1.36791747877938	-0.605460018134919	0.00956663190436595	0.00613907774651528	4.99572185135054	0.0651300036687415	0.0419724541421009
1.37791747877938	-0.556380867905697	0.0102001745518462	0.0065465153500811	4.81916721170918	0.0615414926029167	0.0395371329850725
1.38791747877938	-0.509094605920785	0.0107972330691538	0.00692973241208515	4.63723710063317	0.0578670599766186	0.0370969881499346
1.39791747877938	-0.463652078336896	0.0113573814671094	0.00728846479549655	4.45052471796245	0.0541368631777618	0.0346789905310845
1.40791747877938	-0.420098346097838	0.0118804518320605	0.00762275613853245	4.25956719419781	0.0504612243509766	0.0322064651252556
1.41791747877938	-0.378473076929581	0.0123667055209858	0.00793270667145468	4.06490993581194	0.0468008953034247	0.0297857756090018
1.42791747877938	-0.338810855574991	0.0128166336244345	0.00821867955581045	3.86704132592152	0.0431814828825841	0.0274376046627756
1.43791747877938	-0.301141567194247	0.0132309421331282	0.00848127155519534	3.66639465515749	0.0396818171221977	0.0251110646029268
1.44791747877938	-0.265490825632445	0.0136106518890248	0.00872113637707941	3.46339223487875	0.0362812589242898	0.0228743508096824
1.45791747877938	-0.231880335183829	0.0139569581606765	0.0089391057760194	3.25840535947108	0.0329956424804019	0.0207444998365689
1.46791747877938	-0.200328285092872	0.0142712084638506	0.00913616120705723	3.05175713403206	0.0298693115900648	0.0186972236780529
1.47791747877938	-0.170849752378013	0.0145549340155762	0.00931333764773821	2.84374500283284	0.0269018097052525	0.0167585679369049
1.48791747877938	-0.143457063353148	0.0148097817490151	0.00947175176272451	2.63462841822501	0.0240946493714118	0.0149464685779797
1.49791747877938	-0.118160147216792	0.0150374735183434	0.00961259699612938	2.42462636957967	0.0214657282760941	0.0132528388387618
1.50791747877938	-0.0949668799360442	0.0152397973630362	0.00973710009902931	2.21392632477162	0.0190258802305926	0.0116730764450394
1.51791747877938	-0.073883404616199	0.0154185926364503	0.00984648732711601	2.00269087512627	0.0167640146580818	0.0102248843967918
1.52791747877938	-0.0549144166834649	0.0155756960788604	0.00994200201846269	1.79105024727993	0.0146809620863501	0.0089062061713568
1.53791747877938	-0.0380634327192617	0.0157129182118256	0.0100248871123324	1.57910520858516	0.012788400662805	0.00769686399140765
1.54791747877938	-0.0233330430390593	0.0158320543060438	0.0100963274790958	1.36694180129824	0.0110678518504052	0.0066101647636377
1.55791747877938	-0.0107251177628963	0.0159348297367131	0.0101574775267935	1.15462227113568	0.0095109301239303	0.00564288230590241
1.56791747877938	-0.000240995059654454	0.0160228792288246	0.0102094497205318	0.942187480233466	0.00812065997267843	0.0047739376465457
1.57791747877938	0.00811834986602464	0.0160977563667058	0.0102532685180756	0.729669502146644	0.00687823258079387	0.00400630496103694
1.58791747877938	0.0143521784059942	0.0161608946024401	0.0102898881547219	0.517086429966064	0.00577035478306618	0.00333311887717993
1.59791747877938	0.0184598830061886	0.0162135943150586	0.010320180950145	0.304445874627235	0.0047870486641057	0.00274072935333143
1.60791747877938	0.0204409081989045	0.0162570165508488	0.0103449202169827	0.0917502945211368	0.00391323047649964	0.00221952287760292
1.61791747877938	0.0202947024927603	0.0162921689582704	0.0103647757302577	-0.121000963642356	0.00313148859967814	0.00176072070160854
1.62791747877938	0.0180206983718097	0.0163198933192675	0.0103803098552661	-0.333809551168935	0.00242461908342435	0.00135346582700464
1.63791747877938	0.0136183199208872	0.0163408563841148	0.010391972067043	-0.546675302998384	0.00177578431543287	0.000984870750962971
1.64791747877938	0.00708701814001342	0.0163555438932409	0.0104000918994998	-0.759592746860537	0.00116638014003996	0.000642923072001995
1.65791747877938	-0.0015736646181932	0.0163642530206659	0.0104048762221979	-0.97254861978313	0.000577343337436483	0.000315083656790113
1.66791747877938	-0.0123640023693248	0.0163670877004815	0.0104064052506914	-1.18551881021232	-1.14887949755408e-05	-1.06767788065455e-05
1.67791747877938	-0.0252839644193466	0.0163639535984661	0.0104046313894359	-1.3984658916849	-0.000620010495403565	-0.000347344965190089
1.68791747877938	-0.0403330664383083	0.0163545558069796	0.0103993771773866	-1.6113361874692	-0.00126810374797916	-0.000708285533642805
1.69791747877938	-0.0575101933893911	0.0163383978091098	0.0103903343450629	-1.82405693166156	-0.00197562988671308	-0.00110696975616947
1.70791747877938	-0.0768133946890179	0.0163147821098406	0.0103770637499464	-2.03653345288593	-0.00276245970831652	-0.00155662587354775
1.71791747877938	-0.0982396521428977	0.0162828129009568	0.010358996070897	-2.24864633659385	-0.00364876172302591	-0.00206952921357122
1.72791747877938	-0.121784621195794	0.016241400305785	0.0103354342296558	-2.46024883034632	-0.00465473930120255	-0.00265693750244968
1.73791747877938	-0.147442346046238	0.0161892647804389	0.0103055597867138	-2.6711651183356	-0.00579779746076645	-0.0033321923722944
1.74791747877938	-0.175204951444637	0.0161249467075894	0.0102684375367561	-2.88118781430219	-0.007092893860569	-0.00410978662256927
1.75791747877938	-0.205062313847967	0.0160468242624126	0.0102230149683011	-3.09007372256361	-0.00855947018256877	-0.004996146620942
1.76791747877938	-0.237001709092341	0.0159531221489377	0.010168138852527	-3.29754419026694	-0.010213627684151	-0.00599881926034777
1.77791747877938	-0.271007443343682	0.015841924464193	0.0101025729115761	-3.50328549824709	-0.0120612493230448	-0.00713442991917559
1.78791747877938	-0.307060476328694	0.0157112103903367	0.0100249936197858	-3.70694279540444	-0.0141144051207674	-0.00840748110262112
1.79791747877938	-0.345138030504649	0.0155588768929965	0.00993400915340775	-3.90812039895816	-0.0163876468534744	-0.00981428008605274
1.80791747877938	-0.385213191883121	0.0153827510145173	0.00982819845079892	-4.10638764020294	-0.0188772393137413	-0.0113682067061048
1.81791747877938	-0.427254521882842	0.0151806382193067	0.00970611228139742	-4.30127382908716	-0.021579501777719	-0.0130760802875274
1.82791747877938	-0.471225676448867	0.0149503720088388	0.00956627940630927	-4.49226467087021	-0.0245065426552383	-0.0149178284357805
1.83791747877938	-0.517085025831149	0.0146898177623527	0.00940727607727919	-4.67881677330246	-0.0276429930556798	-0.0169000339714347
1.8393058692361	-0.523598775598365	0.0146511248106741	0.00938361493016889	-4.70433686998846	-0.0280857105365271	-0.0171969071243243
1.8493058692361	-0.577248517681842	0.0164500558729678	0.032945370452313	-6.02290839148973	0.388905461795399	4.71592774081963
1.8593058692361	-0.647472281662507	0.0361001973290089	0.0835216589596402	-8.13633797509947	4.01521752866889	4.67743787179882
1.8693058692361	-0.736415631281245	0.0886276643572849	0.13050794711533	-9.27868847620974	5.72403614416574	4.90126797774879
1.8793058692361	-0.829223295626328	0.144537986140679	0.178349370424137	-9.1835311177038	5.31288841868497	4.54943497550115
1.8893058692361	-0.919031350585591	0.193344169463254	0.220257726673903	-8.75723275170131	4.41933184163116	3.8057006777088
1.8993058692361	-1.00426922850477	0.232800996349538	0.254382020455524	-8.29598654612266	3.4824171459815	3.0270143292659
1.9093058692361	-1.08515955515325	0.263354177612904	0.281073903057847	-7.89484809367005	2.64987479221036	2.32956627802704
1.9193058692361	-1.16243515999725	0.286261870821077	0.30135593286749	-7.57366300228911	1.95513468683738	1.74610212673216
1.9293058692361	-1.23688697198801	0.302910874668487	0.316370192580611	-7.32864532397138	1.39665113911881	1.27408860942175
1.9392743333177	-1.30899693899575	0.314562350347179	0.327151709654297	-7.1487468599424	0.959884790812133	0.904129027960549
1.9492743333177	-1.37491833827435	0.320422513646761	0.314342558254121	-6.03082845054364	0.239881181795416	-3.5134323829141
1.9592743333177	-1.42675054622431	0.309583828660902	0.270783611785159	-4.13429803980937	-3.11769829725994	-4.19114684696668
1.9692743333177	-1.4596538939033	0.263102970949835	0.227950456150144	-2.79072523402602	-5.43013878596227	-4.64342819813562
1.9792743333177	-1.48676459918663	0.207782641864263	0.181056874085799	-2.76982257673786	-5.43192180441393	-4.58106050195283
1.9892743333177	-1.51686998953196	0.157079421008212	0.138322010046968	-3.30258896828694	-4.63613567996912	-3.9123524119038
1.9992743333177	-1.55326525610507	0.11565627244998	0.103299683276078	-3.97815151133109	-3.64732024363962	-3.09263608566641
2.0092743333177	-1.59622111566	0.0838172725602487	0.076196528357268	-4.59461149919115	-2.74680632455577	-2.34964814674708
2.0192743333177	-1.64472506366314	0.0601094930324071	0.0558265684429211	-5.08372420577726	-2.02542745627124	-1.75008958566425
2.0292743333177	-1.69745844087738	0.042715063683693	0.0407179269135839	-5.44255083716963	-1.48056172058077	-1.29383960187124
2.0392743333177	-1.75320458804093	0.0300131058393074	0.0295540111070891	-5.69009024339995	-1.0808992267286	-0.956642824615873
2.0492743333177	-1.81096276520759	0.0207220971273221	0.0212881049133571	-5.84867118231893	-0.792578950375575	-0.710370936508949
2.05296008924034	-1.83259571459405	0.0179578921866292	0.0188081745259651	-5.88871190814949	-0.708439864089939	-0.63756957777297
2.06296008924034	-1.88607785932846	0.00995436588420176	-0.0115549740453926	-4.79482423781774	-0.940887551337713	-5.3569850567471
2.07296008924034	-1.92426566929053	-0.0175450923652557	-0.0638689573075701	-2.79483253172987	-4.77534724310185	-4.75466041925876
2.08296008924034	-1.94717430071926	-0.0736276245204037	-0.112887017591694	-2.10458838942718	-5.85982819941658	-5.02287144754088
2.09296008924034	-1.96953903905478	-0.129994854893006	-0.16110515320715	-2.45017881511973	-5.29401391654852	-4.52905217957692
2.10296008924034	-1.99694181995054	-0.178384718586449	-0.202540911803095	-3.0403270609644	-4.36645618020856	-3.7468280031902
2.11296008924034	-2.03024068751435	-0.217405977289933	-0.23613564776024	-3.60493656543284	-3.45472833946056	-2.98718809562352
2.12296008924034	-2.06866598959741	-0.247944196449902	-0.262651518483465	-4.05953766132302	-2.67863872270748	-2.33652992125542
2.13296008924034	-2.11102341386425	-0.271478965011073	-0.283298111990538	-4.39196989367831	-2.0531923143	-1.81280479525598
2.14296008924034	-2.1561285261922	-0.289478126741427	-0.299277032182544	-4.61164190054026	-1.56814039887154	-1.40023051736065
2.15296008924034	-2.20293996556019	-0.303225280534999	-0.311626303374141	-4.73618104314898	-1.19898731016062	-1.08365917733221
2.16296008924034	-2.25059208361186	-0.313772589767247	-0.321203709470938	-4.78271491237227	-0.924083704866669	-0.843521561623417
2.17296008924034	-2.29838633539186	-0.321955524212434	-0.328693100415013	-4.76698253911391	-0.723211609487412	-0.663203334044356
2.18296008924034	-2.34577086540128	-0.328420730657755	-0.334626682011906	-4.70277837804442	-0.5780620214315	-0.530071212619866
2.19296008924034	-2.39231757344308	-0.333655358402535	-0.339413055358234	-4.60113938493594	-0.474799212443455	-0.432304545948411
2.20296008924034	-2.43769865862856	-0.338019312651106	-0.343359144934718	-4.47099938461287	-0.40219345930256	-0.360782965976085
2.21296008924034	-2.48166599904563	-0.341772662044407	-0.346691741699439	-4.31940359467273	-0.351465023948856	-0.308513388757296
2.22296008924034	-2.52403353406517	-0.345099030613667	-0.349575903565897	-4.15176558874587	-0.316054439712781	-0.270061433365475
2.23296008924034	-2.56466258753219	-0.348125408996663	-0.35212933451493	-3.97231890900242	-0.29071881026614	-0.241867427436285
2.24296008924034	-2.60345060089299	-0.350936375432157	-0.354435838006703	-3.78403985104869	-0.272351195545288	-0.2204203592136
2.24684177510714	-2.61799387799149	-0.351982123930737	-0.355277601540012	-3.70911233670148	-0.266471212897378	-0.213511850497891
2.25684177510714	-2.65692978151682	-0.356849791253862	-0.335198453684227	-4.07972841860009	-0.699813048760508	4.22744753874769
2.26684177510714	-2.70257919590251	-0.354613084907891	-0.287272973208143	-5.19807174021713	1.72455731736862	4.50307699350895
2.27684177510714	-2.76117364024722	-0.321234337580792	-0.246582983524622	-6.48790152684336	4.84865539723398	3.76322391323552
2.28684177510714	-2.8277235668994	-0.26828015678335	-0.206250815029075	-6.645927190592	5.46083442732732	4.16056204075128
2.29684177510714	-2.89174895800902	-0.21556407260901	-0.16588457855433	-6.08607343757253	4.97316944152391	3.82786885692649
2.30684177510714	-2.94862400908647	-0.170036578120579	-0.130713167302171	-5.27231178823302	4.10691609336182	3.18487331908414
2.31684177510714	-2.99717812561631	-0.133463436800264	-0.102263426615109	-4.44807918457313	3.22056396430107	2.51546973237159
2.32684177510714	-3.03789792121507	-0.105159385632377	-0.0801321836520499	-3.71355903282737	2.46526112182567	1.93096467629426
2.33684177510714	-3.07181407526493	-0.0836311585437241	-0.0632469217327865	-3.08724505918592	1.86573802188322	1.46566674041617
2.34684177510714	-3.09996892876961	-0.0673690271922055	-0.0504658204592242	-2.55826376138063	1.40759742934958	1.10722975344961
2.35684177510714	-3.12323882939101	-0.055102204012789	-0.0408136832682785	-2.10705139568919	1.06218693822167	0.835996579391653
2.36684177510714	-3.14230742090667	-0.0458395836565741	-0.0335213906893563	-1.71526039834516	0.802864010354988	0.63199556949364
2.37684177510714	-3.15769189687521	-0.0388315311853752	-0.0280036079467762	-1.36803165496585	0.608021886524912	0.478809879983823
2.38684177510714	-3.16977899699366	-0.033517881693551	-0.0238205058722624	-1.05414674359481	0.461579567443772	0.363285194514884
2.39684177510714	-3.17885745033214	-0.029480249348375	-0.020643861453945	-0.76503626094077	0.350865625315354	0.27640973965229
2.40684177510714	-3.18514276211582	-0.0264068405685808	-0.0182270654674025	-0.494622027910837	0.267432148108456	0.210314076263361
2.41684177510714	-3.18879659853459	-0.0240632444322508	-0.0163860212373434	-0.238132910093086	0.204134403342179	0.160268138637735
2.42684177510714	-3.18994031240497	-0.0222734552249314	-0.0149818130296365	0.00788031979333535	0.156017949154528	0.122308988427348
2.43684177510714	-3.18866526720338	-0.0209046143787948	-0.0139096047940887	0.246005345949336	0.119360590994368	0.0935113887309903
2.44684177510714	-3.18504031304116	-0.0198562525206255	-0.0130898623543257	0.478137336473262	0.0915357735434046	0.0714832897468047
2.45684177510714	-3.17911748695483	-0.0190518378503205	-0.0124624750345833	0.705777407757598	0.0703122966564922	0.0547503450664266
2.46684177510714	-3.17093608708699	-0.0184331680518331	-0.0119815379599979	0.930012708429429	0.0541496998585833	0.0420270113494583
2.47684177510714	-3.16052588730305	-0.017955744855162	-0.0116119979300707	1.1516545264967	0.0418926586476396	0.0323345125516704
2.48684177510714	-3.14790957787886	-0.0175853777211256	-0.0113270433129148	1.37131416698194	0.0326317154946633	0.0249793940027455
2.49684177510714	-3.13310464633748	-0.0172956770414728	-0.0111060747437703	1.58944089472608	0.0256600819180982	0.01946190763439
2.50684177510714	-3.11612484891997	-0.0170662083647413	-0.0109331127090697	1.80633268669814	0.0204988086212657	0.0153355490953979
2.51581165798712	-3.09905309944656	-0.0168983901065539	-0.0108085692735728	2.00000000000061	0.0170802527347644	0.0125767830088257
2.52581165798712	-3.07797724239488	-0.0167419799325379	-0.0106948022187603	2.21502359647907	0.014366157824289	0.0103161877904356
2.53581165798712	-3.05475559960857	-0.0166079723198708	-0.010599912745529	2.42915558447975	0.0125744696689477	0.00876671462049974
2.54581165798712	-3.02939719692479	-0.0164879781563478	-0.010517554293016	2.64236531218587	0.0115390340751497	0.00779104420408258
2.55581165798712	-3.0019116748557	-0.0163750709814872	-0.0104425452934521	2.85455923325964	0.0111389935441127	0.00728252731775909
2.56581165798712	-2.97230988758723	-0.0162634049724935	-0.0103705856932467	3.06558913493483	0.0112764575439234	0.00717167133923324
2.57581165798712	-2.9406044550306	-0.0161479494296084	-0.0102980164011298	3.27525045296205	0.01188541851259	0.00739845144369978
2.58581165798712	-2.90681029341442	-0.0160242727683476	-0.0102216627161452	3.48328749825009	0.0129156352280003	0.00791965733856476
2.59581165798712	-2.87094512381315	-0.015888388805774	-0.0101387133717571	3.68939580489715	0.014325628947364	0.00870767203255177
2.60581165798712	-2.83302996419321	-0.0157366498387575	-0.0100466293927874	3.89322304354611	0.0160806066186615	0.00974520377239654
2.61581165798712	-2.79308960411286	-0.0155656856675762	-0.00994306574514676	4.09436588657065	0.0181647757751861	0.0110036906566413
2.62581165798712	-2.7511530745959	-0.0153723371746402	-0.00982585502779863	4.29237867044636	0.0205546780395368	0.0124717306881928
2.63581165798712	-2.7072540923943	-0.0151536410904352	-0.00969297119366765	4.48677197371969	0.0232284912202837	0.0141395180669505
2.64581165798712	-2.66143148446975	-0.0149068274932569	-0.00954251244639405	4.67701333585792	0.0261701027064179	0.0159906261070516
2.65581165798712	-2.61372958770391	-0.0146293246294361	-0.0093727027416444	4.86253086465904	0.0293657702239587	0.0180037270607907
2.66581165798712	-2.56419861697124	-0.0143187685558291	-0.0091819090980466	5.04271965586387	0.0327939142263366	0.0201634894187863
2.67581165798712	-2.51289499711462	-0.0139730048154133	-0.00896868478583821	5.21695459104451	0.036396157338518	0.0224954067324638
2.68581165798712	-2.4598816116399	-0.0135902122892165	-0.00873167132195257	5.38456258502385	0.0401894650823214	0.024924590735755
2.69581165798712	-2.40522805872417	-0.0131688095648215	-0.00846977998207005	5.54487406571859	0.0441116818489844	0.0274685339254564
2.70581165798712	-2.3490107738489	-0.0127075925353525	-0.00818208614783029	5.69719349574537	0.0481457393027055	0.0300816164016215
2.71581165798712	-2.2913131293961	-0.0122056969764862	-0.00786794217921987	5.84083254274687	0.0522334452635856	0.0327632738643564
2.72581165798712	-2.23222541034495	-0.011662702919413	-0.00752690762455394	5.97509253951349	0.0563644683751606	0.0354473320270113
2.73581165798712	-2.17184475593886	-0.0110785509593792	-0.00715890669562781	6.09931264673873	0.0604437789432601	0.0381688224046225
2.74581165798712	-2.11027492765144	-0.0104537278195128	-0.00676403735909616	6.21282065922675	0.064492042538201	0.0408145732186091
2.75581165798712	-2.04762608102036	-0.00978910426687845	-0.0063428016322112	6.31500477651688	0.0684351136966644	0.0433880510448629
2.76581165798712	-1.98401437311506	-0.00908599360887493	-0.00589604367185218	6.40530405543714	0.0721704216264243	0.0459279869804394
2.77581165798712	-1.91956144240272	-0.00834630883759459	-0.00542474717072022	6.4831603966393	0.0757634934094797	0.0482643404189593
2.78581165798712	-1.85439393876967	-0.00757222572506718	-0.00493043281214537	6.54814202105313	0.0790590565912798	0.0505065886805898
2.79581165798712	-1.78864278368563	-0.00676646288937952	-0.00441476564832458	6.59984393785989	0.0820486201543218	0.0525857144048053
2.80581165798712	-1.72244247175173	-0.00593214985497939	-0.00387966049211915	6.63793045645134	0.0847510652934781	0.054405244731135
2.81581165798712	-1.65593032086248	-0.00507263794568344	-0.0033274430145734	6.66219391658891	0.0870337198952897	0.0560665693307543
2.82581165798712	-1.5892455271231	-0.004191790557392	-0.00276039702163655	6.67243938355074	0.0890207931479465	0.0573593484125541
2.83581165798712	-1.52252840863547	-0.00329349824748227	-0.00218126986311218	6.66864081280375	0.0905722509393633	0.0584143613040845
2.84581165798712	-1.45591941309513	-0.00238192306906804	-0.00159285683517731	6.65083525816552	0.0916483821642606	0.0592482419603852
2.85581165798712	-1.38955819196391	-0.00146150182686349	-0.00099788128543397	6.61909992067595	0.0923863021130596	0.0596682362349934
2.86581165798712	-1.32358283099869	-0.000536463641061129	-0.000399479275720527	6.57369939735049	0.0925911332373282	0.0599087487994065
2.87581165798712	-1.2581288369208	0.000388716831358068	0.000199485946401725	6.5148993673592	0.0923566972793759	0.0598548673876937
2.88581165798712	-1.19332838930384	0.00130960735729608	0.000796179695230762	6.44304234035542	0.0917889295682027	0.0593879048059075
2.89581165798712	-1.12930966149154	0.00222212915951921	0.00138751764505652	6.35863125405213	0.0906978930359938	0.0587699626569505
2.90581165798712	-1.06619598871258	0.00312209296648545	0.00197084937954732	6.26213832266613	0.0892209435152358	0.0578637023894663
2.91581165798712	-1.00410536138357	0.00400555153996251	0.00254361180247884	6.15410440896355	0.087454042039981	0.0565924886518995
2.92581165798712	-0.94314997286845	0.0048690212082785	0.0031031360037905	6.03519320234177	0.0852347532683278	0.0552106813829175
2.93581165798712	-0.883435671462318	0.00570904464305431	0.0036472662800565	5.90601336270564	0.0827137320216279	0.0535876940913796
2.94581165798712	-0.825061740796338	0.00652253081617955	0.0041739951826589	5.76721856082564	0.079980133388001	0.0516752581038614
2.95581165798712	-0.768120725453852	0.0073069097935036	0.00468131772734432	5.61954420090951	0.0769030904258746	0.0497044221416991
2.96581165798712	-0.712698192656352	0.00805974068786615	0.00516775670826648	5.4636527049101	0.073626036088345	0.0475660620776207
2.97581165798712	-0.658872785371689	0.00877899839808212	0.00563202691734124	5.30022246294495	0.0702337201311333	0.0452261264477935
2.98581165798712	-0.606716309342194	0.00946318530850564	0.00607290643953215	5.12997749869341	0.066623496229843	0.0428854475721451
2.99581165798712	-0.556293763783491	0.0101109880541926	0.00648966535931883	4.95355853466011	0.0629192554395439	0.0404609441729422
3.00581165798712	-0.507663605656176	0.0107214959629262	0.00688178161677808	4.77159620322317	0.0592005411437932	0.0379234096897687
3.01581165798712	-0.460878033480051	0.0112942850965665	0.00724881542311655	4.58473922189222	0.0553882303043995	0.0354395718034477
3.02581165798712	-0.415983209646959	0.0118291254165363	0.00759074615649303	4.39355132861473	0.0515801777713924	0.0329514907260241
3.03581165798712	-0.373019652527768	0.0123261309156299	0.00790774780881593	4.19856775868317	0.0478471404402039	0.0304311031486186
3.04581165798712	-0.33202263316272	0.0127858223252362	0.00820006747008605	4.00032274623561	0.0441304306660734	0.0280076377432642
3.05581165798712	-0.293022505010674	0.0132088893325139	0.00846827412351807	3.79927219230267	0.0404992539515659	0.0256452870876772
3.06581165798712	-0.256045142982783	0.0135962797180775	0.00871309449459921	3.59583392448005	0.0370105017032399	0.023318215232298
3.07581165798712	-0.221112374061232	0.0139492400701664	0.00893530658125885	3.39041201230079	0.0336252031087927	0.0211147996576188
3.08581165798712	-0.188242343802935	0.0142691411913508	0.00913590030659448	3.18334566068243	0.0303837609875829	0.0190183136593154
3.09581165798712	-0.157449938388293	0.0145575148544252	0.00931597291810395	2.97493386134405	0.0273251694672791	0.0170079200034427
3.10581165798712	-0.128747189518239	0.0148160711904709	0.00947664870772578	2.76545363104164	0.0244296021752686	0.015130510461304
3.11581165798712	-0.102143627441835	0.0150465927951112	0.00961915352967618	2.55513475857402	0.0217102869123756	0.0133859097751135
3.12581165798712	-0.0776466433622924	0.0152509254040038	0.00974477003886607	2.34416889208617	0.0191895406629467	0.0117570337769459
3.13581165798712	-0.055261833805477	0.0154309810184727	0.00985477955717521	2.13272291336816	0.0168610389893121	0.0102573105773724
3.14581165798712	-0.0349933056757231	0.0155886884467363	0.00995047216500741	1.92093339421127	0.0147170969312241	0.00889683714291271
3.15581165798712	-0.0168439586756719	0.0157259534281359	0.0100331477341267	1.7089040763292	0.0127661290865606	0.00766085122459629
3.16581165798712	-0.000815752014656886	0.0158446558564837	0.0101040738390542	1.49671604277348	0.0110072545859922	0.00654182087850727
3.17581165798712	0.0130900598610806	0.0159466350306319	0.0101644619481372	1.28443311217615	0.00942138583593464	0.00555093185653227
3.18581165798712	0.0248727296538556	0.0160336404605163	0.0102154900917703	1.07209443256789	0.00800602616427898	0.00467490756299977
3.19581165798712	0.0345318344838056	0.0161073283464612	0.0102582718710628	0.859722691951801	0.00675699864070433	0.00389919974338587
3.20581165798712	0.0420671220796634	0.0161692565677395	0.0102938306588834	0.647331205414124	0.00565403414001041	0.00322634277533679
3.21581165798712	0.0474783946622015	0.0162208485547357	0.0103231158968491	0.434919374320321	0.00468594249695502	0.00264478398506861
3.22581165798712	0.0507654121850142	0.0162633884060512	0.0103469833889725	0.222478674770293	0.00383994177074311	0.00214252632993836
3.23581165798712	0.0519278259107296	0.0162980098120105	0.0103661862110064	0.00999591408822597	0.00310027539832792	0.00170913434379343
3.24581165798712	0.0509651404680098	0.0163256850138276	0.0103813682346917	-0.202543997337591	0.00244847039426132	0.00133567038811492
3.25581165798712	0.047876704862526	0.0163472121353674	0.0103930621916361	-0.415156320649491	0.00186715821594721	0.00101015707558323
3.26581165798712	0.0426617303301361	0.0163632081316833	0.010401683060829	-0.627853209032936	0.00133861711881375	0.00071962808021599
3.27581165798712	0.0353193365012528	0.0163741025155276	0.0104075227066788	-0.84064057019501	0.000843817676295125	0.000451540310895648
3.28581165798712	0.0258486261319082	0.016380131226752	0.0104107464951564	-1.05351528560954	0.000362708781850479	0.000193630400117048
3.29581165798712	0.0142487882837391	0.0163813313131268	0.0104113910423463	-1.26646255098545	-0.000125057664580157	-6.67751287398393e-05
3.30581165798712	0.0005192297983039	0.0163775371732972	0.0104093622169525	-1.47945308876985	-0.000639820379789278	-0.000342916926384923
3.31581165798712	-0.0153402649003064	0.0163683783267288	0.0104044335747044	-1.6924402796158	-0.00120188142408985	-0.000648393413291032
3.32581165798712	-0.0333293457211008	0.016353278674727	0.0103962454837528	-1.90535727895064	-0.00183156768505068	-0.000996814918274381
3.33581165798712	-0.0534468807322961	0.0163314572833694	0.0103843051977427	-2.11811418086436	-0.00254922099008876	-0.00140151358511175
3.34581165798712	-0.0756907123164044	0.0163019308776971	0.0103679880142954	-2.33059525531367	-0.00337509943712488	-0.00187532313866654
3.35581165798712	-0.100057386420302	0.0162635186026213	0.010346539268149	-2.5426561735474	-0.0043295726123661	-0.00242994263512791
3.36581165798712	-0.126541855366686	0.0162148475416668	0.0103190795566843	-2.75412188786949	-0.00543145985490832	-0.00307756914193348
3.37581165798712	-0.155137155867329	0.0161543601825231	0.0102846122759317	-2.96478489024028	-0.00669559058879851	-0.00383344657657733
3.38581165798712	-0.185834066567999	0.0160803326228079	0.010242023062605	-3.17440088646226	-0.00813984036397391	-0.00470650393239201
3.39581165798712	-0.218620742703209	0.0159908875605867	0.010190091631425	-3.38268770532227	-0.00978203086771302	-0.00570261344695166
3.40581165798712	-0.253482332090037	0.0158840066375046	0.0101275108698191	-3.58932598600631	-0.0116318691046367	-0.00683400331958121
3.41581165798712	-0.290400580183454	0.0157575562818706	0.0100528959953177	-3.79395677785546	-0.0136947283689497	-0.00811381863730908
3.42581165798712	-0.329353428296953	0.0156093264260889	0.00996478485986619	-3.99617640044697	-0.015986349159316	-0.00953699425663264
3.43581165798712	-0.37031459865142	0.0154370432647419	0.00986167811231412	-4.19554244326415	-0.0185114914149892	-0.0111062103642749
3.44581165798712	-0.413253184430056	0.0152383978062212	0.00974206705205222	-4.39157615856978	-0.0212570057790464	-0.0128398315787842
3.45581165798712	-0.458133259363262	0.015011116833282	0.00960441556424584	-4.58375180843464	-0.0242317283335286	-0.014721321415499
3.46581165798712	-0.504913485306952	0.0147529775768412	0.00944721882734086	-4.77150791692881	-0.0274344938741684	-0.0167386452195466
3.46969843252764	-0.523598775598436	0.0146438427845912	0.00938054770450339	-4.84316948607932	-0.028723629723484	-0.0175765306608342
3.47969843252764	-0.57863171554944	0.0164266757012538	0.0329398227574975	-6.16067121385555	0.386455357120845	4.71529231302894
3.48969843252764	-0.650222313377151	0.036032606674659	0.0835104951147315	-8.27163336608341	4.00827974646555	4.67682811581715
3.49969843252764	-0.740520793465956	0.0885051239084206	0.130461241334895	-9.41433593331163	5.71906137414371	4.89672224205634
3.50969843252764	-0.834679146007015	0.144354512067293	0.178253428104648	-9.31787652599755	5.30547838545213	4.54391434828064
3.51969843252764	-0.925821921459256	0.193072240699063	0.220098118489179	-8.88979739139872	4.40907091459425	3.79846741898052
3.52969843252764	-1.01237628275689	0.232414266845911	0.254141537675276	-8.42672310185589	3.46983810093919	3.01813864993283
3.53969843252764	-1.0945650754412	0.262833547093462	0.280738435718738	-8.02381752406834	2.63582875584855	2.31954149083209
3.54969843252764	-1.17312183544706	0.285597366548663	0.300916976086244	-7.70091765847672	1.94050629861335	1.73560051225716
3.55969843252764	-1.24883792001286	0.302101397329303	0.315825662837101	-7.45423509970838	1.3823853885759	1.2636146790623
3.56785617741392	-1.30899693899575	0.311837595781378	0.324831838944135	-7.30132342351456	1.01734872418517	0.95488357151038
3.57785617741392	-1.37636032052542	0.318120155387473	0.312512374608751	-6.16670424438531	0.267243595311242	-3.46626598710392
3.58785617741392	-1.42948377927494	0.307469400939155	0.269320916777135	-4.25588829081574	-3.11013440317631	-4.16078915123879
3.59785617741392	-1.46361133720252	0.261140996089969	0.226651888791218	-2.9149293057706	-5.40864347334445	-4.63142938279598
3.60785617741392	-1.49196843834454	0.20605061464883	0.179898268233309	-2.89474202967233	-5.40739767289257	-4.56598337323297
3.61785617741392	-1.52331765201343	0.15559408438834	0.137321457286795	-3.42606090701413	-4.61188431924652	-3.89612578046034
3.62785617741392	-1.56093375630001	0.114404922600518	0.102455149540552	-4.09864587236415	-3.62500480126107	-3.07791153757151
3.63785617741392	-1.6050747957314	0.0827715497594552	0.0754924639224251	-4.71146502608305	-2.72671604990006	-2.33802843020917
3.64785617741392	-1.65472364396436	0.0592390733338743	0.0552400162689494	-5.19604784876764	-2.00968764837015	-1.73912588368746
3.65785617741392	-1.70855941446896	0.0419883286140737	0.0402295977483552	-5.55065715095659	-1.46767930956379	-1.28490617081256
3.66785617741392	-1.7653656578564	0.0294023814469334	0.0291459140261297	-5.7941652187026	-1.06999523810367	-0.950140063840776
3.67785617741392	-1.82414258589116	0.0202049506966844	0.020942854047444	-5.94839476920929	-0.784580812864839	-0.704420496315944
3.67927533658343	-1.83259571459421	0.0191152589031214	0.0199639391453153	-5.96427770944585	-0.751268963717549	-0.675497749105818
3.68927533658343	-1.88681467485151	0.0106477416883797	-0.0107753269707679	-4.86412825072091	-1.0009300712441	-5.37902931425277
3.69927533658343	-1.92565665489334	-0.0175841088320984	-0.063139606699819	-2.85942292852494	-4.8511233044589	-4.75648304130662
3.70927533658343	-1.94944646893412	-0.0739065781191092	-0.112391911219494	-2.20607612379347	-5.8621475516651	-5.03715611207148
3.71927533658343	-1.97289243898916	-0.130204067279744	-0.160667460178815	-2.56264574847163	-5.28194158566574	-4.52639725013305
3.72927533658343	-2.00144706397668	-0.178427836339638	-0.202058756490922	-3.15704088029191	-4.34765402844425	-3.7400448264431
3.73927533658343	-2.03591677210193	-0.217254595708601	-0.235575311031875	-3.72163061419481	-3.43636775864119	-2.97721033336484
3.74927533658343	-2.07550540698707	-0.247606769374532	-0.26200133833334	-4.17542398681236	-2.65962736666506	-2.32924317541407
3.75927533658343	-2.11900779969142	-0.270972310960778	-0.28256722255454	-4.50510573650767	-2.0380008165397	-1.80462523316386
3.76927533658343	-2.16523138344743	-0.288830472907041	-0.298474288832534	-4.72223407791689	-1.55487370622754	-1.39445109193224
3.77927533658343	-2.21313245106883	-0.302463912415988	-0.310766951060485	-4.84375726324358	-1.18862484445354	-1.07924433305139
3.78927533658343	-2.26184422655244	-0.312924540092027	-0.320303227458564	-4.88708674401023	-0.917043699511469	-0.839736534618161
3.79927533658343	-2.31066823264618	-0.321046889943822	-0.327764831002965	-4.86845304018142	-0.718529614479968	-0.660836251604697
3.80927533658343	-2.35905409239119	-0.327474216922432	-0.33368311088718	-4.80158948865252	-0.575168146317886	-0.529275809987878
3.81927533658343	-2.40657582100644	-0.332689637666222	-0.338465775954967	-4.69735693272416	-0.473836517470248	-0.432273316285644
3.82927533658343	-2.45290759385313	-0.337050403218699	-0.342416950471046	-4.56492839511344	-0.40256340713119	-0.361675090345704
3.83927533658343	-2.49780364877051	-0.340813111556327	-0.345762023049805	-4.41124525542276	-0.352951655512499	-0.310048549372326
3.84927533658343	-2.54108006083834	-0.344158871994809	-0.348664054098673	-4.24179546042921	-0.318200452412021	-0.272342202431765
3.85927533658343	-2.58260038268047	-0.347211877400755	-0.351239879729534	-4.06066439950299	-0.293565120336336	-0.24443348613743
3.86817521999899	-2.6179938779915	-0.349750584077664	-0.353325356843316	-3.89209498071777	-0.277500230431898	-0.225170131024132
3.87817521999899	-2.65885229766255	-0.354570102945748	-0.333329738932704	-4.2812296286284	-0.678153748672832	4.22061377075761
3.88817521999899	-2.70664525765607	-0.351784365686189	-0.285704641970145	-5.42175471754002	1.80025764000172	4.46810026569401
3.89817521999899	-2.76753225478972	-0.317551764448401	-0.245280590369382	-6.70411401998083	4.89451516991324	3.78626447129409
3.90817521999899	-2.83598715165775	-0.264597266674669	-0.204727158727674	-6.81839513862154	5.43433291723978	4.16748791866672
3.91817521999899	-2.90163385687028	-0.21227586163053	-0.16442774507615	-6.24065272503299	4.9247567900611	3.81051573888722
3.92817521999899	-2.96001865742821	-0.167275547230465	-0.129467552033711	-5.42145610513893	4.05263202557549	3.16123064504278
3.93817521999899	-3.01007009837222	-0.131225029861247	-0.101259681779744	-4.59900808689717	3.17090521033592	2.49201889318794
3.948175219999	-3.05232041038573	-0.103377814139933	-0.0793500556248049	-3.8687295474211	2.42309506962594	1.91115775485965
3.95817521999899	-3.0878129773804	-0.0822275470688997	-0.0626479319132928	-3.24731073533597	1.83216238814132	1.44888413148411
3.968175219999	-3.11758964119385	-0.0662674905337885	-0.0500141354464909	-2.7221853499231	1.37963460164179	1.09561753854506
3.97817521999899	-3.14251992202982	-0.0542416534739693	-0.0404743898850914	-2.27479606765219	1.04072812801953	0.826311715555798
3.988175219999	-3.16328174894801	-0.0451683392374721	-0.0332686662205606	-1.88602070983615	0.786126074235016	0.62447876091941
3.99817521999899	-3.18038655414709	-0.0383086740442307	-0.0278165872027342	-1.54128517647403	0.595022401769327	0.473007715116309
4.00817521999899	-3.19421656798514	-0.0331107993269507	-0.0236831574115963	-1.2294208396318	0.451325303454591	0.359072719120172
4.018175219999	-3.20505677989117	-0.0291636919505404	-0.0205432204372925	-0.942131675756671	0.343141998814411	0.27295881773105
4.028175219999	-3.21312009390512	-0.0261603863869315	-0.0181539461273161	-0.673173139697328	0.261342114677113	0.207871752154785
4.03817521999899	-3.21856587983696	-0.0238712497561302	-0.0163330949145562	-0.417959620494663	0.199330491797675	0.158570745099165
4.04817521999899	-3.22151374247781	-0.0221238539082054	-0.0149435277316049	-0.173096659512887	0.152287178473291	0.121065432309485
4.058175219999	-3.22205366535233	-0.0207880505691336	-0.0138820125885607	0.0640214155585402	0.116402932001496	0.0926513032106191
4.068175219999	-3.22025326332438	-0.0197657298419916	-0.0130700600537851	0.29524536772868	0.0891993188831916	0.0708396900994734
4.07817521999899	-3.21616348304681	-0.0189821541337031	-0.0124485202508104	0.522084268337161	0.068435120118527	0.0542390114284735
4.08817521999899	-3.20982254901607	-0.0183805966165392	-0.0119722218664927	0.745628983628802	0.0525921819929138	0.0415913410232401
4.098175219999	-3.20125912006685	-0.0179177437635048	-0.0116067144828361	0.96670506545739	0.0405177264311679	0.0319585387823404
4.108175219999	-3.19049464422339	-0.0175604373084123	-0.0113255898928085	1.18591922588445	0.0313837161472105	0.0245798549958078
4.11817521999899	-3.17754523318562	-0.0172830483549339	-0.0111086842468405	1.40375516406138	0.0244454233633272	0.0190302676564367
4.12817521999899	-3.16242303946201	-0.017065823200207	-0.0109403105368325	1.62052853263763	0.0192554487697453	0.0148453870087612
4.138175219999	-3.14513745658722	-0.0168933168619626	-0.0108083145506189	1.83646375169337	0.01544531728463	0.0117140578602438
4.14577032515996	-3.13056803613855	-0.0167845864810394	-0.0107264506851673	2.00000000000122	0.0132889271959906	0.00990785554654317
