=========================== Parameters =====================================
l1 [m]	l2 [m]	l3 [m]	c1 [m]	c2 [m]	c3 [m]	m1 [kg]	m2 [kg]	m3 [kg]
0.22	0.22	0.2458	0.022	0.044	0.14748	0.1564	0.23764	0.1564
============================== Data ========================================
t [s]	th1 [rad]	th2 [rad]	th3 [rad]	th1d [rad/s]	th2d [rad/s]	th3d [rad/s]
0	0	0	0	0	0	0
0.01	-0.00180995705365962	0.00121382042835155	0.000567231012669565	-0.334723057920928	0.195337968850497	0.101215097508407
0.02	-0.00637214654182965	0.00340108348912525	0.00173317317592662	-0.568410849135827	0.227596608089822	0.123359174214687
0.03	-0.0130691194560864	0.00559696653530567	0.00292978601282486	-0.768125922485578	0.20713285206988	0.113289536610337
0.04	-0.0217062936231724	0.00749971180302896	0.00397224620661479	-0.958854684455453	0.172748818653929	0.0946881437071833
0.05	-0.0322469359747083	0.00905348861970117	0.00482362881396759	-1.14962101176769	0.13857800767685	0.0758686420137048
0.06	-0.0447083261482863	0.0102868996359308	0.00549789822557849	-1.34319641883409	0.108962323927705	0.0595109760498307
0.07	-0.0591218426681078	0.0112509104670824	0.00602305588342803	-1.5400312864669	0.0847100998147341	0.0459831495595612
0.08	-0.0755184573254697	0.0119966483363285	0.0064273493893453	-1.73972595443219	0.0651872603452202	0.03526220391085
0.09	-0.0939239683168148	0.0125680644527935	0.00673552529675257	-1.9417036865426	0.0496943770440604	0.0266987207931652
0.1	-0.114358013814193	0.0130009496994786	0.00696751150602525	-2.14533421261933	0.0373620435960414	0.019939228819059
0.11	-0.136834232913618	0.0133234585629551	0.00713905583392225	-2.35004505127642	0.0275026187321458	0.0145679734673685
0.12	-0.16136077900878	0.0135573724034039	0.00726232196159763	-2.55531592937912	0.0195548460803896	0.010239713280856
0.13	-0.18794080418635	0.0137193340610323	0.00734654468878131	-2.76066365566373	0.0130443662272082	0.00672076027517195
0.14	-0.216572807563253	0.0138218687322574	0.00739868486392083	-2.96563778758167	0.00761555338036255	0.00379362463370623
0.15	-0.247250853093925	0.0138742745876999	0.00742387848944719	-3.1697996822395	0.0029762603828332	0.00130832610608827
0.16	-0.279964650882379	0.0138833004758536	0.00742585677743986	-3.372715412918	-0.00109371332717706	-0.00086728966091601
0.17	-0.314699536990107	0.0138537078399285	0.00740723956137401	-3.57394315731448	-0.00477115278751224	-0.00282842764337575
0.18	-0.351436366221105	0.0137887059382145	0.00736978512745608	-3.77302643765665	-0.00819623162648497	-0.00464457508100384
0.19	-0.390151339650173	0.0136902923242927	0.00731459863847434	-3.96949091528579	-0.0114687073963633	-0.00638347429119068
0.2	-0.430815790405531	0.01355954614705	0.00724226479793084	-4.16283659798851	-0.0146746472078542	-0.0080798559075825
0.21	-0.473395934206585	0.0133968405537761	0.00715299695375491	-4.35253963827741	-0.0178704127481009	-0.00977270972846571
0.22	-0.517852609090035	0.0132020365409495	0.00704672596410368	-4.53804912759982	-0.0210984511537545	-0.011486778976074
0.22126300289263	-0.523598775598307	0.0131751282933071	0.00703208169637311	-4.56115174727427	-0.0215110722319332	-0.0117039374054526
0.23126300289263	-0.575543195949803	0.00747564123203861	0.0491233140104796	-6.05856218428364	0.364467078747393	5.64927599894753
0.24126300289263	-0.646318470999102	0.030883036108693	0.100125962964116	-8.0826708830085	4.2782121260091	4.58480670428618
0.25126300289263	-0.734004408393155	0.0850835842612816	0.145748368489472	-9.12421114562799	5.89214859096419	4.63962796877519
0.26126300289263	-0.825025363197479	0.142477872579279	0.190234695593627	-8.98410731455826	5.43377502393171	4.17294578981307
0.27126300289263	-0.9127424574178	0.19225109957595	0.228389310970089	-8.54324163154483	4.49465871366196	3.44753484977428
0.28126300289263	-0.995876109432866	0.232349755998166	0.259260102956322	-8.09204539065246	3.53971664700072	2.73833963827773
0.29126300289263	-1.07482715117407	0.263461020635932	0.28347803030436	-7.712113483251	2.70679872156466	2.12289348115546
0.30126300289263	-1.15039815837773	0.286981115561925	0.302075712952876	-7.41577512968013	2.0225992109329	1.61241834158863
0.31126300289263	-1.22338803010573	0.304354710007385	0.316090086190707	-7.19378410762346	1.47462336415767	1.20448492024523
0.32126300289263	-1.29447797059201	0.316870087821049	0.326455494130748	-7.03330137746982	1.04676493238691	0.881647591832648
0.323331309520567	-1.30899693899575	0.318956339006111	0.328219311064263	-7.00652804303334	0.971390258214032	0.824247991363867
0.333331309520567	-1.37488539539824	0.334681159505691	0.295287455818198	-5.9039154669819	0.82143760604679	-5.00966261589252
0.343331309520567	-1.42452134552031	0.322982640474807	0.249841911804751	-4.00938979130741	-3.16254683466821	-4.10804052879072
0.353331309520567	-1.45660105730223	0.276080318691239	0.209092312892667	-2.70032776479656	-5.55096114043404	-4.30602765917699
0.363331309520567	-1.48293123772747	0.219455034743037	0.166339954667261	-2.70772652850472	-5.55409001824831	-4.11286585520885
0.373331309520567	-1.5125217376249	0.167727281946366	0.128349851942635	-3.25571037831988	-4.72250109107251	-3.44910736922464
0.383331309520567	-1.54839325353394	0.125530867185706	0.0975580372413234	-3.91608229099857	-3.72089879601823	-2.71620255338538
0.393331309520567	-1.59058645799676	0.0929363643019515	0.0736762157853953	-4.50331744907865	-2.82645705398241	-2.08101076803455
0.403331309520567	-1.63803498481971	0.0683819608677823	0.0555010450050493	-4.96490217321075	-2.11516719565377	-1.57585181522118
0.413331309520567	-1.68947698306702	0.0500588637577257	0.0417553395299643	-5.30466802314827	-1.57555521122404	-1.19143704795866
0.423331309520567	-1.7437873203761	0.0364049510737167	0.0313559779448565	-5.54220243670487	-1.17535807501039	-0.9026668336599
0.433331309520567	-1.80004992532248	0.0261985324669019	0.0234601902003617	-5.69836346295065	-0.880906605510278	-0.687306916825455
0.439011625859364	-1.83259571459405	0.0215764457781289	0.0198402614996477	-5.75759825424603	-0.750290578442731	-0.590021730786626
0.449011625859364	-1.88476552891107	0.01949193723278	-0.0265747537608813	-4.43340320379874	-1.20389914349842	-5.81869626983551
0.459011625859364	-1.91988065459669	-0.0116996718618395	-0.0789750200346561	-2.60371370067988	-4.99564040575469	-4.69473816417706
0.469011625859364	-1.94133075794	-0.0695774511457252	-0.126683638647118	-1.98112658076383	-6.04957577790555	-4.77027122888294
0.479011625859364	-1.96269357511703	-0.127616260546494	-0.171777308569022	-2.36939249308756	-5.43229783644804	-4.18734606016928
0.489011625859364	-1.98938420339495	-0.177122848946726	-0.209881617953097	-2.97387001327437	-4.45618206522939	-3.43293954642623
0.499011625859364	-2.0219997853089	-0.21689553771917	-0.240668616253605	-3.53239008349402	-3.51950608866502	-2.74087364395421
0.509011625859364	-2.05963516390579	-0.248025568930025	-0.265075259002781	-3.97389086525157	-2.73303361033058	-2.16132358974212
0.519011625859364	-2.10106574390123	-0.272098168503024	-0.284262459532159	-4.29302075236125	-2.1053276579278	-1.69647129554748
0.529011625859364	-2.14512901993045	-0.290618030376614	-0.299306556984901	-4.50313744585994	-1.61928142624066	-1.32854740999821
0.539011625859364	-2.19082669838404	-0.304864801202202	-0.311111892412943	-4.62268728151961	-1.24755128373584	-1.04429256262305
0.549011625859364	-2.2373383294221	-0.315871307906443	-0.320417008226451	-4.66862908166075	-0.967530250917352	-0.826011952246838
0.559011625859364	-2.2840045221628	-0.324451194998592	-0.327808114504868	-4.65592966011823	-0.758962669794915	-0.659644676214166
0.569011625859364	-2.33030339099597	-0.331232747986103	-0.333743481178596	-4.59715137838507	-0.604895863645561	-0.533850877763491
0.579011625859364	-2.37582667165369	-0.336692376708754	-0.338577692345814	-4.50236477034915	-0.492435809557467	-0.438247736251617
0.589011625859364	-2.42025749433191	-0.341186919191262	-0.342580004481974	-4.3798298252467	-0.410482968826238	-0.36611118926774
0.599011625859364	-2.46335173588567	-0.344978873000625	-0.345954090090464	-4.23595023318759	-0.350912535894712	-0.311449345150897
0.609011625859364	-2.50492209894146	-0.348258987965478	-0.348851795277609	-4.07576310941131	-0.307311977394477	-0.270029637350615
0.619011625859364	-2.54482539636768	-0.351163529285501	-0.351385882170993	-3.90308986125273	-0.275167838041179	-0.238172960598003
0.629011625859364	-2.58295229220991	-0.35378855778603	-0.353639087772865	-3.7208694044399	-0.251111317096395	-0.213179474213553
0.638664956235393	-2.6179938779915	-0.356120364870027	-0.355603906400067	-3.53810517977239	-0.232869227790159	-0.194293828448296
0.648664956235393	-2.65473713088131	-0.367560888909322	-0.319104732675001	-4.03966928725991	-0.863918702494812	5.39880532714317
0.658664956235393	-2.7011079912076	-0.360799195509859	-0.27018893255395	-5.22930086956902	2.20229849144289	4.40715535486903
0.668664956235393	-2.75926880239805	-0.323821153337297	-0.23019535604158	-6.35913804822188	5.04548481026923	3.77566601130601
0.678664956235393	-2.82411645105036	-0.269284628158579	-0.190777714941301	-6.43514132404244	5.58181204346158	3.95358904376024
0.688664956235393	-2.88569012631437	-0.215819114690102	-0.153209922848291	-5.8139479868811	5.00628866083884	3.49877830164704
0.698664956235393	-2.93973171621519	-0.170252051173713	-0.121381117446343	-4.98515675455344	4.09013563977653	2.86073066340226
0.708664956235393	-2.98548808884094	-0.133900299404693	-0.0958967543857763	-4.17944819514546	3.19915361358446	2.25059206524241
0.718664956235393	-3.02365945779928	-0.105771956427209	-0.0760155801963191	-3.47320044771084	2.45382088387036	1.74462103909528
0.728664956235393	-3.05531227058201	-0.0842767361602832	-0.0606569337224522	-2.87417845450918	1.87075510918115	1.34360170600342
0.738664956235393	-3.0814444045357	-0.06790784277443	-0.0488225123327656	-2.36577774112247	1.42369796314981	1.03641752239479
0.748664956235393	-3.102865466704	-0.0554407787738216	-0.0396936183035725	-1.92876138605064	1.08532633494796	0.799934169562037
0.758664956235393	-3.12019954824191	-0.0459295570403004	-0.0326384524140724	-1.54583671772052	0.828612921484742	0.619295926735619
0.768664956235393	-3.13391853836002	-0.0386601287985987	-0.0271731407360773	-1.20383298564863	0.634120950937745	0.479908809468723
0.778664956235393	-3.14437825726617	-0.0330940554472698	-0.0229315281225759	-0.892525664829336	0.485668472232011	0.373251682576141
0.788664956235393	-3.15184712904125	-0.0288266032371445	-0.0196327922279474	-0.604601635135546	0.372832993289941	0.290131465838463
0.798664956235393	-3.15652873003017	-0.0255506019586625	-0.0170639722305648	-0.334292541840976	0.286295417360314	0.226216890665425
0.808664956235393	-3.1585777166234	-0.0230335246083314	-0.0150604789875825	-0.0774579573185645	0.220060745673219	0.176561320185354
0.818664956235392	-3.15811207643658	-0.0210980219224303	-0.0134959248867812	0.169093013215073	0.169284784176036	0.137959734121259
0.828664956235392	-3.15522200558088	-0.0196086160054499	-0.0122726560163613	0.407777175181936	0.130316627786025	0.107940622045051
0.838664956235393	-3.14997660454505	-0.018461538671813	-0.0113150420237657	0.640433203193598	0.100374962550692	0.0846251309120084
0.848664956235393	-3.14242891555631	-0.0175772404832148	-0.0105641712981402	0.868426271031991	0.0775078508563768	0.0662912047910638
0.858664956235393	-3.13261985723732	-0.0168942896851096	-0.00997456523401533	1.09285432261281	0.0598984520189458	0.0521643547907841
0.868664956235393	-3.12058111261908	-0.0163655025467039	-0.00951039356776004	1.31448392696628	0.0464630321815421	0.0411346215125966
0.878664956235393	-3.10633752338481	-0.0159542882536426	-0.00914376709765794	1.53390611485462	0.0362498507045944	0.0325538915667568
0.888664956235393	-3.08990890918986	-0.0156322287886029	-0.00885280090586258	1.75154757589953	0.0285286923795478	0.0259257878127186
0.898664956235393	-3.0713115406984	-0.0153771682527384	-0.00862022224916833	1.96769591518709	0.0227696889190613	0.0208194496015902
0.900164860889131	-3.06833595449561	-0.015343561021497	-0.00858949025440444	2	0.0220469425168713	0.0201661405682803
0.910164860889131	-3.04726167250548	-0.0151442664454173	-0.00840736024841213	2.21464999477751	0.0180312943159707	0.016435999041129
0.920164860889131	-3.02404700545888	-0.0149789801402173	-0.0082576604609333	2.42808277754151	0.0152012530095788	0.0136460964619396
0.930164860889131	-2.9987040800608	-0.014837043402814	-0.00813194733328557	2.6402948106212	0.0133299459694568	0.0116090519210618
0.940164860889131	-2.97124540673606	-0.0147098015427202	-0.00802339188643161	2.85121491951093	0.0122369496425825	0.0101942883440093
0.950164860889131	-2.94168453727746	-0.0145901298615067	-0.00792639171719976	3.0607066042292	0.0117963849953755	0.00928297242724007
0.960164860889131	-2.91003667258214	-0.0144720474764446	-0.00783631375513155	3.26857693238496	0.0119053370380165	0.00879654106093141
0.970164860889131	-2.87631922502881	-0.0143504443645078	-0.00774926345940571	3.47457763820664	0.0124883679137314	0.0086700643234147
0.980164860889131	-2.84055235142205	-0.014220870692796	-0.00766191862372574	3.67840782865479	0.0134914720740518	0.00884745409581681
0.990164860889131	-2.80275946270181	-0.0140793728241867	-0.00757141760175662	3.8797187327445	0.0148645710990902	0.00929908170178863
1.00016486088913	-2.76296770690846	-0.013922397966112	-0.00747523700329692	4.0781110066022	0.0165823811291502	0.00997748603129701
1.01016486088913	-2.72120843858385	-0.013746693243685	-0.0073711616491827	4.27314368788977	0.018606597187271	0.0108734416054683
1.02016486088913	-2.67751765609609	-0.0135492788287619	-0.00725719615954737	4.46432988150499	0.0209181321206138	0.0119560197877805
1.03016486088913	-2.63193641852058	-0.0133274124700981	-0.00713154324401059	4.65114163329891	0.0235048444406879	0.0131885105449584
1.04016486088913	-2.58451123597351	-0.013078547027879	-0.00699263544128953	4.8330223793848	0.0263135882718706	0.0146051887785577
1.05016486088913	-2.53529440341148	-0.012800400658055	-0.00683901026658827	5.00937131804102	0.0293501049934109	0.016140871165055
1.06016486088913	-2.4843443165596	-0.0124909020667153	-0.0066694202320466	5.17956769064244	0.0325780489483073	0.0177981419419283
1.07016486088913	-2.43172571533444	-0.0121482504061777	-0.0064827689072854	5.34296482093949	0.0359774841262651	0.0195476636818048
1.08016486088913	-2.37750988036896	-0.0117709155704087	-0.00627815985446629	5.49890368869989	0.0395073358951345	0.0213901717188593
1.09016486088913	-2.32177475175773	-0.0113576957821482	-0.00605485672649046	5.64671148820352	0.0431490504634625	0.0232827363605996
1.10016486088913	-2.26460498577664	-0.0109077115678934	-0.00581235276049434	5.78571953382375	0.0468547287897957	0.0252257496866213
1.11016486088913	-2.20609191826869	-0.010420461366651	-0.00555033482907384	5.9152635744825	0.0505888780196591	0.0271932927372391
1.12016486088913	-2.14633344551839	-0.00989585326089559	-0.00526868151917058	6.0346906345557	0.0543392816005552	0.0291157019255426
1.13016486088913	-2.08543383266493	-0.00933413915700659	-0.00496761509614385	6.14339306866613	0.0579899391979092	0.0310938561156177
1.14016486088913	-2.02350337521523	-0.00873612086040288	-0.00464738435032102	6.24076228871644	0.0616071232333102	0.0329207533093053
1.15016486088913	-1.96065805948556	-0.0081028773109504	-0.00430873527258302	6.32627892905039	0.0650246493041142	0.0347788792133625
1.16016486088913	-1.89701901809944	-0.00743606977432796	-0.00395239458112058	6.39943305571162	0.0682999908137701	0.0364768983601696
1.17016486088913	-1.83271200857071	-0.00673767667251911	-0.0035794915301205	6.45980642826748	0.0713356023435551	0.0380867829592626
1.18016486088913	-1.76786673074585	-0.00601013945352956	-0.00319127093861606	6.50703242664661	0.0741240813387717	0.0395344586215075
1.19016486088913	-1.70261612560448	-0.00525623548964831	-0.00278924553445794	6.54083147304799	0.0766003971893487	0.0408495220586497
1.20016486088913	-1.63709558038842	-0.004479122698663	-0.00237504248127155	6.56099315022355	0.0787612984093593	0.041966622402575
1.21016486088913	-1.57144211788799	-0.00368222548328083	-0.00195050029643102	6.56740072730725	0.0805596562734465	0.042904174446731
1.22016486088913	-1.50579353456624	-0.0028692206530119	-0.0015175845037889	6.5600233965646	0.0819565157186022	0.043678261224126
1.23016486088913	-1.44028752050222	-0.00204403677839924	-0.00107827007405148	6.53890156768018	0.0830003137307649	0.0441706698208286
1.24016486088913	-1.37506082077845	-0.00121064652041543	-0.000634763537275032	6.50418941185559	0.0836036210126143	0.044503986599911
1.25016486088913	-1.31024835045782	-0.000373188328672844	-0.000189168326037434	6.4560998720929	0.0838121036876769	0.0445906991577425
1.26016486088913	-1.24598240469072	0.000464226548523468	0.000256323065328847	6.39493906987164	0.08360660036263	0.0444651339198122
1.27016486088913	-1.18239188043379	0.00129751650584115	0.000699554328694204	6.32108444127941	0.0829867575856032	0.0441427959141328
1.28016486088913	-1.11960157242871	0.00212269462332174	0.00113842048236635	6.23498043820583	0.0819581505012042	0.0436413222803804
1.29016486088913	-1.05773152785421	0.0029358582517512	0.00157100181717955	6.1371124017735	0.0806262095429548	0.0428220346572963
1.30016486088913	-0.996896539174082	0.00373346504649659	0.00199520737305272	6.0280639020911	0.0788577100407621	0.0419566542186842
1.31016486088913	-0.937205612499328	0.00451202698198053	0.00240938277022123	5.90840665746941	0.0767989367333259	0.0408568790509612
1.32016486088913	-0.878761653073703	0.00526844185983607	0.0028118356336676	5.77877645566076	0.0744377066291848	0.0396076630029557
1.33016486088913	-0.821661159264889	0.00599988419543971	0.00320108581259208	5.63982339425915	0.0718103737405943	0.0382185438768685
1.34016486088913	-0.765994045623942	0.00670387865592388	0.00357579481564276	5.49221709863939	0.0689276708212059	0.0367465519120283
1.35016486088913	-0.711843526545773	0.00737822036317157	0.00393493724248214	5.33660997486205	0.0659180119591701	0.035054363924811
1.36016486088913	-0.659286148701705	0.00802121959358747	0.00427741358572564	5.17369686494421	0.0626789058164346	0.0333935770020586
1.37016486088913	-0.608391795059992	0.00863139459804918	0.00460257455326259	5.00411750466503	0.0593388685529829	0.0316285454541007
1.38016486088913	-0.55922386551763	0.00920770352689754	0.00490982809004278	4.82851758219971	0.0559094076366945	0.029818853626096
1.39016486088913	-0.511839454604149	0.00974943753812104	0.00519880235169595	4.64751419977098	0.0524321614111984	0.0279713505173465
1.40016486088913	-0.466289610386501	0.010256252384009	0.00546926550693223	4.46170376263171	0.0489129207651011	0.0261497816478031
1.41016486088913	-0.422619611761257	0.0107280629599057	0.00572126565516272	4.2716323722967	0.0454527760990714	0.024253909839051
1.42016486088913	-0.380869331517956	0.0111651927845329	0.00595483495240676	4.07784198838127	0.0419949271209246	0.0224434511319441
1.43016486088913	-0.341073555204143	0.0115681562496466	0.00617030272422282	3.88081201191386	0.0386126222844023	0.0206544882653551
1.44016486088913	-0.303262381022486	0.0119377582347196	0.00636807103963804	3.68099422487174	0.0353219974064602	0.018912936246363
1.45016486088913	-0.267461597182703	0.0122750187621123	0.00654867964318027	3.47879831632673	0.0321522569617691	0.0172164954185174
1.46016486088913	-0.233693079606556	0.0125811780188797	0.00671273350425537	3.27460165307376	0.0290947596957288	0.0156198530482578
1.47016486088913	-0.201975167422284	0.0128575948403843	0.00686100763167221	3.06872894432613	0.0262095752645595	0.0140558685782061
1.48016486088913	-0.172323066287145	0.0131058228295568	0.00699425375674215	2.86148384826256	0.0234679876385101	0.0125997801230281
1.49016486088913	-0.14474920116157	0.0133274855951654	0.0071133446071905	2.6531227279432	0.0208940927219828	0.0112318179312352
1.50016486088913	-0.11926358177977	0.0135242953193317	0.00721917951351886	2.44387002174824	0.0184946109516868	0.00995513395065398
1.51016486088913	-0.0958741378684255	0.0136980107739325	0.00731269388406659	2.23391605001584	0.01628032169075	0.00876011689522669
1.52016486088913	-0.0745870406530153	0.0138504328304952	0.00739480875407806	2.0234255087212	0.0142338228279992	0.00767879126906488
1.53016486088913	-0.0554069889152238	0.0139833364025389	0.00746649033067389	1.81252728172723	0.0123740978149855	0.00667687064824952
1.54016486088913	-0.0383374883389579	0.0140984943116173	0.00752865909339788	1.60133051121808	0.0106870048907271	0.00577073443374617
1.55016486088913	-0.0233810907311777	0.0141976277051009	0.00758222593143611	1.38991898802859	0.00916755668114576	0.00495690469763806
1.56016486088913	-0.0105396137790264	0.0142823933421561	0.00762807044147575	1.17835576176458	0.00781011050219251	0.00422889714471232
1.57016486088913	0.000185667558688648	0.0143543651378146	0.00766703279684683	0.9666856170488	0.00660975762485955	0.00357528163679706
1.58016486088913	0.00879385486934576	0.0144150281586741	0.00769988857904455	0.754940681048533	0.0055477979606704	0.00300442544370991
1.59016486088913	0.0152842928719867	0.0144657475307901	0.00772736937784969	0.543138301121746	0.00461698645063077	0.00250250482032224
1.60016486088913	0.0196564582765734	0.014507766827441	0.00775013744549492	0.331287012709541	0.00380530732711757	0.00206105963159768
1.61016486088913	0.0219098786682884	0.0145421965719748	0.00776878018531167	0.119389225718182	0.00309662024457362	0.00167622375728336
1.62016486088913	0.0220440800847271	0.0145699999091651	0.00778381240819569	-0.092557298594466	0.00247753206001642	0.00133748869104068
1.63016486088913	0.0200585607745523	0.014591988484078	0.00779566426315585	-0.304555374786577	0.00193095977676215	0.00103876842074576
1.64016486088913	0.0159527944851419	0.0146088115296674	0.00780468312432872	-0.516606616793632	0.00144149806543995	0.000769644273223553
1.65016486088913	0.00972626058930811	0.0146209521526896	0.00781112581103967	-0.728707884621462	0.00099168905057688	0.000521854259325834
1.66016486088913	0.00137850312679703	0.0146287204073188	0.0078151584613357	-0.940848950831723	0.000564575835512985	0.000285232224726341
1.67016486088913	-0.00909078271361183	0.0146322509212762	0.00781685097147701	-1.15300913132217	0.00014095659922947	5.25326991294243e-05
1.68016486088913	-0.0216816349517602	0.0146314963514114	0.00781618062470501	-1.36515540941106	-0.00029569713185736	-0.000188596191664919
1.69016486088913	-0.0363936824326433	0.0146262289071746	0.00781302447947124	-1.57723852830472	-0.000764782005685322	-0.000446083871718711
1.70016486088913	-0.0532259730949671	0.0146160360337165	0.00780716396938114	-1.78919110731865	-0.00128380226668522	-0.000731167757817698
1.71016486088913	-0.0721767756181498	0.0146003230175878	0.00779828058656621	-2.00092413665598	-0.00187208891259414	-0.0010518723441164
1.72016486088913	-0.0932433526353394	0.014578311182119	0.00778596195661939	-2.21232519276552	-0.00254594705266324	-0.0014208289661105
1.73016486088913	-0.11642170889007	0.01454904575973	0.00776969511391905	-2.42325437769732	-0.00332587417080425	-0.00184280399473474
1.74016486088913	-0.141706311383134	0.0145113936571446	0.00774888059295872	-2.63354380152327	-0.00422614713781654	-0.0023317481379574
1.75016486088913	-0.169089787959981	0.0144640576405249	0.00772282347011607	-2.84299304568321	-0.00526578541354332	-0.00289193637871514
1.76016486088913	-0.198562600280127	0.0144055775820525	0.0076907510701208	-3.05136921915943	-0.00645692909163616	-0.00353692835416076
1.77016486088913	-0.230112699659068	0.014334351057714	0.00765180389162604	-3.25840240134096	-0.00781814832509377	-0.00426665201431539
1.78016486088913	-0.263725161005156	0.0142486348245727	0.00760506477536437	-3.46378773783988	-0.00935516675624036	-0.00509908795769285
1.79016486088913	-0.299381808635939	0.0141465805670582	0.00754953739255766	-3.66717887661695	-0.0110879306041281	-0.00602416389816977
1.80016486088913	-0.337060823790572	0.0140262319910946	0.00748419670959483	-3.86819397582009	-0.013015411755177	-0.00706205309617367
1.81016486088913	-0.376736356198757	0.0138855733572366	0.00740796079457936	-4.06640833146526	-0.0151517282593102	-0.00820182507523104
1.82016486088913	-0.418378126502619	0.0137225335176024	0.00731974481758375	-4.26136147269899	-0.0174910416439409	-0.0094595593565107
1.83016486088913	-0.46195104446549	0.013535040979136	0.00721843711161843	-4.45255114962086	-0.0200431471419578	-0.0108179048255626
1.84016486088913	-0.507414830313249	0.013321029186705	0.00710296585286987	-4.6394434023474	-0.0227903010139192	-0.0122978101670718
1.84362939873667	-0.5235987755983	0.0132403384300292	0.00705945122978632	-4.70308541745673	-0.0237967319484516	-0.012820595829126
1.85362939873667	-0.57695962526568	0.0075155556576992	0.0491317943233498	-6.19965373038817	0.360493624360091	5.64851428188296
1.86362939873667	-0.649137633747684	0.0308677868593573	0.100127094081102	-8.22218036882184	4.27265985288668	4.58030378541933
1.87362939873667	-0.738221394188191	0.085015738393465	0.145708430737756	-9.26431789631436	5.88770488191184	4.63459315625667
1.88362939873667	-0.830638959770435	0.14235251970517	0.190150468417624	-9.12375697403878	5.42933508371097	4.1642941881238
1.89362939873667	-0.919742148914252	0.192050629839812	0.228243908120479	-8.68105758191097	4.48549294604737	3.44162270695246
1.90362939873667	-1.00424750763354	0.232051403664501	0.259043502511518	-8.22845447591595	3.52889755406537	2.73089744796288
1.91362939873667	-1.08455557969197	0.263049756518178	0.283179921311313	-7.8470176372061	2.69475840294773	2.11476501903399
1.92362939873667	-1.16146855766394	0.286449621220627	0.301689799455807	-7.54893822047365	2.00926379623435	1.60540988257452
1.93362939873667	-1.23578423960939	0.303701474674622	0.315617029127683	-7.32529898526562	1.46158652964088	1.19756953155874
1.94362939873667	-1.30818248086079	0.316099635371197	0.325900414622712	-7.16323353366208	1.03560245887487	0.873564867439049
1.94374311337892	-1.30899693899575	0.316217073123088	0.325999703659061	-7.16170942358026	1.03146066339028	0.870178138269581
1.95374311337892	-1.37637720827201	0.332477648930767	0.293396051372193	-6.04591379671345	0.860019618428119	-4.97325703005999
1.96374311337892	-1.42737198950065	0.321064513780682	0.248276525026137	-4.13869061603229	-3.14616927009377	-4.07495219334926
1.97374311337892	-1.46072335598324	0.274338213657066	0.20774580943554	-2.82763756094995	-5.52992571269091	-4.28898913751678
1.98374311337892	-1.48832496370046	0.217931439751269	0.165172551410211	-2.83461918870717	-5.53089432189344	-4.0959133111196
1.99374311337892	-1.51917336921944	0.166427591830818	0.12735756569421	-3.38024248995385	-4.70074071236919	-3.43222823650343
2.00374311337892	-1.55627367199691	0.124437302392346	0.0967242393411561	-4.03702462221581	-3.70236645125647	-2.70018727679715
2.01374311337892	-1.59965807793136	0.0920195210786431	0.072980649538118	-4.62053480938577	-2.80986987275676	-2.06901218639262
2.02374311337892	-1.64825808005893	0.0676137918583571	0.0549193179389462	-5.07791982522574	-2.10226578081824	-1.56454666557779
2.03374311337892	-1.7008110611028	0.0494116644687751	0.0412692261727414	-5.41380421320803	-1.56444889430043	-1.18315976158096
2.04374311337892	-1.75619251711555	0.0358563002507444	0.0309470723727623	-5.64729586769883	-1.16669739337352	-0.895458615361205
2.05374311337892	-1.81348654819179	0.025728529646397	0.0231142282061833	-5.79952153863742	-0.873986844872881	-0.681549808837539
2.05702775979343	-1.83259571459405	0.0229878666519006	0.0209718664041764	-5.83479617127059	-0.79627542166977	-0.623575837364895
2.06702775979343	-1.88551257932601	0.020354916734437	-0.0256667580838752	-4.50532968182723	-1.26978184942811	-5.82522264495613
2.07702775979343	-1.92133695461053	-0.0115163339936968	-0.0781216842219948	-2.67406111766793	-5.06520528891796	-4.69837408769596
2.08702775979343	-1.94367716398706	-0.0696686539855615	-0.126039855659806	-2.08198309287437	-6.06007369715819	-4.77619208391682
2.09702775979343	-1.96611947986924	-0.127681090860029	-0.171183205345485	-2.48203493722975	-5.42214291948992	-4.18851173299455
2.10702775979343	-1.99395685363641	-0.177058953345439	-0.209265817983725	-3.09004142098548	-4.44056639089401	-3.43007736043357
2.11702775979343	-2.02773595247868	-0.216676074673584	-0.240005383234286	-3.64854464355953	-3.50460964477222	-2.73435003585165
2.12702775979343	-2.06652893865697	-0.247655999122059	-0.26435592109167	-4.08889586645437	-2.71901003489924	-2.15529878481877
2.13702775979343	-2.10910086218423	-0.271594462122715	-0.283491034061553	-4.40594450897032	-2.09377059049577	-1.69025607564886
2.14702775979343	-2.15428326615923	-0.290002841621906	-0.298488740718743	-4.6139338931061	-1.60884487030184	-1.32505473480564
2.15702775979343	-2.20107547534729	-0.304160096889602	-0.310258531086055	-4.73096124682682	-1.23923503912874	-1.04203262062199
2.16702775979343	-2.24865585189436	-0.315098757994069	-0.319538797332413	-4.77424108824728	-0.96162240658602	-0.824299764433315
2.17702775979343	-2.29636492021915	-0.323631108797962	-0.326914635894454	-4.75896253709527	-0.755063110498538	-0.658705443498963
2.18702775979343	-2.34368161064302	-0.330382722330927	-0.332843923394107	-4.6976567344565	-0.602974194306906	-0.533216307062686
2.19702775979343	-2.39019876964533	-0.335827808569412	-0.337679408509565	-4.60054986056573	-0.49190325567891	-0.438316981846801
2.20702775979343	-2.43560102080404	-0.340320458686781	-0.341689345514647	-4.47587697615146	-0.410958384124583	-0.366966176298712
2.21702775979343	-2.47964585314011	-0.344120609778094	-0.345076428170019	-4.33000717378774	-0.352225944620871	-0.312878204829963
2.22702775979343	-2.52214757378783	-0.347416896293151	-0.347991343223942	-4.16798649212309	-0.309282234715148	-0.271898214352798
2.23702775979343	-2.56296458525223	-0.35034374720487	-0.350545872592088	-3.99363403874431	-0.277638437521921	-0.240371967711228
2.24702775979343	-2.60198907486708	-0.352995780944126	-0.352821781202783	-3.80990976343857	-0.25383677728546	-0.215804845871518
2.25127320311035	-2.61799387799149	-0.354055376688757	-0.353718940473624	-3.72964629065807	-0.245475049021248	-0.206986763690499
2.26127320311035	-2.6567287369379	-0.365505772706754	-0.317278341519243	-4.24923444910208	-0.834802503134582	5.36566529979386
2.27127320311035	-2.70525645613361	-0.35832503735375	-0.268681553011369	-5.4508319040282	2.25690107394181	4.3760682552031
2.28127320311035	-2.76566123725954	-0.320761652108936	-0.228893935680378	-6.57224220208484	5.06982288707965	3.79611533985289
2.29127320311035	-2.83245370352545	-0.266265272533879	-0.189408577022655	-6.61507156860563	5.55654835385047	3.94823864059792
2.30127320311035	-2.89574624628365	-0.213157714478627	-0.151977142544046	-5.9799760947048	4.96225940734269	3.48145452542692
2.31127320311035	-2.95142930914179	-0.168043149812985	-0.120351726439979	-5.14868437253375	4.04552948989505	2.83844051715398
2.32127320311035	-2.99882824372379	-0.132121712103768	-0.0950724778300859	-4.34492113557222	3.15845820827689	2.23203045697855
2.33127320311035	-3.03867280120104	-0.104363302576504	-0.0753665479282888	-3.64251257510444	2.42092892496096	1.72762525642157
2.34127320311035	-3.07203630289163	-0.0831689350189476	-0.060153244751315	-3.04690884459954	1.84313902521293	1.33180737363342
2.35127320311035	-3.09991334245849	-0.067041768052093	-0.0484327623247027	-2.54182322655589	1.40219460232519	1.02634238200067
2.36127320311035	-3.12310878327875	-0.0547658085630463	-0.0393942115523458	-2.10745945587925	1.06819853593894	0.792277750140346
2.37127320311035	-3.14224160957271	-0.045405412963765	-0.0324093443653938	-1.72679321286739	0.815314544239192	0.613035752651492
2.38127320311035	-3.15777961367352	-0.038254168975858	-0.0269991597779118	-1.38659155628708	0.623509554969655	0.475361718291054
2.39127320311035	-3.17007509504409	-0.0327810246294216	-0.0227995416288191	-1.07691990677217	0.477834627929698	0.36897077378934
2.40127320311035	-3.17939401610983	-0.0285854874179987	-0.0195342068326573	-0.790198470427993	0.366297187691482	0.287553946910478
2.41127320311035	-3.18593759010164	-0.0253658750411851	-0.0169903849887408	-0.521039356088168	0.281381126308614	0.223958042693054
2.42127320311035	-3.18985886579731	-0.0228925183269073	-0.0150062741453139	-0.265150214151029	0.216210554363917	0.174876268434749
2.43127320311035	-3.19127434766031	-0.0209910884079073	-0.01345654260928	-0.019419085335312	0.166286610441038	0.136654875584274
2.44127320311035	-3.19027297913829	-0.0195283552213264	-0.0122447154999908	0.218568380257136	0.127947881153484	0.10694497248558
2.45127320311035	-3.18692268865246	-0.0184024503991505	-0.0112959817924337	0.450631284977086	0.0985228820946813	0.0837678978051568
2.46127320311035	-3.18127540031732	-0.0175352055611757	-0.0105523613563452	0.678171304904884	0.0759107951396465	0.0657191045576601
2.47127320311035	-3.17337081061119	-0.0168665856967572	-0.00996867275088996	0.902243387890341	0.0585802244803035	0.0515995895487911
2.48127320311035	-3.16323933672323	-0.0163502592026839	-0.0095098097950536	1.12366937231538	0.0452524008505892	0.0406699794985267
2.49127320311035	-3.15090434825814	-0.0159505486827243	-0.00914811550000489	1.34303079388475	0.0351348117608031	0.0320497708099088
2.50127320311035	-3.13638401862893	-0.0156396370199498	-0.00886215041203326	1.56079824603175	0.0274024018631208	0.0254294395916839
2.51127320311035	-3.11969269926294	-0.0153959721511423	-0.00863483311655663	1.77727308182561	0.0216036250030434	0.0202690404601587
2.52127320311035	-3.10084213065537	-0.0152025918021119	-0.00845276875151412	1.99267361679271	0.0172960061930085	0.0163177354008159
2.52161413718347	-3.10016151122552	-0.0151967169890526	-0.00844722415084061	2	0.017172063523362	0.0162003388324424
2.53161413718347	-3.07908866731712	-0.0150412966718052	-0.00830073677164857	2.21441592619166	0.0140879458018552	0.0132375969068197
2.54161413718347	-3.05587621865802	-0.014911774720334	-0.00817997623158784	2.42792194059728	0.0119600519330018	0.0110261436492066
2.55161413718347	-3.03053332707122	-0.0147995590083438	-0.00807808435206405	2.64049502598523	0.0106013177680961	0.00944332994380031
2.56161413718347	-3.00306971692207	-0.0146975989765447	-0.00798943141985862	2.85204595712585	0.00989166771679187	0.00835948770600247
2.57161413718347	-2.97349627434465	-0.0145999717354981	-0.00790938572320829	3.06243366957309	0.00971670039710827	0.00771606528868885
2.58161413718347	-2.94182559424915	-0.0145016353845093	-0.00783402125262999	3.27145632802104	0.0100215448241102	0.00741603515217431
2.59161413718347	-2.90807251779263	-0.0143981666102739	-0.00776002237104242	3.47886663182319	0.0107374805533119	0.00743191469955116
2.60161413718347	-2.87225463480376	-0.0142856347460141	-0.0076844936001748	3.68436318920968	0.0118298978597987	0.0077134622293269
2.61161413718347	-2.83439278254513	-0.0141604605486453	-0.00760490062167503	3.88759873990987	0.0132594178557018	0.00824350666621058
2.62161413718347	-2.79451152138454	-0.0140193578586398	-0.00751895623309468	4.08817443129832	0.0150152129293768	0.00897458020041873
2.63161413718347	-2.75263960828977	-0.0138592403839971	-0.00742463175051814	4.28565239658894	0.017055859563415	0.00992214583242545
2.64161413718347	-2.70881043552712	-0.013677242266777	-0.00732003142471313	4.47954219652796	0.0193865798186843	0.0110302176446408
2.65161413718347	-2.6630624696079	-0.0134706470985207	-0.00720346353831719	4.66931943295199	0.0219742430531427	0.0123100639567513
2.66161413718347	-2.61543964408054	-0.0132369313699197	-0.00707335446272848	4.85441603339339	0.0248112318654456	0.0137299853094228
2.67161413718347	-2.56599173450012	-0.012973740262033	-0.00692830364070365	5.0342341301127	0.027862133071054	0.0153022928804698
2.68161413718347	-2.51477467682685	-0.0126789532629061	-0.00676700948251496	5.20813730466219	0.0311308857168561	0.0169688083132888
2.69161413718347	-2.46185085932629	-0.0123506414558357	-0.00658839288770742	5.37547591989963	0.034557454583015	0.0187728451102564
2.70161413718347	-2.40728932591762	-0.0119871893136801	-0.00639145591546407	5.53556698020016	0.0381524889419466	0.0206324675013871
2.71161413718347	-2.35116595001596	-0.0115872327815689	-0.0061754547156494	5.68772868944919	0.0418556964537764	0.0225776568588575
2.72161413718347	-2.2935635007127	-0.0111497708095078	-0.00593978352832423	5.83126574792248	0.0456512817148768	0.0245567142708121
2.73161413718347	-2.2345716542978	-0.0106741387178188	-0.00568408776975087	5.96549491990241	0.0494804302680512	0.026583513189715
2.74161413718347	-2.17428689505865	-0.0101600964703521	-0.0054081779906111	6.08973701425388	0.0533292940455443	0.0285907488783762
2.75161413718347	-2.11281234923596	-0.00960777984626434	-0.00511216358011382	6.20334757257168	0.0571205367737027	0.0306130586449743
2.76161413718347	-2.05025749070603	-0.00901781216168138	-0.00479630371855002	6.30569950403747	0.0608527934116939	0.0325545766643117
2.77161413718347	-1.98673778838885	-0.00839121060313689	-0.00446118656961516	6.39622299783562	0.0644461870756726	0.0344498091310865
2.78161413718347	-1.92237422184335	-0.00772947000021691	-0.0041075926295848	6.47439141210561	0.0678639579066559	0.0362615277338551
2.79161413718347	-1.85729272468842	-0.00703453678885376	-0.00373652242321088	6.53973581721174	0.0710844697277135	0.0379297419197311
2.80161413718347	-1.79162354771014	-0.00630874698561527	-0.00334926425486624	6.5918665041226	0.0740335650562913	0.0394872096990776
2.81161413718347	-1.72550052323687	-0.00555486825403084	-0.00294726721907263	6.63046069041646	0.0766852355753186	0.0408925502135167
2.82161413718347	-1.65906028265115	-0.00477603802064391	-0.00253216932844168	6.65527652744854	0.0790208873150121	0.042100417114443
2.83161413718347	-1.59244141976884	-0.00397570411486829	-0.00210580397727102	6.66616263214793	0.0810041494274523	0.0431053964745147
2.84161413718347	-1.52578361876011	-0.00315755064454257	-0.00167021603807258	6.66306829777798	0.0825439674940991	0.0440052918342032
2.85161413718347	-1.45922672157372	-0.00232562286424484	-0.00122733189042636	6.64599278962583	0.0837616200656975	0.0445542901311321
2.86161413718347	-1.39290989205411	-0.00148393328639214	-0.000779490616330568	6.61508184925669	0.084493064669969	0.0449984749458897
2.87161413718347	-1.32697065373329	-0.000636783904309437	-0.000328768381471697	6.5705144622441	0.0848589718444473	0.0451200161679813
2.88161413718347	-1.26154409919947	0.00021163697635269	0.000122482438742472	6.51259765097577	0.084758354709194	0.0450866044801236
2.89161413718347	-1.19676202860253	0.00105705617586874	0.000572102206979367	6.44168574687657	0.084255293322873	0.0448024510563564
2.90161413718347	-1.13275223137303	0.00189533988741371	0.00101787913909131	6.35822129864262	0.0833342997576774	0.0443180432339654
2.91161413718347	-1.06963779045995	0.00272245678163947	0.00145773513367611	6.26270023611402	0.0820386545417682	0.0435972227081845
2.92161413718347	-1.00753650731732	0.0035346321882992	0.00188958114608671	6.15569277366684	0.0803180521955338	0.0427716489777834
2.93161413718347	-0.946560358345831	0.00432819595573851	0.00231167451961901	6.0377765981404	0.0783232951682917	0.0416451989900537
2.94161413718347	-0.886815143457279	0.00509992375948126	0.00272213499953186	5.90961434263263	0.0759585273653851	0.0404436435853802
2.95161413718347	-0.828400110724592	0.00584675113307227	0.00311949856290329	5.77185130199744	0.0733557207820327	0.039017234828724
2.96161413718347	-0.771407792963292	0.00656607302089111	0.00350227355855059	5.62518484543829	0.0704685920351542	0.0375203385959237
2.97161413718347	-0.715923842935118	0.00725554692898331	0.003869314296317	5.47029252281148	0.0673937791048649	0.0358711419319274
2.98161413718347	-0.662027032067515	0.00791327053790754	0.00421955108015302	5.30787116965703	0.0641251223297005	0.0341623096441802
2.99161413718347	-0.60978927617186	0.00853766563333766	0.0045521980766911	5.13859365579692	0.0607343305054541	0.032356491192191
3.00161413718347	-0.55927577807337	0.00912756952314558	0.00486659908824839	4.96312837820595	0.0572338144651067	0.0305150504445733
3.01161413718347	-0.51054520591361	0.00968216129174817	0.00516233746549479	4.78211353887266	0.0536762440538539	0.0286298246675396
3.02161413718347	-0.463649950450702	0.0102009929742495	0.00543915816157724	4.59616429562071	0.0500902054446537	0.0267299452555382
3.03161413718347	-0.418636418507772	0.0106839543695664	0.00569699076186078	4.40586300780614	0.0465075338741893	0.0248350191153151
3.04161413718347	-0.375545368191133	0.0111312490734825	0.00593594471647861	4.21175483534237	0.042967973882063	0.0229464920886915
3.05161413718347	-0.33441228087545	0.0115434031901833	0.00615624230795501	4.01435466244614	0.0394703154707746	0.0211289457136053
3.06161413718347	-0.295267731568374	0.0119211542761447	0.00635834663585393	3.81412094096242	0.0360976443015755	0.0192994837051119
3.07161413718347	-0.258137816146662	0.0122655622523152	0.0065427127589952	3.61149514939946	0.0328097424341858	0.017575589610458
3.08161413718347	-0.2230445272646	0.0125778243219109	0.00671003241424786	3.40685660623743	0.0296735295493544	0.0158883497854301
3.09161413718347	-0.190006186738958	0.0128593808937007	0.00686098884047355	3.20056236839058	0.0266599024821559	0.014323131860811
3.10161413718347	-0.159037820276785	0.0131117557675849	0.00699645697911622	2.99291074363995	0.0238353786409496	0.0127981293834979
3.11161413718347	-0.130151571847032	0.0133366553276615	0.00711726971572776	2.78418016617739	0.0211692037494497	0.0113880391985489
3.12161413718347	-0.10335705673492	0.0135358293098641	0.00722438582007689	2.57459916261569	0.0186961010477296	0.0100512559317844
3.13161413718347	-0.0786617337012794	0.0137111237286948	0.00731873771440182	2.36437196334174	0.0163949423859241	0.00883367127119736
3.14161413718347	-0.0560712275701238	0.0138643870393342	0.00740132864224698	2.15366142765207	0.0142877866219838	0.00770286548882706
3.15161413718347	-0.0355896518092397	0.0139974953327128	0.00747313349634133	1.94260617434057	0.0123642916117639	0.00667527701027122
3.16161413718347	-0.0172198908808027	0.0141122981847403	0.00753513673711107	1.73131434776612	0.010626791636237	0.00574098096288275
3.17161413718347	-0.000963866037003569	0.0142106131407478	0.00758829268430647	1.5198710415619	0.00906578390997215	0.00490522608580815
3.18161413718347	0.0131772310420484	0.0142941929424104	0.00763353577116692	1.30833734105318	0.00767880432367036	0.00415718588297606
3.19161413718347	0.0252027269797084	0.0143647188243008	0.0076717511581802	1.09675642002987	0.00645332107548543	0.00349906662172095
3.20161413718347	0.0351122871974886	0.0144237733883381	0.00770378369144215	0.885153214282699	0.00538273971515389	0.00291965581178788
3.21161413718347	0.0429057601584841	0.0144728352737511	0.00773041415137497	0.673539915269065	0.00445260053926498	0.00241785322346207
3.22161413718347	0.0485830527917877	0.014513257887552	0.0077523659069967	0.461916373707232	0.00365293003167038	0.00198230456490507
3.23161413718347	0.0521440306373441	0.0145462654961031	0.00777028583658745	0.250275089201625	0.00296705298287327	0.00161049423146237
3.24161413718347	0.0535884487389831	0.0145729356934263	0.007784751217226	0.038601847561394	0.00238273755730517	0.00129034834364731
3.25161413718347	0.0529159075703644	0.0145941975096574	0.00779625322609861	-0.17311948282504	0.00188198843812287	0.00101762651243513
3.26161413718347	0.0501258395226487	0.014610816796687	0.00780520436234064	-0.384906172300266	0.00145146916568825	0.000778684786683514
3.27161413718347	0.0452175204786587	0.0146233971377013	0.00781192216867034	-0.596771654845676	0.0010714040334594	0.000569317619328029
3.28161413718347	0.0381901122659879	0.0146323667925465	0.0078166385619635	-0.808724872500039	0.000726688683293297	0.000376327733665653
3.29161413718347	0.0290427304617064	0.0146379804997814	0.00781948624262623	-1.02076556881869	0.000397247179597573	0.000193902010507265
3.30161413718347	0.0177745427406253	0.0146403098612714	0.00782050625782622	-1.23288313882515	6.66919490197492e-05	9.27923991000177e-06
3.31161413718347	0.00438489341708134	0.0146392451014148	0.00781963842894769	-1.44505243251032	-0.000284625501167273	-0.000185389818905226
3.32161413718347	-0.0111265421904623	0.0146344896872097	0.00781672586560861	-1.65723189922499	-0.000674541272778958	-0.000401339179288879
3.33161413718347	-0.028759576264613	0.0146255615080823	0.00781151070222614	-1.86936013333213	-0.00112226139291222	-0.000647609879120774
3.34161413718347	-0.0485132983041668	0.0146117917444911	0.00780363626542376	-2.08135344649641	-0.00164639217591982	-0.000934084190546947
3.35161413718347	-0.0703858374606324	0.0145923259785683	0.0077926483884239	-2.29310321535553	-0.00226434448938849	-0.00127217494543048
3.36161413718347	-0.0943740981764773	0.0145661287338276	0.00777799429087899	-2.50447274256937	-0.00299459457941775	-0.00167067065588962
3.37161413718347	-0.12047346931198	0.014531987975422	0.00775902543023842	-2.71529474439805	-0.00385625051539995	-0.00213604617360476
3.38161413718347	-0.148677507695325	0.0144885181455052	0.00773500730421288	-2.92536999535924	-0.00486340686543581	-0.00268145569280117
3.39161413718347	-0.178977600266163	0.0144341747131311	0.00770511500736216	-3.13446349696842	-0.00603318670449311	-0.00331269609863167
3.40161413718347	-0.211362603441372	0.014367262004971	0.00766844586397216	-3.34230359985488	-0.00737987701139246	-0.00403743530424872
3.41161413718347	-0.245818465123491	0.0142859480426427	0.00762402672352704	-3.54858024838269	-0.00891514581495946	-0.00486417519565953
3.42161413718347	-0.282327832364297	0.0141882843431207	0.00757081993309094	-3.75294308568652	-0.0106509088075677	-0.00579671266953287
3.43161413718347	-0.320869647694741	0.0140722248907557	0.00750773825082989	-3.95500124081135	-0.0125958729755714	-0.00683916577874979
3.44161413718347	-0.361418740145609	0.013935650109647	0.00743365923233298	-4.15432323027545	-0.0147542128516789	-0.00799739285243364
3.45161413718347	-0.403945417385906	0.0137763995564037	0.00734743304781826	-4.35043600169815	-0.0171317808072931	-0.00926776883354255
3.46161413718347	-0.448415062109975	0.0135922960364546	0.00724791267695979	-4.54282819626258	-0.019724198003294	-0.0106563807118017
3.47161413718347	-0.494787745874263	0.0133811916239223	0.007133954900486	-4.73094882258285	-0.0225324310081613	-0.012152165915584
3.47763328083273	-0.523598775598436	0.0132402255683914	0.00705794582819446	-4.84187989186152	-0.0243170490316607	-0.0131132656503606
3.48763328083273	-0.578342680363962	0.00749388194560492	0.0491467600755722	-6.33776428523383	0.359012435786587	5.64745424363149
3.49763328083273	-0.65189441074512	0.0308213620609651	0.10012127601167	-8.35914876997232	4.26878934672942	4.57995339535577
3.50763328083273	-0.74233075843052	0.0849058236436947	0.145676365469327	-9.39990129690488	5.88271057657957	4.62965862336605
3.51763328083273	-0.836102889284025	0.142189856122818	0.190064524282447	-9.2585368734021	5.42178324928046	4.16100970236291
3.52763328083273	-0.926550546795286	0.19181486190204	0.228098166102314	-8.81489866091703	4.47735393259982	3.43464807960853
3.53763328083273	-1.01238690173984	0.231723291363827	0.258824348972171	-8.36082573175558	3.51878705449149	2.72303206420101
3.54763328083273	-1.09401127648045	0.262614200032241	0.282877915273468	-7.9777978719998	2.68302448031685	2.10691167876198
3.55763328083273	-1.17222504989721	0.285897073916824	0.301302572642975	-7.67847398501404	1.99849290668962	1.59505125857381
3.56763328083273	-1.24782582795655	0.303031888752672	0.315143065563108	-7.45321100455787	1.45111582634238	1.18732153314915
3.57592186530261	-1.30899693899575	0.313509794072796	0.323818785872392	-7.3134498104069	1.09000999562532	0.915338691970087
3.58592186530261	-1.37783465046159	0.330287570923732	0.291544822532653	-6.18473881961631	0.897870351443741	-4.9384463594634
3.59592186530261	-1.43015611899507	0.319146997497861	0.246747881007469	-4.26532718593578	-3.1282612933943	-4.04710320216068
3.60592186530261	-1.46475779701362	0.2726083303437	0.206420154156861	-2.95270280403856	-5.50883026584665	-4.2712855678016
3.61592186530261	-1.4936083514103	0.216422848202598	0.164024848020185	-2.95905199553153	-5.50830548135345	-4.07793622872235
3.62592186530261	-1.52569104494586	0.16514236201225	0.126383978574396	-3.50243535218879	-4.67890279577871	-3.41581877967561
3.63592186530261	-1.56399641069024	0.12335675456955	0.0959074974556304	-4.15576205641276	-3.68320827526058	-2.6856612248603
3.64592186530261	-1.60854888386607	0.0911152817605234	0.0722984256103072	-4.73533643700473	-2.79397345356107	-2.05628498433607
3.65592186530261	-1.65827742201128	0.0668560958122614	0.0543504662706175	-5.18883761472238	-2.08873413354881	-1.55467417866434
3.66592186530261	-1.71191938009709	0.0487745037680017	0.0407932490466891	-5.52071875137156	-1.55365636816907	-1.17467371453999
3.67592186530261	-1.76835046221107	0.0353165564420164	0.0305473085616323	-5.75030391426692	-1.15799676686876	-0.888579268621556
3.68592186530261	-1.82665520543826	0.0252667208411611	0.0227762399748691	-5.89866347846564	-0.867042509775183	-0.676045670144445
3.68692800065002	-1.83259571459405	0.0244067816371169	0.0221052026865861	-5.90977562581841	-0.842598094172936	-0.657731018580429
3.69692800065002	-1.88623669672415	0.0212197525859639	-0.024760588487755	-4.57488651085428	-1.33649460403668	-5.83176009463096
3.70692800065002	-1.92274633423668	-0.011340631374289	-0.0772684812501935	-2.74327050316302	-5.13068961488146	-4.70885016330523
3.71692800065002	-1.9459715408776	-0.0697410749881176	-0.125394142332942	-2.18325803923746	-6.06102405729179	-4.79564414674539
3.72692800065002	-1.96947807246922	-0.127716576841737	-0.170594328155461	-2.59222721073652	-5.41460577436818	-4.18522544630764
3.73692800065002	-1.9984414588701	-0.17696942924451	-0.208651711427122	-3.20388637308409	-4.42629322945983	-3.42553613904781
3.74692800065002	-2.03336224462082	-0.216436582506428	-0.239340808659343	-3.76281914590224	-3.4887975101987	-2.72996864465054
3.75692800065002	-2.07329144060751	-0.247269916205309	-0.263635886374019	-4.20194977892181	-2.70450040100223	-2.15066785706966
3.76692800065002	-2.11698346189377	-0.271078312629444	-0.282717892673324	-4.51718004417469	-2.08067198361071	-1.68704046296814
3.77692800065002	-2.1632649008197	-0.289375779081955	-0.297672790957773	-4.72248479146476	-1.59966400820054	-1.31993012995626
3.78692800065002	-2.21113172392635	-0.303445501522875	-0.309407248376453	-4.83702060153356	-1.23226079016491	-1.03789885746435
3.79692800065002	-2.25976146404064	-0.314318317918549	-0.318661833002841	-4.87783806908176	-0.956397456243191	-0.821679779233916
3.80692800065002	-2.30849476975452	-0.322804443877579	-0.326021759320394	-4.86012759569456	-0.751455760611032	-0.657400073501863
3.81692800065002	-2.35681134385415	-0.329527171530067	-0.331943915436246	-4.79649580341468	-0.600732377244591	-0.533122174751058
3.82692800065002	-2.40430530631458	-0.334957995224345	-0.336780141376473	-4.6971605935915	-0.490959755918418	-0.439004464659178
3.83692800065002	-2.45066276391037	-0.339448524672816	-0.340797357182699	-4.57039330712489	-0.411172372047454	-0.368140927672567
3.84692800065002	-2.49564281010572	-0.343256386364032	-0.344196966336048	-4.42258627114223	-0.353405541444095	-0.314372389198784
3.85692800065002	-2.53906137552789	-0.346568228946309	-0.347128370679049	-4.25881920114554	-0.311113328807698	-0.273798861232438
3.86692800065002	-2.58077852051426	-0.34951655703248	-0.349702587289563	-4.08287286260415	-0.279995027094895	-0.24252789674806
3.87623793602861	-2.6179938779915	-0.352016818563799	-0.351849712375088	-3.91069724408606	-0.258173330435141	-0.219378458388614
3.88623793602861	-2.65861755899947	-0.36346436733579	-0.315491979798076	-4.44819976888418	-0.805896327802884	5.33240055510301
3.89623793602861	-2.70919551734976	-0.355870572601716	-0.26721039776601	-5.66136699756406	2.30888593686063	4.34888289064348
3.90623793602861	-2.77172945937307	-0.317754241448524	-0.22760174675792	-6.77242764735626	5.08869302404821	3.8174032551142
3.91623793602861	-2.84035241960457	-0.26331833680379	-0.188061285475201	-6.78452124306859	5.53069266870645	3.9421744812348
3.92623793602861	-2.90526515368793	-0.210566292988139	-0.150768790859153	-6.13649320912136	4.91848911289581	3.46524877270937
3.93623793602861	-2.96249811099203	-0.165894174634034	-0.119341129019839	-5.30345553350932	4.00321083857944	2.8150000969704
3.94623793602861	-3.01145086448941	-0.130389557724129	-0.0942621259692232	-4.50165359867576	3.11958233504417	2.2131237619289
3.95623793602861	-3.05288027151316	-0.102988133042793	-0.0747278702988308	-3.80280406992327	2.38837152996774	1.71238760939367
3.96623793602861	-3.08786531933313	-0.0820855788890758	-0.0596541541316384	-3.21084800279191	1.81708388879268	1.3192612980456
3.97623793602861	-3.11739789655077	-0.0661918572516519	-0.0480449299374953	-2.70895156405132	1.38161726151503	1.01617531310595
3.98623793602861	-3.14227801749168	-0.0541008076868181	-0.0390941927524784	-2.27724952666464	1.051951801429	0.784279974964515
3.99623793602861	-3.16311996261577	-0.0448861644750707	-0.0321780767609937	-1.89881335348307	0.802544530825781	0.606776239376686
4.00623793602861	-3.18038765571853	-0.0378491501763679	-0.026821763678282	-1.56043908107639	0.613231340576493	0.470956019370626
4.01623793602861	-3.19443021723259	-0.0324655212517437	-0.0226635822420801	-1.25238905252308	0.469819320484058	0.36555806313389
4.02623793602861	-3.20551124576393	-0.0283397027868538	-0.0194302065729461	-0.967072198385974	0.360055228891181	0.284950659296044
4.03623793602861	-3.21383005461393	-0.0251743206321972	-0.0169106834638242	-0.699186920654056	0.276713832714913	0.221686439398704
4.04623793602861	-3.21953827987194	-0.0227427992055656	-0.0149453252183054	-0.444395299786487	0.212579187177652	0.173184673305735
4.05623793602861	-3.22275121930226	-0.0208737042377365	-0.0134098491480158	-0.199658473954939	0.163461212752619	0.135398952786074
4.06623793602861	-3.22355683496549	-0.0194360283160519	-0.0122088303724589	0.0374180210003907	0.125769286038624	0.105962474095309
4.07623793602861	-3.22202219926377	-0.0183296365366164	-0.0112684222394211	0.268661849615431	0.0967878069077409	0.0830516807458761
4.08623793602861	-3.21819839525407	-0.0174778769858614	-0.0105312446479185	0.495455664638845	0.0745413388700997	0.0651168184679028
4.09623793602861	-3.21212427781949	-0.0168218279914295	-0.00995280847341912	0.718880204505199	0.057419139233334	0.051144122739095
4.10623793602861	-3.20382931105474	-0.0163161961293544	-0.00949835880445499	0.939747879580926	0.044266969993521	0.0402269787082079
4.11623793602861	-3.19333580356702	-0.0159260268445794	-0.00914074612737987	1.15867718431866	0.0342000258652621	0.0316729135483588
4.12623793602861	-3.18066065934844	-0.0156242218330482	-0.00885874801928085	1.37614153008527	0.0264959059989971	0.0250266837283386
4.13623793602861	-3.16581675365318	-0.0153897451743456	-0.00863560301344612	1.59247610308353	0.020664841891065	0.0198336109644822
4.14623793602861	-3.14881407905672	-0.0152061048646995	-0.00845812330637779	1.80792461582574	0.0162865019655947	0.0158227020257013
4.15518199769798	-3.13178450438959	-0.0150742404108018	-0.00832944517632468	2	0.0133502240270439	0.0130446697974013
