=========================== Parameters =====================================
l1 [m]	l2 [m]	l3 [m]	c1 [m]	c2 [m]	c3 [m]	m1 [kg]	m2 [kg]	m3 [kg]
0.22	0.22	0.2458	0.022	0.176	0.02458	0.1564	0.23764	0.1564
============================== Data ========================================
t [s]	th1 [rad]	th2 [rad]	th3 [rad]	th1d [rad/s]	th2d [rad/s]	th3d [rad/s]
0	0	0	0	0	0	0
0.01	-0.00140045929656438	0.000518123828725116	0.000279107762471694	-0.257941073148419	0.0598473542273156	0.0371522767140295
0.02	-0.00509037758827682	0.00106616978216105	0.000622461645476856	-0.479913531917764	0.0495314897528688	0.031072981290079
0.03	-0.0110009385890844	0.00151315256998313	0.000902426480744099	-0.70235745829447	0.040177736454208	0.0251144019533193
0.04	-0.0191404211532184	0.00187546014376207	0.00112852989749843	-0.925671460988649	0.0325502452876457	0.0202719872597782
0.05	-0.0295166197342286	0.0021687786426057	0.0013110179335062	-1.14967030572614	0.0263301363836027	0.0163581241675203
0.06	-0.0421355134944782	0.00240582236579451	0.0014582035009489	-1.37418041247217	0.0212507301633949	0.0131881074438209
0.07	-0.0570013743143288	0.00259685445641861	0.00157676887093324	-1.59903375903925	0.0170896094720239	0.0106170180827408
0.08	-0.0741168078413403	0.00275014149480152	0.00167207686738221	-1.82406330391603	0.0136673485313978	0.00852591212620223
0.09	-0.0934827163634322	0.00287232352995468	0.00174842088980315	-2.04909674952848	0.0108423643492765	0.00681383702165292
0.1	-0.115098194649301	0.00296872076904684	0.00180921940842559	-2.27394517274964	0.00849421736127691	0.00540336424362745
0.11	-0.138960358979871	0.00304357388979704	0.00185718060480966	-2.49839916865956	0.00652295543945728	0.00423289473505998
0.12	-0.165064120883263	0.00310023914261359	0.00189443535650199	-2.72222513384932	0.00484833274978296	0.00325072569173776
0.13	-0.193401912960844	0.00314134968174508	0.0019226424384739	-2.94515990966981	0.00340493108590332	0.00241433778371764
0.14	-0.223963370976137	0.00316894656649123	0.00194307454931809	-3.16690664457652	0.00213932020869585	0.00168880612189913
0.15	-0.256734978418472	0.00318458610505779	0.00195668839033188	-3.38713129590692	0.00100785573481025	0.00104546463761952
0.16	-0.291699679552995	0.00318942830849473	0.00196418199830035	-3.60545977814323	-2.50281128691691e-05	0.000460792499865069
0.17	-0.32883646736689	0.00318431040402041	0.00196604181248202	-3.82147570207667	-0.000988331465880114	-8.43232737603269e-05
0.18	-0.368119953153576	0.00316980820265497	0.00196258185990576	-4.03471896909116	-0.00190542600582012	-0.000605423170995838
0.19	-0.409519925374534	0.003146288055316	0.00195397650806492	-4.24468508577865	-0.00279491871320136	-0.00111501729123009
0.2	-0.453000905919228	0.00311395107402082	0.00194028843956223	-4.45082548633281	-0.00367102671476006	-0.00162330232611517
0.21	-0.498521713152145	0.00307287195125351	0.00192149222283239	-4.65254836068219	-0.00454476859524922	-0.00213787470069212
0.215329405707186	-0.523598775598299	0.00304740457652981	0.00190935883779077	-4.75803365380008	-0.00501199509298197	-0.00241696618446433
0.225329405707186	-0.593403691695655	0.0435949572891552	0.0392321203332177	-8.37085073787508	6.48154487407159	6.59768697736762
0.235329405707186	-0.67657759728547	0.105462381222422	0.102805288434493	-8.12783556911845	5.63400808999402	5.83527802082839
0.245329405707186	-0.755770969392881	0.15592768912543	0.155427545458521	-7.73077166347589	4.49850172778069	4.71841980134364
0.255329405707186	-0.831526873700547	0.196090647623973	0.197933617316605	-7.43744911794094	3.56885891760299	3.81317466591857
0.265329405707186	-0.904815724919237	0.22792275092965	0.232240404373598	-7.23224408686264	2.82308624914321	3.07535103620541
0.275329405707186	-0.97638885305101	0.253032255876399	0.259905865885843	-7.09196914875769	2.22074703753821	2.47823995426352
0.285329405707186	-1.04681574040603	0.272719817721935	0.282193533188437	-7.00046786379626	1.7342835474871	1.99647508306957
0.295329405707186	-1.11652439439909	0.288044876781257	0.300132039728786	-6.94660867544032	1.34537517656235	1.6047456714955
0.305329405707186	-1.18583341940031	0.299880082510157	0.31455003659482	-6.91906657562448	1.03375892937192	1.28970923790304
0.315329405707186	-1.25496898841946	0.308936441037591	0.32612534368209	-6.91055277370216	0.787140859886501	1.0345104391966
0.323147029257576	-1.30899693899575	0.314461727202773	0.333551673080071	-6.91250481754611	0.631286411073359	0.870058085370698
0.333147029257576	-1.35902803558389	0.283719521528859	0.304161278108533	-3.57269176099479	-5.83410735288945	-5.77628776799632
0.343147029257576	-1.39460431274537	0.224933630332296	0.247041903458736	-3.78936144076213	-5.44458093562632	-5.31665596248106
0.353147029257576	-1.43573406047226	0.176553404912942	0.199074244988456	-4.42034445781919	-4.2649388522935	-4.29939507091657
0.363147029257576	-1.48255935350604	0.138747249220642	0.16045379430369	-4.92490322248258	-3.33337129396136	-3.45964411486804
0.373147029257576	-1.53382700798186	0.109131910243302	0.129371939607848	-5.31214842245838	-2.61887626638112	-2.78296289317927
0.383147029257576	-1.58850472737905	0.0858582064620889	0.104332901864139	-5.60912309567976	-2.06006004621678	-2.24341744999831
0.393147029257576	-1.64576434359248	0.0675349986727377	0.0841422100929397	-5.83139913346794	-1.62253127108725	-1.81025641108844
0.403147029257576	-1.70492486784632	0.0530913430913234	0.0678486665902694	-5.99145077810287	-1.27961095491004	-1.46144283414848
0.413147029257576	-1.76541817209931	0.0416940906426004	0.0546912321384908	-6.09937775116293	-1.01036358532656	-1.18043473332559
0.423147029257576	-1.82676514380945	0.0326914990658214	0.0440591678474128	-6.16322958931655	-0.798656321389012	-0.954092303330853
0.424092745617361	-1.83259571459405	0.0319444796889705	0.0431659021652441	-6.16731400496098	-0.78095654640153	-0.935288468138724
0.434092745617361	-1.87329497968866	-0.0153881560888575	-0.00197560217939825	-2.97154309299701	-6.72518367751798	-7.00924671786148
0.444092745617361	-1.90494411628219	-0.0783121941247357	-0.0683014988669241	-3.45592496399502	-5.67573918866761	-6.04802345461023
0.454092745617361	-1.94235363594638	-0.129005149837227	-0.122781760920178	-4.00227712338605	-4.5055371610785	-4.88677985032308
0.464092745617361	-1.98451472427682	-0.169265051236347	-0.166770849833959	-4.40889637530699	-3.5825720438238	-3.94610366803549
0.474092745617361	-2.03014059174673	-0.201318531361939	-0.202305480579701	-4.69935979784004	-2.85575056914847	-3.18947152373184
0.484092745617361	-2.07817947465861	-0.226905724515211	-0.231032855439821	-4.89454047729963	-2.28343618191845	-2.57897937176595
0.494092745617361	-2.12777018679656	-0.247395359929231	-0.254272718350483	-5.01207438929498	-1.83196119663493	-2.08718801607094
0.504092745617361	-2.1782065727344	-0.263867872135296	-0.273089055242923	-5.06525201331105	-1.477445176005	-1.68935560569195
0.514092745617361	-2.22890724575362	-0.277182074979996	-0.288335006369036	-5.0666735270979	-1.19730547977239	-1.37039530896473
0.524092745617361	-2.27939678687029	-0.288013778533097	-0.300702926210937	-5.02478883016358	-0.977824925922217	-1.11251945831558
0.534092745617361	-2.32928478195344	-0.2968980866634	-0.310748387062276	-4.94763142946603	-0.80573193278485	-0.904392586578107
0.544092745617361	-2.37825199450335	-0.304255372261949	-0.318919635606692	-4.84161852737802	-0.670873339816133	-0.736290418632392
0.554092745617361	-2.4260376047767	-0.310414945616215	-0.325577853860453	-4.71203028903857	-0.565165135559786	-0.600374209959622
0.564092745617361	-2.47242877437378	-0.315633835041608	-0.331013961621094	-4.56321585138413	-0.482168764984624	-0.490373208681859
0.574092745617361	-2.51725181128409	-0.320112404677911	-0.335461479927595	-4.39900198223826	-0.416213621949562	-0.402107605414062
0.584092745617361	-2.56036588052164	-0.324004682867765	-0.339110196905636	-4.2219575258498	-0.364107975926562	-0.330323127254573
0.594092745617361	-2.60165624384011	-0.327430200431089	-0.342111879668339	-4.03455141808435	-0.32256186967511	-0.271971153140996
0.598182123884315	-2.61799387799149	-0.328718634438817	-0.343182065077734	-3.95542787431394	-0.30795875456419	-0.251454690956201
0.608182123884315	-2.67129951763563	-0.30403795293775	-0.306764542227942	-6.77613679318139	5.52761560094868	5.63767597657835
0.618182123884315	-2.73908915144836	-0.24614527337264	-0.250503558894174	-6.47986445931971	5.45588602599792	5.27472576110786
0.628182123884315	-2.79967954902876	-0.197357025222399	-0.202793028850206	-5.65332927571246	4.32906276713132	4.28202628846592
0.638182123884315	-2.85257915066647	-0.158780421143755	-0.164268839486412	-4.9478855371755	3.42623588424497	3.45166387238821
0.648182123884315	-2.89899311111457	-0.128166971051498	-0.133203562527481	-4.3498836872728	2.72443181607793	2.78681869342878
0.658182123884315	-2.9398558915009	-0.10376293538021	-0.108123918272353	-3.83480475946893	2.17942253753905	2.24731725224865
0.668182123884315	-2.97587228838615	-0.0842385406887658	-0.0878673179287817	-3.37839821091545	1.74455510788271	1.81718486972674
0.678182123884315	-3.00757679820274	-0.068582954926535	-0.0714950291265032	-2.96931841949502	1.39947323324736	1.46986146022682
0.688182123884315	-3.03538533581318	-0.0560071506523345	-0.0582565126254469	-2.59761159187976	1.12556100916217	1.18823827291158
0.698182123884315	-3.05962481373212	-0.0458897407293442	-0.0475495588548331	-2.25461211259063	0.906166900208496	0.961100252218935
0.708182123884315	-3.08055289963643	-0.0377408649099794	-0.0388875440250656	-1.93468909437321	0.730692980742214	0.777204231335256
0.718182123884315	-3.09837488395547	-0.0311702076510087	-0.0318791499874572	-1.63258164570207	0.588942286338368	0.629382493001386
0.728182123884315	-3.11325380920673	-0.0258683082425699	-0.0262069533752684	-1.34535046091394	0.475501796712373	0.509344101736534
0.738182123884315	-3.12532070548422	-0.0215866704286948	-0.0216157708679523	-1.06978332635037	0.384151012858288	0.412288607696749
0.748182123884315	-3.13468055154541	-0.0181265541379729	-0.0178991945057717	-0.803497208865018	0.310325298861714	0.333976171721505
0.758182123884315	-3.14141747947311	-0.0153289656112764	-0.0148900020844286	-0.544893966923529	0.251056314317507	0.270347714435966
0.768182123884315	-3.14559935289274	-0.0130657040598839	-0.0124534628884073	-0.29233133632055	0.203186343618765	0.218882160714248
0.778182123884315	-3.14728065675952	-0.0112338841025911	-0.0104804013920768	-0.0446577346034956	0.164554287631584	0.177193143858719
0.788182123884315	-3.14650524588725	-0.00975062409348828	-0.00888253370450891	0.199076499865067	0.133376149653458	0.143403656958445
0.798182123884315	-3.14330848046501	-0.00854898265858689	-0.00758854490865051	0.439726540183774	0.108017347346569	0.116190880716593
0.808182123884315	-3.13771873836559	-0.00757520376493451	-0.0065404587544575	0.677776764572583	0.0876001353866167	0.0940707370109562
0.818182123884315	-3.12975906930382	-0.00678562743863224	-0.00569155424446088	0.913778191667198	0.0710491423214486	0.0761970029135905
0.828182123884315	-3.11944819293734	-0.00614503118063274	-0.00500390324600684	1.14809331303903	0.0576482281099711	0.061743295255513
0.838182123884315	-3.10680154645373	-0.00562487727626449	-0.00444678567282532	1.38100501102918	0.0468004191516071	0.0500612002772081
0.848182123884315	-3.09183211603274	-0.00520205913064118	-0.00399526191603453	1.61268961175141	0.0380835643881692	0.0405707399659211
0.858182123884315	-3.0745512418182	-0.00485774209739433	-0.00362916332771874	1.84330732707436	0.0310486733168052	0.0329068716080231
0.865001577888041	-3.06144633574166	-0.00465999552990452	-0.00341995069171991	2.00000000000016	0.0270554866954999	0.0285474994372537
0.875001577888041	-3.04030080433166	-0.00441469760935632	-0.00316212149459831	2.22893691187571	0.0221909756550847	0.0232043778511472
0.885001577888041	-3.01687098077081	-0.00421296884400293	-0.0029523322445032	2.45684943160369	0.0183064850447547	0.0189063697807395
0.895001577888041	-2.99116751255712	-0.00404590964709956	-0.00278113904633449	2.68364805362049	0.0152271754153763	0.0154598497198758
0.905001577888041	-2.96320221204212	-0.00390620578287784	-0.00264082974101621	2.90918868425234	0.012811319319018	0.0127091381198137
0.915001577888041	-2.93298860238461	-0.00378782265825121	-0.00252508969369491	3.13327298778899	0.0109444903723988	0.0105286172125574
0.925001577888041	-2.90054245890403	-0.00368575810513388	-0.00242873286454526	3.3556493238412	0.00953291573584542	0.00881819025167886
0.935001577888041	-2.86588234692997	-0.00359584568048178	-0.00234748284291234	3.57601196136221	0.00850125595021159	0.00749657895152193
0.945001577888041	-2.82903015805435	-0.00351459661070369	-0.00227779669523477	3.79400079821124	0.00779016144329345	0.00649648741078503
0.955001577888041	-2.79001164453953	-0.00343907096792767	-0.00221672570975995	4.00920329889229	0.00735009341225407	0.00576465546177001
0.965001577888041	-2.74885694661898	-0.00336677729242578	-0.00216180177317874	4.22115499934861	0.00713962281180806	0.00525872516334319
0.975001577888041	-2.70560110910724	-0.00329559382315579	-0.00211094617670322	4.4293402519586	0.00712479037209737	0.00494397014554797
0.985001577888041	-2.6602845818406	-0.00322370627365884	-0.00206239779067537	4.63319421761001	0.00727756083359485	0.00479159929991661
0.995001577888041	-2.61295369632123	-0.00314955951844512	-0.00201465668182893	4.8321058162089	0.00757422075071642	0.00477769519306178
1.00500157788804	-2.5636611098461	-0.0030718208716901	-0.00196644010227621	5.02542150764798	0.00799419246092176	0.00488223378778202
1.01500157788804	-2.51246620765579	-0.00298935252159476	-0.00191664880848775	5.21245016667313	0.00851884324013878	0.00508850602024014
1.02500157788804	-2.45943545269239	-0.00290119145184169	-0.00186434165592371	5.39246897237626	0.00913056551813387	0.00538261592821955
1.03500157788804	-2.4046426717122	-0.00280653631484098	-0.00180871589571881	5.56472955857201	0.00981381195847977	0.0057514014973187
1.04500157788804	-2.34816926796513	-0.00270473753375565	-0.00174909408120588	5.72846616079611	0.0105542508822756	0.00618238953673928
1.05500157788804	-2.29010434928292	-0.00259529077054012	-0.00168491517048694	5.88290471740844	0.0113381866783595	0.00666371180100417
1.06500157788804	-2.23054476184027	-0.00247783261368714	-0.00161572891687657	6.02727289880745	0.0121520692849958	0.00718412351552605
1.07500157788804	-2.16959502099727	-0.00235213768666036	-0.00154119254864451	6.16081083062531	0.0129822670275614	0.00773293600767064
1.08500157788804	-2.10736713239131	-0.00221811643052421	-0.00146106890052015	6.28278228109557	0.0138151634254644	0.00829978571787978
1.09500157788804	-2.0439802986995	-0.0020758128025568	-0.00137522536630063	6.39248613532892	0.0146374259215607	0.00887436547757118
1.10500157788804	-1.97956051010513	-0.00192540125771383	-0.00128363311274876	6.48926793605922	0.015436303963529	0.00944623486717639
1.11500157788804	-1.91424001943957	-0.0017671825463563	-0.00118636602781716	6.57253120645178	0.0161998884749101	0.0100047546196972
1.12500157788804	-1.8481567062368	-0.00160157784154867	-0.00108359909371302	6.6417483580536	0.0169170343043612	0.0105394088879999
1.13500157788804	-1.78145333810197	-0.00142911896616551	-0.000975607740412979	6.69647236698109	0.0175736237917085	0.0110436578489783
1.14500157788804	-1.71427673716781	-0.00125044112998121	-0.000862761718593314	6.73634408722818	0.0181556712758911	0.0115123030335089
1.15500157788804	-1.64677686545419	-0.001066278216287	-0.000745513295632788	6.76109490554322	0.0186592654290688	0.0119323450439403
1.16500157788804	-1.57910585301515	-0.000877444694771608	-0.000624394990327605	6.77055640990741	0.0190812948429705	0.0122921243692828
1.17500157788804	-1.51141698062654	-0.000684819659331833	-0.000500012325980301	6.76466553794886	0.0194157301464029	0.0125851395271006
1.18500157788804	-1.44386363723709	-0.000489333507415449	-0.000373031511706145	6.74346490918235	0.0196558346210503	0.0128081726595029
1.19500157788804	-1.37659827474352	-0.000291954593005594	-0.00024416513606336	6.70710051947125	0.0197974358015645	0.0129583462141419
1.20500157788804	-1.30977138236416	-9.36740255017669e-05	-0.000114158255116658	6.65581844890925	0.0198397160327403	0.0130324728957766
1.21500157788804	-1.24353050077335	0.000104510109753039	1.62256256232216e-05	6.58996001452142	0.0197849993405077	0.013027286800823
1.22500157788804	-1.17801929847727	0.000301616042593827	0.000146211323364652	6.509960958433	0.0196257107933569	0.0129518139286475
1.23500157788804	-1.1133767116692	0.000496674240095114	0.000275043990270302	6.41632926071382	0.0193745514124808	0.0127985184490134
1.24500157788804	-1.04973619235964	0.000688762040859428	0.000401982715481436	6.30965114553845	0.0190302173717808	0.0125757601320255
1.25500157788804	-0.987225041667442	0.000877001375040234	0.000526327126751613	6.19056963973615	0.0186009296300019	0.0122851456555438
1.26500157788804	-0.925963861407726	0.00106057404347133	0.000647424573684401	6.05977661074408	0.018097089315504	0.0119282304663015
1.27500157788804	-0.866066119557409	0.00123873434673505	0.000764676720841982	5.9180037277082	0.0175255965130707	0.0115115992911212
1.28500157788804	-0.807637831221553	0.00141081926824711	0.000877545046427568	5.7660128937893	0.0168853372487544	0.0110508131909057
1.29500157788804	-0.750777345747669	0.00157623917924613	0.000985571341128913	5.6045738184267	0.0161914248752717	0.0105469525178802
1.30500157788804	-0.695575256306619	0.00173449418077728	0.0010883700869255	5.43446251358136	0.0154549438260182	0.0100055520130381
1.31500157788804	-0.642114408008535	0.00188517840609859	0.00118562873680473	5.25645290180642	0.0146794305268576	0.00943960546305942
1.32500157788804	-0.590469995309	0.00202797086745653	0.00127711744324883	5.07130058092838	0.0138765443466003	0.00885430162630629
1.33500157788804	-0.540709751839488	0.00216264161544058	0.00136268097438962	4.87974017531956	0.0130543652921823	0.00825787459678104
1.34500157788804	-0.492894210131936	0.00228904798273746	0.0014422372864582	4.68247747789209	0.0122195472950904	0.00765927186823081
1.35500157788804	-0.447077020921747	0.00240712351724607	0.00151578050703043	4.48017826595509	0.0113892758967384	0.00705655155627602
1.36500157788804	-0.403305334524794	0.00251689043438311	0.00158335944052511	4.27347653578452	0.010563325264057	0.00646330180254643
1.37500157788804	-0.361620206600106	0.00261843813343004	0.00164508673646901	4.06295931150699	0.00974973887805567	0.00588403771227571
1.38500157788804	-0.322057043341672	0.00271192442883874	0.00170112511636645	3.84916992322086	0.00895246346388149	0.0053258708153316
1.39500157788804	-0.284646059536015	0.00279756365082711	0.00175168531467714	3.63260288595467	0.00817946534678811	0.00479067726760531
1.40500157788804	-0.249412749945425	0.00287562293854615	0.00179701543160656	3.41370609574288	0.00743677839238584	0.00428079212320092
1.41500157788804	-0.21637836079186	0.00294641595742437	0.00183739284656549	3.19288197571555	0.00672656238154694	0.00380079676960673
1.42500157788804	-0.185560352653019	0.00301029105847466	0.00187312131473263	2.97048528432021	0.00605393276480418	0.00335105761635108
1.43500157788804	-0.156972854979957	0.00306762806537403	0.00190452019057909	2.74682787236945	0.00541987499630622	0.00293452839453991
1.44500157788804	-0.130627099354475	0.00311882714719014	0.00193192180957748	2.52217790292784	0.00482731699480183	0.00255100846074927
1.45500157788804	-0.106531834305714	0.00316430555472218	0.00195566194767223	2.29676515530013	0.00427477110803238	0.00220329335296061
1.46500157788804	-0.0846937098770213	0.00320448416897369	0.00197608094829726	2.07077879205225	0.00376713961042538	0.00188693219478784
1.47500157788804	-0.0651176410899438	0.00323979001873865	0.00199351024476827	1.84437702776339	0.0033010487493158	0.00160434306910177
1.48500157788804	-0.0478071337065356	0.00327064317483017	0.00200827500359416	1.61768497873377	0.00287642276723827	0.00135382717468019
1.49500157788804	-0.0327645823756434	0.00329745361874112	0.00202068796192131	1.39079979349594	0.00249244263915373	0.00113353880273869
1.50500157788804	-0.0199915349609782	0.00332061703453709	0.00203104528614085	1.16379472009515	0.00214603967192162	0.000943009646069205
1.51500157788804	-0.00948892093919745	0.00334050664367518	0.00203962713422819	0.936719945559085	0.00183758221772905	0.000777802203897169
1.52500157788804	-0.00125724947598231	0.00335747446662968	0.00204668994181224	0.709610184315115	0.00156189998808837	0.000638167425036955
1.53500157788804	0.00470323215113485	0.00337184226564304	0.00205246948164079	0.48248425817451	0.00131685873983604	0.000520925024899733
1.54500157788804	0.00839241146548115	0.00338390071574178	0.00205717667315016	0.255350531643711	0.0010991619747442	0.000423545420487896
1.55500157788804	0.00981022000454371	0.00339390609357663	0.00206099646141438	0.0282102056045157	0.000904841800433098	0.000343739330400544
1.56500157788804	0.00895657828532241	0.00340207573095369	0.00206408844756293	-0.198940572193495	0.000732335799188246	0.000276582949367268
1.57500157788804	0.00583137247121865	0.00340859108328648	0.00206658077207743	-0.426103185787886	0.000573741087394954	0.000222899500341072
1.58500157788804	0.000434472048131805	0.00341358806921263	0.00206857663306194	-0.653278736021136	0.00042727612770478	0.000177433372508972
1.59500157788804	-0.00723422357592092	0.00341716110172752	0.00207014816428181	-0.880460271860125	0.000287996176297631	0.00013773500672529
1.60500157788804	-0.0171746997000273	0.00341935930264027	0.00207133818597507	-1.10763105993767	0.00015170202259508	0.000100476714208747
1.61500157788804	-0.0293867076816845	0.00342018688718091	0.00207215834599529	-1.33475997588076	1.2554116374122e-05	6.37730274731705e-05
1.62500157788804	-0.0438696090863659	0.00341959902475774	0.00207259206560487	-1.56180052652195	-0.000131395976766427	2.19288381678237e-05
1.63500157788804	-0.0606221894289736	0.00341750775517182	0.00207258813476834	-1.78868261866095	-0.000288568115649209	-2.46034237490108e-05
1.64500157788804	-0.0796424308961625	0.00341377417104855	0.00207206811135481	-2.01531491194113	-0.000461159837986847	-8.13094522381139e-05
1.65500157788804	-0.100927257156855	0.00340821455099068	0.0020709207496516	-2.24157711507408	-0.000654555306649317	-0.000150571228592671
1.66500157788804	-0.124472240994439	0.00340059861275945	0.00206900463240679	-2.46731859587167	-0.000873127563756769	-0.000235606412799106
1.67500157788804	-0.150271281086386	0.00339065140375364	0.002066148011797	-2.69235479929973	-0.0011211055744794	-0.000339567091386019
1.68500157788804	-0.178316248061682	0.00337805585740224	0.00206214880716836	-2.9164637811793	-0.0014035687378454	-0.000464500152519398
1.69500157788804	-0.208596600815566	0.00336245373941282	0.00205677713171745	-3.13938468113927	-0.00172370807538392	-0.000613876385121449
1.70500157788804	-0.241098977978405	0.00334344991953656	0.00204977559478928	-3.36081453992575	-0.00208436112255639	-0.000790996792205137
1.71500157788804	-0.275806766845323	0.00332061763811536	0.00204085989701547	-3.58040536543839	-0.0024898235506545	-0.000997146758029084
1.72500157788804	-0.312699652287734	0.00329350113146869	0.00202972324631289	-3.79776426207995	-0.00294197799679279	-0.00123515149610785
1.73500157788804	-0.351753154138337	0.00326162305779887	0.00201603760381136	-4.01245121847429	-0.0034427539782139	-0.00150689374324841
1.74500157788804	-0.392938156388356	0.00322449079456009	0.00199945745265896	-4.22397906354483	-0.00399328317810614	-0.00181395611644191
1.75500157788804	-0.436220436439789	0.00318160418183107	0.00197962376405482	-4.43181379754915	-0.00459388860890447	-0.00215748231944886
1.76500157788804	-0.48156020220132	0.00313246408327623	0.00195616870610689	-4.63537582179623	-0.00524398530478173	-0.00253811876373945
1.77390006231037	-0.523598775598299	0.00308308142922835	0.0019319524894271	-4.81241951736839	-0.00586126461680442	-0.00290960512260173
1.78390006231037	-0.593938650840194	0.0436026632105847	0.0392694798756105	-8.42550201673852	6.4812238621461	6.59740072607349
1.79390006231037	-0.677654890987256	0.105458146072818	0.102837642150272	-8.18168211694551	5.63197728694019	5.83486821219409
1.80390006231037	-0.757385178824143	0.155899893930726	0.15545404273012	-7.78462563572508	4.49653939892109	4.71694699014057
1.81390006231037	-0.833674942201288	0.196033827959409	0.197952005841518	-7.4904729931468	3.56528383212142	3.81282661553194
1.82390006231037	-0.90749379065793	0.227831788616121	0.23225138404357	-7.2850503552336	2.81950362941295	3.07465064908709
1.83390006231037	-0.979593335235758	0.252905436946826	0.259909118409261	-7.14440978712793	2.2171305024017	2.47747073765376
1.84390006231037	-1.05054241277403	0.272557173202861	0.282189059749819	-7.05242288085761	1.7306969165836	1.99578544370825
1.85390006231037	-1.1207681148549	0.287847799637401	0.300120166873824	-6.99799406468025	1.34197841600447	1.60411665182562
1.86390006231037	-1.19058795483178	0.299651042666727	0.314531339465571	-6.96981007685374	1.03074588083103	1.28901795715973
1.87390006231037	-1.26022691670266	0.308678796600878	0.326100456059826	-6.9605459110098	0.784623895393112	1.03370196100919
1.88090672108582	-1.30899693899575	0.313668630251868	0.332810594286966	-6.96131923622672	0.643716293323646	0.885341847974744
1.89090672108582	-1.35943238191043	0.282878777587195	0.303629142170977	-3.61795806561482	-5.82767496240982	-5.76902054057412
1.90090672108582	-1.39548566220943	0.224209023524437	0.246592947343413	-3.83702836502196	-5.43287421038384	-5.30659337475933
1.91090672108582	-1.43709046414763	0.175947053100307	0.198707309526592	-4.46707972723769	-4.25429901946155	-4.29174808292602
1.92090672108582	-1.48437726173575	0.138240102463781	0.160153707677403	-4.97038663421498	-3.32432749819626	-3.45362383269396
1.93090672108582	-1.53609349771186	0.108707877928559	0.129125999086894	-5.35631509861577	-2.61141501102996	-2.77794326027778
1.94090672108582	-1.59120731044629	0.0855037982550858	0.104131221067135	-5.65213332616154	-2.05365903369596	-2.23945499797051
1.95090672108582	-1.64889085584461	0.067239170596335	0.0839765183134511	-5.87319324141793	-1.61714675853062	-1.80703700262518
1.96090672108582	-1.70846309761649	0.0528446793512875	0.0677122607024755	-6.03199598730859	-1.27514396448097	-1.45878069148983
1.97090672108582	-1.76935580070214	0.0414886039006779	0.0545785916584507	-6.13860913530936	-1.00679493999469	-1.17811645944005
1.98090672108582	-1.8310895625573	0.0325201138679182	0.0439660293466143	-6.20128447580325	-0.795538261297065	-0.952351943454093
1.98114958072249	-1.83259571459405	0.032327426630586	0.0437353686613372	-6.20235129667762	-0.790932187682441	-0.947530187800094
1.99114958072249	-1.87364688867977	-0.0151023476861755	-0.0015128388983203	-3.01018796066729	-6.72810184909655	-7.01511645996791
2.00114958072249	-1.90569513131099	-0.0780301971617816	-0.0678772166711621	-3.49597915173085	-5.67586113104675	-6.05001999087906
2.01114958072249	-1.94351050993799	-0.128712239931002	-0.122380755291362	-4.04323339529977	-4.50355820283086	-4.88931222753642
2.02114958072249	-1.98607980640915	-0.168954040598395	-0.166388608222206	-4.44942077599926	-3.58125862498926	-3.94702709373338
2.03114958072249	-2.03211309438894	-0.20098740930167	-0.201937595077795	-4.73935659404311	-2.85514275155698	-3.1890754180756
2.04114958072249	-2.08055630640953	-0.226555794693313	-0.230674799630364	-4.93453701253048	-2.28218992567985	-2.57913105172432
2.05114958072249	-2.13054743045486	-0.247028076729911	-0.253922300301009	-5.05184324198023	-1.83041739230024	-2.08775609636548
2.06114958072249	-2.18137906502528	-0.263485973031744	-0.27274422052621	-5.10482746211568	-1.47538534567527	-1.69081853289744
2.07114958072249	-2.2324698619517	-0.276786953707543	-0.287996589125657	-5.10517639386558	-1.19658545060764	-1.37038824101403
2.08114958072249	-2.28334264609726	-0.287609767535529	-0.300368435460796	-5.06282334838886	-0.977004124718921	-1.11299673629034
2.09114958072249	-2.3336075820804	-0.29648748095749	-0.310418271548332	-4.98478469292653	-0.805677020150986	-0.90416302172397
2.10114958072249	-2.38294455584009	-0.303841944804266	-0.318592218256444	-4.87832524085628	-0.670567073689221	-0.736772063169188
2.11114958072249	-2.43109341171366	-0.310000702820952	-0.325253722095696	-4.74797881568026	-0.565293632587472	-0.600563266375045
2.12114958072249	-2.47784103836275	-0.315221335269866	-0.330692586818565	-4.59852237248848	-0.482473100208037	-0.490606835615664
2.13114958072249	-2.52301402884199	-0.319703685943903	-0.335142706062243	-4.43368237633918	-0.416678934972841	-0.402368003623151
2.14114958072249	-2.56647184831891	-0.323601394341757	-0.338794043417933	-4.25598899620907	-0.364822569204105	-0.330439280373029
2.15114958072249	-2.60809994998005	-0.327033994427058	-0.341797970517072	-4.06805084930748	-0.323311168334085	-0.272227055671746
2.15359586795189	-2.6179938779915	-0.327813813063301	-0.342448766348785	-4.02074417337202	-0.314451106528091	-0.25974630921735
2.16359586795189	-2.67201857970052	-0.303063315365282	-0.306107042257193	-6.8435759673994	5.52575972221351	5.63143718107096
2.17359586795189	-2.74043301715865	-0.245282531458149	-0.249945641997618	-6.53925923709613	5.43876118303896	5.26671064530652
2.18359586795189	-2.80162919670008	-0.196635960757293	-0.202336391750686	-5.71393707328789	4.31520218594103	4.27356400260668
2.19359586795189	-2.85514264990881	-0.158179041565914	-0.163897481908135	-5.00920001894255	3.41427161392968	3.44503441598044
2.20359586795189	-2.90217771309199	-0.127666327932537	-0.132901964091185	-4.41166652682763	2.71377073077516	2.78199115063384
2.21359586795189	-2.9436674136632	-0.10334773626837	-0.107878814350258	-3.89725928196246	2.17047330680041	2.24333184894392
2.22359586795189	-2.98031545544428	-0.0838962045277356	-0.0876675089493616	-3.44202952583709	1.73839408707041	1.81259328024723
2.23359586795189	-3.01265663168977	-0.0683005091179263	-0.0713334903691151	-3.03298812625781	1.39358162608047	1.46681559800885
2.24359586795189	-3.04110532508234	-0.055775233573082	-0.0581258128101672	-2.66158003365448	1.12048248455756	1.18591091852556
2.25359586795189	-3.06598803214917	-0.0457001821227463	-0.0474437721610532	-2.31898390515714	0.902100189703064	0.959057703670349
2.26359586795189	-3.08756223876888	-0.0375862090739053	-0.0388022971686229	-1.9991849690634	0.726994105680595	0.77586036202671
2.27359586795189	-3.10603249225059	-0.031044971201862	-0.0318100767124288	-1.69757735084613	0.586396487132202	0.62781077086415
2.28359586795189	-3.12156201757656	-0.0257669761520403	-0.0261513290323748	-1.41050523232079	0.473327096011322	0.508145571304222
2.29359586795189	-3.13428146361023	-0.0215049312979486	-0.021571081257156	-1.13504309861065	0.382192701619893	0.411485642610288
2.30359586795189	-3.1442954808518	-0.0180611684843566	-0.0178630521230627	-0.869082760906213	0.309031795768462	0.333035721226021
2.31359586795189	-3.15168832768521	-0.0152767361765813	-0.0148609467014864	-0.610611987263169	0.249975941992678	0.269611966189459
2.32359586795189	-3.15652764601833	-0.0130241781102487	-0.0124301367723047	-0.358159541663759	0.202248058957202	0.218344470018268
2.33359586795189	-3.15886779419163	-0.0112010651570316	-0.0104616927069803	-0.110587768539649	0.163726651133076	0.176821241730197
2.34359586795189	-3.15875251375284	-0.00972483961509123	-0.00886759128164814	0.133088636312593	0.132561304107694	0.143238738865578
2.35359586795189	-3.15621691559155	-0.0085290552169136	-0.00757652158096034	0.373591843358313	0.107421777763661	0.115992959383449
2.36359586795189	-3.15128926026189	-0.00756001360070271	-0.00653084919855641	0.611562710118102	0.0871045069839437	0.0939172536418818
2.37359586795189	-3.14399228047629	-0.00677437656832403	-0.00568387773522406	0.847482885322369	0.0707040528581884	0.0760096136629091
2.38359586795189	-3.13434439027371	-0.00613702328326299	-0.00499785831927995	1.0817839533626	0.0573739961968952	0.0615726756677961
2.39359586795189	-3.12236058005239	-0.00561960791663403	-0.00444211857012579	1.31473001822087	0.046581352998687	0.0499012662371982
2.40359586795189	-3.10805331461506	-0.00519913778249551	-0.00399180285328239	1.5465191609681	0.0378816601027181	0.0404401020731638
2.41359586795189	-3.0914332840086	-0.00485691011276069	-0.00362677783144166	1.77730556008406	0.0308665319553807	0.0327883609996272
2.42328300133118	-3.0731369125429	-0.00458561820157392	-0.00333905603432534	2.00000000000065	0.0253640953564673	0.0267972168663118
2.43328300133118	-3.0519911739772	-0.00435564840141436	-0.0030970415560882	2.22899224213322	0.0208085588482297	0.0217773461503584
2.44328300133118	-3.0285601329315	-0.00416647298174898	-0.00290015543299695	2.457051286172	0.0171723209793251	0.0177404735856128
2.45328300133118	-3.00285352948717	-0.00400973521972384	-0.00273951762846794	2.68408719680794	0.0142923835475073	0.0145046096812977
2.46328300133118	-2.97488226653807	-0.00387855925348215	-0.00260787269550986	2.90995680619344	0.0120358514441527	0.0119242361746192
2.47328300133118	-2.94465894703221	-0.00376726486636074	-0.00249927512702387	3.13446313410197	0.0102959460338651	0.0098815196563009
2.48328300133118	-2.91219840938274	-0.00367113674557574	-0.0024088362991843	3.35735559878424	0.00898673604372051	0.00828113270976633
2.49328300133118	-2.87751826289274	-0.00358623872229143	-0.00233252058441824	3.57833037422859	0.00803819833069607	0.0070466830084133
2.50328300133118	-2.84063942302184	-0.00350926579267651	-0.00226698020823898	3.7970300885701	0.00739358582677493	0.00611649483374429
2.51328300133118	-2.80158664587519	-0.00343742545474053	-0.00220942297818063	4.01304422523545	0.00700635777201856	0.00544105576233069
2.52328300133118	-2.76038905842952	-0.00336834381272214	-0.00215750596955551	4.22590965550107	0.00683815906017407	0.00498047293930249
2.53328300133118	-2.71708067997135	-0.00329999176277228	-0.00210925053358277	4.43511160751001	0.00685742427208708	0.00470215185158658
2.54328300133118	-2.6717009288165	-0.003230627237015	-0.00206297507651596	4.64008549355328	0.00703792311124991	0.00457919669174412
2.55328300133118	-2.62429510678287	-0.00315875064506366	-0.002017242310084	4.8402196291204	0.00735739947469051	0.00458926611101956
2.56328300133118	-2.57491485265523	-0.00308307120250863	-0.00197081822665202	5.03485883559939	0.00779652326055284	0.00471357949993557
2.57328300133118	-2.5236185549492	-0.00300248203238567	-0.00192264071703939	5.22330905263335	0.00833804404814236	0.00493610417777301
2.58328300133118	-2.47047171348053	-0.00291604227157217	-0.00187179608741504	5.40484303824032	0.00896608966272925	0.00524291926050437
2.59328300133118	-2.41554723885813	-0.00282296443924045	-0.00181750222840034	5.57870736818069	0.00966519618789099	0.0056221037121832
2.60328300133118	-2.35892567842877	-0.00272260651101816	-0.00175909647046505	5.74413017434418	0.0104202630690867	0.00606297657670144
2.61328300133118	-2.30069535773824	-0.00261446772018741	-0.00169602688138195	5.90032945096057	0.0112176858118255	0.00655441925997238
2.62328300133118	-2.24095242830995	-0.00249818502839284	-0.00162784800294837	6.04652335505857	0.0120443272950955	0.00708543481242619
2.63328300133118	-2.17980081201235	-0.0023735311191969	-0.00155421852236781	6.18194106554038	0.012887135222928	0.00764525183475599
2.64328300133118	-2.11735203490206	-0.00224041288180781	-0.00147490035901711	6.30583420014154	0.0137329712584432	0.00822336778493608
2.65328300133118	-2.05372494547262	-0.00209886976402872	-0.00138975843696066	6.41748852106542	0.0145687025019421	0.00880946573533705
2.66328300133118	-1.98904531489401	-0.00194907140494289	-0.00129876056197964	6.51623568066048	0.0153814719451301	0.00939326611484892
2.67328300133118	-1.92344531981558	-0.00179131406592598	-0.00120197690147159	6.60146473316515	0.0161590501268689	0.00996438785372882
2.68328300133118	-1.85706291154393	-0.00162601550775707	-0.00109957863328254	6.67263311113943	0.0168901860874664	0.0105122772115009
2.69328300133118	-1.79004107886246	-0.0014537079104026	-0.000991835578299127	6.72927688633926	0.0175645982404097	0.0110265261163654
2.70328300133118	-1.72252701557186	-0.00127502755155124	-0.000879113676297611	6.77102088522878	0.0181706283662983	0.0114994416343118
2.71328300133118	-1.65467120575928	-0.00109070279443844	-0.000761870673677856	6.79758723390364	0.0186930003839644	0.0119285214887453
2.72328300133118	-1.58662643848769	-0.000901551089224304	-0.000640639874827658	6.80879422833305	0.0191278123107033	0.0123025058394692
2.73328300133118	-1.51854678255134	-0.000708459452175368	-0.000516026504570937	6.8045644451639	0.0194729830718761	0.012610766212942
2.74328300133118	-1.45058653336635	-0.000512367245066418	-0.0003886991719578	6.78492820442382	0.0197241992609267	0.0128474104092447
2.75328300133118	-1.38289915332181	-0.00031425201150743	-0.000259376262345674	6.75002201568355	0.0198770370710572	0.0130094473790318
2.76328300133118	-1.31563622896941	-0.000115115054556809	-0.000128811072016972	6.7000847631557	0.0199292866151976	0.0130946897327482
2.77328300133118	-1.24894646661749	8.40339539032238e-05	2.22291148613602e-06	6.63545253600692	0.0198817206345575	0.0131010611343862
2.78328300133118	-1.18297474562569	0.000282192125296973	0.000132946964238485	6.55655165647801	0.0197386684676885	0.0130260122962717
2.79328300133118	-1.11786125017857	0.000478384852838662	0.00026258528173588	6.46389528822444	0.0194971583569286	0.0128767477309359
2.80328300133118	-1.05374068556465	0.00067167381228712	0.000390384526841696	6.35806940614152	0.0191563269473643	0.0126610796707991
2.81328300133118	-0.990741595198954	0.000861160675832653	0.000515635296979562	6.23971549588344	0.0187317046250653	0.0123735922255438
2.82328300133118	-0.928985800207012	0.00104601524123606	0.000637667694687241	6.10953177111639	0.0182275236860745	0.0120217083517654
2.83328300133118	-0.868587942733956	0.00122547538973973	0.000755870589970633	5.96825434193313	0.017652060469366	0.0116107455635567
2.84328300133118	-0.809655152472841	0.00139885742091192	0.000869697493339868	5.81664737386849	0.0170132848752001	0.0111477189824114
2.85328300133118	-0.75228682881822	0.00156556305606478	0.000978672022570961	5.65549237095206	0.0163170403445432	0.0106426990516446
2.86328300133118	-0.696574531965743	0.00172507765264758	0.00108239807995792	5.48557280385731	0.0155765921543327	0.0100993283304702
2.87328300133118	-0.642601986183511	0.00187698117749691	0.00118055406342864	5.30767033270022	0.0147985214015506	0.00952793411901082
2.88328300133118	-0.590445173598297	0.00202094341349711	0.00127289879980668	5.12255146148161	0.0139915934638066	0.00893671135806725
2.89328300133118	-0.540172518188325	0.00215672484700611	0.00135926867767568	4.93096068561299	0.0131637732548797	0.00833427567762548
2.90328300133118	-0.491845145324269	0.00228417549898355	0.0014395738864095	4.73361430427708	0.0123202975140563	0.00773121572240208
2.91328300133118	-0.445517200432467	0.00240322133557312	0.00151380398064317	4.53118712257326	0.0114798649548442	0.00712441401249374
2.92328300133118	-0.401236233000833	0.00251387771122149	0.00158200523498331	4.32432131140393	0.0106449792146526	0.00652517527916937
2.93328300133118	-0.359043607281207	0.00261623071740687	0.00164428732388102	4.11361312441541	0.00982317616170224	0.00593875852044305
2.94328300133118	-0.318974949934973	0.00271043316932004	0.00170081432078049	3.89961222810871	0.00902303666280683	0.00536811277588806
2.95328300133118	-0.281060620251762	0.00279670647721163	0.00175178926154384	3.68282679358861	0.00823979051761558	0.00482752136090683
2.96328300133118	-0.245326177384598	0.00287531331135268	0.00179746608992652	3.46370805466377	0.00748775531066205	0.00431164542305989
2.97328300133118	-0.211792867301146	0.00294656926337061	0.0018381240944641	3.2426648455656	0.00676901845474757	0.00382535147809447
2.98328300133118	-0.180478091673557	0.00301082728157449	0.00187406841182919	3.02005865861799	0.00608620013525149	0.00337157565184056
2.99328300133118	-0.151395866736386	0.00306846649293586	0.00190562666967874	2.79620252265805	0.00544816354358919	0.00294592764539105
3.00328300133118	-0.124557272721418	0.0031198986195463	0.00193312931437883	2.5713733558161	0.00484736555539499	0.00255834415748902
3.01328300133118	-0.0999708667106211	0.00316554244563068	0.00195692126432581	2.34580074656112	0.0042895968549475	0.00220480404477608
3.02328300133118	-0.0776430836549368	0.00320582836775747	0.00197734550837694	2.11967822178678	0.00377529202843026	0.00188523972678928
3.03328300133118	-0.0575786028517632	0.00324118964694998	0.00199474036818342	1.89316457214095	0.0033031144349579	0.00160020796574746
3.04328300133118	-0.0397806833235751	0.00327205268653494	0.0020094386299877	1.66638432461013	0.00287581820576401	0.00134539321265291
3.05328300133118	-0.0242514720718902	0.00329883858294209	0.00202175678219667	1.43943642167171	0.00248847849381589	0.00112293612413302
3.06328300133118	-0.0109922724120905	0.00332195050918661	0.00203199885081592	1.21239208099423	0.00214057415896159	0.000929988501618123
3.07328300133118	-3.78336203150985e-06	0.00334177264507102	0.00204044999510433	0.985300992148489	0.00182998864677157	0.00076453284553428
3.08328300133118	0.00871369726512239	0.00335866566515378	0.00204737430192595	0.758194639363134	0.00155337451526835	0.000625112910263886
3.09328300133118	0.0151601057690985	0.00337296005479422	0.00205301544261739	0.531087706781444	0.00131075117713516	0.0005065280549296
3.10328300133118	0.0193354760402028	0.00338495942549942	0.0020575884816992	0.303986628393916	0.00109450980453507	0.000410383902885546
3.11328300133118	0.021239845091594	0.00339492882791692	0.00206128671826807	0.076886680778081	0.000903455886734078	0.000331768811133974
3.12328300133118	0.0208731870210998	0.00340309784026756	0.00206427496826657	-0.150220196106134	0.000733408052765149	0.000268270131764861
3.13328300133118	0.0182353855240934	0.00340965627363633	0.00206669044582932	-0.377343328062196	0.00058035698262535	0.000217012826460753
3.14328300133118	0.0133262405485934	0.00341475210775411	0.00206864197462694	-0.604489810598261	0.000440509212267154	0.000174665324093553
3.15328300133118	0.00614550939904162	0.00341849099549813	0.00207020815013117	-0.831660075793057	0.000308286880560761	0.000139380743369366
3.16328300133118	-0.00330701545352994	0.00342093244503723	0.00207143903656306	-1.05884613748462	0.000180182904416506	0.000107171795679519
3.17328300133118	-0.01503139563056	0.00342209096461688	0.00207235355351766	-1.2860263765281	5.10603290724218e-05	7.54635904834388e-05
3.18328300133118	-0.0290273994108179	0.00342193393702686	0.00207294032257521	-1.51316297502901	-8.37685052998383e-05	4.11589107306411e-05
3.19328300133118	-0.0452943200722781	0.00342038147146606	0.00207315705168256	-1.74019813855838	-0.000229134868638977	1.24125959570193e-06
3.20328300133118	-0.0638307591568205	0.00341730598335409	0.00207293059158506	-1.96705080137269	-0.000389606426336851	-4.7560750377008e-05
3.21328300133118	-0.0846343752922636	0.00341253213027246	0.0020721572506198	-2.19361343266998	-0.000568954398941735	-0.000109262759204711
3.22328300133118	-0.107701600189258	0.00340583939518642	0.00207070088457499	-2.41974720557523	-0.000773364177934813	-0.000185438297285186
3.23328300133118	-0.13302731971425	0.00339696072930674	0.00206839568033573	-2.64528065227935	-0.00100725796332223	-0.000279164000677848
3.24328300133118	-0.160604524808311	0.00338558485709807	0.00206504619857791	-2.87000617071773	-0.00127414753529009	-0.000394157518957174
3.25328300133118	-0.190423932778273	0.00337135946433485	0.00206042725471678	-3.09367650539067	-0.00157800545016229	-0.000533329774166228
3.26328300133118	-0.222473580773114	0.00335389395321534	0.00205428539238729	-3.31600240011601	-0.00192266909012906	-0.000699260225262413
3.27328300133118	-0.256738395129052	0.00333276304243736	0.0020463406491545	-3.53665054338846	-0.00231136939406038	-0.000894521295089353
3.28328300133118	-0.29319974066885	0.00330751159867073	0.00203628844415935	-3.75524167019304	-0.00274686480821692	-0.00112142208261319
3.29328300133118	-0.331834954539111	0.00327766023740167	0.00202380210700017	-3.97134928433865	-0.00323137103142735	-0.00138192940728914
3.30328300133118	-0.372616870359927	0.00324271171903405	0.00200853613622608	-4.18449910998621	-0.00376626624020315	-0.00167779502290031
3.31328300133118	-0.415513339644623	0.00320215852769146	0.00199012988592839	-4.39416909354584	-0.00435218858370632	-0.00201030680316384
3.32328300133118	-0.460486758121191	0.00315549121977966	0.00196821208827876	-4.59979034535826	-0.00498890253126699	-0.00238025925458024
3.33328300133118	-0.50749360585322	0.00310220765666847	0.00194240607550332	-4.80074898976309	-0.0056752212802189	-0.00278787685600646
3.33661485022739	-0.523598775598437	0.00308290128326108	0.00193287845913731	-4.86655704467496	-0.00591587487814001	-0.00293075091321849
3.34661485022739	-0.594478856393247	0.0435994935397057	0.0392721833894289	-8.47950847107707	6.48091505785945	6.59732009521818
3.35661485022739	-0.678730482793919	0.105441973603032	0.10284040712943	-8.23559443945711	5.63151391482661	5.83329274546419
3.36661485022739	-0.758992943147547	0.155864076066234	0.155450672863049	-7.83612543294838	4.49082959743014	4.71987601714394
3.37661485022739	-0.835808857917462	0.195966521828867	0.197946414892161	-7.54284025703718	3.56172226912947	3.81274331323274
3.38661485022739	-0.91015112644385	0.227730499763854	0.232240892985699	-7.33724151439851	2.81603736690046	3.07405515893198
3.39661485022739	-0.982769879114957	0.252767131030856	0.259894703911512	-7.19700027936455	2.21535061212635	2.47456283789363
3.40661485022739	-1.05423495368583	0.272384204683298	0.282167479228762	-7.10404687538777	1.72787708999133	1.99425208902234
3.41661485022739	-1.12497176563838	0.287642158244084	0.300090546486169	-7.04831279252494	1.33769028490857	1.60489433738209
3.42661485022739	-1.19529543717424	0.299412811815346	0.314497349168718	-7.01998130409131	1.02795206516286	1.2881646034525
3.43661485022739	-1.26543116609162	0.308412066183262	0.32606155417339	-7.01009546948188	0.782608333441702	1.03230125744939
3.44283011524284	-1.30899693899575	0.312871585357135	0.332061093545158	-7.00974314635426	0.656137033891007	0.900439252520238
3.45283011524284	-1.35990227470823	0.282181364942793	0.30299129872775	-3.66466619195603	-5.81815951300175	-5.75624114825986
3.46283011524284	-1.39642237183228	0.223610079990094	0.246071173460159	-3.88461406449564	-5.42059376150949	-5.29894070024611
3.47283011524284	-1.43848769640388	0.175441990819066	0.198278564198074	-4.51249709593187	-4.24577946527411	-4.28321032567342
3.48283011524284	-1.48622362424374	0.137814856409052	0.159800879407192	-5.01355599463059	-3.3195885242253	-3.44404898267704
3.49283011524284	-1.53837617063214	0.108346626525232	0.128839113087418	-5.40006809282166	-2.60408000381213	-2.77344335725623
3.50283011524284	-1.59391695381678	0.0851999466797224	0.103895345436547	-5.69432936265986	-2.04826821707019	-2.23494862153605
3.51283011524284	-1.65201649057424	0.0669842057687937	0.0837822721450212	-5.91386195048475	-1.61346175587248	-1.80248956549705
3.52283011524284	-1.71199285204833	0.0526298313369499	0.0675532728783629	-6.07215567501075	-1.27076897482093	-1.45626827027052
3.53283011524284	-1.7732786363599	0.0413085582428005	0.0544474546968006	-6.17745527501137	-1.00333205517317	-1.1758716974142
3.54238158103235	-1.83259571459405	0.032726762480822	0.0442858835323136	-6.23691718054684	-0.801234632504799	-0.95944650085451
3.55238158103235	-1.8739925273776	-0.014806897791498	-0.00106129890373114	-3.04854831442018	-6.73095648080253	-7.0207715919609
3.56238158103235	-1.9064350505176	-0.0777418809342028	-0.0674630801334214	-3.53568834518874	-5.67600545326395	-6.05233858750106
3.57238158103235	-1.94465166106286	-0.12841585524252	-0.121990247844078	-4.08360742960159	-4.50213157944955	-4.89156856849607
3.58238158103235	-1.98762455664589	-0.1686424733135	-0.166016479451898	-4.48960309464555	-3.57998111395037	-3.9481633503602
3.59238158103235	-2.03406085314564	-0.200658347643198	-0.201579142723183	-4.77935346597338	-2.85382575987737	-3.18971452883497
3.60238158103235	-2.08290467577915	-0.226209148741372	-0.230326623848546	-4.97429211036365	-2.28078315861373	-2.57965489189603
3.61238158103235	-2.13329262424283	-0.246665160435633	-0.253582009570684	-5.09125481118885	-1.82898653657637	-2.08832660298263
3.62238158103235	-2.18451616357298	-0.263109142460548	-0.272409928596278	-5.14387881981426	-1.47382892128577	-1.69173785468848
3.63238158103235	-2.23599351354261	-0.27639828634203	-0.287667932516889	-5.14346441642839	-1.19569401121273	-1.37070747771132
3.64238158103235	-2.28724649501344	-0.28721260458886	-0.300044006985331	-5.10052781289531	-0.976289694462249	-1.11340161634336
3.65238158103235	-2.33788521444569	-0.296084566801274	-0.310097695538944	-5.02179500928245	-0.805327508157839	-0.904406926938931
3.66238158103235	-2.38758926470176	-0.303436197821348	-0.318274855967838	-4.91470799632549	-0.670395802868187	-0.737103204902719
3.67238158103235	-2.43609859666002	-0.309594543590531	-0.324939434767296	-4.78367687209749	-0.56541422394805	-0.600795273065656
3.68238158103235	-2.48320004449265	-0.314817257138301	-0.330380822707786	-4.63365796964732	-0.482614005707436	-0.491101601745384
3.69238158103235	-2.52872063102305	-0.319303348053209	-0.334833771606622	-4.46811878065623	-0.41717180458823	-0.402600535624496
3.70238158103235	-2.57251987991492	-0.323206627616596	-0.338487613683585	-4.2898171093669	-0.365499893019104	-0.330617734786932
3.71238158103235	-2.61448356816122	-0.326646347946162	-0.341493761032179	-4.10135882797523	-0.324024943689161	-0.272537116329987
3.71323921468331	-2.6179938779915	-0.326923000763704	-0.34172541458584	-4.08484066885637	-0.320744203018381	-0.268287739415475
3.72323921468331	-2.67276181426849	-0.30201937337849	-0.30556399629665	-6.91323973373901	5.53092391895616	5.62929586246887
3.73323921468331	-2.74178921318944	-0.244349696727076	-0.249465970329844	-6.59893112295502	5.42519017028034	5.25458404761057
3.74323921468331	-2.80357288973293	-0.195856157150247	-0.201945547544555	-5.77339275795626	4.30168248529276	4.26456392134533
3.75323921468331	-2.85768188186463	-0.15753078545002	-0.163579596845874	-5.06961148360856	3.40314396353959	3.43750266375545
3.76323921468331	-2.90532093683299	-0.127128409922372	-0.132643445138095	-4.47293072117502	2.70475427560855	2.77552234870257
3.77323921468331	-2.9474216794166	-0.1029024300394	-0.1076687686663	-3.95921012760967	2.1631718676682	2.23778825981797
3.78323921468331	-2.98468708433768	-0.0835276535582988	-0.0874979745587124	-3.50385119611966	1.73099821267678	1.80931263137842
3.79323921468331	-3.01764999036845	-0.0679973747047794	-0.0711959048631248	-3.09549268424626	1.38784660202644	1.46370313761953
3.80323921468331	-3.04672471535998	-0.0555265727610109	-0.0580144205607129	-2.72454386865284	1.11589115357756	1.18318942305815
3.81323921468331	-3.07223714827422	-0.0454966767439063	-0.0473538802393616	-2.3821950833655	0.898157374856847	0.956962453249044
3.82323921468331	-3.09444404060471	-0.0374204859703183	-0.0387295685775395	-2.06284438475768	0.724103029321495	0.773798558620021
3.83323921468331	-3.11354995338991	-0.030910004448152	-0.0317517272493937	-1.76126380921538	0.583597319572243	0.626528531614121
3.84323921468331	-3.12971742024128	-0.0256576535971359	-0.0261043365121238	-1.47444966360017	0.471083587466718	0.507051809674158
3.85323921468331	-3.14307700613939	-0.0214167354330499	-0.0215332041648314	-1.19926353957962	0.380503293422394	0.410458428124758
3.86323921468331	-3.15373336942326	-0.0179899657991455	-0.0178328181630542	-0.933320856370516	0.307293051876054	0.332546443754685
3.87323921468331	-3.16177034249576	-0.0152196941691248	-0.0148365983596	-0.675094883334257	0.248649418967041	0.269133002003896
3.88323921468331	-3.16725561794419	-0.0129786713901971	-0.0124105213199635	-0.422860848835794	0.20124765387721	0.217884632152512
3.89323921468331	-3.17024347090608	-0.0111648936302569	-0.0104459238888561	-0.175450688398071	0.162908373913251	0.176456358247804
3.90323921468331	-3.17077747450986	-0.00969631798146776	-0.00885485418002588	0.0680320330716728	0.13198612631348	0.142859487923041
3.91323921468331	-3.16889265598155	-0.0085067085616821	-0.00756627000542839	0.308401653783666	0.106962354213663	0.115677802827441
3.92323921468331	-3.16461707937296	-0.00754268201753196	-0.00652262848504427	0.546275590072212	0.0867000371390351	0.093688364658338
3.93323921468331	-3.1579732445193	-0.0067611299485295	-0.00567734101101757	0.782143390742741	0.0702940850958152	0.0758947441781449
3.94323921468331	-3.14897922906503	-0.00612719998508158	-0.00499267564110423	1.01638912055367	0.0570217895507633	0.0614867409255948
3.95323921468331	-3.13764965586549	-0.00561267254393508	-0.00443806733454382	1.24931273951706	0.0462939907191708	0.049816756719288
3.96323921468331	-3.12399652225252	-0.00519466659025117	-0.00398874432789329	1.48114055827015	0.0376289654917872	0.0403683745890779
3.97323921468331	-3.10802992839979	-0.00485460315315434	-0.00362461457982168	1.71203066019694	0.0306364285162497	0.0327263663450912
3.98323921468331	-3.0897587341771	-0.00457737010585202	-0.00332936698798977	1.94207795663569	0.0250016680320113	0.0265554168690122
3.98576292399834	-3.08478439455907	-0.00451582863462877	-0.00326409934173219	2.00000000000055	0.0237794052681556	0.0251814506057318
