=========================== Parameters =====================================
l1 [m]	l2 [m]	l3 [m]	c1 [m]	c2 [m]	c3 [m]	m1 [kg]	m2 [kg]	m3 [kg]
0.22	0.22	0.2458	0.132	0.088	0.09832	0.1564	0.23764	0.1564
============================== Data ========================================
t [s]	th1 [rad]	th2 [rad]	th3 [rad]	th1d [rad/s]	th2d [rad/s]	th3d [rad/s]
0	0	0	0	0	0	0
0.01	-0.00192760453267564	0.00139365061445933	0.000504066484054966	-0.352638800035062	0.212041246604502	0.0935231864084575
0.02	-0.00673218500148397	0.0036547561383154	0.00155188432268858	-0.600551467088665	0.226225106702428	0.10771287038643
0.03	-0.0138612449660525	0.00577927261055826	0.00257151715901185	-0.823687353093659	0.195838602579103	0.0945224993295167
0.04	-0.0231960505401693	0.00755463835591736	0.00342845954881789	-1.04337747239998	0.159442512530111	0.0769371807754158
0.05	-0.0347360219063521	0.00898207424571699	0.00411579578619217	-1.26509381247208	0.12694584835614	0.0609774040408984
0.06	-0.048507878564665	0.0101125081126148	0.00465734303203423	-1.48976629186011	0.100090883442239	0.0477574921600156
0.07	-0.0645401045886753	0.0110007978581608	0.00508028662134728	-1.71708142328863	0.0783806288116201	0.0371905217422108
0.08	-0.0828564055446296	0.0116942847067574	0.00540849785561541	-1.94647672453975	0.0609607310911718	0.0287611097087303
0.09	-0.103474588673435	0.0122313411574628	0.0056612496841261	-2.17735958317652	0.0469485919665887	0.022048861070676
0.1	-0.126406749855913	0.0126422563845141	0.00585374782742875	-2.40918470889906	0.0356229464170565	0.0166516808594982
0.11	-0.151659702140968	0.0129506821120974	0.00599775431277118	-2.64143647490119	0.026365955657102	0.0122977217642406
0.12	-0.179235286841772	0.0131748793570798	0.00610233338013741	-2.87363054580757	0.0187023972963439	0.00873636431419449
0.13	-0.209130550224166	0.0133288145965747	0.0061743783701525	-3.10529235326343	0.0122545727178264	0.00576611237860738
0.14	-0.241337771727416	0.0134230358191357	0.00621905161525465	-3.33594174941107	0.00671620030878273	0.00323630030893064
0.15	-0.275844366586219	0.0134653652343245	0.00624014959401063	-3.56508340162669	0.00184241968526225	0.00102948086059074
0.16	-0.312632689677946	0.0134614552457275	0.00624039195055101	-3.79219885699568	-0.00255926998600747	-0.000950502533611431
0.17	-0.351679763083875	0.0134152395896901	0.00622164643327289	-4.01673932565588	-0.00664049544417245	-0.00278033025884645
0.18	-0.392956946176422	0.0133292994887456	0.00618510964553323	-4.23812042259769	-0.0105211628721415	-0.00451822232655351
0.19	-0.436429566000932	0.0132051615709433	0.00613145748185053	-4.45571949274072	-0.0142939239062698	-0.00620919024608482
0.2	-0.482056526142226	0.0130435456812281	0.00606096744585065	-4.66887429946757	-0.0180285685878444	-0.00788750695708673
0.208727101718421	-0.523598775598307	0.0128719787534185	0.0059856877226954	-4.85071823149475	-0.0212919047941258	-0.00936976901740716
0.218727101718421	-0.578383362410388	0.0129439066645287	0.0470192374710788	-6.38874489856252	1.26388052406953	5.7561171102738
0.228727101718421	-0.653649792055476	0.0485470592879137	0.0993793572000755	-8.53642029373267	5.5231483667767	4.97223805386667
0.238727101718421	-0.74198980303434	0.107681596177838	0.149725151591703	-8.9104604428842	5.89483667927384	4.88773286131989
0.248727101718421	-0.829737355176132	0.162565113769926	0.194928088107022	-8.59855169099101	5.00552255959719	4.12086576096712
0.258727101718421	-0.91374823679162	0.207402734632804	0.232016046576698	-8.20910893113771	3.97289741052337	3.30753724225432
0.268727101718421	-0.994135857931881	0.242435339770074	0.261483533120284	-7.88248718151072	3.06241047780405	2.60416586534019
0.278727101718421	-1.07166689945263	0.269193808480177	0.28454454676658	-7.63670505685112	2.31666883343969	2.02779761572194
0.288727101718421	-1.14710510758421	0.289279987870016	0.302410347762338	-7.46144971532501	1.72433528017668	1.56210381823502
0.298727101718421	-1.22107564882918	0.304096959307061	0.316122496800681	-7.34070897012961	1.25894828396332	1.1938012753671
0.308727101718421	-1.2940544491492	0.314806604123534	0.326550866988557	-7.26080853410671	0.898754258468199	0.903544848983597
0.310786876897734	-1.30899693899575	0.316592096800268	0.328358889893231	-7.24840094788574	0.836091568030088	0.851428912320024
0.320786876897734	-1.3766793410887	0.32387465174909	0.296521212138811	-6.01287601780356	-0.464702196951036	-5.04730476004441
0.330786876897734	-1.42619992358985	0.295703251965979	0.250348496907927	-3.9765506880263	-4.90439548266602	-4.44998144380159
0.340786876897734	-1.46261585991801	0.240355088375533	0.203948648688633	-3.53930322722631	-5.73064542354057	-4.61135086134885
0.350786876897734	-1.49970086910436	0.186042505837174	0.160799432269646	-3.94562358259753	-5.00900309991952	-3.96032109816794
0.360786876897734	-1.54207574877176	0.1411312967059	0.125194426303977	-4.53096438022241	-3.97045083261525	-3.16721366642041
0.370786876897734	-1.59009770788574	0.106240537251079	0.0971222724086439	-5.05552789171136	-3.03847416495516	-2.47003487941797
0.380786876897734	-1.64279305351136	0.0797017103237379	0.07531349253972	-5.46367851958035	-2.30220541227127	-1.91407648630316
0.390786876897734	-1.6990022681198	0.0596063527082016	0.0584098902567923	-5.76104611237441	-1.74399906549993	-1.48454826686834
0.400786876897734	-1.75770943431109	0.0443612974949948	0.0452798481355703	-5.96664222203061	-1.3253955621083	-1.1557593251603
0.410786876897734	-1.81808922502093	0.0327459933251757	0.035043056945641	-6.09842803198875	-1.01248604880637	-0.903174154035859
0.413161209097973	-1.83259571459405	0.0304159128832591	0.0329603123367773	-6.12053348218259	-0.95067144210806	-0.852204824548329
0.423161209097973	-1.88833941553567	0.0202811773589322	-0.0144553852757743	-4.72267347805366	-2.38727785268658	-6.0110464126468
0.433161209097973	-1.9255295156628	-0.0250175306622452	-0.069673358625649	-2.97003301481045	-6.04603466564587	-5.40448227053543
0.443161209097973	-1.95444647628548	-0.0866721395441497	-0.122673562925361	-2.98456321850207	-5.97328940190679	-5.02699790863861
0.453161209097973	-1.98677939519515	-0.141606353642003	-0.168740423945134	-3.5042353204387	-4.96904885307504	-4.16975622419886
0.463161209097973	-2.02449124789536	-0.186022518660666	-0.206200609539839	-4.0235313119337	-3.93374688917776	-3.34478848814801
0.473161209097973	-2.06685435329627	-0.220883424839583	-0.236059363554531	-4.42858989658431	-3.06812434068665	-2.65425635381827
0.483161209097973	-2.11265198714723	-0.248005434492233	-0.259729518018911	-4.7118481912848	-2.38426836082425	-2.10204185186086
0.493161209097973	-2.16073803549555	-0.269086777282264	-0.278489076005333	-4.88953892173722	-1.85440062798744	-1.66882036075171
0.503161209097973	-2.21014893961557	-0.285522545057609	-0.293393497898132	-4.9798608888701	-1.45025415264363	-1.32743714407578
0.513161209097973	-2.26010124402766	-0.298418893975014	-0.30528054535279	-5.0001096482745	-1.14355681759051	-1.06042488476824
0.523161209097973	-2.3099674714453	-0.308635725767365	-0.314811014780642	-4.96479259960301	-0.911020051920614	-0.853796899410877
0.533161209097973	-2.3592495201112	-0.316831597469291	-0.322507051689042	-4.88500247610015	-0.73675940873266	-0.691626249981744
0.543161209097973	-2.40755282795168	-0.32351010889549	-0.328772040446238	-4.77042609582996	-0.605520944868048	-0.566054388026598
0.553161209097973	-2.45456687493989	-0.329049727761032	-0.333921938368985	-4.62832469864291	-0.507133345797714	-0.467886873845074
0.563161209097973	-2.50004743581409	-0.333734026691287	-0.338200299580702	-4.46464386109031	-0.433085000712416	-0.391099332939389
0.573161209097973	-2.54380299803993	-0.337772838085731	-0.341795720369352	-4.28395062583736	-0.377339432239099	-0.330186524831299
0.583161209097973	-2.58568324582238	-0.341321226840354	-0.344851819339784	-4.09010831897651	-0.334353514742474	-0.282596844402944
0.591221434119748	-2.61799387799149	-0.343901775871074	-0.346999591449446	-3.9261915086371	-0.306823969841016	-0.25133897643519
0.601221434119748	-2.65887068796657	-0.350730882299861	-0.310299180575474	-4.52090562709114	0.0710790444868006	5.3206047931913
0.611221434119748	-2.71088935488902	-0.331890022742246	-0.262097558568539	-5.88131238678258	3.69472528061007	4.3399672834787
0.621221434119748	-2.77427657715645	-0.282393124022405	-0.219584815289499	-6.4959944629186	5.5346517997184	4.32778975789352
0.631221434119748	-2.83721647486548	-0.228139040985607	-0.1779750048339	-5.99909907979146	5.1424677662051	3.90428337333103
0.641221434119748	-2.8933635148761	-0.181239057717258	-0.142350220104043	-5.21775854657404	4.21185703635485	3.21167906498917
0.651221434119748	-2.94165025860971	-0.143795264265728	-0.113628670882203	-4.45223372414132	3.29723977921622	2.55182620806219
0.661221434119748	-2.98273803513866	-0.114713216797937	-0.0909644089977341	-3.78195593764503	2.54739183314747	2.00363879689736
0.671221434119748	-3.01761215395007	-0.0922807740118457	-0.073180875099867	-3.20751850141529	1.96473988173692	1.57068112957083
0.681221434119748	-3.04714678672418	-0.0749695561339403	-0.0592237172703801	-2.71100838192676	1.51820154065809	1.2334808744288
0.691221434119748	-3.07202910687835	-0.0615772497875916	-0.0482490829375911	-2.27422680744567	1.175828157767	0.971523267972555
0.701221434119748	-3.0927820207246	-0.0511901653681692	-0.039601440592613	-1.88281729841987	0.912669776013601	0.76698081828245
0.711221434119748	-3.10980204710081	-0.0431167897539355	-0.0327744673002622	-1.52602234984688	0.710093739280946	0.605933408361357
0.721221434119748	-3.12339151500246	-0.0368307127977358	-0.0273771746827836	-1.19559558055719	0.553369858205497	0.479261524699288
0.731221434119748	-3.1337821410871	-0.0319296177575795	-0.0231048884455551	-0.885439951381771	0.431798692997843	0.379424487956585
0.741221434119748	-3.14115252538874	-0.0281041453329591	-0.0197196841092803	-0.590916814722979	0.337220021869342	0.300754669186287
0.751221434119748	-3.14564082437734	-0.0251155900158286	-0.0170348606304767	-0.308523892005755	0.263574155122943	0.238602984254235
0.761221434119748	-3.14735423860919	-0.0227790556194012	-0.0149037145029237	-0.0355646236060249	0.206205093477238	0.189379278225581
0.771221434119748	-3.14637614821748	-0.0209508386453383	-0.0132109098650083	0.230082995350608	0.161380931451854	0.150535922329736
0.781221434119748	-3.14277145673488	-0.0195192292133173	-0.0118652075751581	0.49001271063664	0.126397824172708	0.119776036204889
0.791221434119748	-3.13659082659875	-0.0183970704272921	-0.0107945421871205	0.745464133223693	0.0991331811898956	0.0953521341278788
0.801221434119748	-3.12787393760716	-0.0175162181879854	-0.00994189181410457	0.997395715450224	0.0779224879869361	0.0759261000846897
0.811221434119748	-3.1166520779467	-0.0168232063538222	-0.00926216015885341	1.24656131737185	0.0613835467882457	0.0606010677686445
0.821221434119748	-3.1029501556702	-0.0162761286401247	-0.0087193356355851	1.4934885706111	0.0485776098756423	0.0484423197979577
0.831221434119748	-3.08678842727845	-0.0158418851496348	-0.00828483713825441	1.73857581153796	0.0387065685751332	0.0388338283862945
0.841221434119748	-3.06818386698632	-0.0154942698017011	-0.00793582700081202	1.98208964968608	0.0311639595765443	0.0312688733840539
0.841959287964708	-3.0667147664037	-0.0154714523609326	-0.00791293585751369	2	0.0306861705422372	0.0307799400107412
0.851959287964708	-3.04550365081307	-0.0151937399478157	-0.00763544907334111	2.24199566404693	0.0251288838743818	0.0249585795525594
0.861959287964708	-3.02187936249317	-0.0149639436893298	-0.00740946406512256	2.48263614168733	0.0210518837250231	0.0204323438051181
0.871959287964708	-2.99585552951367	-0.0147687190596332	-0.00722325773369548	2.72188927308688	0.0181878910864975	0.0169440341393446
0.881959287964708	-2.96744648648677	-0.0145971095830296	-0.00706733516211656	2.95965380703888	0.0162980372326627	0.0143471482230166
0.891959287964708	-2.93666801407521	-0.0144400595617746	-0.00693385100587558	3.19574138942057	0.0152429485456035	0.0124498300308695
0.901959287964708	-2.90353807176175	-0.0142899243301935	-0.00681634839920997	3.42990099176938	0.0148934589119877	0.0111388950935129
0.911959287964708	-2.86807747863216	-0.0141401626385143	-0.00670943608679244	3.66181431931719	0.0151484581688284	0.0103274482629519
0.921959287964708	-2.83031057377915	-0.0139850987833614	-0.00660854401940338	3.89109388047478	0.0159427500987336	0.00992397935930084
0.931959287964708	-2.7902658674034	-0.0138197094472729	-0.00650979406960306	4.11729392314573	0.017207767946409	0.00988510796513598
0.941959287964708	-2.74797665862107	-0.0136395123332867	-0.00640982382938742	4.33990403106088	0.0188985496728609	0.0101584350672695
0.951959287964708	-2.70348164126385	-0.0134404573121629	-0.0063057076493893	4.55835609058832	0.0209732263727881	0.0107083255853729
0.961959287964708	-2.65682547682886	-0.0132188708263259	-0.00619486897426414	4.77202487951331	0.0233993146161604	0.011497868362987
0.971959287964708	-2.60805933613055	-0.0129714144846732	-0.0060750345428374	4.98023360464116	0.0261451771858669	0.0124974853224314
0.981959287964708	-2.55724139707012	-0.0126950660107201	-0.0059442035020235	5.18225996537131	0.0291736387878955	0.0136910729374244
0.991959287964708	-2.50443728461801	-0.0123871311321531	-0.00580060587173047	5.37733841653212	0.0324542695735534	0.0150514399950871
1.00195928796471	-2.44972045019276	-0.0120452505760921	-0.00564270146465476	5.5646695425325	0.0359539238761362	0.0165536048283097
1.01195928796471	-2.39317247227579	-0.0116674215902202	-0.00546917784897834	5.74342876768858	0.0396346054348453	0.0181764540508324
1.02195928796471	-2.33488326632393	-0.0112520302318186	-0.00527894594906888	5.91277454741464	0.0434580316435364	0.0198937638150337
1.03195928796471	-2.27495119561367	-0.0107978792666252	-0.00507115178868352	6.0718600789959	0.0473815522639657	0.0216806115567328
1.04195928796471	-2.21348306947882	-0.0103042197701383	-0.00484518394950839	6.21984467247539	0.0513592989878038	0.0235115348520859
1.05195928796471	-2.15059402298928	-0.00977077248212073	-0.00460069430187602	6.35590844158526	0.0553341873589616	0.025374828274807
1.06195928796471	-2.08640726356058	-0.00919776526252872	-0.00433758177868655	6.47926029855544	0.0592571500270468	0.0272410745499528
1.07195928796471	-2.02105369135772	-0.00858594402803823	-0.00405600658691916	6.58915273788088	0.0630821895793499	0.0290732186559194
1.08195928796471	-1.954671388608	-0.00793657057791453	-0.00375640820416956	6.68489794498063	0.0667562929128381	0.030845734899572
1.09195928796471	-1.8874049750517	-0.00725142672827944	-0.00343949114011205	6.76587782476683	0.070230371312259	0.0325283024474039
1.10195928796471	-1.81940484444993	-0.00653279301424248	-0.00310623039397221	6.8315581048485	0.0734518766390678	0.0341007714659608
1.11195928796471	-1.75082628476805	-0.0057834310342721	-0.00275784637579788	6.8814961477945	0.0763762453718888	0.0355361397023874
1.12195928796471	-1.68182850730111	-0.00500652860409082	-0.00239581907487382	6.91535611117191	0.0789449235588471	0.0368402578717559
1.13195928796471	-1.612573578024	-0.00420569940935981	-0.00202178705648137	6.9329001742661	0.081145336741403	0.0379520210297935
1.14195928796471	-1.5432253165296	-0.00338487151640322	-0.00163761526566131	6.93401237590908	0.0829410154598173	0.0388640206040789
1.15195928796471	-1.47394813428403	-0.00254825677089069	-0.00124530854615532	6.91869002857079	0.0843135832612227	0.0395526517675275
1.16195928796471	-1.40490587666418	-0.00170025303381507	-0.000847026478100513	6.88705364454237	0.0852263497026194	0.0400410868500374
1.17195928796471	-1.33626065822699	-0.000845412904703997	-0.000444976628853731	6.83933052893658	0.0856766526366021	0.0403109119480265
1.18195928796471	-1.26817175267518	1.16574648717618e-05	-4.14226910677368e-05	6.7758592814026	0.085661182871719	0.0403612499676916
1.19195928796471	-1.20079453371567	0.000866367632388222	0.000361361122199098	6.69708139014385	0.0851810253954929	0.0401999179949844
1.20195928796471	-1.13427948772884	0.00171417883335402	0.000761187515928162	6.60352034661685	0.084285800898263	0.0397676951163065
1.21195928796471	-1.06877135725612	0.00255075844864514	0.00115584329449372	6.4958008966725	0.0829619991401391	0.0391271219370237
1.22195928796471	-1.00440835146296	0.00337195986101479	0.00154326133352761	6.37460945263278	0.0812358410116537	0.0382862746932783
1.23195928796471	-0.941321513460153	0.00417392215973499	0.00192147413192254	6.24069673166887	0.079115455352896	0.0372954484777612
1.24195928796471	-0.879634189555788	0.00495305983084763	0.0022887371180764	6.09484509676577	0.0766628329394727	0.0361230667358414
1.25195928796471	-0.819461663909244	0.00570616841952097	0.00264343658992687	5.93787810333636	0.0739081712369104	0.0347993900307634
1.26195928796471	-0.760910896441841	0.00643041858519524	0.0029841679644555	5.77063525719394	0.0708949404658424	0.0333379544612517
1.27195928796471	-0.704080397911452	0.007123381574089	0.00330974109881168	5.59396102478632	0.0676740819089581	0.0317434896748938
1.28195928796471	-0.64906023459915	0.00778308574546911	0.00361911351495195	5.40870819936375	0.0642479518762888	0.0301053340903757
1.29195928796471	-0.595932103166473	0.00840791908800242	0.00391156737230843	5.21569261702597	0.0606996728063338	0.028375697068002
1.30195928796471	-0.544769560609887	0.00899673832103706	0.00418651714186972	5.01572217327094	0.0570501055414078	0.0266112085629123
1.31195928796471	-0.495638289960932	0.00954878696788704	0.00444362707660049	4.80956436973971	0.053348955502397	0.0248164825701936
1.32195928796471	-0.448596465407272	0.0100637110114722	0.00468274802615354	4.5979506716772	0.0496337485326526	0.0230125704087633
1.33195928796471	-0.403695165211705	0.0105415304216513	0.00490391734068209	4.38156900375694	0.0459381277883006	0.0212217235430791
1.34195928796471	-0.360978832153299	0.0109826158696169	0.00510733966745994	4.16106088516466	0.0422877784337785	0.0194733959906898
1.35195928796471	-0.320485761844819	0.0113876452831028	0.00529339375795235	3.93701419238213	0.038717286917956	0.017774860363283
1.36195928796471	-0.282248614990967	0.0117575701224565	0.00546261659210932	3.70996132102926	0.0352711518339991	0.0161089512269367
1.37195928796471	-0.246294949632593	0.0120936173905738	0.00561562221995005	3.4803912458105	0.0319568268853913	0.0145135674061841
1.38195928796471	-0.21264773406497	0.0123972169685913	0.00575314501802156	3.24873744832177	0.0287911099236832	0.0130026458916281
1.39195928796471	-0.181325863764301	0.0126699727545939	0.00587600787896318	3.01538167257532	0.0257904887883727	0.0115825268381116
1.40195928796471	-0.152344661368373	0.012913626897136	0.00598510228707811	2.7806559765547	0.022970302222681	0.0102535126107392
1.41195928796471	-0.125716356506689	0.0131300276624587	0.00608136408795173	2.54484631020379	0.0203402776904631	0.0090176872871036
1.42195928796471	-0.101450538725348	0.0133210944187606	0.00616575697920287	2.30819514692179	0.0179052691559622	0.00787798640492141
1.43195928796471	-0.0795545806618591	0.013488784075328	0.00623925715564173	2.07090442774936	0.0156661519474418	0.00683707224292952
1.44195928796471	-0.0600340282712696	0.0136350587233004	0.00630284017470955	1.83313855195983	0.0136215646986083	0.00589482043082431
1.45195928796471	-0.0428929560553925	0.0137618557266589	0.00635746832041169	1.59502770563765	0.0117691524502427	0.00504669184373553
1.46195928796471	-0.0281342863203942	0.013871063147996	0.00640407384061634	1.35667240945057	0.0101028151828222	0.00428891402370801
1.47195928796471	-0.0157600697147132	0.0139644948771084	0.00644354775371098	1.11814730019212	0.00861319385969534	0.0036181601473376
1.48195928796471	-0.00577172680029728	0.0140438676697943	0.00647673043347556	0.879504865498382	0.00728858102981447	0.00303049751937097
1.49195928796471	0.00182975022894752	0.0141107787871337	0.00650440606074613	0.64077867747843	0.00611785277413494	0.00251688227548191
1.50195928796471	0.00704363421538163	0.0141666908840203	0.00652728942235237	0.40198840266146	0.00508686597251642	0.00206974090633332
1.51195928796471	0.00986934042424224	0.0142129160914425	0.00654601850241893	0.16314386788152	0.00417841997163228	0.00168346287157826
1.52195928796471	0.0103063445597114	0.0142505999459345	0.00656115146473223	-0.0757515600191688	0.00337479841673269	0.00135047618922801
1.53195928796471	0.00835414071445828	0.0142807079244357	0.00657316304483876	-0.314697301727552	0.00265923275122289	0.00105912723979392
1.54195928796471	0.00401223844789122	0.0143040177107728	0.00658243474224409	-0.55369049432747	0.00201216215667329	0.000800385253457177
1.55195928796471	-0.00271979878086329	0.0143211090252647	0.00658925246915877	-0.792722272406182	0.00141254576008469	0.000565941108228543
1.56195928796471	-0.011842274822919	0.0143323547980407	0.0065938052092499	-1.03177410928928	0.000839417366504971	0.000345867929956123
1.57195928796471	-0.0233552420820596	0.0143379153341062	0.00659618158088706	-1.27081362442437	0.000271446510780715	0.000129683547818994
1.58195928796471	-0.0372583423273018	0.014337733596305	0.00659636768444219	-1.50979052912181	-0.000313001116883562	-9.34349021992407e-05
1.59195928796471	-0.0535506073421507	0.0143315322448567	0.00659424522994169	-1.74863252275997	-0.000936048538096426	-0.00033399979320717
1.60195928796471	-0.0722302195796818	0.0143188121559935	0.00658959066485995	-1.98724129407154	-0.00162022683909247	-0.000601981062288147
1.61195928796471	-0.0932942332176195	0.0142988521810037	0.00658207609142356	-2.22548879716184	-0.00238759056919221	-0.000907897729222935
1.62195928796471	-0.116738256811326	0.0142707117980064	0.00657126965766765	-2.46321335390055	-0.00325982908480998	-0.0012621605866212
1.63195928796471	-0.142556098509857	0.0142332359662979	0.00655663720680429	-2.70021596028402	-0.00425813273668015	-0.00167476597310037
1.64195928796471	-0.170739375566841	0.0141850624824235	0.0065375453762467	-2.93625686181071	-0.00540278012954145	-0.00215538880770559
1.65195928796471	-0.20127709059316	0.0141246324942452	0.00651326581299768	-3.17105236452577	-0.00671282313751811	-0.00271322922843741
1.66195928796471	-0.234155177621224	0.0140502044023319	0.00648298093082973	-3.40427200991479	-0.0082056898259627	-0.00335691639245485
1.67195928796471	-0.269356021944785	0.0139598715077542	0.0064457914131028	-3.63553620747664	-0.00989669762940822	-0.00409448534447247
1.68195928796471	-0.306857958710506	0.0138515839087131	0.00640072536543628	-3.86441437010846	-0.0117986916129216	-0.00493307045583798
1.69195928796471	-0.346634756251217	0.0137231749167176	0.00634674929459081	-4.09042366439999	-0.0139218079798232	-0.00587833023554524
1.70195928796471	-0.388655091210535	0.0135723918971062	0.00628278152461487	-4.31302858742244	-0.0162730172881304	-0.00693421365411922
1.71195928796471	-0.432882023812831	0.0133969317961867	0.00620770778936415	-4.53164141911272	-0.0188557196116169	-0.00810263546857873
1.72195928796471	-0.479272482721346	0.0131944811326385	0.0061203992224646	-4.74562370712668	-0.0216692571012321	-0.00938332714270066
1.73111449584498	-0.5235987755983	0.0129835257723319	0.00602877558753623	-4.9368833634367	-0.0244470145034658	-0.0106456304583525
1.74111449584498	-0.579241339595804	0.0130146590631883	0.04705643272487	-6.47417448593385	1.25905172124948	5.75559389162336
1.75111449584498	-0.655359777053222	0.0485674530305728	0.0994024700160706	-8.62215255357058	5.51928257358326	4.97069147594638
1.76111449584498	-0.744558452815777	0.107665721496597	0.14973290254841	-8.99708076379412	5.89409504447698	4.880853826923
1.77111449584498	-0.83316181405564	0.162508468586408	0.194910407619201	-8.68383967910051	5.00100013745354	4.11759851135227
1.78111449584498	-0.918020803074153	0.207291466994555	0.231967319998985	-8.29307012813093	3.96520910167792	3.30691257918893
1.79111449584498	-0.99924762105862	0.242256694925761	0.261401926425724	-7.96581111067669	3.05468037847588	2.60172726276658
1.80111449584498	-1.0776090222175	0.268941622824517	0.28442692214069	-7.7194030046946	2.30963082467092	2.02330312369413
1.81111449584498	-1.15386849556616	0.288954630917012	0.302252326060465	-7.54284683527581	1.71629615595566	1.55943543760245
1.82111449584498	-1.22864910935341	0.303699400991043	0.315927332739553	-7.42112670699375	1.2519587985544	1.19017779495363
1.83111449584498	-1.3024258137233	0.314343067364169	0.326319530802861	-7.3398098335549	0.892103894023463	0.900791096314633
1.83201012452291	-1.30899693899585	0.315129412032626	0.327116399351846	-7.33426769131435	0.864958302381015	0.877030227652066
1.84201012452291	-1.37749824354773	0.32262837181097	0.295498335358696	-6.09048435448076	-0.451579753749598	-5.02638810820041
1.85201012452291	-1.42775836913799	0.294524430442329	0.249501885683205	-4.05008872457909	-4.89567952207564	-4.44100689606768
1.86201012452291	-1.46492240170157	0.23929523234145	0.203203659984246	-3.61479822044295	-5.71691448966237	-4.59957048778839
1.87201012452291	-1.50276301054139	0.185130923338649	0.160166993203208	-4.02093305739177	-4.99361481000778	-3.9499702589351
1.88201012452291	-1.54588194196218	0.140364024171863	0.12466544995839	-4.60444107368334	-3.9567682831457	-3.15769842080487
1.89201012452291	-1.59462737040238	0.105598845166948	0.09668244271177	-5.12672943677076	-3.02698722261095	-2.46184522167156
1.90201012452291	-1.64802314096493	0.0791651438261595	0.0749476786840968	-5.53247087602762	-2.29295470094618	-1.90687621861953
1.91201012452291	-1.70490923660911	0.0591559977817749	0.058105485297267	-5.82754981620626	-1.73626595872214	-1.47891396354352
1.92201012452291	-1.76426992909236	0.0439814191185445	0.0450254180309188	-6.03081443650411	-1.3191044074165	-1.15117694509541
1.93201012452291	-1.82527985421204	0.0324230112253302	0.0348295395589546	-6.16032796007069	-1.00719370103643	-0.899834146454697
1.93319661764011	-1.83259571459405	0.0312465160451135	0.0337774924340226	-6.17141340722415	-0.976235374009837	-0.87349733854421
1.94319661764011	-1.88882863638586	0.0208001998640704	-0.0137893737717695	-4.76927975132482	-2.4256973428375	-6.01608569655627
1.95319661764011	-1.92650787783268	-0.0248219931319259	-0.0690975527870051	-3.02709567387138	-6.05991345113856	-5.41842776478227
1.96319661764011	-1.95604631012975	-0.0865236123109554	-0.122176526770072	-3.05017947936499	-5.97164806654814	-5.03090880433458
1.97319661764011	-1.98905016517711	-0.141414673412385	-0.168260897539705	-3.57217338064139	-4.96334916268815	-4.16936339342207
1.98319661764011	-2.02744532984756	-0.185763382048076	-0.205716400964565	-4.09179065005609	-3.92725075389248	-3.34280207436643
1.99319661764011	-2.0704904839011	-0.220555136189367	-0.235561279716669	-4.49663904451972	-3.06094328768487	-2.65351319410113
2.00319661764011	-2.11696342822974	-0.247612577219765	-0.259217559824236	-4.7789272817778	-2.37815231919465	-2.10080208897443
2.01319661764011	-2.1657145778975	-0.268638204191641	-0.277964476171548	-4.95536475198337	-1.84970564568642	-1.66701281857426
2.02319661764011	-2.21577823146679	-0.285029346276455	-0.292857143238564	-5.04456993931956	-1.44601851528688	-1.32691625017339
2.03319661764011	-2.2663703069455	-0.297890765990706	-0.304736549551364	-5.063419743761	-1.14053108625801	-1.05988096806664
2.04319661764011	-2.31686267603922	-0.308082552551159	-0.314262389493638	-5.02670737161613	-0.909032471457164	-0.853392905641515
2.05319661764011	-2.36675719556317	-0.316262368821524	-0.321956643300046	-4.94556960818714	-0.735579097489584	-0.691561368128533
2.06319661764011	-2.41565961797067	-0.322932520092478	-0.328222744925607	-4.82965898093413	-0.605123167526694	-0.56613824753052
2.07319661764011	-2.4632598304777	-0.328470545457384	-0.333375892705358	-4.68632657808204	-0.507225140951817	-0.46839169383619
2.08319661764011	-2.50931430374043	-0.333158575975661	-0.337659814448948	-4.52142834481481	-0.433751097589285	-0.391649949594422
2.09319661764011	-2.55363213085543	-0.337205760939132	-0.341262122573543	-4.33964835125002	-0.378272020413114	-0.331113913989541
2.10319661764011	-2.59606385706665	-0.340765875979833	-0.344326746193467	-4.1447362434079	-0.335691748365244	-0.283476514997699
2.10855779944596	-2.61799387799149	-0.342514242354459	-0.345787986139411	-4.03587203894473	-0.316850050238038	-0.262249090213034
2.11855779944596	-2.6600213902663	-0.349328647843317	-0.309220140448932	-4.64189759433776	0.0873347385852666	5.29833955318066
2.12855779944596	-2.7132917288546	-0.33023317925741	-0.261224669625832	-6.01044960277412	3.72917265250411	4.32098236746674
2.13855779944596	-2.77786779891892	-0.280633293398756	-0.218744487718713	-6.60414622227297	5.52386050089637	4.32394714389702
2.14855779944596	-2.84183714473859	-0.226572992321064	-0.177219920071093	-6.09876582638158	5.11835450740415	3.89148075335546
2.15855779944596	-2.89896819168611	-0.179932560794182	-0.141721494765155	-5.31575601766654	4.18583344661514	3.19898114287943
2.16855779944596	-2.94823938093034	-0.142735384064443	-0.113119928821063	-4.55149450480355	3.27486509289874	2.53968346344137
2.17855779944596	-2.99032690331167	-0.113862447395402	-0.0905588680268774	-3.88283511437903	2.52858740724353	1.99402506832655
2.18855779944596	-3.02621769287401	-0.0916013312727953	-0.0728597670854631	-3.30990015534953	1.94904492143628	1.56360380800818
2.19855779944596	-3.05678399014653	-0.07442901613624	-0.0589703258117251	-2.81472413466426	1.50529370359472	1.22820302519782
2.20855779944596	-3.08271044373712	-0.0611493615115983	-0.04804878249791	-2.37928374010409	1.16605310443909	0.966259774269364
2.21855779944596	-3.1045181601112	-0.0508524747068517	-0.0394441383598911	-1.98886728779791	0.904989091690007	0.762500242152335
2.22855779944596	-3.12260190903545	-0.0428510867408863	-0.0326519182664137	-1.632803401725	0.703727774099335	0.60274280837854
2.23855779944596	-3.13726250341754	-0.0366227322509309	-0.0272818547345676	-1.30307227186388	0.548333323586195	0.476663311451159
2.24855779944596	-3.14873065193651	-0.0317675778633184	-0.0230311585748842	-0.993501099083158	0.427787573253198	0.37738205359388
2.25855779944596	-3.15718405414799	-0.0279786409192381	-0.0196629018806368	-0.699496941009247	0.33407797804821	0.299076628793732
2.26855779944596	-3.16276016062251	-0.025019030551858	-0.0169914611610316	-0.417541119483314	0.261073622633437	0.237298311799832
2.27855779944596	-3.16556555160547	-0.0227053869566475	-0.0148709627540167	-0.14493235189769	0.204102715645707	0.188549227629393
2.28855779944596	-3.16568299314999	-0.0208954447011999	-0.0131864717781398	0.120401749258499	0.159631439713587	0.149999012082434
2.29855779944596	-3.16317680959274	-0.0194786163571171	-0.0118471943913491	0.380040554679483	0.12503344347746	0.119263686688704
2.30855779944596	-3.15809710276292	-0.0183685071262442	-0.0107817174313361	0.635272827616304	0.0980371221576192	0.0948859031729154
2.31855779944596	-3.1504828962664	-0.0174976995020679	-0.0099333980990677	0.887069900893874	0.0769740271872703	0.0755643785336318
2.32855779944596	-3.14036470132888	-0.0168134158134159	-0.00925731072363873	1.13617219253993	0.0605655866908063	0.0602507244307833
2.33855779944596	-3.12776655338917	-0.0162742142082072	-0.0087177717999897	1.38313838407291	0.0478198385522008	0.0481208821502755
2.34855779944596	-3.11270766074072	-0.0158474451352898	-0.0082863694175681	1.62837690034787	0.0379721934639049	0.0385183500209194
2.35855779944596	-3.09520377261757	-0.0155072594495743	-0.00794044397615026	1.87217538636361	0.030417045916766	0.0309485283941729
2.3638217206337	-3.08501222419365	-0.0153558234131481	-0.00778642272508464	2.00000000000069	0.0271808962031778	0.0276739703165631
2.3738217206337	-3.06380173762035	-0.0151095822248354	-0.00753716615448021	2.24190614335337	0.0222965119990414	0.0224189535528804
2.3838217206337	-3.04017797795719	-0.0149054960040513	-0.00733413725810057	2.48265076090748	0.018718283639972	0.0183639424804623
2.3938217206337	-3.01415273767831	-0.014731596741357	-0.0071667454972448	2.72218961689163	0.0162230058384245	0.0152612392414827
2.4038217206337	-2.98573858438784	-0.0145780201036594	-0.00702636009360762	2.96040737828529	0.0146305877086793	0.0129310790190789
2.4138217206337	-2.9549495839688	-0.0144365181907776	-0.00690588882973597	3.19712030094097	0.0137957815345937	0.0112443771249626
2.4238217206337	-2.92180199253657	-0.0143000812585605	-0.00679945066690707	3.43207878699546	0.0135985447911648	0.0101143585477396
2.4338217206337	-2.88631491891454	-0.014162675311034	-0.00670207229761336	3.66495988247714	0.0139710985743363	0.00943086310631918
2.4438217206337	-2.84851098794355	-0.0140189858690443	-0.00660955047361898	3.89538130899607	0.0148448018589669	0.00913497422215837
2.4538217206337	-2.80841697486288	-0.0138642737111134	-0.00651826485139882	4.12289646852419	0.0161688976375312	0.00917454192635983
2.4638217206337	-2.76606443157364	-0.0136942516806351	-0.00642506837170971	4.34699790907609	0.0178994354646002	0.00951284587737135
2.4738217206337	-2.72149029116168	-0.0135050125532929	-0.00632718244835724	4.56711631981229	0.0200072960227944	0.0101067088526839
2.4838217206337	-2.6747374552926	-0.0132929629750334	-0.00622215630146828	4.78262825606761	0.0224567587137354	0.0109362694631466
2.4938217206337	-2.62585534349771	-0.0130548078485573	-0.00610780054819823	4.99285570047204	0.0252182071424659	0.0119779606206116
2.5038217206337	-2.57490040291008	-0.0127875508335964	-0.00598214207236307	5.19706774687817	0.0282771208138873	0.013184886514016
2.5138217206337	-2.52193657829251	-0.0124884672738544	-0.0058434646522674	5.39449804659442	0.0315889077728169	0.0145602422396288
2.5238217206337	-2.46703570206345	-0.0121551524789734	-0.00569025073224893	5.58434171403518	0.0351152451362308	0.0160928945069136
2.5338217206337	-2.41027781490782	-0.011785555682786	-0.00552116995045624	5.76576127665956	0.0388317065651637	0.0177425850972493
2.5438217206337	-2.35175140531897	-0.0113779930188941	-0.00533511835397152	5.9379028625548	0.0427021778668866	0.0194823443682444
2.5538217206337	-2.29155354392685	-0.0109311812591701	-0.00513122980400521	6.09990726575457	0.0466771001020449	0.0213010091441786
2.5638217206337	-2.22978990262131	-0.0104442845300286	-0.004908866671952	6.25091750877009	0.050709002930342	0.0231769598976086
2.5738217206337	-2.16657465527616	-0.00991694687737947	-0.00466763019165314	6.39009110139129	0.0547540344113178	0.0250762734612577
2.5838217206337	-2.10203025195777	-0.00934931037524281	-0.00440738529614504	6.51661602308474	0.0587621818942843	0.0269706327253127
2.5938217206337	-2.03628705790911	-0.00874203117988123	-0.00412827375575228	6.62972516744929	0.0626746585160056	0.0288434852224981
2.6038217206337	-1.96948285607078	-0.00809629035834693	-0.00383071709662952	6.72870941393143	0.0664264962372042	0.030687718344946
2.6138217206337	-1.9017622040914	-0.00741383953979944	-0.003515338085391	6.81291486815426	0.0700067753619068	0.0324056142785288
2.6238217206337	-1.83327570345995	-0.00669688802708726	-0.00318312733733383	6.88178942483748	0.0733320711954919	0.034026527090458
2.6338217206337	-1.76417910061677	-0.00594816706645191	-0.00283528331464727	6.93486383233922	0.0763596082384046	0.0355170338119153
2.6438217206337	-1.69463232168127	-0.0051708444183212	-0.00247328180448983	6.97177827573286	0.0790247877444982	0.0368896193289737
2.6538217206337	-1.62479838608193	-0.00436855939064166	-0.00209871672940363	6.99226236571855	0.0813451567876131	0.0380281768516161
2.6638217206337	-1.55484231415129	-0.00354522757754449	-0.00171351125226936	6.99618812447897	0.0832439089457536	0.0389900754224475
2.6738217206337	-1.4849299229175	-0.00270509741950302	-0.0013196826153619	6.98353209828921	0.0847029901988114	0.0397474635640363
2.6838217206337	-1.4152266469197	-0.00185264259232305	-0.000919372102860994	6.95438878710618	0.0857152937044924	0.0402697352860656
2.6938217206337	-1.34589636041648	-0.000992475223794458	-0.000514830007296193	6.90897306130625	0.0862682061500626	0.0405522288970631
2.7038217206337	-1.27710023423391	-0.000129251936359695	-0.000108407861468972	6.84762189475089	0.0863202885371067	0.0406561191668044
2.7138217206337	-1.20899562254805	0.000732318585240062	0.000297622051333917	6.77075929204231	0.0859063749766691	0.0405295361509919
2.7238217206337	-1.14173506685729	0.00158760853440462	0.000701004049611938	6.67890775263557	0.0850613955535505	0.0401364390831912
2.7338217206337	-1.07546539153059	0.00243217677532025	0.0010994743781424	6.57269008940603	0.0837735875977501	0.0395351184338795
2.7438217206337	-1.01032688349844	0.00326176122724236	0.00149091708646446	6.45279318028945	0.0820744272880401	0.038723975564227
2.7538217206337	-0.946452626047727	0.00407237437792971	0.00187332999010103	6.31996816213838	0.0799891191457708	0.0377240680963188
2.7638217206337	-0.883967948661566	0.00486033195837522	0.00224488693005825	6.17500997784329	0.0775619889148821	0.0365341397289281
2.7738217206337	-0.822990029115894	0.00562233681710081	0.00260388761490047	6.01875842994549	0.0748012060312932	0.035222643689817
2.7838217206337	-0.763627599716146	0.00635544096981052	0.00294889449016132	5.85206101740365	0.0717668416544022	0.0337760695107546
2.7938217206337	-0.705980813160284	0.00705710780864555	0.00327867966574987	5.67577345014501	0.0685206748821819	0.0321822568513491
2.8038217206337	-0.650141230810792	0.00772526312827977	0.00359217100711077	5.49076020821029	0.0650790617226125	0.0305085579975322
2.8138217206337	-0.596191896951309	0.00835823604261971	0.00388856600727702	5.29786158980592	0.0614947651044385	0.0287608972302214
2.8238217206337	-0.544207542136736	0.0089547940599511	0.00416726810753073	5.09789672404486	0.0578094372332255	0.0269628074124571
2.8338217206337	-0.494254863280614	0.00951412644136888	0.00442789423071665	4.89165282456976	0.0540624397955743	0.0251388861668469
2.8438217206337	-0.446392881907346	0.0100358326659342	0.0046702591470217	4.67987977089691	0.05028506237207	0.0233232360899398
2.8538217206337	-0.400673357749803	0.0105198837576395	0.00489439288103598	4.46327880929066	0.0465218795753562	0.0215220069330627
2.8638217206337	-0.357141256501743	0.0109666033976654	0.00510051414527386	4.24250092766412	0.0428211495513581	0.0197287272334573
2.8738217206337	-0.315835257088879	0.0113766639766976	0.0052889695413297	4.01815293917585	0.0392012632588416	0.0179805799482888
2.8838217206337	-0.276788265944415	0.0117510225069365	0.00546026826779162	3.79078528451615	0.0356897483765518	0.0162915464088458
2.8938217206337	-0.240027952726369	0.0120908921096946	0.00561505191984438	3.56089371129379	0.0323145456577165	0.0146668558961094
2.9038217206337	-0.205577289189075	0.0123977186172238	0.00575405267455441	3.32892409197236	0.0290870973957322	0.0131315496124856
2.9138217206337	-0.173455071943217	0.0126731231786247	0.00587810824788502	3.0952666486993	0.0260279671771393	0.0116868883726656
2.9238217206337	-0.143676439286636	0.0129188769969904	0.00598812249411321	2.86026178771291	0.0231517529166757	0.0103361241453169
2.9338217206337	-0.116253363287828	0.013136861416444	0.006085052819293	2.62420124831398	0.0204716092039034	0.00907702932147331
2.9438217206337	-0.091195118402351	0.0133290375423619	0.00616988407933671	2.38733256665726	0.0179931346283118	0.00791261849917476
2.9538217206337	-0.0685087192057107	0.0134974131145443	0.00624361082437011	2.1498624250844	0.0157137767902401	0.00685256601095835
2.9638217206337	-0.0481993221228798	0.0136439995551511	0.00630724059433455	1.91195628597818	0.0136371340557489	0.00588935118676319
2.9738217206337	-0.0302705984564827	0.0137707954859896	0.00636175702862556	1.67374653088898	0.0117563322549655	0.00502701465128218
2.9838217206337	-0.0147250642103545	0.0138797492955468	0.0064081236462686	1.43533284750574	0.0100668514092787	0.00425986737302769
2.9938217206337	-0.00156437551363406	0.0139727382000029	0.00644726475810439	1.19678755391336	0.00856132520069611	0.00358185433265884
3.0038217206337	0.00921041592601869	0.0140515460602747	0.00648005370118818	0.958159773352647	0.00722886831887576	0.00298820595773669
3.0138217206337	0.0175986474082935	0.0141178416126489	0.00650730536086837	0.719479024617895	0.00605672031327776	0.00247313672694173
3.0238217206337	0.0235998693630204	0.0141731599992004	0.00652976789128327	0.480759219422379	0.00503044446540494	0.00202997327982368
3.0338217206337	0.0272137095886191	0.0142188859325091	0.00654811615991044	0.242002530921331	0.0041346352281497	0.0016503887736014
3.0438217206337	0.0284397773717734	0.0142562395208738	0.00656294488550453	0.00320351919136083	0.00335267639406285	0.00132521607020594
3.0538217206337	0.0272776076368808	0.0142862642472353	0.006574761974547	-0.235646610177714	0.00266600359880176	0.00104607322353727
3.0638217206337	0.0237266455830546	0.0143098154156422	0.00658398462835339	-0.474556145365734	0.00205485505850493	0.000804429705086889
3.0738217206337	0.0177862715865446	0.0143275499844843	0.00659093639330929	-0.713529052547701	0.00149920346075803	0.000590340647840142
3.0838217206337	0.00945586608414804	0.0143399190227672	0.00659584284912421	-0.952560753957199	0.000978195061268944	0.000393702283736248
3.0938217206337	-0.00126508503983539	0.0143471610685456	0.00659882873497948	-1.19163407016951	0.000470223342586798	0.000204421014867766
3.1038217206337	-0.0143768445937639	0.0143492966890151	0.0065999159794026	-1.4307152272899	-4.67432042051357e-05	1.2153293273273e-05
3.1138217206337	-0.0298792378555755	0.014346124652092	0.00659902202442253	-1.66974981416227	-0.00059503461874707	-0.000193597983986808
3.1238217206337	-0.0477714260668309	0.0143372196311278	0.00659595878112898	-1.90865876533413	-0.00119712184551319	-0.000423413160680573
3.1338217206337	-0.0680516399580448	0.0143219316039969	0.0065904322747333	-2.14733439109623	-0.00187542586822948	-0.000687902318187212
3.1438217206337	-0.0907168738896527	0.0142993871811796	0.0065820430405818	-2.38563647937528	-0.00265211132754248	-0.000997625921779832
3.1538217206337	-0.115762541576453	0.0142684932422382	0.00657028720906551	-2.62338847364502	-0.00354899660246463	-0.00136275353565292
3.1638217206337	-0.143182094677439	0.014227942751813	0.00655455919034553	-2.86037393167361	-0.00458700595172341	-0.00179342692069145
3.1738217206337	-0.17296660642975	0.0141762238569895	0.00653415486806474	-3.09633307580877	-0.00578610319261271	-0.00229922232392463
3.1838217206337	-0.205104322809254	0.0141116319301525	0.00650827671908738	-3.3309597563764	-0.00716478847328312	-0.00288926932125878
3.1938217206337	-0.239580184829566	0.0140322853922504	0.00647604030717665	-3.56389876521038	-0.00873972016664415	-0.00357207070716543
3.2038217206337	-0.276375326387409	0.0139361456199391	0.0064364824745244	-3.79474362316895	-0.0105253723650268	-0.00435518109126792
3.2138217206337	-0.315466553103546	0.0138210411937363	0.00638857154726687	-4.02303497623419	-0.0125336386786564	-0.00524490792004653
3.2238217206337	-0.356825808760746	0.013684696745046	0.00633121971525099	-4.2482597164678	-0.0147733937375568	-0.00624603479041656
3.2338217206337	-0.400419637143501	0.0135247665808969	0.00626329764939337	-4.46985093775456	-0.0172500683877801	-0.00736149893678299
3.2438217206337	-0.446208648277957	0.0133388730156721	0.00618365153311743	-4.68718887139105	-0.0199651691291155	-0.00859217603733277
3.2538217206337	-0.494146999276578	0.0131246491743442	0.00609112257492496	-4.89960293550522	-0.0229156995076572	-0.00993688695694714
3.25975777219481	-0.523598775598441	0.0129831357273339	0.00602963703436272	-5.0230726697281	-0.0247740069282943	-0.0107902655877822
3.26975777219481	-0.580100224894928	0.0130033607611063	0.0470621007663165	-6.55985025770409	1.25775791228282	5.75531040075324
3.27975777219481	-0.657070672745812	0.0485348000537763	0.0994015974842182	-8.7071202934454	5.5168606313717	4.9694115698619
3.28975777219481	-0.74711885006595	0.107609303277602	0.149715192029871	-9.08177092045898	5.89113663204814	4.8791530116583
3.29975777219481	-0.836565426284882	0.16241566438705	0.194870917787786	-8.76759367499792	4.99603494155322	4.11597908545161
3.30975777219481	-0.922258734346482	0.207146290191623	0.231900479611915	-8.37606101899549	3.95933355002663	3.30382738175657
3.31975777219481	-1.00431101868347	0.242047948658281	0.261301479470913	-8.04793571472717	3.04802099963041	2.59796884531738
3.32975777219481	-1.08348885384358	0.268663250919602	0.284288608380873	-7.80049007109207	2.30220747738931	2.01993812223607
3.33975777219481	-1.16055482093459	0.288604359244769	0.302075830553274	-7.62297959226648	1.70918331428914	1.55558280668232
3.34975777219481	-1.23613107944758	0.30327966815942	0.315713052845511	-7.50009454922364	1.24521886333528	1.1865204611681
3.35952941264805	-1.30899693899575	0.313655795793389	0.325864615639598	-7.4189918760108	0.893248060258292	0.903186132503464
3.36952941264805	-1.37830441852833	0.321359200067087	0.294485683144701	-6.1670832405391	-0.438634573844783	-5.00543897883811
3.37952941264805	-1.42929546329999	0.293324942908217	0.248661619654245	-4.12252917790661	-4.88779492868399	-4.43025961627371
3.38952941264805	-1.46720022804575	0.238218236997833	0.202464584236168	-3.68951571346467	-5.7031046044594	-4.5872077150994
3.39952941264805	-1.5057897271575	0.184206478714171	0.159540286549814	-4.09555843096161	-4.97787713245666	-3.93953575414895
3.40952941264805	-1.54964593264042	0.139587581039711	0.124141955913131	-4.67724345896751	-3.94270244735667	-3.14831243126086
3.41952941264805	-1.59910779141343	0.104950747830542	0.09624785474075	-5.1972716482301	-3.01505499933041	-2.45404045488498
3.42952941264805	-1.65319682590492	0.0786244865974072	0.0745863018484276	-5.60052202133813	-2.2835710776471	-1.89964305381182
3.43952941264805	-1.71075246860527	0.0587030640481115	0.0578050976699725	-5.89331663103071	-1.72840853518072	-1.47331461543572
3.44952941264805	-1.77075934521666	0.0436001077411123	0.0447745178566359	-6.09424435269636	-1.31275132891084	-1.14658046521506
3.45952941264805	-1.8323921125167	0.0320994230393853	0.0346191329811767	-6.22149307603817	-1.00187008901767	-0.896466697035345
3.45956213770604	-1.83259571459405	0.0320666445767463	0.0345898188910841	-6.22180145258413	-1.00100842038616	-0.89572695995316
3.46956213770604	-1.88931226316705	0.0213140493248319	-0.0131328301559257	-4.81524492073481	-2.46391187020714	-6.02097858023226
3.47956213770604	-1.9274652750853	-0.0246502757654909	-0.0685219663035864	-3.08214239557063	-6.07629108769468	-5.43286878404056
3.48956213770604	-1.9576131218096	-0.0864065038235676	-0.121686969041767	-3.1149225621522	-5.9703528092225	-5.03449802559727
3.49956213770604	-1.99128120488398	-0.141253536343915	-0.167786303243244	-3.64017220701098	-4.95504021438613	-4.17261397274635
3.50956213770604	-2.03035505416122	-0.185528519200734	-0.205238928556516	-4.15963187367167	-3.91997344544509	-3.34124415068802
3.51956213770604	-2.07407750472242	-0.220245207582156	-0.235071507008761	-4.5637538550145	-3.05483962083003	-2.65013225945036
3.52956213770604	-2.1212198819996	-0.247235761996127	-0.258710753219365	-4.84548081127331	-2.3715478421788	-2.09976250571349
3.53956213770604	-2.1706302426234	-0.2682029225994	-0.277444042958228	-5.02069436823979	-1.84437621821849	-1.66579260883811
3.54956213770604	-2.22134082241515	-0.284546176176884	-0.292326060421518	-5.10846049094921	-1.44232137929207	-1.32505935094775
3.55956213770604	-2.27256611778758	-0.297372051332952	-0.304195279878255	-5.12629577848237	-1.13663539108029	-1.06052380586493
3.56956213770604	-2.3236785242364	-0.307536711925448	-0.313717189698496	-5.08799602269772	-0.906910275077023	-0.852960039212628
3.57956213770604	-2.37417921411715	-0.315699488272744	-0.321408973159519	-5.00559020383925	-0.73401770551669	-0.691940427860038
3.58956213770604	-2.42367462364624	-0.322360202946392	-0.327676031482775	-4.88833998097626	-0.604426417245149	-0.566554715753155
3.59956213770604	-2.47185511582798	-0.327895366101414	-0.332832870330563	-4.74367205990336	-0.507478758935961	-0.468447081146058
3.60956213770604	-2.51847764251072	-0.332586592302871	-0.337121693773595	-4.57765695868673	-0.43429899798245	-0.392254267831192
3.61956213770604	-2.56335219965606	-0.336641377812501	-0.340730763141273	-4.39479875707958	-0.379156173730764	-0.331982577331544
3.62956213770604	-2.60633011043809	-0.340212627518258	-0.343803544415204	-4.1988716121859	-0.336892431734551	-0.284459315227717
3.6323588303947	-2.6179938779915	-0.341140790535334	-0.34458265714652	-4.14214669006266	-0.326866262404485	-0.273029131419469
3.6423588303947	-2.66113794670181	-0.347940094239848	-0.308148275600317	-4.75940959021247	0.103406706648215	5.27628014637076
3.6523588303947	-2.71562500373334	-0.328592390350948	-0.260357233955962	-6.13609777325737	3.7634037537022	4.30199500313623
3.6623588303947	-2.78136356217173	-0.278873484649357	-0.217912533530208	-6.70939165290001	5.51383138131331	4.32071438326148
3.6723588303947	-2.846331731424	-0.22500243897039	-0.176470115042093	-6.19505522322579	5.09367072658467	3.88019284266114
3.6823588303947	-2.9044145202942	-0.178621416079042	-0.141095506421977	-5.41048077810819	4.15963650704783	3.18670629292106
3.6923588303947	-2.95463800593761	-0.141670885149937	-0.112613221143173	-4.64745331077572	3.25211044489857	2.52822330896233
3.7023588303947	-2.99769331523081	-0.113007449358716	-0.0901544792277513	-3.98049057424317	2.50958472003768	1.98476825374074
3.7123588303947	-3.03456907075967	-0.0909181993414362	-0.0725386900364242	-3.40921433783784	1.93362656868409	1.55607699069051
3.7223588303947	-3.06613567908918	-0.0738850912079538	-0.0587161907212927	-2.91547802828296	1.4929485675681	1.22199433830402
3.7323588303947	-3.09307555839901	-0.0607170800975103	-0.0478491534754078	-2.48106171300544	1.15554554516052	0.962275733616934
3.7423588303947	-3.11590745509192	-0.0505102347646101	-0.0392874384760273	-2.0916288515316	0.896418476268553	0.759568776632351
3.7523588303947	-3.13502442406693	-0.0425815211392321	-0.0325284493073129	-1.73658878543074	0.697427164125255	0.599477242009542
3.7623588303947	-3.15072627555094	-0.0364106643040424	-0.0271856251540081	-1.40755063623401	0.543198103318068	0.474271346663476
3.7723588303947	-3.16324249642951	-0.0316013070913082	-0.0229563650746183	-1.09860422471475	0.423652708976206	0.375591549758959
3.7823588303947	-3.17274996377273	-0.027848780888888	-0.019604833006041	-0.80518259860571	0.330849391090547	0.297591578021622
3.7923588303947	-3.17938550546625	-0.0249179591655068	-0.016946555244865	-0.523735648079173	0.258526799896031	0.23612389513233
3.8023588303947	-3.18325513379264	-0.0226271151037743	-0.0148363098737069	-0.251592632990749	0.202125595980896	0.187564834605977
3.8123588303947	-3.18444113145475	-0.0208352584264605	-0.013159826645354	0.0133222755145571	0.158108936600224	0.149143187196378
3.8223588303947	-3.18300737690319	-0.019432785467687	-0.011826980640505	0.272618941520312	0.123757257108611	0.118677978290242
3.8323588303947	-3.17900344635787	-0.0183343265311545	-0.0107665531273612	0.527543427340001	0.0969887660390299	0.0944256781233884
3.8423588303947	-3.17246782924686	-0.0174731658020973	-0.00992231402094179	0.779086376197663	0.0761033971356206	0.0751687257643612
3.8523588303947	-3.1634304140272	-0.0167971068684957	-0.00924968387787419	1.02800948185823	0.0597929686430256	0.0599335528879822
3.8623588303947	-3.15191447949424	-0.0162652461057337	-0.00871317710386527	1.27487578858852	0.0471079140446615	0.0478439786637016
3.8723588303947	-3.13793833939976	-0.0158453563951943	-0.00828459597913409	1.52011209510287	0.037282396699169	0.0382619157399021
3.8823588303947	-3.12151667313064	-0.0155119506900353	-0.00794145006527758	1.76402446209576	0.0297176164507589	0.0306945341338216
3.89207778904683	-3.10322468690432	-0.0152515358746814	-0.00767267648782719	2.00000000000068	0.024110085298193	0.0248693881027387
