=========================== Parameters =====================================
l1 [m]	l2 [m]	l3 [m]	c1 [m]	c2 [m]	c3 [m]	m1 [kg]	m2 [kg]	m3 [kg]
0.22	0.22	0.2458	0.176	0.022	0.17206	0.1564	0.23764	0.1564
============================== Data ========================================
t [s]	th1 [rad]	th2 [rad]	th3 [rad]	th1d [rad/s]	th2d [rad/s]	th3d [rad/s]
0	0	0	0	0	0	0
0.01	-0.00201481330606576	0.00151003836506354	0.00062322527939237	-0.380372959552384	0.259905676516332	0.119188383682813
0.02	-0.00727719151275796	0.00466203699342419	0.00211730280558812	-0.660098855598276	0.351213938707769	0.169462595394098
0.03	-0.0150422875663059	0.00825363776596917	0.00386566423517538	-0.886846399015274	0.357337504112911	0.175099649637283
0.04	-0.0249307912220799	0.0116756175646308	0.0055473183360624	-1.08819753047429	0.322793900880799	0.1589899568284
0.05	-0.0367742339392504	0.0146584442476003	0.00701809059282894	-1.27971317936651	0.272566907328988	0.13443907821215
0.06	-0.050520370856788	0.0171199435195908	0.00823204042905596	-1.46969163950602	0.220088245406445	0.108410892144829
0.07	-0.0661765007639545	0.0190744457672972	0.00919380308051887	-1.66212718288551	0.171818000884496	0.0844432149743968
0.08	-0.0837764566674232	0.0205797939664469	0.00993142573041609	-1.85857745693768	0.130470799271598	0.063705362013665
0.09	-0.103362172881225	0.0217082558619824	0.0104804970691784	-2.05924486826475	0.0964270582632999	0.0466908179156681
0.1	-0.124973905360234	0.0225309541218887	0.0108766290502439	-2.26366933415304	0.0691666291045069	0.0330637686330461
0.11	-0.148645545176101	0.0231108904807832	0.0111514242158444	-2.47108534547265	0.0476800770956452	0.0223572850093682
0.12	-0.174402730114813	0.0235003454906294	0.0113312382142723	-2.6806336987935	0.0308964470737922	0.0139611628793683
0.13	-0.202262443768336	0.0237408495785415	0.0114369158500475	-2.89145172367388	0.0177335244281339	0.00743443993060425
0.14	-0.232233287270156	0.0238641249289192	0.0114844854134215	-3.10272852787129	0.00730890859061728	0.00227723284287237
0.15	-0.264316015578028	0.023893631928283	0.0114857719723616	-3.31370725904542	-0.00113138781455899	-0.00188019009657777
0.16	-0.298504082882105	0.0238460883540598	0.0114492164549877	-3.52368258611876	-0.00818816495444459	-0.00533825945513165
0.17	-0.334784097330262	0.02373288972039	0.0113805870939269	-3.73198810834878	-0.0143310514439868	-0.0083277732673162
0.18	-0.373136141614943	0.0235613258683024	0.0112836051993021	-3.93798286638466	-0.0199147556503088	-0.0110298033261409
0.19	-0.413533957716188	0.0233355916762055	0.0111604550847544	-4.14103815490748	-0.0252014926769843	-0.0135826132966388
0.2	-0.455945012239258	0.0230576086248177	0.0110121837350387	-4.34052578381492	-0.0303890125617323	-0.0160720234366893
0.21	-0.500330464752093	0.0227276602217659	0.0108390517521846	-4.53581145651401	-0.0356088546354361	-0.0185717646623828
0.215075354133389	-0.523598775598299	0.0225400917288721	0.010741581872396	-4.63311118936692	-0.0383099462406617	-0.0198414931124606
0.225075354133389	-0.575331635155542	0.0121787925263042	0.0544901641117912	-5.80338164839735	-0.538851529525153	5.67434695925815
0.235075354133389	-0.640144704944334	0.0206158709104997	0.105680156844279	-7.15256902078842	2.19870486643898	4.59984715023342
0.245075354133389	-0.718210916716424	0.0555537506246338	0.147126114513262	-8.4466373137057	4.7392876003088	3.74079648876147
0.255075354133389	-0.806493327194608	0.108186993375612	0.185471809036827	-9.05639204231704	5.51686844984267	3.85076580961223
0.265075354133389	-0.897223759802905	0.162391324957274	0.222522756422949	-9.02044444776772	5.20908300167292	3.50752828091984
0.275075354133389	-0.98602151878226	0.210909419592214	0.254989706549719	-8.7144213989673	4.45458384725707	2.96864663614259
0.285075354133389	-1.07126676571199	0.251101293915229	0.281771854210694	-8.33134864442557	3.57940162841635	2.39121846441786
0.295075354133389	-1.1526986532701	0.282650372563672	0.302895110576241	-7.96116507013259	2.74335113743075	1.84384933332789
0.305075354133389	-1.23065395070266	0.306305541916379	0.318893615228106	-7.63945485287449	2.00788317227528	1.3677488459605
0.315075354133389	-1.30568591765496	0.323219414839456	0.330520017596552	-7.37694276868352	1.39605299633572	0.970642850844892
0.315524503902966	-1.30899693899575	0.323840995808773	0.330952278242868	-7.36653392596493	1.3714284432018	0.954844805694641
0.325524503902966	-1.37981969345006	0.34920340116141	0.296263899374537	-6.64203818605256	2.32540041032684	-5.23910416947891
0.335524503902966	-1.44044678675313	0.358544208096329	0.248857448448111	-5.47602643793838	-0.449980578157674	-4.2675951705956
0.345524503902966	-1.48918511267197	0.340379656051062	0.21027598107213	-4.26336266437968	-3.17720655684809	-3.47701077530475
0.355524503902966	-1.52592129138897	0.296380032066683	0.177435251404962	-3.19488634505137	-5.27198085952925	-3.38735274462299
0.365524503902966	-1.5559788915405	0.240683462022866	0.14264112908459	-2.93311277169971	-5.68019130177913	-3.46993210797342
0.375524503902966	-1.58634496459707	0.185596077081188	0.109497775955864	-3.20216614372555	-5.23818245750571	-3.11022788161042
0.385524503902966	-1.62082838516159	0.137204878664696	0.0810366632015462	-3.71640534958905	-4.4038109599411	-2.57001998865082
0.395524503902966	-1.66083341645425	0.0977895340626095	0.0581676236270405	-4.28200536749747	-3.48082557710886	-2.01168631037236
0.405524503902966	-1.70627487384772	0.0673123767661275	0.0406074903829171	-4.79177643624657	-2.63543261215815	-1.51402649442644
0.415524503902966	-1.75633086196227	0.0446067473240081	0.0275572047806207	-5.20113721419287	-1.93217666436142	-1.11115075019333
0.425524503902966	-1.80993147108289	0.0281459007402423	0.0180815511243595	-5.50120777302651	-1.38495279267326	-0.798790050725022
0.429608878034498	-1.83259571459405	0.0228684015558178	0.0150352207775942	-5.59411155180825	-1.20291319974513	-0.695342689206078
0.439608878034498	-1.88423983029907	0.0206695443119629	-0.0334632201809338	-4.63812117337752	-0.777848940604849	-5.82451005438901
0.449608878034498	-1.92491889359601	-0.000177778786708397	-0.085836162588703	-3.50289294034117	-3.36475744512812	-4.68792090318369
0.459608878034498	-1.9546009695473	-0.0454836873722641	-0.128518717052647	-2.51931532635868	-5.41707846540774	-4.1122021713024
0.469608878034498	-1.9783641364873	-0.101978150733767	-0.169412142838441	-2.35201090765287	-5.68579641570179	-3.9817954673736
0.479608878034498	-2.00322261081768	-0.156578247891359	-0.207006138259545	-2.66746080079005	-5.15145613193152	-3.50728534742174
0.489608878034498	-2.03223238122728	-0.204076739591743	-0.239214431333179	-3.14403355292746	-4.32775270324616	-2.92917620474705
0.499608878034498	-2.06608886951132	-0.243028983174725	-0.265679268836964	-3.618841611325	-3.47139545205622	-2.36973519536758
0.509608878034498	-2.1043592826758	-0.273784354169572	-0.286843133303806	-4.01991619024742	-2.6987624214696	-1.87547826074787
0.519608878034498	-2.14615741766512	-0.297425243047009	-0.303454860176369	-4.32269378891733	-2.05197759717803	-1.45934271427524
0.529608878034498	-2.19048211839517	-0.315242945149825	-0.316324260904008	-4.52610992455004	-1.53330668231311	-1.12603453210819
0.539608878034498	-2.23637764358885	-0.328484159209482	-0.32622374400166	-4.63890001274184	-1.13348988753141	-0.864912383259958
0.549608878034498	-2.2830012923068	-0.338250894145447	-0.333829265018201	-4.67409921765657	-0.834815859480194	-0.666264891837438
0.559608878034498	-2.32964629977843	-0.345461032245338	-0.339709033861887	-4.64539870886296	-0.61938403534389	-0.517352015597834
0.569608878034498	-2.37574072565402	-0.350849894929224	-0.34431787423178	-4.56602389941991	-0.467851654473344	-0.410181686723945
0.579608878034498	-2.42083585689929	-0.354981639261135	-0.348013940072471	-4.44732556804822	-0.365367223474534	-0.333640007981243
0.589608878034498	-2.4645885390713	-0.358275928729748	-0.35106669775574	-4.298952717548	-0.298597003570647	-0.279921917965328
0.599608878034498	-2.50674261552159	-0.361033459031669	-0.35367290008915	-4.12875857663823	-0.256422285322947	-0.243429205843836
0.609608878034498	-2.54711124992479	-0.363460046256463	-0.355973422476669	-3.94276440930494	-0.231112747727711	-0.218253969933247
0.619608878034498	-2.58556085643844	-0.365690775357143	-0.358063925511896	-3.74561156228667	-0.216410506744557	-0.200841437066042
0.628481773643705	-2.61799387799149	-0.367573718892299	-0.359794346597066	-3.56410725209759	-0.208717164035067	-0.189566408906207
0.638481773643705	-2.65411401038936	-0.382699906611595	-0.322068221445837	-3.78480570154446	-1.69604311443384	5.60310328973072
0.648481773643705	-2.69493431557023	-0.389345135826785	-0.271327384103273	-4.37252806465865	0.348480338345246	4.5634616272369
0.658481773643705	-2.7414479999869	-0.376197547330949	-0.230116103138139	-4.92617404586508	2.26212012351506	3.71008374343009
0.668481773643705	-2.7934098941706	-0.344395762838569	-0.196568958056447	-5.46530210359092	4.08748292857802	3.02379987236165
0.678481773643705	-2.85017212349612	-0.296527194033834	-0.167385394653603	-5.77398847332928	5.18589330312181	2.99616941353665
0.688481773643705	-2.90685857270015	-0.244349009344183	-0.137496412041843	-5.48866193214247	5.12846013302833	2.91657903056758
0.698481773643705	-2.95888870809163	-0.195693184832345	-0.109949958311852	-4.8834493878179	4.54667434911346	2.56377814057315
0.708481773643705	-3.00413852413496	-0.154076743263447	-0.0865288498329969	-4.15887655008723	3.76315858588308	2.11418200537075
0.718481773643705	-3.04207458467117	-0.120445081895906	-0.0676335911344445	-3.43483972898991	2.97279541377759	1.67070600896979
0.728481773643705	-3.07303601285802	-0.0943165180484611	-0.0529274346882759	-2.76977563599436	2.27201514473446	1.28167280679795
0.738481773643705	-3.09773473483711	-0.0745884899469735	-0.0417700063982976	-2.18340887728677	1.6946411596096	0.961909147705725
0.748481773643705	-3.11696465653862	-0.0600110506110232	-0.0334635602447153	-1.67485376606961	1.24005496771587	0.71067287454992
0.758481773643705	-3.13145920227432	-0.0494227666696741	-0.0273672833337835	-1.2343603356582	0.893851862287951	0.517840098420399
0.768481773643705	-3.14183695479753	-0.0418404520202003	-0.022943975801663	-0.849421893954229	0.635824141342898	0.373709800327337
0.778481773643705	-3.14859237383499	-0.0364774587023383	-0.0197635212417953	-0.507995073630806	0.446900049667055	0.267796403806938
0.788481773643705	-3.15210707290347	-0.0327265429290638	-0.0174929118648922	-0.199699767511893	0.3108525168446	0.190484307039323
0.798481773643705	-3.1526683304201	-0.0301302505206991	-0.0158812634073581	0.0839405874304076	0.213997782881952	0.134908243705518
0.808481773643705	-3.15048828493765	-0.0283509692214393	-0.0147420307729835	0.349521868669612	0.145900432320414	0.0952167004791717
0.818481773643705	-3.14572124390237	-0.027143126221323	-0.0139387542682294	0.602061124896015	0.0985393129588207	0.0671425604857354
0.828481773643705	-3.13847806306753	-0.0263304427963252	-0.0133724594067719	0.845276849511475	0.0660426841530486	0.0473258043018067
0.838481773643705	-3.12883762797885	-0.0257875739493539	-0.0129722185008393	1.08189038319039	0.043999180418824	0.0335300156785627
0.848481773643705	-3.11685571280693	-0.0254262613345525	-0.0126873378462895	1.31384377348815	0.0292852374334114	0.0240289617774119
0.858481773643705	-3.10257171617253	-0.0251847818204803	-0.0124817411506369	1.54249389648962	0.0197176430455676	0.0175124136734187
0.868481773643705	-3.08601371343323	-0.0250201039487923	-0.0123299087887876	1.76876943084467	0.0137113471325472	0.0131506061885665
0.878481773643705	-3.06720220626161	-0.0249023012311793	-0.0122136774125105	1.99327348644422	0.0101917536853615	0.0103116537314212
0.878782422061564	-3.06660192053386	-0.0248992486423299	-0.0122105870501499	2	0.0101165540856238	0.0102438903654407
0.888782422061564	-3.04548556551352	-0.0248079337314886	-0.0121175093558685	2.22305737730216	0.0083853318635754	0.00852778248958462
0.898782422061564	-3.02214483419531	-0.024727427301615	-0.012037450410446	2.44489232948152	0.00788888926116613	0.00759886893510841
0.908782422061564	-2.99659164655751	-0.0246471479199611	-0.0119635730256975	2.6655455143223	0.00829768420630159	0.00726160936595464
0.918782422061564	-2.96883807841731	-0.0245591742508143	-0.0118906957012283	2.8849492409153	0.00940113575783696	0.00737820937355703
0.928782422061564	-2.93889733398492	-0.0244572815380109	-0.0118147588119797	3.10294852330197	0.0110629876600394	0.00786393586711233
0.938782422061564	-2.90678454795374	-0.024336302962102	-0.011732432039567	3.3193137888681	0.0132081336154406	0.00864830496985091
0.948782422061564	-2.87251747445728	-0.0241916887666694	-0.0116408828110603	3.53375182243659	0.0157877374830097	0.00969698255859873
0.958782422061564	-2.83611709627674	-0.024019235384624	-0.0115375992238441	3.74591165775209	0.0187724143933145	0.0109930474325597
0.968782422061564	-2.79760817941468	-0.0238149270472074	-0.0114202651056615	3.95538802167654	0.0221554240666954	0.0125083872530609
0.978782422061564	-2.75701978995181	-0.0235748315438732	-0.0112867204890224	4.16172653104893	0.025927744769821	0.0142358342289719
0.988782422061564	-2.71438577679541	-0.0232950708659415	-0.0111349121728514	4.36442571191787	0.0300845558437322	0.0161654086799734
0.998782422061564	-2.66974522583258	-0.0229718166380956	-0.0109628922314574	4.56294072732875	0.0346141063130435	0.0182977025477944
1.00878242206156	-2.62314287941975	-0.0226013495579541	-0.010768761736787	4.75668270429097	0.0395388025354133	0.0205589851392341
1.01878242206156	-2.57462953110204	-0.0221800204266411	-0.010550852949267	4.94503375832907	0.0447915989014149	0.0230351511767686
1.02878242206156	-2.52426235971327	-0.0217044297173899	-0.0103075249879604	5.12733642880128	0.0503797694992375	0.0256534931179379
1.03878242206156	-2.47210523238383	-0.0211714152102172	-0.0100373522608352	5.30290978004965	0.0562670596535221	0.0284078471111652
1.04878242206156	-2.4182289393577	-0.0205781566258554	-0.00973910113295708	5.47105205658625	0.0624123757538955	0.0312831516652002
1.05878242206156	-2.36271136387965	-0.0199222622765642	-0.00941174655320735	5.63104681237098	0.0687804724311548	0.0342347336702401
1.06878242206156	-2.30563757889383	-0.0192018308341138	-0.00905453408558104	5.7821729553217	0.075319403017622	0.0372323502550328
1.07878242206156	-2.24709985776423	-0.0184155368829206	-0.00866698641512259	5.92371199514248	0.0819770420729625	0.0402297034872626
1.08878242206156	-2.18719760100992	-0.0175626394951693	-0.00824904132376092	6.05496493343118	0.0886195899325875	0.0433234030088583
1.09878242206156	-2.12603714731479	-0.016643196984227	-0.00780076924476693	6.17524192325364	0.0952526022355102	0.0463299287645293
1.10878242206156	-2.06373151537631	-0.0156579365099021	-0.00732272634478209	6.28389496333905	0.101775590444741	0.0492614311427169
1.11878242206156	-2.00040002087393	-0.0146083674619595	-0.00681580385697353	6.3803174994155	0.108098325785178	0.0521053938034326
1.12878242206156	-1.9361677984726	-0.013496820341661	-0.00628118256518897	6.46395131470136	0.114175405343211	0.0547620394450702
1.13878242206156	-1.87116523789665	-0.0123263492100813	-0.00572050925215582	6.53430823770096	0.119873886922766	0.0573034241893677
1.14878242206156	-1.80552730977538	-0.0111008303866552	-0.00513565314566297	6.59096360642711	0.125140921632655	0.0596548007029167
1.15878242206156	-1.73939282398076	-0.0098248885722602	-0.00452875308923277	6.63356857625133	0.129954556731422	0.0616934456294143
1.16878242206156	-1.6729036236118	-0.00850374135077925	-0.00390238247886687	6.66186944923382	0.134183953359346	0.063521675090896
1.17878242206156	-1.60620369935166	-0.00714328066367666	-0.00325922165915212	6.67569308711574	0.137803510051029	0.0650578423600874
1.18878242206156	-1.53943828533482	-0.00574989649261338	-0.00260219564232452	6.67496200178089	0.140764877249838	0.0662856727543132
1.19878242206156	-1.47275292298574	-0.00433037957791405	-0.00193443420994384	6.65969607885895	0.142995370935828	0.0672595353053851
1.20878242206156	-1.40629250788402	-0.00289193758139562	-0.00125899476474532	6.62999681868572	0.144567070753342	0.0677803066385153
1.21878242206156	-1.34020038174558	-0.00144184884933728	-0.000579271344142381	6.58607555613137	0.145365766697978	0.0680337744668943
1.22878242206156	-1.27461741377855	1.2439992151068e-05	0.000101455874951002	6.52822263910208	0.145385018844956	0.0680244279881704
1.23878242206156	-1.2096811511787	0.00146345633047837	0.000780006934764632	6.4568058333399	0.144683259540075	0.0676575404445023
1.24878242206156	-1.14552503882203	0.00290391444694198	0.00145314412025582	6.37227676318643	0.143237255934874	0.0670202463900181
1.25878242206156	-1.08227768870412	0.00432663978786419	0.00211795571307907	6.27513983542114	0.141191653457503	0.0658992888554619
1.26878242206156	-1.02006228240561	0.00572499321360283	0.00277125802895218	6.16598540382641	0.138396758850648	0.0646690977009395
1.27878242206156	-0.958995998793106	0.00709252857822274	0.00341045119265054	6.04542509503169	0.13500675791889	0.0631372623294481
1.28878242206156	-0.89918960938262	0.00842337895772479	0.00403294600622593	5.9141216974199	0.131041448184548	0.0613858990033275
1.29878242206156	-0.840747132488972	0.00971215556080735	0.00463650167692126	5.77275792872447	0.126613874557636	0.0593304181034489
1.30878242206156	-0.78376561768021	0.010954142400413	0.00521896511289985	5.62204494272436	0.121725897590013	0.0571103179182612
1.31878242206156	-0.728335005327896	0.0121452138740605	0.0057785147639775	5.46269729001366	0.116434166654071	0.054766634551933
1.32878242206156	-0.674538092308521	0.0132818689087426	0.00631365102046013	5.29542506311167	0.110835015072907	0.0522681958769474
1.33878242206156	-0.62245058937815	0.0143612971779802	0.00682309718963042	5.12093247796043	0.104987449752183	0.0496572026379728
1.34878242206156	-0.57214124709191	0.0153813161121657	0.00730592272455262	4.93990223575363	0.0990009589995246	0.0468775786108223
1.35878242206156	-0.523672070738413	0.0163405028674518	0.00776126660449162	4.75300725323387	0.0928352639891956	0.0441582517661762
1.36878242206156	-0.477098560188847	0.0172379311038189	0.00818879923501316	4.56087390278094	0.0866402229458867	0.0413564677000217
1.37878242206156	-0.432470042915359	0.0180733678010307	0.008588278765141	4.36410644228749	0.0804392546821411	0.0385655760660603
1.38878242206156	-0.389830013059344	0.0188470914194379	0.00895981914221701	4.16326477066706	0.074332984365518	0.0357212676038087
1.39878242206156	-0.349216528325583	0.0195600029981996	0.00930357958090473	3.95888154884376	0.0682838662432959	0.0330150125437209
1.40878242206156	-0.310662594428239	0.0202133653510404	0.00962015829671732	3.75143307928695	0.0624150797411553	0.0303174231818891
1.41878242206156	-0.27419659985838	0.0208089484810354	0.00991019494679142	3.54136365314203	0.0567350457797036	0.027707980741314
1.42878242206156	-0.239842727344788	0.0213488631034656	0.0101745671432547	3.32907089608092	0.0512954539296271	0.0251701969444552
1.43878242206156	-0.207621380043867	0.0218355724143169	0.0104142397331152	3.11491484144095	0.0460974840673538	0.0227719222796629
1.44878242206156	-0.177549587479548	0.0222717661508128	0.0106303775643207	2.89920992751279	0.0411903868226786	0.0204754473705251
1.45878242206156	-0.14964141101538	0.0226603689152098	0.0108242000618944	2.68223466000937	0.0365824990970776	0.0183089982359604
1.46878242206156	-0.123908323453724	0.0230044523898455	0.010997023180183	2.46422916035784	0.0322886873594124	0.016275680330237
1.47878242206156	-0.10035957207424	0.0233071919732427	0.0111502195838092	2.24539850115571	0.028318126738288	0.0143774660874737
1.48878242206156	-0.0790025182542446	0.0235718238929024	0.0112851830883993	2.02591604641469	0.0246647993693954	0.012634060929901
1.49878242206156	-0.059842948747629	0.0238015738514098	0.0114033540324005	1.80592297224856	0.0213417969856578	0.0110175097877398
1.50878242206156	-0.0428853653245773	0.0239996487724687	0.0115061301741836	1.58553564240369	0.0183315895820951	0.00954868622062708
1.51878242206156	-0.028133240178466	0.024169168797347	0.0115949000339629	1.36484499677346	0.0156246059818916	0.0082237651092683
1.52878242206156	-0.0155892448199905	0.024313133733595	0.0116710176838142	1.14392000986332	0.013214288001086	0.00702453023668016
1.53878242206156	-0.00525544957752261	0.0244343998056097	0.0117357655654555	0.922812092114705	0.0110824637329359	0.00594732255189036
1.54878242206156	0.00286650889644912	0.0245356434509369	0.0117903499805376	0.701557438391326	0.00920751257623195	0.00498808439903051
1.55878242206156	0.00877529059598441	0.0246193319234415	0.0118358910227347	0.480179864433936	0.00756747998586423	0.00413709970997264
1.56878242206156	0.0124697458769231	0.0246877000572301	0.0118734078487199	0.258694061974971	0.00613880827899644	0.00338213957339533
1.57878242206156	0.0139488403872328	0.0247427296027609	0.01190380580521	0.0371088309349382	0.00489545043686333	0.00271082847071727
1.58878242206156	0.0132116113633625	0.0247861306842681	0.0119278658532736	-0.184569745908471	0.00380872092986597	0.00211154821358133
1.59878242206156	0.0102571554781175	0.0248193244098711	0.0119462377311675	-0.406335286074341	0.00284896947965968	0.00157079087603456
1.60878242206156	0.0050846481115593	0.0248434290347486	0.0119594318549007	-0.628177917992286	0.0019854723894896	0.00107390903375753
1.61878242206156	-0.00230660573475452	0.0248592482382255	0.0119678124177423	-0.850081086679385	0.00118636148602173	0.000605767214916104
1.62878242206156	-0.0119170887891907	0.0248672613343522	0.0119715918283976	-1.07201836759155	0.000418709932882282	0.000151076392501096
1.63878242206156	-0.0237469570728599	0.0248676152801697	0.0119708266672815	-1.29395030548667	-0.000351091659789808	-0.000305831404242728
1.64878242206156	-0.0377958937222645	0.0248601187874446	0.0119654146414809	-1.51582125007895	-0.00115706295189886	-0.000781013518255274
1.65878242206156	-0.054062931203322	0.0248442386596942	0.0119550925414619	-1.73755619738616	-0.0020335008501928	-0.00129062662540574
1.66878242206156	-0.0725462421843932	0.0248190983701918	0.0119394355813739	-1.95905767406081	-0.00301476802797816	-0.00185073716628421
1.67878242206156	-0.0932428995616705	0.0247834791474726	0.0119178582077741	-2.18020268585144	-0.00413502599049895	-0.0024771696886057
1.68878242206156	-0.116148606397053	0.0247358238462566	0.0118896166197642	-2.40083976643636	-0.00542784420098174	-0.00318550747968396
1.69878242206156	-0.14125739687012	0.024674243948122	0.0118538132809775	-2.62078617076835	-0.00692561086164122	-0.0039913729320543
1.70878242206156	-0.168561309802273	0.0245965305185115	0.0118094029225718	-2.83982521098132	-0.0086592582141135	-0.00490998721983223
1.71878242206156	-0.198050036914508	0.0245001711672491	0.0117551972962977	-3.05770359028313	-0.0106604583116413	-0.00595084892102857
1.72878242206156	-0.229710547266899	0.0243823611116564	0.0116898928320644	-3.27413039269295	-0.0129488742055253	-0.00714106467942855
1.73878242206156	-0.263526695095017	0.0242400520899309	0.0116120382596453	-3.48877224776659	-0.0155649936465211	-0.00846077739618369
1.74878242206156	-0.299478806269206	0.0240699445582714	0.0115201254051987	-3.701256956685	-0.0185153562333543	-0.00994719150549291
1.75878242206156	-0.337543260790091	0.0238685617262098	0.0114125374130119	-3.91116791901647	-0.0218236881275047	-0.011594557394328
1.76878242206156	-0.377692064428216	0.0236322701284728	0.0112876156634368	-4.11804686769869	-0.0254978905180661	-0.0134161464273128
1.77878242206156	-0.419892424561378	0.0233573415224802	0.0111436631692307	-4.3213928407133	-0.0295454888022744	-0.0154128883343031
1.78878242206156	-0.464106333688281	0.0230400152881482	0.0109789629950598	-4.52066271552024	-0.0339803392727967	-0.0175588898761311
1.79878242206156	-0.51029016589856	0.0226765319672157	0.0107918673198559	-4.71527711076811	-0.0387799463623013	-0.0198821699943557
1.80158886619419	-0.523598775598366	0.0225657231854075	0.0107351170402759	-4.76897472692054	-0.0401883498287678	-0.0205699725575125
1.81158886619419	-0.576687405204948	0.0121841778475388	0.0544670428696388	-5.93854051121454	-0.542057404792986	5.67358387237906
1.82158886619419	-0.642846096139816	0.0205799675734847	0.105644590078854	-7.28636792583407	2.19308950091548	4.59870804271582
1.83158886619419	-0.722239910060189	0.0554451001199475	0.147071873278018	-8.57997749993323	4.73967499746885	3.72372197093697
1.84158886619419	-0.811851910004873	0.108029965375647	0.18535309831034	-9.18908226531648	5.51107160652899	3.8453467923327
1.85158886619419	-0.903904619691409	0.162170458263215	0.222342474444699	-9.15194652921384	5.20058324376488	3.50312157412217
1.86158886619419	-0.994011037274139	0.210604008985594	0.254738936740708	-8.84444216745922	4.44485953593962	2.96135640446616
1.87158886619419	-1.08054753623998	0.250690385472951	0.281439053720719	-8.45969076988113	3.56929667974335	2.37995276732553
1.88158886619419	-1.16325146479715	0.282120371667982	0.302464575555307	-8.08720847486209	2.72978408645619	1.83555982893508
1.89158886619419	-1.24245748380558	0.305643577460834	0.318364227365355	-7.76344880780065	1.99446475830524	1.35765423978267
1.90029511495005	-1.30899693899585	0.320587861773531	0.328617031623612	-7.52960392000267	1.45478023668418	1.00747208058788
1.91029511495005	-1.38141194291965	0.34678630197637	0.294265054604252	-6.79700494002429	2.39893481110317	-5.20236785466835
1.92029511495005	-1.44355309021056	0.356800156279185	0.247196932834452	-5.62373725059168	-0.388788132389999	-4.23691280724278
1.93029511495005	-1.49372894815447	0.339184435778063	0.208896844472849	-4.40308149160444	-3.12839952524606	-3.45165692425629
1.94029511495005	-1.53180724439932	0.295570747195293	0.176324308036559	-3.32230506384242	-5.24505347278638	-3.36103502118005
1.95029511495005	-1.5630832698119	0.240071999956304	0.141746723286276	-3.05008768585145	-5.66633749857557	-3.452231023219
1.96029511495005	-1.59458216528676	0.185084202341758	0.108751076586203	-3.31221647680381	-5.2314545535477	-3.09770567424967
1.97029511495005	-1.63014136077205	0.136741628662573	0.0803973039722642	-3.82178681990295	-4.40038796730726	-2.56072548369913
1.98029511495005	-1.67118224736664	0.0973524951002877	0.0576118341490783	-4.3839266959774	-3.47879297604402	-2.0040728214974
1.99029511495005	-1.71762797547701	0.0668936488459573	0.0401211429650162	-4.89075659195711	-2.63362239036069	-1.5078467508005
2.00029511495005	-1.76865931968303	0.0442048863438103	0.0271298921444833	-5.297223257911	-1.93053502212062	-1.10560878882944
2.01029511495005	-1.82320589211853	0.0277605578091601	0.0177053465432071	-5.5942869571897	-1.38327486322647	-0.794153841382832
2.01196760987418	-1.83259571459405	0.0255120624934706	0.0164143243734767	-5.63377970419851	-1.30604807840896	-0.750266307436446
2.02196760987418	-1.88461417426247	0.0221306852087592	-0.03237867061818	-4.67358129224345	-0.909116443987377	-5.83207316358772
2.03196760987418	-1.92563994608743	-5.04961466204872e-05	-0.084811227382236	-3.53719027506956	-3.49899664877236	-4.69351267428198
2.04196760987418	-1.95572650461385	-0.0465100386224621	-0.127713842850377	-2.57983397254067	-5.48116204295077	-4.16284274405665
2.05196760987418	-1.9802968253253	-0.103329224777906	-0.168934234374116	-2.4491131234013	-5.69282095972876	-3.99960265757726
2.06196760987418	-2.00622980837768	-0.15784050376432	-0.206608710912354	-2.78293060288682	-5.13027657973252	-3.50761086261917
2.07196760987418	-2.03643860243295	-0.205060132138568	-0.238771739322013	-3.26708597450212	-4.29473132890908	-2.92175044128275
2.08196760987418	-2.07153629904546	-0.243667895992877	-0.265136539696602	-3.74334981816016	-3.43617416012796	-2.35851212057444
2.09196760987418	-2.11104481797584	-0.274079554380696	-0.286183119808889	-4.14264350530605	-2.66578172258608	-1.86354037453915
2.10196760987418	-2.15405409323148	-0.297410149905072	-0.302680976869268	-4.44202367962916	-2.02299805074336	-1.44890826952351
2.11196760987418	-2.19955134197266	-0.314964474567174	-0.31545215835114	-4.64122606866276	-1.50959159869413	-1.11705058553839
2.12196760987418	-2.24657603442134	-0.32799400967898	-0.325272867277931	-4.74961262667642	-1.11482833830159	-0.858180997693347
2.13196760987418	-2.29428498200695	-0.337598838151984	-0.332821077370415	-4.78047529593786	-0.821053033017293	-0.661451004695215
2.14196760987418	-2.34197330680883	-0.344692537095463	-0.338663433231677	-4.74774230730288	-0.609756733522807	-0.51463970311456
2.15196760987418	-2.3890724320988	-0.350003895339263	-0.343253104070529	-4.66468830042876	-0.461856723846557	-0.409026121627179
2.16196760987418	-2.43513759324152	-0.354090521206629	-0.346945065705506	-4.54273051157137	-0.362272129984827	-0.333846038716936
2.17196760987418	-2.47982976559305	-0.357365509121607	-0.350005776667977	-4.39151747822863	-0.297693817712719	-0.281325980118297
2.18196760987418	-2.52289678765537	-0.360123373706844	-0.352629490961555	-4.21884694740847	-0.257280720975419	-0.245530548746983
2.19196760987418	-2.56415542242666	-0.362564935469015	-0.35495426514562	-4.03072725797846	-0.233193608276669	-0.220940546041644
2.20196760987418	-2.60347528723294	-0.364820959176435	-0.357073757067268	-3.83174777032627	-0.219321453598937	-0.203944086411348
2.20579566516604	-2.6179938779916	-0.36565348629231	-0.35784449184763	-3.75344658740264	-0.215754730599977	-0.198858334943963
2.21579566516604	-2.65605762550778	-0.380794884148762	-0.320115455300109	-3.98571775512836	-1.67069474950403	5.57029338416861
2.22579566516604	-2.69892152687198	-0.387109149394352	-0.269694942182795	-4.58006307681197	0.388649038035422	4.53290753404019
2.23579566516604	-2.74753722633848	-0.373502505211512	-0.2287601107556	-5.13883827645192	2.31356472405744	3.68512834339842
2.24579566516604	-2.80164665798527	-0.341132121363985	-0.195446012899527	-5.68189419932049	4.14886319241702	3.00325065785948
2.25579566516604	-2.86046756442058	-0.292958242629708	-0.166187738876605	-5.96353932595268	5.18352005516904	3.01000594495827
2.26579566516604	-2.91892886124431	-0.240977065661493	-0.136273285099615	-5.65622954744435	5.09468145738896	2.9098935612222
2.27579566516604	-2.97257310404406	-0.192744050894917	-0.108848758388299	-5.04030308539201	4.49830922347898	2.54749965360425
2.28579566516604	-3.01937195532015	-0.151631702073774	-0.0856113002250444	-4.31280075854681	3.71187268642417	2.09522110879356
2.29579566516604	-3.05885280829333	-0.118494655921925	-0.0669087108951404	-3.59034169259782	2.9253962976824	1.6525407316065
2.30579566516604	-3.0913867522591	-0.0928050047547247	-0.0523769726552335	-2.92897261677527	2.23187107598449	1.26515159171385
2.31579566516604	-3.11769849183731	-0.0734427466603726	-0.0413664648938899	-2.34686214479366	1.6618924433721	0.948539006057084
2.32579566516604	-3.138583716116	-0.0591583583721959	-0.0331768166899978	-1.84243116587726	1.21440611852697	0.699961476942777
2.33579566516604	-3.15477247486817	-0.0487976953863533	-0.0271707759813998	-1.40553836353638	0.873859512932755	0.510309579990613
2.34579566516604	-3.16687788906998	-0.0413885487359638	-0.0228146133774446	-1.02363484050916	0.620519934045834	0.368662715656114
2.35579566516604	-3.17538862858589	-0.0361554241679488	-0.0196819576990909	-0.684748560719611	0.435973383083834	0.26339542600821
2.36579566516604	-3.18068108859093	-0.0324997644609625	-0.0174459753173341	-0.378431775305977	0.302698518347218	0.187691586363648
2.37579566516604	-3.18303788968821	-0.0299730340910449	-0.0158581047798717	-0.0963695086666876	0.20809961161385	0.132949224721839
2.38579566516604	-3.18266733154218	-0.0282441902918078	-0.0147351004985312	0.167986389427618	0.141636116475968	0.0938635905625632
2.39579566516604	-3.17972051359654	-0.0270730524237872	-0.0139428193971139	0.419592792711376	0.0954355030067829	0.066184301797125
2.40579566516604	-3.17430559671922	-0.0262875089687285	-0.013384182104453	0.662129991330904	0.0636776472602811	0.0467046268725989
2.41579566516604	-3.16649912017599	-0.0257655107484956	-0.0129895572342854	0.898284946019969	0.0421038295111937	0.0330975227453206
2.42579566516604	-3.15635472480491	-0.0254213263462406	-0.0127092204143837	1.12998008717815	0.0277136392750008	0.0235588849696595
2.43579566516604	-3.14390977156679	-0.025195031230737	-0.0125080657424892	1.35858240560516	0.0182385159114865	0.0170650779799748
2.44579566516604	-3.12919025521118	-0.0250451019101496	-0.0123610365551132	1.5850204058861	0.0122195113555545	0.0126358059912873
2.45579566516604	-3.11221448157818	-0.0249427036481731	-0.0122504331316422	1.80991553928151	0.00858985965452922	0.00969300237569876
2.46428860499449	-3.09603526034604	-0.0248779192832916	-0.0121755690597378	2.00000000000063	0.00683772566960044	0.00804773082820904
2.47428860499449	-3.07491986599381	-0.0248150638010995	-0.0121016753251728	2.22292959565517	0.0059072769758661	0.00684901555866443
2.48428860499449	-3.05157955989712	-0.0247567472827127	-0.0120366146514362	2.44498870846947	0.00588279899089772	0.00625616741805498
2.49428860499449	-3.02602302977137	-0.0246950867376	-0.011975091282624	2.66616399264406	0.00655236851852643	0.0061126668297198
2.50428860499449	-2.99825954459514	-0.0246239409683765	-0.0119130066742307	2.88635644432461	0.00776264083196461	0.00635505230033304
2.51428860499449	-2.96829975446685	-0.0245382670856691	-0.011846991992957	3.10539066295881	0.00944440536146367	0.00689716338238214
2.52428860499449	-2.93615638125832	-0.0244336349689768	-0.0117741980554465	3.32302817855113	0.0115500069019689	0.00770377201548365
2.53428860499449	-2.90184482937182	-0.0243059426567848	-0.0116920935121537	3.53897218795839	0.0140550779499987	0.00875427141550395
2.54428860499449	-2.86538374742392	-0.0241512342360625	-0.011598343718013	3.75287139230792	0.0169513752881767	0.0100332472646449
2.55428860499449	-2.82679555638344	-0.0239655960781103	-0.0114907349554919	3.96432263216232	0.0202419943712841	0.0115232603198204
2.56428860499449	-2.78610695385353	-0.0237451018370897	-0.0113671441257846	4.17287380331794	0.023928748228007	0.013217425529577
2.57428860499449	-2.74334939763929	-0.0234857961649779	-0.0112255338512942	4.37802677838841	0.0279992082527859	0.0151359043249675
2.58428860499449	-2.69855956424371	-0.0231837496796296	-0.0110638828960235	4.57923509772797	0.0324739582289472	0.017228713655385
2.59428860499449	-2.65177979065627	-0.022835048435369	-0.0108802961491304	4.77591328095763	0.03733282490664	0.0195132316385768
2.60428860499449	-2.60305847781052	-0.0224358864262919	-0.0106729554011775	4.9674355873962	0.0425639471297533	0.0219763411655742
2.61428860499449	-2.55245046061036	-0.0219826223750467	-0.0104401676216995	5.15314165609539	0.0481469602288208	0.024604406369982
2.62428860499449	-2.50001733045754	-0.0214718575221433	-0.0101803927414368	5.33234139044877	0.0540545605199474	0.0273786580654784
2.63428860499449	-2.44582770259905	-0.0209005138491309	-0.00989228289318233	5.50432138930793	0.0602478560514951	0.0302832809260327
2.64428860499449	-2.38995741712708	-0.0202659271670703	-0.00957469816780693	5.66835071086158	0.0666897211349306	0.0332795390587958
2.65428860499449	-2.33248966666838	-0.0195659255411794	-0.00922674859522545	5.82368935574962	0.0733388349305731	0.0363178003053044
2.66428860499449	-2.27351504349837	-0.0187988724292915	-0.00884789518915421	5.96960167520596	0.0800994610572581	0.0394355023075546
2.67428860499449	-2.21313148568014	-0.0179638086442404	-0.00843784472575496	6.10535699028126	0.0869189418010008	0.0425713280870223
2.68428860499449	-2.15144413532597	-0.0170604772450889	-0.00799664722530539	6.23024461600148	0.0937344221400858	0.0456703925476356
2.69428860499449	-2.08856509140752	-0.0160893692622215	-0.00752472456861639	6.34358505092103	0.100465567122496	0.0487014579644154
2.70428860499449	-2.0246130570766	-0.0150517622856363	-0.00702287825117032	6.44474036992042	0.107017580110015	0.0516548102534018
2.71428860499449	-1.95971287835166	-0.0139497842030479	-0.00649220976485232	6.53311916688314	0.113342396544693	0.0544284840462813
2.72428860499449	-1.89399499328108	-0.012786321893737	-0.00593429748066401	6.60819871287684	0.119307589351239	0.0570850636394406
2.73428860499449	-1.82759476595371	-0.0115651146764059	-0.00535097388107555	6.66952031290796	0.124850174019664	0.0595598817812804
2.74428860499449	-1.76065174473248	-0.0102906947168278	-0.00474435361928233	6.71670092024606	0.129942263445463	0.0617314895629689
2.75428860499449	-1.69330885004372	-0.00896823813832219	-0.00411699151003153	6.7494526379056	0.134456913378945	0.0636841098581179
2.76428860499449	-1.62571147762867	-0.00760363158889922	-0.00347158655863195	6.76757090823769	0.138359412275708	0.0653429044042221
2.77428860499449	-1.55800657397413	-0.00620330936652726	-0.0028110937494153	6.77094855255486	0.141597949620211	0.066687678184274
2.78428860499449	-1.49034167514508	-0.00477415016893931	-0.00213869269942853	6.75957872484679	0.144095233934742	0.0677715227622885
2.79428860499449	-1.42286392306956	-0.00332348559251372	-0.00145751959991992	6.7335403761215	0.145910074794982	0.068411415068717
2.80428860499449	-1.35571911931902	-0.0018587758803459	-0.00077102578728299	6.69302366292502	0.146941854230914	0.0687584286127193
2.81428860499449	-1.28905077029687	-0.000387664672514962	-8.25996141908098e-05	6.63830441227465	0.147170549071597	0.0688357785753518
2.82428860499449	-1.22299919276126	0.0010821403716761	0.000604475800767748	6.56973916181898	0.146652948432827	0.0685457091469894
2.83428860499449	-1.15770069030462	0.0025430939772136	0.00128685144507435	6.48777272310426	0.14536491706347	0.067972230164004
2.84428860499449	-1.09328677903696	0.00398774898021978	0.00196148767723629	6.39290779994675	0.143443085348517	0.0669140333529262
2.85428860499449	-1.02988354472177	0.00540916576359526	0.00262509858700991	6.28573534276168	0.140751769975835	0.0657164582506026
2.86428860499449	-0.96761103232103	0.00680061209093096	0.00327494003735741	6.1668742922948	0.137430292209743	0.0642149548173983
2.87428860499449	-0.906582799412239	0.00815591838883299	0.0039083092376287	6.03699642570073	0.133506083900257	0.0624774465363205
2.88428860499449	-0.846905538035218	0.00946941009698804	0.00452283040011088	5.89679831730471	0.129083008056731	0.0604387202648663
2.89428860499449	-0.788678825465702	0.0107360730082375	0.00511626181066618	5.74700498338404	0.124184934186573	0.0581986549218643
2.90428860499449	-0.731994962758718	0.0119515271806048	0.00568664129813776	5.58835101171891	0.118848955614464	0.0558396604640631
2.91428860499449	-0.676938915028663	0.0131120139347055	0.00623237621687573	5.42156564965667	0.113181696243466	0.0533152713911391
2.92428860499449	-0.623588355770927	0.0142144937352224	0.00675209087696839	5.24737452656379	0.107242432377383	0.0506723668199964
2.93428860499449	-0.572013780706094	0.0152565704533279	0.00724478034850435	5.06648155218492	0.10115237599243	0.0478380237159487
2.94428860499449	-0.522278718999084	0.0162366492141964	0.00770948865052392	4.87958325195822	0.0948609107655318	0.0450672038528219
2.95428860499449	-0.474439968990936	0.0171536458159893	0.00814582663080136	4.6873278925105	0.0885257268062143	0.0422084606867935
2.96428860499449	-0.428547935244688	0.0180072008053964	0.00855349705626631	4.49034164434439	0.0821731606218094	0.0393560554071911
2.97428860499449	-0.384646973172864	0.0187974925045687	0.00893257337790599	4.28920531173102	0.0759093939349754	0.0364415339957119
2.98428860499449	-0.342775795544781	0.0195253535941597	0.00928317836168738	4.08447190357287	0.0696970791857524	0.0336624627558838
2.99428860499449	-0.302967868209326	0.0201920057519751	0.00960588535973972	3.87663677672307	0.0636597206037229	0.0308951375507125
3.00428860499449	-0.265251858187392	0.0207992000078874	0.00990132839887026	3.66616127553211	0.0578118728535137	0.0282132907826115
3.01428860499449	-0.229652061170168	0.0213490567761803	0.0101703833789357	3.4534589369376	0.0522062297970266	0.0256042532571221
3.02428860499449	-0.196188843658045	0.0218440696942246	0.0104140292578435	3.23890363675655	0.0468488084436328	0.0231319543039177
3.03428860499449	-0.164879067101418	0.0222869866507573	0.0106334436229172	3.02282262822127	0.0417853829765371	0.0207703777068778
3.04428860499449	-0.135736510114361	0.022680802862316	0.0108298825454729	2.80550443365892	0.0370313268569809	0.0185387805981414
3.05428860499449	-0.108772267569739	0.0230286841925436	0.0110046969275128	2.58719803543913	0.0326008895870281	0.0164456103021109
3.06428860499449	-0.0839951313267908	0.0233339136990802	0.0111593078279222	2.36811514890008	0.0285064990967131	0.0144903033077081
3.07428860499449	-0.0614119488778722	0.0235998532504111	0.0112951580233766	2.14843438094197	0.0247403991783283	0.0126992256230888
3.08428860499449	-0.0410279524076701	0.0238298642084499	0.0114137486567688	1.92829996469747	0.0213176745248053	0.011043502340374
3.09428860499449	-0.0228470666958022	0.0240272982190822	0.0115165481448876	1.70782923920835	0.0182255766216016	0.00953734829734143
3.10428860499449	-0.00687218305011107	0.0241954331226799	0.0116050144483232	1.48711275129883	0.0154545287101369	0.00817915936883028
3.11428860499449	0.00689459398361122	0.0243374375602975	0.0116805701902507	1.26621766760672	0.0129938755225409	0.00696051392974605
3.12428860499449	0.0184517303132457	0.0244563366427578	0.0117445839235886	1.04519091970456	0.0108311101591208	0.0058684781153847
3.13428860499449	0.0277980761139309	0.0245549863440428	0.0117983426778745	0.824063057658641	0.00894372814651239	0.00490209273899701
3.14428860499449	0.0349327116014601	0.0246360392933394	0.0118430489394119	0.60285058839007	0.00730782489453795	0.00405658528775207
3.15428860499449	0.0398548236385254	0.0247019160295905	0.0118798145701501	0.38155862286757	0.00590344680090208	0.00331379350746063
3.16428860499449	0.042563612398092	0.0247547910313485	0.0119096333454951	0.160185049743487	0.00470338017012089	0.00266443250514057
3.17428860499449	0.0430582304207106	0.0247965689165029	0.0119333789332882	-0.0612768958342954	0.00367950935097777	0.0020964797949129
3.18428860499449	0.0413377525589059	0.0248288678864178	0.011951794963555	-0.282835445166524	0.00280251103173432	0.00159634257219846
3.19428860499449	0.0374011773623457	0.0248530052728551	0.0119654866030439	-0.504497121696922	0.00204178565406454	0.0011495230595932
3.20428860499449	0.031247460012401	0.0248699850883448	0.0119749134087427	-0.726263566467975	0.00136550451574782	0.000741023479487002
3.21428860499449	0.0228755769362408	0.0248804874068486	0.0119803834692708	-0.948128366071443	0.000740812484502941	0.000355424503939444
3.22428860499449	0.0122846222023823	0.0248848597129137	0.0119820483656694	-1.17007385454066	0.000133864610125103	-2.27299235471084e-05
3.23428860499449	-0.000526064146960491	0.0248831095439277	0.0119799001891001	-1.39206797582612	-0.000489400231884039	-0.000409964521644794
3.24428860499449	-0.0155567359324561	0.02487489994571	0.0119737678081863	-1.61406102494748	-0.00116381362395473	-0.000822327814553498
3.25428860499449	-0.0328070487305152	0.0248595458702255	0.0119633162721473	-1.8359825356029	-0.00192407357878045	-0.00127661648710151
3.26428860499449	-0.0522758362343515	0.0248360136836185	0.0119480456664336	-2.05773807972268	-0.00280513354983326	-0.00178905130960081
3.27428860499449	-0.0739608553748308	0.0248029223902741	0.0119272927882907	-2.2792062191031	-0.00384152940949062	-0.00237592021610836
3.28428860499449	-0.0978585010477734	0.0247585481909303	0.0119002333996597	-2.50023547981132	-0.00506739762410464	-0.00305279359682506
3.29428860499449	-0.123963491451907	0.0247008318715631	0.0118658870789133	-2.7206415102117	-0.00651585806257209	-0.00383484979060938
3.30428860499449	-0.15226852559287	0.024627389794728	0.0118231243896043	-2.94020443629289	-0.00821813056992923	-0.00473758656423757
3.31428860499449	-0.182763915268015	0.0245355318998409	0.0117706711244369	-3.15866610435046	-0.0102063773167453	-0.00577022215463912
3.32428860499449	-0.215437192870209	0.0244222729072329	0.0117071375804177	-3.3757291240096	-0.0125001085574596	-0.00696061072063698
3.33428860499449	-0.250272702156799	0.0242843787611047	0.0116309932890946	-3.59105245887486	-0.0151342379017284	-0.00829981698615269
3.34428860499449	-0.28725116944221	0.0241183763828981	0.0115406270061033	-3.80425295620044	-0.0181272131722645	-0.00980197189375964
3.35428860499449	-0.326349267022427	0.0239206024899203	0.0114343470903831	-4.01490322618074	-0.0214947603891794	-0.0114761892570526
3.36428860499449	-0.367539170749721	0.0236872493615573	0.011310404330565	-4.22253142230029	-0.0252496354960092	-0.0133253727153231
3.37428860499449	-0.410788118061365	0.0234144042908326	0.0111670436868267	-4.42662344699938	-0.0293826627848401	-0.015381043370344
3.38428860499449	-0.456057980733117	0.0230981558563447	0.0110024441291308	-4.62661827809463	-0.0339274889211426	-0.0175769995786721
3.39428860499449	-0.503304843920819	0.0227345842356249	0.0108148975206308	-4.82191992559804	-0.0388534978944192	-0.0199540141409313
3.39846260237655	-0.523598775598299	0.0225679189013235	0.0107294281561008	-4.90190041066488	-0.0410175769810408	-0.0210009750782658
3.40846260237655	-0.578013696253151	0.012174200583225	0.0544528888814836	-6.07078607464328	-0.543986867376055	5.67269767015249
3.41846260237655	-0.645488936963423	0.020541581142293	0.105616789268865	-7.41728119000032	2.18901334895231	4.59695869710608
3.42846260237655	-0.726179994996812	0.0553435643862211	0.147026002751655	-8.70652284156744	4.72131728878244	3.7357367362651
3.43846260237655	-0.817071116379857	0.107845347421509	0.18525478193713	-9.31757938581737	5.50591540030895	3.83542516407289
3.44846260237655	-0.910405501795523	0.161915123932148	0.222175736452933	-9.28002325164804	5.19512606471478	3.4921726116676
3.45846260237655	-1.00178472897629	0.21026751802368	0.254493621475235	-8.97106000259099	4.43606257618876	2.95274241352701
3.46846260237655	-1.08957882128297	0.250254805591227	0.281107320642647	-8.58454395251385	3.55837830949537	2.3711792703465
3.47846260237655	-1.17352165916852	0.281569059073112	0.302040704861503	-8.21026196631726	2.7188704115644	1.82375793421116
3.48846260237655	-1.25394645164256	0.304969003142234	0.317839334726736	-7.88420854245328	1.98146128780874	1.34820772317729
3.4955346419468	-1.30899693899575	0.317369180234181	0.326326146396176	-7.6892739388235	1.53590760962712	1.05886386332901
3.5055346419468	-1.38297079630783	0.344382550332934	0.292298485485885	-6.94866154966417	2.47022234010454	-5.16635838928091
3.5155346419468	-1.44659320071757	0.355047026846938	0.245562773784009	-5.76819986642563	-0.329831364701035	-4.20670533265762
3.5255346419468	-1.49817449389894	0.337958353905291	0.207539296175141	-4.53962402902855	-3.08179211011356	-3.42663158886809
3.5355346419468	-1.53756799419613	0.294721663843788	0.175222415354219	-3.44752033797545	-5.21839935518782	-3.3352692977483
3.5455346419468	-1.57004290254878	0.239421861700851	0.140856957682441	-3.16532040171537	-5.65204966788236	-3.4348868911692
3.5555346419468	-1.6026585475697	0.184539028971867	0.108007848417646	-3.42079030600898	-5.22388239374518	-3.08555676489156
3.5655346419468	-1.63927925843057	0.136252485224763	0.0797611475978583	-3.92576909691219	-4.3964179891195	-2.55100750339538
3.5755346419468	-1.6813423701283	0.0968965337268195	0.0570603771752837	-4.48450235939387	-3.47602769399712	-1.99647231731342
3.5855346419468	-1.72877888112663	0.0664625472177861	0.0396394733675896	-4.98835514961134	-2.63153040599181	-1.50102853740725
3.5955346419468	-1.78077195968585	0.0437955538817683	0.0267083969093148	-5.39195232022149	-1.92835471882132	-1.10016911861478
3.60489092309119	-1.83259571459405	0.0282709628677827	0.0178488306033727	-5.67024664196259	-1.41204627631153	-0.80683634205656
3.61489092309119	-1.88495609656427	0.0236885558391087	-0.0312802329596531	-4.70556958385383	-1.04439497921763	-5.83971565332503
3.62489092309119	-1.92629311603761	0.000131691032940668	-0.0837723141988109	-3.56781851671456	-3.63867390817723	-4.69670489373604
3.63489092309119	-1.95676088568201	-0.0474905064617041	-0.126915994276227	-2.63929990351109	-5.54499288710865	-4.21245712311384
3.64489092309119	-1.98212685116212	-0.104633014625042	-0.168455404494737	-2.54493665383825	-5.70027301757646	-4.01590471876104
3.65489092309119	-2.00912144651766	-0.159056579569848	-0.206203555593235	-2.89708054759837	-5.10917624370658	-3.50748931325124
3.66489092309119	-2.04051578581556	-0.205998971575108	-0.238316287950909	-3.38881638812967	-4.26152963670526	-2.91452729850899
3.67489092309119	-2.0768410715705	-0.244263398406701	-0.26457802614008	-3.86648404620933	-3.40113788224714	-2.34688549422686
3.68489092309119	-2.11757401673954	-0.274332697966622	-0.285504366074622	-4.26400826187456	-2.63290529560662	-1.85137791722684
3.69489092309119	-2.16178079890193	-0.297354454223125	-0.301885475125975	-4.56005065160559	-1.99373502982542	-1.43897107479939
3.70489092309119	-2.20843720493716	-0.314646110407826	-0.314557085742768	-4.75501922053016	-1.48590621120172	-1.10801165573709
3.71489092309119	-2.2565779098246	-0.327464769340217	-0.324297590217942	-4.85902664633055	-1.09623966235038	-0.851320693357004
3.72489092309119	-2.30535939376708	-0.336908216111017	-0.331787526262288	-4.8855698271435	-0.80754318511506	-0.656175820207536
3.73489092309119	-2.35407870230275	-0.343886268588908	-0.337590853700898	-4.84890097163372	-0.600047318396009	-0.512040830118895
3.74489092309119	-2.40217082865287	-0.349120409652662	-0.342160336633594	-4.76223190613072	-0.455761472250914	-0.407979706149913
3.75489092309119	-2.44919504012207	-0.353161764990971	-0.345847549940573	-4.63705861724113	-0.359268800208489	-0.333774291273864
3.76489092309119	-2.49481644736391	-0.356417398437646	-0.348914923788854	-4.48311104559369	-0.296674387556108	-0.282774129638036
3.77489092309119	-2.53878701784933	-0.359175148436395	-0.351555077226539	-4.30805483251973	-0.257970180837694	-0.247721099626853
3.78489092309119	-2.58092716757157	-0.361630868087794	-0.353903212981825	-4.11788626745521	-0.235193447536211	-0.223514615933527
3.79409713357148	-2.6179938779915	-0.363734586561487	-0.355885938427322	-3.93340602011562	-0.222944751275431	-0.207994626142567
3.80409713357148	-2.65790669925961	-0.378898999922468	-0.318141387970778	-4.17724041087946	-1.64537907776476	5.5371343688795
3.81409713357148	-2.70272047780096	-0.384882631968726	-0.268045677757314	-4.77821520342447	0.42836095999248	4.50268155561558
3.82409713357148	-2.75334511844101	-0.370818380008892	-0.227390089047796	-5.34222271451985	2.36454292714832	3.66056934616897
3.83409713357148	-2.80951027689969	-0.337881077036459	-0.194310124885857	-5.88940513492469	4.21031877582983	2.98221187611956
3.84409713357148	-2.87028635042443	-0.289434162602553	-0.164966285950213	-6.14302630915854	5.17976175978173	3.02153428803791
3.85409713357148	-2.93042703169531	-0.237659061187986	-0.135040179463783	-5.81470151622203	5.06027834739734	2.90290415050025
3.86409713357148	-2.98559837189187	-0.189848509838658	-0.10774120618357	-5.18889811103338	4.45161586664078	2.52872863233924
3.87409713357148	-3.03386482874973	-0.149231964997241	-0.0846899321026325	-4.4587773456882	3.66177519532064	2.07579376331197
3.88409713357148	-3.07481183778619	-0.116579426063138	-0.0661790510494031	-3.7380917205571	2.87936980016833	1.63390265875984
3.89409713357148	-3.10884095338716	-0.0913177371959263	-0.0518213093826212	-3.08040653936008	2.19216942164047	1.24985999276707
3.90409713357148	-3.1366886730488	-0.0723123597900955	-0.0409552986809621	-2.50262322891606	1.63000498660111	0.93531766611411
3.91409713357148	-3.15915233654013	-0.0583130766720039	-0.0328813001933003	-2.00231058974834	1.18928545900444	0.689714834157348
3.92409713357148	-3.17695857757848	-0.0481739517117437	-0.0269639301378436	-1.56907757219982	0.854621555606917	0.502507820431692
3.93409713357148	-3.19071529977851	-0.0409331779129126	-0.0226736151995262	-1.19029579797456	0.606241715108036	0.362575474181147
3.94409713357148	-3.20090575445544	-0.0358252266158407	-0.019589418363489	-0.853951200830525	0.425104356144056	0.259634811138289
3.95409713357148	-3.20790127248375	-0.0322617397732303	-0.017387156318673	-0.549759567200449	0.294890472542133	0.184859148391491
3.96409713357148	-3.21198025433499	-0.0298016514418297	-0.015822833032779	-0.269412567015506	0.202397482811247	0.131164555724207
3.97409713357148	-3.21334744595999	-0.0281207566693757	-0.0147155291796685	-0.00647026576201855	0.137634453452949	0.0925228178595732
3.98409713357148	-3.2121510894209	-0.0269838684675872	-0.0139338239938368	0.243994445985705	0.0925403676018251	0.0653402403978373
3.99409713357148	-3.20849696814351	-0.0262230779083521	-0.0133821894825759	0.485602722631374	0.0615659990263038	0.0461331143199623
4.00409713357148	-3.2024596196476	-0.0257194802965802	-0.0129923799117524	0.721013882385312	0.0405189527883742	0.0326433319658216
4.01409713357148	-3.19409091020875	-0.0253897121297082	-0.0127158043462723	0.952141401921362	0.0263890822402103	0.0232394722184582
4.02409713357148	-3.18342651257689	-0.0251757725460512	-0.0125179918656655	1.18033886761455	0.0170592957193247	0.0167242255651938
4.03409713357148	-3.17049073362048	-0.0250375075102614	-0.0123745587363427	1.40654683251078	0.0110414872519772	0.0122624259242001
4.04409713357148	-3.15530008186808	-0.0249471996243566	-0.0122681923967877	1.63139773914639	0.00733361542937346	0.00921761011417242
4.05409713357148	-3.13786591113871	-0.0248856167577509	-0.0121866232808808	1.85530268034045	0.0052064820428699	0.00723728334980273
4.06057688978008	-3.12537505276135	-0.0248545440545994	-0.0121427063025177	2.00000000000001	0.00445413231620132	0.00636562231841472
