=========================== Parameters =====================================
l1 [m]	l2 [m]	l3 [m]	c1 [m]	c2 [m]	c3 [m]	m1 [kg]	m2 [kg]	m3 [kg]
0.22	0.22	0.2458	0.132	0.088	0.02458	0.1564	0.23764	0.1564
============================== Data ========================================
t [s]	th1 [rad]	th2 [rad]	th3 [rad]	th1d [rad/s]	th2d [rad/s]	th3d [rad/s]
0	0	0	0	0	0	0
0.01	-0.00189630039541301	0.00131132715431172	0.000283403717497989	-0.34568746196724	0.183449682289517	0.0506543008763435
0.02	-0.0066728823971056	0.00311974182969949	0.000806366242377255	-0.60613128629448	0.170317757820567	0.0503379175198561
0.03	-0.0139974336866959	0.0046693361500975	0.00126559806608223	-0.858763228161575	0.139581999826072	0.0413829071873269
0.04	-0.0238534295938568	0.0059238338271256	0.00163653158488052	-1.11279324930922	0.112152645794223	0.0330681575826536
0.05	-0.0362604059050264	0.00692918877601084	0.00193201120400825	-1.36892910137133	0.0897014305179477	0.0262810916478082
0.06	-0.0512378416096158	0.0077321638888658	0.00216659366681539	-1.62680974982295	0.0715308580845106	0.0208470530856271
0.07	-0.0688009388013912	0.00837136018371157	0.00235240675523066	-1.88598647950628	0.0568122042576298	0.0164947377532806
0.08	-0.0889604909989339	0.00887763937123529	0.00249911820095112	-2.1460325525525	0.0448452468164328	0.0129838232372402
0.09	-0.111723115997751	0.00927549840011768	0.00261430419457495	-2.40653309605099	0.0350412419158008	0.0101649530403556
0.1	-0.137091351515051	0.00958423150987126	0.00270396868790791	-2.66708740238334	0.0269536711749675	0.00785086430384916
0.11	-0.165063639913567	0.00981898718830524	0.00277271639857508	-2.92727344884088	0.0201923273132971	0.00595776723725811
0.12	-0.195634138736296	0.00999150854373488	0.00282414222288536	-3.18665389238441	0.0144621800775757	0.00437043009083738
0.13	-0.228792448885476	0.0101108139278835	0.00286095202549547	-3.44475352446411	0.00951237330718026	0.00302291303244446
0.14	-0.264523228475445	0.0101836950262243	0.00288517699820401	-3.70105753352047	0.00514627249052586	0.0018470409405483
0.15	-0.302805739864141	0.0102151497480467	0.00289828500838551	-3.95500144739739	0.00120317573809415	0.000791763525241483
0.16	-0.343613332771208	0.010208728631277	0.00290128980587002	-4.20596601214931	-0.0024480963942707	-0.000179823245707111
0.17	-0.386912882015679	0.0101668172327035	0.00289484982247553	-4.45327508110129	-0.00591004593733056	-0.00110226888881389
0.18	-0.432664201297245	0.0100908811913343	0.00287933149224454	-4.6961923325711	-0.00926500647990065	-0.0019991104853472
0.19	-0.480819444824035	0.00998166699576556	0.00285487790449586	-4.93392224565574	-0.0125752238074291	-0.00289097176400315
0.198499794083183	-0.523598775598307	0.00986283711121422	0.00282704980639425	-5.13127374373036	-0.0153878992362643	-0.0036579725432165
0.208499794083183	-0.583361552196435	0.022451687873151	0.048581238421627	-7.10846384281269	3.51913282301374	6.08375856350931
0.218499794083183	-0.663879305637612	0.0775860302542618	0.106440227761787	-8.46834884683302	6.24902318275949	5.61108464124544
0.228499794083183	-0.747969276145319	0.136413335406926	0.158327093094716	-8.28835990681212	5.37630980104958	4.72346100243663
0.238499794083183	-0.829399807604233	0.184560153864638	0.200945730838564	-8.00555148016885	4.27207910470863	3.82325263576558
0.248499794083183	-0.908322445008209	0.222452142318923	0.235302661797461	-7.79174409745459	3.33849625088648	3.07411188745286
0.258499794083183	-0.985470232548568	0.251944871346392	0.262895215479158	-7.6483900887191	2.58885828895344	2.46424843096904
0.268499794083183	-1.06146494646329	0.274724902847204	0.285011666573816	-7.55835136996377	1.99059523274265	1.97528594674162
0.278499794083183	-1.13676650074315	0.29216977387097	0.30271707840824	-7.50749983416778	1.51740101813015	1.57878731162857
0.288499794083183	-1.21170134342161	0.305398436640682	0.316864692131666	-7.48319340024551	1.14372417662248	1.26118501892227
0.298499794083183	-1.28648684376735	0.315312477922186	0.328151101921272	-7.4759818067131	0.850913115488817	1.00605309260286
0.30151077751443	-1.30899693899575	0.317761424449681	0.331076941273755	-7.47600345311521	0.776309619338762	0.939170314155923
0.31151077751443	-1.37637564233566	0.311185931788755	0.294874000149605	-5.73788861517426	-2.95279222392525	-5.33243129972483
0.32151077751443	-1.4253844717011	0.261354571271124	0.243446132752032	-4.55155787094033	-5.8299069475113	-5.04424113217331
0.33151077751443	-1.47214782672612	0.205671072913373	0.196510402796536	-4.88052194056195	-5.12473707995189	-4.29318722763913
0.34151077751443	-1.52342102552155	0.159825738326495	0.157791671885237	-5.36826038643325	-4.05619555322835	-3.47041979033099
0.35151077751443	-1.57922607629998	0.123943819481486	0.126643485964994	-5.77592763334559	-3.15449401003826	-2.7859523858544
0.36151077751443	-1.6385983127102	0.0960466162447903	0.101663045933113	-6.08310393232152	-2.45447082382207	-2.23264375539238
0.37151077751443	-1.70060150942395	0.0743193007670848	0.0816205563248153	-6.30471036377342	-1.91375893813579	-1.79381033113731
0.38151077751443	-1.76445201236312	0.057351843890086	0.0655151753500395	-6.4547685523301	-1.49705939748987	-1.44167370482816
0.39151077751443	-1.82949833995928	0.0440616262497035	0.05255894906137	-6.54556186489798	-1.17437237375655	-1.16080708826101
0.391983870528492	-1.83259571459405	0.0435092050321606	0.0520125538332582	-6.54851871020352	-1.16115995466517	-1.14876189711467
0.401983870528492	-1.89026786206073	0.018465677378715	-0.00163862946306309	-4.69077553151653	-4.84741755898857	-6.45956683494275
0.411983870528492	-1.93101065565316	-0.0438080121201602	-0.0639250303533337	-3.93180501265586	-6.49076605730622	-5.9540350255262
0.421983870528492	-1.97220315117165	-0.103761116460689	-0.118459084253961	-4.34044722334286	-5.41951315788747	-4.93444833905039
0.431983870528492	-2.01778222030366	-0.152175027862746	-0.162934201208269	-4.75823501859209	-4.29608215265416	-3.98527935333972
0.441983870528492	-2.06698981778823	-0.190394535233273	-0.198795919075239	-5.06373181569628	-3.38508926686461	-3.21230107304879
0.451983870528492	-2.11870095663747	-0.220534083042989	-0.227694836363629	-5.26212098928255	-2.67259340835079	-2.58974298004644
0.461983870528492	-2.17193705029915	-0.244370042694125	-0.251002944197688	-5.37165240279591	-2.11811058056603	-2.08935435682381
0.471983870528492	-2.22589444192439	-0.263302184343454	-0.269820976051743	-5.40906463099541	-1.68611488681385	-1.68967335027617
0.481983870528492	-2.27991964128221	-0.278420854284518	-0.285038484522097	-5.38721068923862	-1.35153667913842	-1.36606453194685
0.491983870528492	-2.33348009063553	-0.290580100535339	-0.297358645731363	-5.31779148796399	-1.09104086899768	-1.10802984786232
0.501983870528492	-2.38614437640545	-0.300441183728811	-0.307353407631118	-5.20936548839652	-0.889337382476764	-0.899378900698332
0.511983870528492	-2.437562010698	-0.308518840400263	-0.315476622487108	-5.06949021922008	-0.732658411637082	-0.731618820457654
0.521983870528492	-2.48744929967576	-0.315210348142892	-0.322093708278231	-4.90413928337397	-0.610772752300946	-0.596492886337175
0.531983870528492	-2.53557667858299	-0.320821907765462	-0.327497040902751	-4.7182439837089	-0.515477955236274	-0.487935933579092
0.541983870528492	-2.58175886418896	-0.325588013924499	-0.331922343921193	-4.51566400117605	-0.440868362583664	-0.399850712248714
0.55016614902535	-2.6179938779915	-0.328986236611645	-0.334947471978739	-4.33989143127984	-0.391414154769809	-0.341036809927728
0.56016614902535	-2.66569179593776	-0.323767804013399	-0.294535123890741	-5.45560703931426	2.33862018922288	5.37746243042956
0.57016614902535	-2.72720065678852	-0.280215472333665	-0.244436726855053	-6.48020412290522	5.48505267267225	4.85629713369147
0.58016614902535	-2.78996075335273	-0.226616560713878	-0.198853300123223	-5.97498275033582	5.00933044049585	4.19422461230681
0.59016614902535	-2.84609493190032	-0.181468743868331	-0.160889534075475	-5.25354229309124	4.02133658536676	3.41296363375931
0.60016614902535	-2.89525991348131	-0.145709863114219	-0.130203805929448	-4.59429363424493	3.16273869344062	2.74479136110667
0.61016614902535	-2.93825822064964	-0.117614541064304	-0.105529328841805	-4.01841375856014	2.48498105636062	2.20866719311985
0.62016614902535	-2.97585719099703	-0.0955078869738489	-0.0856824863780028	-3.5113248088072	1.95812422299133	1.77684638792557
0.63016614902535	-3.00865962939348	-0.0780682296767416	-0.0697081195419631	-3.056869555117	1.54678236532028	1.43026180102114
0.64016614902535	-3.03712793898615	-0.0642803355737979	-0.0568427120282056	-2.64272247668527	1.22384388840557	1.15273708418099
0.65016614902535	-3.06161858662003	-0.0533616724713164	-0.0464742223795606	-2.2599792345425	0.969902142901662	0.929206910318548
0.66016614902535	-3.08240902852018	-0.04470349051345	-0.0381143652512581	-1.90170868547773	0.769619858229351	0.749238730858253
0.67016614902535	-3.09971640429593	-0.0378302514370985	-0.0313713540676413	-1.56264026800862	0.611345237111479	0.604263351386947
0.68016614902535	-3.11371152926867	-0.0323687285928564	-0.0259310316769007	-1.23863876785625	0.485888341232038	0.487842813590494
0.69016614902535	-3.12452901454863	-0.0280257637635726	-0.0215397403168926	-0.926639796527434	0.386588520742028	0.393677730864882
0.70016614902535	-3.13227548567475	-0.0245696278212346	-0.0179947043917515	-0.624065880807516	0.307709107519575	0.31795362627581
0.71016614902535	-3.13703526978858	-0.0218175821312149	-0.015131889414172	-0.328999664519422	0.245099115434214	0.256795812375301
0.72016614902535	-3.13887525268368	-0.0196248771093343	-0.0128194857397422	-0.0398856960309875	0.195372132699645	0.20738105684019
0.73016614902535	-3.13784851645085	-0.0178767003397519	-0.0109514664218452	0.244531068555721	0.155783780883519	0.167618411399333
0.74016614902535	-3.13399715488336	-0.0164820889679247	-0.00944193288980517	0.525182159027096	0.124348904248733	0.135411388651155
0.75016614902535	-3.12735473635035	-0.0153685351753074	-0.00822201349552316	0.802854805152532	0.0993240147947404	0.109484032557539
0.76016614902535	-3.11794808929481	-0.014478408075497	-0.00723582331945964	1.07811674235809	0.0794585141877426	0.0885157873413874
0.77016614902535	-3.1057989472248	-0.0137656422015924	-0.00643836037864042	1.35141382547906	0.0637079485930115	0.0715757786438687
0.78016614902535	-3.09092526032514	-0.0131933567742706	-0.00579326927238192	1.62307057966208	0.0512383531546537	0.0579348109585007
0.79016614902535	-3.07334233356742	-0.0127319718648462	-0.00527104675648992	1.89328989889415	0.0414283624124646	0.0469196348053944
0.79412880078051	-3.06562839441539	-0.0125743802649414	-0.00509267578128075	2.00000000000019	0.0381567961482323	0.0431759736792254
0.80412880078051	-3.04428540428646	-0.0122289256513066	-0.0047031556942473	2.26838554360831	0.0312210438086483	0.0350444034998173
0.81412880078051	-3.02026508523603	-0.0119445057414854	-0.00438667605909349	2.53545688162838	0.0258961283240058	0.0285128269820535
0.82412880078051	-2.99358097795912	-0.0117065218130022	-0.0041287347025753	2.80111997912389	0.0218935822942361	0.0232878824186522
0.83412880078051	-2.96424797505924	-0.011502924526965	-0.00391749984691112	3.06519973122945	0.0189867337041762	0.0191332955919229
0.84412880078051	-2.93228312157348	-0.0113236709847207	-0.00374328021008407	3.32744047317147	0.0170003879809928	0.0158524635917582
0.85412880078051	-2.89770640838964	-0.011160289570385	-0.00359811644990111	3.58750849515652	0.0157947992832357	0.0132921525232337
0.86412880078051	-2.8605415587348	-0.0110055444312157	-0.00347544247043754	3.84499237367177	0.0152573614447978	0.0113350899480995
0.87412880078051	-2.82081680821146	-0.0108531847003373	-0.00336979005502089	4.09940015147944	0.0153057281088349	0.00987087155599733
0.88412880078051	-2.7785656868451	-0.01069773157847	-0.0032766039370013	4.35016459983737	0.0158684793970011	0.00882302428884785
0.89412880078051	-2.73382778427776	-0.0105343341446095	-0.00319205867569687	4.59664315196415	0.0168851387982364	0.00813493446472325
0.90412880078051	-2.68664949539192	-0.0103586692770262	-0.00311289928113235	4.83811731070576	0.0183116256619132	0.00774489723250243
0.91412880078051	-2.63708474181547	-0.0101668583010865	-0.00303635384873549	5.07379898453117	0.0201087038355885	0.00760320408213553
0.92412880078051	-2.58519564988361	-0.00995541378015472	-0.00296006705427976	5.30283761397309	0.0222328370470676	0.00768605534102134
0.93412880078051	-2.53105316465327	-0.00972122878413069	-0.00288199893136386	5.52432170203436	0.0246497939130196	0.00795702357412404
0.94412880078051	-2.47473759724362	-0.00946155946727447	-0.00280040106752825	5.73729038143302	0.0273231203236386	0.00838866838307755
0.95412880078051	-2.41633907579102	-0.00917403371121913	-0.00271377923140931	5.94074296346929	0.0302147081685509	0.00895782357835578
0.96412880078051	-2.35595788668185	-0.00885666786895895	-0.00262086600292107	6.13365049332425	0.0332852840700661	0.0096411709768464
0.97412880078051	-2.29370468816126	-0.00850788717346226	-0.00252061022217848	6.31497013013978	0.036491880968504	0.010419165677056
0.98412880078051	-2.22970057762703	-0.00812655214956296	-0.0024121716612809	6.48366065828259	0.0397868720545518	0.0112783932368613
0.99412880078051	-2.16407699771169	-0.00771199131024151	-0.00229489080633636	6.63869601983601	0.0431278103349771	0.0121869432133973
1.00412880078051	-2.09697547590162	-0.00726401386527091	-0.00216831906081265	6.77908688269108	0.0464654248477172	0.0131244950743021
1.01412880078051	-2.02854718306295	-0.0067829246472421	-0.00203222446840995	6.90389956068124	0.0497418164160024	0.0140880334887309
1.02412880078051	-1.95895230400265	-0.00626955146386455	-0.00188654232097659	7.01226770750132	0.0529112870892869	0.0150443420782241
1.03412880078051	-1.88835924106235	-0.00572522376623695	-0.00173143032086457	7.10341740317139	0.0559181973973872	0.0159850207976781
1.04412880078051	-1.8169436311046	-0.00515179056327421	-0.00156719572368694	7.17667405935959	0.0587274138612804	0.0168586694691
1.05412880078051	-1.74488723172371	-0.00455154813356195	-0.00139440529963687	7.23149332224929	0.0612757964642358	0.0176859391588143
1.06412880078051	-1.67237663802848	-0.00392725891780909	-0.00121375085742619	7.26745619826689	0.0635263858160104	0.018437326214511
1.07412880078051	-1.59960191412287	-0.00328208154800764	-0.00102609381052683	7.28428676021386	0.0654446478602402	0.019090996807212
1.08412880078051	-1.526755135704	-0.00261951651569216	-0.000832445290200023	7.28185826877168	0.0670003693381006	0.0196309539727203
1.09412880078051	-1.45402888665556	-0.00194333959178039	-0.000633950779654181	7.26019700790589	0.0681658105117406	0.0200532684385117
1.10412880078051	-1.38161474078746	-0.00125753750331825	-0.000431852211924551	7.21947978109094	0.0689220808686096	0.0203530110372417
1.11412880078051	-1.30970176788608	-0.000566237924044117	-0.000227450272420525	7.16002825338987	0.0692640670436681	0.0205138174468081
1.12412880078051	-1.23847510433473	0.000126380698977078	-2.21072885184022e-05	7.08230580464014	0.0691870601009437	0.0205390148696302
1.13412880078051	-1.16811460700079	0.000816155178977239	0.000182806178552002	6.98690358911722	0.06869685965098	0.0204279009883504
1.14412880078051	-1.09879363022813	0.00149901214659339	0.000385936850812499	6.87452772371047	0.067808086596595	0.0201789624842265
1.15412880078051	-1.03067794888306	0.00217104588888033	0.000585957817384008	6.74598666323654	0.0665353474209433	0.0198084100874914
1.16412880078051	-0.963924834322207	0.00282856390731678	0.000781631420748887	6.60216902926753	0.0649087268473801	0.0193129989110135
1.17412880078051	-0.898682315749112	0.00346815977478485	0.000971792088668572	6.44403151925967	0.0629555388618355	0.0187094435438872
1.18412880078051	-0.835088611400555	0.0040867465547997	0.00115539314722178	6.27257689653654	0.0607113340524315	0.0180068407143462
1.19412880078051	-0.773271745903577	0.00468159839184267	0.00133151119916026	6.08883773296886	0.0582140212923649	0.0172173876696424
1.20412880078051	-0.713349340678555	0.00525037547242566	0.00149936062928262	5.89385882005145	0.0555042905375903	0.0163528450444255
1.21412880078051	-0.655428572801557	0.00579114735308066	0.00165828632454029	5.68868326820389	0.0526183405139381	0.0154385340975625
1.22412880078051	-0.599606277732265	0.00630238084069718	0.00180781099379779	5.47433182405933	0.0496059827906249	0.0144692944156416
1.23412880078051	-0.545969205767786	0.00678297251479486	0.00194755724410033	5.25180101145092	0.0464964793765651	0.0134855870819927
1.24412880078051	-0.494594371019798	0.00723219520492685	0.0020773432171935	5.02203824370891	0.0433407365327564	0.0124745975423586
1.25412880078051	-0.445549528723411	0.00764972715144376	0.00219707172462397	4.78594754585548	0.0401658298345367	0.0114727404416721
1.26412880078051	-0.398893703781792	0.0080355890568342	0.00230681124899327	4.54436981154297	0.0370135079462331	0.0104759100639489
1.27412880078051	-0.3546778026952	0.00839014605811072	0.00240671745378609	4.29808716809212	0.0339107241227815	0.00950578317951537
1.28412880078051	-0.312945251377192	0.00871405568996819	0.00249706580870821	4.04781318680501	0.0308889329263373	0.00856474401109864
1.29412880078051	-0.273732669633822	0.00900824661600193	0.00257820767518988	3.79419537457156	0.027970787395805	0.00766576632163027
1.30412880078051	-0.237070548806419	0.00927387306146699	0.00265057680244207	3.53781192524871	0.0251788628322852	0.00681203203604351
1.31412880078051	-0.202983931535753	0.00951228340320805	0.00271466109267852	3.27917457081886	0.0225295779583464	0.00601084851717571
1.32412880078051	-0.171493074072442	0.00972497889632445	0.00277099756863357	3.01872930855689	0.0200369554048687	0.00526504154955845
1.33412880078051	-0.142614086331823	0.00991357838466187	0.00282015491354751	2.75685979694463	0.0177109561213142	0.00457713604838155
1.34412880078051	-0.116359539339523	0.0100797821804198	0.00286272207274955	2.49389076500473	0.0155580438443603	0.00394842252381676
1.35412880078051	-0.09273903434976	0.010225337926923	0.00289929660310355	2.23009213376384	0.0135813468741896	0.00337915050916987
1.36412880078051	-0.0717597284584889	0.0103520083051835	0.00293047474576106	1.96568349810031	0.0117811073090634	0.00286807763554782
1.37412880078051	-0.0534268132869423	0.010461542202309	0.00295683970569547	1.70083933558404	0.0101539362578118	0.00241483542936995
1.38412880078051	-0.0377439427279702	0.0105556459245816	0.00297895642619532	1.43569369605409	0.00869440855843833	0.00201693657267795
1.39412880078051	-0.0247136092078723	0.0106359590554973	0.0029973624466292	1.17034575670685	0.00739452428505058	0.00167167994221374
1.40412880078051	-0.0143374659593538	0.010704031539707	0.00301256252784072	0.9048650974681	0.00624436577327468	0.00137529452823273
1.41412880078051	-0.00661659502501026	0.0107613038240119	0.00302502264868039	0.639297263645973	0.0052320825651869	0.00112359457102025
1.42412880078051	-0.00155172008478897	0.0108090888696704	0.00303516571925105	0.373669244672446	0.00434424959325142	0.000911737995684979
1.43412880078051	0.000856635993766597	0.0108485565720622	0.00304336736380597	0.107995068385595	0.00356592920179436	0.000734622644747499
1.44412880078051	0.000608049175334341	0.0108807200860897	0.00304995249386798	-0.157718612961475	0.0028807841340419	0.000587117977780969
1.45412880078051	-0.00229785204798642	0.0109064239065192	0.00305519255597091	-0.423466947777096	0.00227123475606735	0.000464155720078531
1.46412880078051	-0.00786137714558599	0.0109263333518383	0.00305930387168195	-0.689241392987918	0.00171887617139617	0.000360188693226932
1.47412880078051	-0.016082708384722	0.0109409260067475	0.00306244550877199	-0.955024095328165	0.00120451309974073	0.00026949747271905
1.48412880078051	-0.0269617797802136	0.0109504844367387	0.0030647180076307	-1.22078234466223	0.00070841378525104	0.000185981032286936
1.49412880078051	-0.0404981002747513	0.0109550904384408	0.00306616228466733	-1.4864630162901	0.000210510007777861	0.000103069690283289
1.50412880078051	-0.0566905214126691	0.0109546212532865	0.00306675780906273	-1.75198689139436	-0.000309834920531029	1.46414425330265e-05
1.51412880078051	-0.0755369495929198	0.0109487471053731	0.00306642175198568	-2.01724311618991	-0.000873758212615629	-8.47279892829075e-05
1.52412880078051	-0.0970340033779972	0.0109369298073032	0.00306500996365374	-2.28208395773138	-0.00150215059657134	-0.000201012112178977
1.53412880078051	-0.121176617187546	0.0109184235332445	0.00306231786513613	-2.54631962740278	-0.00221507455181116	-0.000341529187106963
1.54412880078051	-0.147957593470619	0.0108922795139387	0.00305807817055891	-2.8097127822026	-0.00303272924097982	-0.000512137188569168
1.55412880078051	-0.177367104709566	0.0108573520003705	0.00305196221829379	-3.07197373254269	-0.00397506109276667	-0.000717450370594134
1.56412880078051	-0.209392148282374	0.0108123052491854	0.00304358597912556	-3.33275661717634	-0.00505953844673617	-0.000965076754013507
1.57412880078051	-0.24401596082558	0.0107556287942372	0.00303250640778956	-3.59165456770052	-0.00630348150882394	-0.00125942526810413
1.58412880078051	-0.281217394678893	0.0106856522352101	0.00301822808631082	-3.8481968453184	-0.00772226411801009	-0.001604800783971
1.59412880078051	-0.320970264928096	0.0106005642151213	0.00300021065920114	-4.10184674209553	-0.00932756213512859	-0.00200822856978909
1.60412880078051	-0.363242677444761	0.0104984408925119	0.00297786717678029	-4.35199893397	-0.0111301605429971	-0.00247192313284251
1.61412880078051	-0.407996344821508	0.0103772734759946	0.00295057594232996	-4.59797972179929	-0.01313740014638	-0.00299783694860851
1.62412880078051	-0.455185904876054	0.0102350021276427	0.00291769058969765	-4.83904812255954	-0.0153520515752383	-0.00358894482878725
1.63412880078051	-0.50475825567067	0.0100695557664215	0.00287854945410698	-5.07439812072291	-0.0177722266815841	-0.00424822678412228
1.63781074992662	-0.523598775598368	0.0100023943579278	0.00286243023369863	-5.15944191417538	-0.0187136626940581	-0.00450918688841883
1.64781074992662	-0.583638343286464	0.0225428355773993	0.0486446336571102	-7.13631167272703	3.51505427081934	6.08300907048066
1.65781074992662	-0.664435957723664	0.0776401124560426	0.106492593979626	-8.4969146238103	6.24669235165023	5.60997815172305
1.66781074992662	-0.748813050677952	0.136447337186186	0.158371344532313	-8.31725136157509	5.37483684656843	4.72167687069516
1.67781074992662	-0.830530536228399	0.184574171380587	0.200983705530198	-8.03449307008815	4.27096219546521	3.82036995125292
1.68781074992662	-0.909739067714621	0.222446073992564	0.235331779314116	-7.82026149836446	3.33650558067047	3.07305483268949
1.69781074992662	-0.987170679213389	0.251917968508878	0.262915582327014	-7.67641884696453	2.58604390967375	2.46519053600189
1.70781074992662	-1.06344586604258	0.274675133114622	0.285029004059223	-7.58647850752201	1.9890800450222	1.9731349210921
1.71781074992662	-1.13902527055419	0.292100336717209	0.302726008699309	-7.53495558192057	1.51507330536941	1.57906479992331
1.72781074992662	-1.2142335777731	0.305310068630277	0.316867677726463	-7.51013072265619	1.1413732153142	1.2620348063618
1.73781074992662	-1.28928721842617	0.315206061865934	0.32815148964489	-7.50263686461282	0.8495937252432	1.00484888042707
1.74043783821594	-1.30899693899575	0.317351199328246	0.330713713235518	-7.50240380234978	0.784075228124959	0.946715861123708
1.75043783821594	-1.37662587008519	0.310820378624038	0.294595609489834	-5.7617429006629	-2.95076086230206	-5.32629726700163
1.76043783821594	-1.42586989077413	0.261005262361028	0.243214292042357	-4.57590747650196	-5.8260149622229	-5.04002189295006
1.77043783821594	-1.4728799509423	0.205371562779671	0.196312817558938	-4.90453484243072	-5.12151429694785	-4.28507665322139
1.78043783821594	-1.52439625444376	0.1595726619584	0.157632176308717	-5.39224174636249	-4.05202132938815	-3.46656443777008
1.79043783821594	-1.58043892397368	0.1237318734995	0.126512462947443	-5.79927064811833	-3.15103162073078	-2.7826903926109
1.80043783821594	-1.64004228704235	0.0958690605652601	0.101555061691236	-6.10576065093789	-2.45172729319541	-2.22967063557875
1.81043783821594	-1.70226986200835	0.0741699544951667	0.0815320373500806	-6.32677255510841	-1.91132054437481	-1.79177227956219
1.82043783821594	-1.76633816314378	0.0572263459241491	0.0654412148992234	-6.47603269314348	-1.4954235096106	-1.43915052001417
1.83043783821594	-1.83159512963309	0.043955076015705	0.0524983239069024	-6.56624370441751	-1.17275757244631	-1.15938412035289
1.83059020910457	-1.83259571459405	0.0437767310814084	0.052321908929819	-6.56719794714142	-1.16848822295394	-1.15549880095461
1.84059020910457	-1.89044957849615	0.0186476523360578	-0.0013900690963313	-4.70817386807087	-4.85810671172587	-6.46179439318848
1.85059020910457	-1.93139853164541	-0.0436551064777429	-0.0637052599026299	-3.9532139604798	-6.49185927431416	-5.95520989929563
1.86059020910457	-1.97280839592049	-0.103610287990911	-0.11825140072115	-4.36239658355283	-5.41910953752307	-4.93563879827038
1.87059020910457	-2.01860687500547	-0.152019617339752	-0.162732961488061	-4.78049593698313	-4.29452122945099	-3.98801804726769
1.88059020910457	-2.06803420817462	-0.190230533244857	-0.198602592528286	-5.08564396537485	-3.38420478506226	-3.21294889951691
1.89059020910457	-2.11996303191923	-0.220362956012718	-0.227502978728238	-5.2842169760122	-2.670563510354	-2.59307648862111
1.90059020910457	-2.17341531097718	-0.244189927596115	-0.250817204585851	-5.39313575640708	-2.11725726231909	-2.08993172266357
1.91059020910457	-2.22758575626718	-0.263114913066827	-0.269638802474612	-5.4301190886605	-1.68574620341052	-1.6893008442768
1.92059020910457	-2.28182031796047	-0.278228904534464	-0.284856664949128	-5.4081310141074	-1.35063528808201	-1.36736546668884
1.93059020910457	-2.33558691987525	-0.290383607519613	-0.297180329550033	-5.33813840293374	-1.0909093939518	-1.10774103481745
1.94059020910457	-2.38845332010116	-0.300242289999409	-0.307176759049323	-5.22932250996485	-0.88935587771656	-0.8990601371027
1.95059020910457	-2.44006911672004	-0.308319072951773	-0.315301185512426	-5.08909157909974	-0.732695422067279	-0.731583710146975
1.96059020910457	-2.49015063860146	-0.315011026293856	-0.32191924271408	-4.92340619413484	-0.61075751073563	-0.596890353209413
1.97059020910457	-2.53846853949626	-0.320623714909044	-0.327324559081763	-4.73706269446746	-0.515781807579953	-0.487764099788792
1.98059020910457	-2.58483737598043	-0.325392353119098	-0.331750571438221	-4.5341900508493	-0.441030888266546	-0.400262646466429
1.98803302097623	-2.61799387799149	-0.32850173734853	-0.334522940971573	-4.37434248839154	-0.395817648955612	-0.34611380600428
1.99803302097623	-2.66604654143307	-0.323309031639729	-0.294107061255238	-5.49334756821322	2.34235726812039	5.3685570763394
2.00803302097623	-2.72791995059147	-0.27974943284505	-0.244076089794794	-6.51424835151544	5.48027691061803	4.8502491430105
2.01803302097623	-2.7910119825868	-0.226215392595093	-0.198553450419518	-6.00785422208313	5.00241284067701	4.18767600758038
2.02803302097623	-2.84747426942628	-0.181136640730665	-0.160645654215882	-5.28643901913757	4.0148136013882	3.4078624215884
2.03803302097623	-2.89696999317163	-0.14543710246384	-0.130008046998767	-4.62722591662017	3.15639363004194	2.74261152680558
2.04803302097623	-2.94030145537703	-0.117393256111405	-0.105368364246177	-4.05201517823135	2.48072925987899	2.20452417960655
2.05803302097623	-2.97823677923865	-0.0953279222904878	-0.0855529523624507	-3.54505756343675	1.95430792981099	1.77416797199428
2.06803302097623	-3.01137759732099	-0.0779230235312681	-0.0696026783455797	-3.09091274669335	1.54395378766673	1.42734891306295
2.07803302097623	-3.04018636450364	-0.0641631722314684	-0.0567581426336392	-2.67684167586139	1.22128047884288	1.1509214621864
2.08803302097623	-3.06501879405892	-0.0532682067813185	-0.0464049597016435	-2.29439133696093	0.968260636938024	0.926682351959269
2.09803302097623	-3.08615267167942	-0.0446284797636402	-0.038059561729857	-1.93607817565268	0.767857422937562	0.748171319324599
2.10803302097623	-3.10380441639326	-0.0377708202669382	-0.0313269250649971	-1.59716718825601	0.610057954272515	0.60307241154809
2.11803302097623	-3.11814500934416	-0.0323216773611411	-0.025895524083974	-1.27322555969956	0.484758105424681	0.487088227068258
2.12803302097623	-3.12930884727972	-0.0279887396063325	-0.0215113437140237	-0.961295523874466	0.385624548602646	0.393192361993482
2.13803302097623	-3.13740244828038	-0.0245407806974774	-0.0179717901642868	-0.658820049694693	0.306986124664811	0.317442590438005
2.14803302097623	-3.14251011101192	-0.0217952821308975	-0.0151134486985151	-0.363831873637316	0.244544172130735	0.256323802426683
2.15803302097623	-3.14469865554972	-0.0196077631576095	-0.0128048391327556	-0.0747587130715732	0.194868420067232	0.207130478154337
2.16803302097623	-3.14402098930364	-0.0178639246344843	-0.0109395459911446	0.209577390263032	0.155461008779451	0.167217883783696
2.17803302097623	-3.14051919494198	-0.0164727006189793	-0.00943257599632575	0.490217236935903	0.124014583832074	0.135243001496884
2.18803302097623	-3.1342265980695	-0.0153620508418005	-0.00821454101561462	0.767862987536372	0.0990615648400674	0.109304467618556
2.19803302097623	-3.12516986972074	-0.0144743862378766	-0.00722993117794135	1.04312596814964	0.0792353870944505	0.0883567317361686
2.20803302097623	-3.11337049355713	-0.0137637780374906	-0.00643382767398703	1.3164580716437	0.0634931309036697	0.0714721340070497
2.21803302097623	-3.098846088245	-0.0131935202113299	-0.00578980875943302	1.58817180058289	0.0510600967514586	0.0577906102633551
2.22803302097623	-3.08161160152042	-0.0127340505839935	-0.00526861596343125	1.85850398483792	0.0412356274880683	0.0468260932134729
2.2332864481558	-3.07147625262537	-0.0125288822018308	-0.00503571524503355	2.00000000000076	0.0369808812320334	0.0418972508116192
2.2432864481558	-3.0501331579368	-0.0121942028082722	-0.00465744536507814	2.2684111215733	0.0302482958957147	0.0340297401789202
2.2532864481558	-3.02611223215945	-0.0119186482341076	-0.00435009381518994	2.53555926018217	0.0250975494299625	0.0276750021781666
2.2632864481558	-2.99942645670466	-0.0116880131634582	-0.00409963152429071	2.80135895972093	0.0212221459847869	0.0226121809568075
2.2732864481558	-2.97009015054479	-0.0114906005966073	-0.00389451609129855	3.06562976789783	0.0184204784340859	0.0185723070573794
2.2832864481558	-2.93811978964582	-0.0113166183888086	-0.00372535469277526	3.3281214532517	0.0165095150527595	0.0153968033041214
2.2932864481558	-2.90353477729898	-0.0111578149178918	-0.00358437766836811	3.58849802714238	0.0153651100384153	0.01291282308085
2.3032864481558	-2.86635824184398	-0.0110071126531471	-0.00346520343500756	3.8463511460279	0.0148733919631455	0.0110189575125549
2.3132864481558	-2.82661780779646	-0.0108583906012818	-0.00336249694244449	4.101189412875	0.0149576596647765	0.00960257551789431
2.3232864481558	-2.7843463835239	-0.0107062636701671	-0.00327182271243661	4.35244801071572	0.0155453877442199	0.00859847054531111
2.3332864481558	-2.7395829231407	-0.010545961153154	-0.00318942615894714	4.59948285223691	0.0165856801170475	0.00793485516912119
2.3432864481558	-2.69237318354648	-0.0103732068940298	-0.00311213666978336	4.84157786076982	0.0180302009916973	0.00756573236289843
2.3532864481558	-2.64277044512303	-0.0101841572414167	-0.00303724198184021	5.07794539148473	0.0198394537177867	0.00744706621928225
2.3632864481558	-2.59083619581293	-0.00997535139105508	-0.00296241911946838	5.30773270507786	0.0219754298482696	0.00754602172008426
2.3732864481558	-2.5366407557219	-0.00974369238248506	-0.00288566419815972	5.53002719408624	0.0244034982394838	0.00783039947838778
2.3832864481558	-2.48026383076233	-0.00948643779698835	-0.00280525552862642	5.7438658236929	0.0270871750432344	0.00827569265209974
2.3932864481558	-2.42179497244323	-0.00920121111873822	-0.00271971325963814	5.94824410840398	0.0299903127298364	0.00885627116536597
2.4032864481558	-2.36133392993952	-0.00888601610339891	-0.00262778446134679	6.14212907566065	0.0330730922614648	0.00955178058981247
2.4132864481558	-2.29899087208987	-0.00853926339259327	-0.0025284232860091	6.3244721472779	0.0362940261627525	0.010340794558955
2.4232864481558	-2.23488646571005	-0.00815979580371214	-0.0024207869727178	6.49422500943914	0.0396080748535224	0.0112042550586922
2.4332864481558	-2.16915179278961	-0.00774691678000775	-0.00230422908393499	6.65035582387207	0.0429681716057135	0.0121219787445044
2.4432864481558	-2.10192809653848	-0.00730041342971	-0.00217830106783207	6.79186722719302	0.046324632996926	0.0130748079237285
2.4532864481558	-2.03336634696086	-0.00682057573595417	-0.00204275103093333	6.91781432885639	0.0496265634786363	0.0140428741434871
2.4632864481558	-1.96362662369782	-0.00630820685181814	-0.00189752498501208	7.0273231109318	0.0528223994921092	0.0150064631674518
2.4732864481558	-1.89287731798979	-0.00576462396168909	-0.00174276614655255	7.11960821850218	0.055860901459227	0.0159462954867949
2.4832864481558	-1.8212941618072	-0.00519164868744859	-0.00157881090522453	7.19398947147213	0.058692739194915	0.0168427929366798
2.4932864481558	-1.74905909894573	-0.00459158450225671	-0.00140618459088156	7.24990705875024	0.0612708918487811	0.0176782136391819
2.5032864481558	-1.67635901711768	-0.00396718422495457	-0.00122558937865911	7.2869338401415	0.0635528769540279	0.0184345927098809
2.5132864481558	-1.60338436789626	-0.00332160384312968	-0.00103789366082139	7.30478560983689	0.0655005958793876	0.0190969906160833
2.5232864481558	-1.5303277029234	-0.00265834866572066	-0.000844111600932217	7.30332733839861	0.0670825783841827	0.0196509091960083
2.5332864481558	-1.45738216150132	-0.00198120828623148	-0.000645384755162849	7.28257674798856	0.068273573713102	0.0200853680907463
2.5432864481558	-1.38473994361306	-0.00129418692494039	-0.000442955634938273	7.24270360248504	0.0690559983130271	0.0203911629683499
2.5532864481558	-1.31259080562676	-0.00060142797913583	-0.000238141701158356	7.18402582463742	0.0694198649473855	0.0205620055410952
2.5632864481558	-1.24112061340451	9.28633842767531e-05	-3.23073152456336e-05	7.10700214426357	0.0693626126503055	0.0205952579432758
2.5732864481558	-1.17050998524664	0.000784496116987726	0.000173168053119734	7.01222122597603	0.0688899579872587	0.0204896620509155
2.5832864481558	-1.10093305498498	0.00146936931558638	0.000376915115586139	6.9003889933159	0.0680138418014772	0.0202491774762315
2.5932864481558	-1.03255637732807	0.00214353977036764	0.000577607935370303	6.77231254142609	0.0667540425196479	0.0198778111401959
2.6032864481558	-0.965537996799251	0.00280328759076469	0.000773984617749691	6.62888393285208	0.0651351807908338	0.0193846265406872
2.6132864481558	-0.90002669009663	0.00344516991048504	0.000964874657578618	6.47106171388459	0.0631876630053588	0.018779315158076
2.6232864481558	-0.836161390473872	0.00406606807508663	0.00114921744792488	6.29985283966396	0.0609462202161847	0.018073034602869
2.6332864481558	-0.774070794251109	0.00466322619266523	0.0013260744746003	6.11629514420242	0.0584473985360828	0.0172815653409264
2.6432864481558	-0.713873142501241	0.00523427406047088	0.00149465108048586	5.92143864742952	0.0557328469530047	0.0164149753137159
2.6532864481558	-0.655676174001555	0.0057772518014104	0.00165428666543402	5.71633180989168	0.05284098999775	0.0154942056954998
2.6632864481558	-0.599577226732495	0.00629060761121177	0.00180448156071148	5.50200362196957	0.0498161185991966	0.0145275252090023
2.6732864481558	-0.545663484214672	0.0067732078730528	0.00194487020841839	5.27945436995042	0.0466962729985272	0.0135361384736428
2.6832864481558	-0.494012334359051	0.00722431709437764	0.00207524200384794	5.04964116386064	0.0435230778898625	0.0125294154056599
2.6932864481558	-0.444691834566177	0.00764358870730376	0.00219551735426495	4.81347126649311	0.0403337718738385	0.011521399757913
2.7032864481558	-0.397761254422564	0.00803104009099866	0.00230574306001393	4.57179430754326	0.03716273598446	0.0105258016622913
2.7132864481558	-0.35327167967337	0.00838702171154252	0.00240608774912967	4.32539611032102	0.0340439643223183	0.00954908511644756
2.7232864481558	-0.311266662627378	0.00871219194737144	0.00249681399176295	4.07499736990896	0.0310041942360991	0.00860527616053334
2.7332864481558	-0.271782894177544	0.0090074747460549	0.0025782803945421	3.82124951444815	0.028069666184536	0.00770007618807838
2.7432864481558	-0.234850890618064	0.00927402617691928	0.00265092285188088	3.56473510325733	0.0252636026832406	0.00683570667863644
2.7532864481558	-0.200495678962798	0.00951320383383755	0.00271521868984754	3.30597141539809	0.0225976296845821	0.00603160499164469
2.7632864481558	-0.168737460900462	0.00972651186570268	0.0027717203142469	3.04540615156373	0.0200910702488419	0.00527848927429439
2.7732864481558	-0.139592263310973	0.00991558066858157	0.00282099288538794	2.7834265538372	0.0177514495676856	0.00458551960791453
2.7832864481558	-0.113072549390386	0.0100821225486612	0.00286362895728628	2.52035957708866	0.0155851700635626	0.00395452390044549
2.7932864481558	-0.0891877932109577	0.0102278959820513	0.00290023727043688	2.25647579494383	0.0135982715324024	0.00337933228108281
2.8032864481558	-0.0679450137624059	0.0103546811713049	0.0029314103151177	1.99199681589903	0.0117878052642907	0.00286698703215425
2.8132864481558	-0.0493492573990094	0.0104642427554138	0.00295774482725509	1.72709670889953	0.0101530531361305	0.00240988248915892
2.8232864481558	-0.0334040314698876	0.0105583041231986	0.0029798049222084	1.4619098049432	0.00868698861383249	0.00201095047508914
2.8332864481558	-0.0201116872962978	0.0106385229703969	0.00299813734654361	1.19653416235263	0.00738279646245349	0.00166444048609806
2.8432864481558	-0.00947374759496507	0.0107064683052266	0.00301325313776578	0.931037958808367	0.00623079988842864	0.00136622776577467
2.8532864481558	-0.00149118050202499	0.0107636013609631	0.00302562236537455	0.665465106933381	0.00521837602844408	0.00111405531593006
2.8632864481558	0.0038353827606263	0.0108112553044297	0.00303567473284778	0.399840041721751	0.0043324426018511	0.000902422479947785
2.8732864481558	0.00650548427000874	0.0108506211899001	0.00304379163096926	0.134173839249311	0.00355792164329434	0.000726651069445449
2.8832864481558	0.00651873218835215	0.0108827333298196	0.00305030464371188	-0.131530471619674	0.00287869460262127	0.000581189124666518
2.8932864481558	0.00387474882791375	0.0109084576376335	0.00305549198329625	-0.397272222210573	0.00227741526103564	0.000460493665415217
2.9032864481558	-0.00142682544566324	0.0109284812857345	0.00305957623569796	-0.663047529324468	0.00173567227506973	0.000359069874945693
2.9132864481558	-0.00938627252654503	0.0109433039096852	0.00306272253508863	-0.928843720620758	0.00123415862281067	0.000271466967169301
2.9232864481558	-0.0200036809964046	0.0109532301090256	0.00306503750416697	-1.19463381746376	0.000753021170663565	0.00019184407046845
2.9332864481558	-0.0332787748116713	0.0109583636689741	0.003066567899566	-1.46037093711961	0.000271953295207615	0.000114120675588133
2.9432864481558	-0.0492106861707436	0.0109586030127381	0.00306730008741751	-1.72598278964345	-0.000229466949161696	3.15789529834799e-05
2.9532864481558	-0.0677976731036597	0.0109536388224496	0.003067158449234	-1.99136602172418	-0.000772011596817897	-6.2193910659926e-05
2.9632864481558	-0.0890367821234081	0.010942953370031	0.00306600417820322	-2.25638063983396	-0.00137699287459112	-0.000172434109695877
2.9732864481558	-0.112923456441054	0.0109258204804891	0.00306363726430119	-2.52084495683617	-0.00206519012216581	-0.000305142104219732
2.9832864481558	-0.139451091807465	0.0109013081736962	0.00305979779207333	-2.78453056513555	-0.00285621844911659	-0.000467920447765388
2.9932864481558	-0.16861054279928	0.0108682862069836	0.00305416269991815	-3.04715684205106	-0.00377008271880359	-0.000665761117200698
3.0032864481558	-0.200389580788105	0.0108254333582454	0.00304635020289164	-3.30838681432584	-0.00482563215221421	-0.000903799302271813
3.0132864481558	-0.234772308810316	0.0107712481065517	0.00303592455496086	-3.56782345438566	-0.00603911505201344	-0.00118966646682651
3.0232864481558	-0.271738540315574	0.0107040677410678	0.00302239204565841	-3.82500517536629	-0.00742699533772806	-0.001526136138408
3.0332864481558	-0.311263144736229	0.0106220845571323	0.00300521300808616	-4.07940425669329	-0.0090021303318995	-0.00191867442544448
3.0432864481558	-0.353315372258729	0.0105233711425163	0.00298380526962884	-4.33042479341784	-0.0107742205738137	-0.00237322046190998
3.0532864481558	-0.397858167003229	0.0104059119419667	0.00295754591667541	-4.57740130911374	-0.0127516073884996	-0.00289088269167203
3.0632864481558	-0.444847478483676	0.010267634713715	0.00292578518134909	-4.81960020293715	-0.0149383777220774	-0.00347322768733853
3.0732864481558	-0.494231587726153	0.0101064493260239	0.00288785662487061	-5.05622191110679	-0.0173338112118559	-0.00412228449123689
3.07901908560025	-0.523598775598446	0.0100029154140189	0.00286307402006358	-5.1890228758863	-0.0187982891088326	-0.00452705337379814
3.08901908560025	-0.583933624432001	0.0225415366723866	0.0486436244793833	-7.16570884046796	3.51455603947741	6.0831470864017
3.09901908560025	-0.665041129068434	0.0776720650070219	0.106489291846485	-8.52676965267577	6.24725372707052	5.61069604967458
3.10901908560025	-0.749710587172532	0.136470916210767	0.158370319309445	-8.34612354755776	5.37319831199608	4.72156745524023
3.11901908560025	-0.831715109129889	0.184578033780226	0.200981719448241	-8.06322412303758	4.26926369781889	3.81909974547442
3.12901908560025	-0.911208663779193	0.222428207628526	0.235326001986842	-7.84868705764751	3.33436519700244	3.07241415520166
3.13901908560025	-0.988922987151631	0.251877415706127	0.262905958733448	-7.70456356483536	2.58377893359581	2.46478321060457
3.14901908560025	-1.06547835139515	0.27461290118454	0.285013554443128	-7.61407287187124	1.98612856073774	1.97464258189307
3.15901908560025	-1.14133392343407	0.292015752494401	0.302709191175801	-7.56245924229748	1.51318092211757	1.57825157649912
3.16901908560025	-1.21681446286583	0.305205760262987	0.316847250513459	-7.53717950517516	1.13970651085457	1.26115380888961
3.17901908560025	-1.29213539686368	0.315084606306049	0.328126513368859	-7.52900840422914	0.847761036129764	1.00501815172391
3.18125869678902	-1.30899693899597	0.316919820400339	0.330321330285061	-7.52882766126958	0.792284139503485	0.953709767280491
3.19125869678902	-1.37687700710892	0.310440395705453	0.294275555722028	-5.78551982995714	-2.94865244561023	-5.31936956418112
3.20125869678902	-1.42636361019775	0.260661493560022	0.242947838646178	-4.60058949115894	-5.82112127466402	-5.03508194263982
3.21125869678902	-1.47361992774996	0.205077911477901	0.196094720940027	-4.9292676058044	-5.11577174714844	-4.28249661128742
3.22125869678902	-1.52537871244139	0.159326722513598	0.157451917028392	-5.41617608934651	-4.04765123593454	-3.46304542308051
3.23125869678902	-1.58165732367066	0.123525370776636	0.126365520486944	-5.82267136458246	-3.14703900410456	-2.7806133862482
3.24125869678902	-1.64149035476464	0.0956960029474405	0.101433897840968	-6.12841017550935	-2.44864989807961	-2.22742732239002
3.25125869678902	-1.70394089051811	0.0740243209493138	0.081432616174788	-6.34878186842071	-1.90868674013815	-1.79014405988623
3.26125869678902	-1.76822546547446	0.057103464395025	0.0653592970606554	-6.49735777130183	-1.49324190523195	-1.43785166632861
3.27109227221302	-1.83259571459423	0.0440462325042981	0.0526236250334698	-6.58580659365474	-1.17569164663016	-1.16247740711803
3.28109227221302	-1.8906213501336	0.0188010058147481	-0.00105053479119098	-4.72584676696647	-4.86793614552212	-6.46338903667035
3.29109227221302	-1.93177200551956	-0.0435373858109143	-0.0634073511736575	-3.97477375469103	-6.49203838381604	-5.95932598036492
3.30109227221302	-1.97339986300705	-0.103488957672566	-0.117981689984886	-4.38445380025403	-5.41800838882813	-4.93870044775158
3.31109227221302	-2.01941844787409	-0.151888107284264	-0.162483964576926	-4.80259607709087	-4.29311979651761	-3.99044099001134
3.32109227221302	-2.06906556683576	-0.190086972033904	-0.198370116634219	-5.10754903381573	-3.383015220379	-3.21435493911874
3.33109227221302	-2.12121285980154	-0.220206591088178	-0.227285973667392	-5.30553146432003	-2.67063679895674	-2.59128761133366
3.34109227221302	-2.1748804563276	-0.244024067161851	-0.25060774547444	-5.41447251412256	-2.11654229558352	-2.09017872808124
3.35109227221302	-2.22926350202187	-0.262940152152138	-0.269437366717991	-5.45112225564189	-1.68522441812283	-1.68932061519375
3.36109227221302	-2.28370729118677	-0.278046780321248	-0.284662432743683	-5.42868876292242	-1.35056005298305	-1.36658638052676
3.37109227221302	-2.33767917953572	-0.29019660475951	-0.296990528431196	-5.35842713414656	-1.0906590288947	-1.10776024532806
3.38109227221302	-2.39074695738142	-0.300052221378128	-0.306990369746708	-5.24934797125136	-0.888865984311109	-0.900047821247585
3.39109227221302	-2.44256037230785	-0.308126942842626	-0.315119091927254	-5.1086696974199	-0.732520196937541	-0.732097934902072
3.40109227221302	-2.49283551974412	-0.314818444348708	-0.32174045845808	-4.94259695146424	-0.610705896743906	-0.597383586106645
3.41109227221302	-2.54134316770032	-0.32043199319342	-0.327148461008685	-4.75590120748551	-0.515758004826854	-0.48844296299106
3.42109227221302	-2.5878981213502	-0.325202246132493	-0.331577560078096	-4.55260801132416	-0.441279822004279	-0.400447901623558
3.42780859267933	-2.61799387799151	-0.328024311367328	-0.334098245167106	-4.40842794810447	-0.400183204929313	-0.351241476300388
3.43780859267933	-2.66640923712902	-0.322815932074638	-0.293819023888498	-5.53042828974679	2.3451975698014	5.36253712369474
3.44780859267933	-2.72863855490072	-0.27926290411129	-0.243827733047805	-6.54753765392931	5.47448932471129	4.84562466386735
3.45780859267933	-2.79205615915781	-0.225801972895327	-0.198343192625384	-6.04070171666004	4.99648345647732	4.17958894380516
3.46780859267933	-2.84884262947062	-0.180794123129242	-0.160476870839907	-5.31905232941489	4.00843074577143	3.40347353002087
3.47780859267933	-2.89866530713545	-0.145155453577423	-0.129873978904449	-4.6597919826099	3.14993911893191	2.74158867329404
3.48780859267933	-2.94232628688121	-0.117164043062561	-0.105258715933824	-4.08509887538014	2.47591256688795	2.20243915071789
3.49780859267933	-2.98059406911626	-0.0951416843513281	-0.0854642582967076	-3.57842483886856	1.95040427438055	1.77228571124432
3.50780859267933	-3.01406992766231	-0.0777714174711717	-0.0695330400063035	-3.12423580020098	1.53995461091911	1.427628750671
3.51780859267933	-3.04321511499097	-0.0640415878266166	-0.0567004910095703	-2.71061485053591	1.21869724463697	1.14953620754864
3.52780859267933	-3.06838615795354	-0.0531696260461889	-0.0463607619110782	-2.32801700763319	0.965247399634426	0.927635823147205
3.53780859267933	-3.0898594244469	-0.044550381366905	-0.0380223535869893	-1.97013376459678	0.766168323443504	0.747184182714745
3.54780859267933	-3.10785226078878	-0.0377080262640087	-0.0312984816798336	-1.63114336512115	0.608110602973039	0.603603934973223
3.55780859267933	-3.12253462202179	-0.0322723711872824	-0.0258716396367089	-1.30749656159257	0.483677751470206	0.48638089250728
3.56780859267933	-3.13404145856974	-0.0279496274320714	-0.021492724849481	-0.99559014179753	0.384558120939096	0.393074200263923
3.57780859267933	-3.14247881200025	-0.0245102341017499	-0.0179565745429091	-0.693258638514243	0.306283692432828	0.316990649510798
3.58780859267933	-3.1479311182196	-0.0217714166842652	-0.0151014359182308	-0.398328610209936	0.243928953689172	0.256077471963834
3.59780859267933	-3.15046502035629	-0.0195893382166164	-0.0127952461945023	-0.109329743877624	0.194383773056036	0.20690733436288
3.60780859267933	-3.15013339659826	-0.0178498024064784	-0.0109321114289775	0.17497308791017	0.154985073145572	0.167229090401634
3.61780859267933	-3.14697813199587	-0.0164622500997403	-0.00942650823537703	0.455534816138411	0.123701135268548	0.135076207969131
3.62780859267933	-3.14103251875463	-0.0153545076535016	-0.00820989209896548	0.733167457446814	0.0987425757393755	0.109297305767813
3.63780859267933	-3.13232295911834	-0.014469413141161	-0.00722622170820725	1.00840276443617	0.0790040166293843	0.0882533014458809
3.64780859267933	-3.12087075346939	-0.0137610177178493	-0.00643100648921197	1.28174998259211	0.0632864721124354	0.0713821076732172
3.65780859267933	-3.10669321556046	-0.0131927591777274	-0.00578781761623622	1.55352028140109	0.05084138948134	0.0577687837903087
3.66780859267933	-3.0898048980432	-0.0127352633727207	-0.00526723903535892	1.82393007226199	0.0410550584646314	0.046731527890156
3.67434391635522	-3.07730933027377	-0.012484542415032	-0.00498184103641098	2.00000000000076	0.0357948326645953	0.0407938783601628
