=========================== Parameters =====================================
l1 [m]	l2 [m]	l3 [m]	c1 [m]	c2 [m]	c3 [m]	m1 [kg]	m2 [kg]	m3 [kg]
0.22	0.22	0.2458	0.044	0.176	0.14748	0.1564	0.23764	0.1564
============================== Data ========================================
t [s]	th1 [rad]	th2 [rad]	th3 [rad]	th1d [rad/s]	th2d [rad/s]	th3d [rad/s]
0	0	0	0	0	0	0
0.01	-0.00156615231649414	0.000861679733870205	0.000531915794098387	-0.280662361079161	0.116998015791319	0.0940173005376931
0.02	-0.00540263665124223	0.00205125372825121	0.00154923913203754	-0.482328453821302	0.115239866096441	0.101858317703369
0.03	-0.0111743385319001	0.00311637571436252	0.00249966938068228	-0.671428129103826	0.0970557895753976	0.0870565686112567
0.04	-0.0188304489994569	0.0039926210587918	0.00328478005637	-0.860011931462691	0.0785228891165868	0.0702153170356279
0.05	-0.0283809096136147	0.00469624428056501	0.00391185882701937	-1.05044159675221	0.0627460498723229	0.0556322101032548
0.06	-0.0398455718385492	0.0052565168102487	0.00440717611003269	-1.24280737074548	0.0497860046877744	0.0438455664936913
0.07	-0.053242645382929	0.0057004518215208	0.00479651400295519	-1.43684542055553	0.0393642672561266	0.0343863452656667
0.08	-0.0685867051149722	0.00605052679804999	0.00510126101728963	-1.63214733105737	0.0309515389612503	0.026845115194957
0.09	-0.0858885815642104	0.00632474397741442	0.00533851203105918	-1.82834817790233	0.0241218851181939	0.0208334574144891
0.1	-0.105155676975316	0.00653734036831424	0.00552175297135986	-2.02514219041428	0.0185838323474197	0.015989145039346
0.11	-0.126392304201145	0.00669959988417442	0.00566147785742384	-2.22220430876472	0.0140105404486463	0.0120942529763928
0.12	-0.149599818290474	0.00682030972519012	0.00576588932778044	-2.41926950491935	0.0102349456403184	0.00890072249083339
0.13	-0.174776755863461	0.00690635664645632	0.00584128567572214	-2.61604652365689	0.0070628591218267	0.00625808770513264
0.14	-0.201918811630208	0.00696305661615861	0.00589248491275626	-2.81224598778911	0.00434766564348609	0.00403937744867025
0.15	-0.231018765076647	0.00699446239359786	0.00592312784846172	-3.00757416229643	0.0019844792936216	0.00213341440609973
0.16	-0.26206635306359	0.00700362450227349	0.00593590836307353	-3.20171878138836	-0.000115387002572089	0.000455167852905907
0.17	-0.295048087225171	0.0069927892019378	0.00593276703850579	-3.39434597136739	-0.00202577183868314	-0.00106079863313534
0.18	-0.329947031807287	0.0069635561142197	0.00591504885868342	-3.58509991478697	-0.00380203156200821	-0.00246914985723448
0.19	-0.366742557457844	0.00691701792546801	0.00588362200849721	-3.77359570182158	-0.00549441702030298	-0.0038079572289942
0.2	-0.405410066344369	0.00685385800469764	0.00583898820123218	-3.95942536362458	-0.00713249628768417	-0.00511458316111414
0.21	-0.445920714974736	0.00677445252685567	0.0057813570719347	-4.14214968863075	-0.00874373065417323	-0.00641396439901928
0.22	-0.488241129292315	0.00667894984629046	0.00571071301717719	-4.32129627453652	-0.0103592222426127	-0.00771633783078616
0.228050151880813	-0.523598775598299	0.00659034754883315	0.00564428519432143	-4.46258402272396	-0.0116564547103511	-0.00878891723692925
0.238050151880813	-0.588875192984839	0.0412099805723845	0.00896537640061794	-7.96020721129621	5.54521516550163	1.57787597000759
0.248050151880813	-0.671292411506014	0.0926966308570075	0.0517923284656003	-8.63484574467402	5.21537328672123	6.03193872883599
0.258050151880813	-0.758423132097048	0.144474771091228	0.112634829396032	-8.62538084089446	4.92006110113254	5.84396797569986
0.268050151880813	-0.842457309839826	0.189344520913055	0.16618861132725	-8.16500930115368	4.0318058796555	4.83956963407947
0.278050151880813	-0.921819937714464	0.225285047271396	0.209492586154976	-7.72000827189629	3.17398031001864	3.84498600745785
0.288050151880813	-0.997169166429326	0.253286395745491	0.243620658259628	-7.36603886548681	2.45097728711133	3.00758106638911
0.298050151880813	-1.06942837739518	0.274738877241936	0.270193575274603	-7.09871994173172	1.85933266778408	2.33311453842796
0.308050151880813	-1.13940295739959	0.290905341409048	0.290699047396921	-6.90633236944872	1.39035576013106	1.79006432769559
0.318050151880813	-1.20774535862769	0.30287255881743	0.306370431899429	-6.77054991994949	1.01804312818731	1.36108988483771
0.328050151880813	-1.27496141259957	0.311538735948908	0.318225173912914	-6.67899796393695	0.727375249578841	1.02371160655506
0.33315927324031	-1.30899693899575	0.314937418625666	0.323082345129675	-6.64568722599897	0.605624365515469	0.88089814917013
0.34315927324031	-1.35844224002257	0.290650786012613	0.327889074742195	-3.53898876843561	-4.74929571801823	-0.515036780557856
0.35315927324031	-1.39060540903478	0.244741742987779	0.294270138274005	-2.78532730589699	-4.82789767058844	-5.39147407212091
0.36315927324031	-1.41666835082605	0.194180717922587	0.237478315962991	-2.64801108683758	-4.97442513668955	-5.63888979042371
0.37315927324031	-1.44595141005829	0.148503018701777	0.185105494773738	-3.25681521423712	-4.09962030355639	-4.75982014779669
0.38315927324031	-1.48199658487197	0.112342491008637	0.142702348024666	-3.94066089937903	-3.15145758959007	-3.7368007962418
0.39315927324031	-1.52434441175852	0.0848420459511029	0.109827147215394	-4.50533360463459	-2.38183351133108	-2.87192429817429
0.40315927324031	-1.57164923658406	0.0640885820945811	0.0846001522064618	-4.9346341500118	-1.79663622643765	-2.20405133989106
0.41315927324031	-1.62265067892889	0.0484000952710469	0.0652234294629411	-5.24884061000507	-1.36237722013745	-1.69459150176177
0.42315927324031	-1.67633637529114	0.0364911983832338	0.050290153367164	-5.47496456857077	-1.03566785214505	-1.30910592833714
0.43315927324031	-1.73191792827751	0.0274166851252505	0.0387372662590859	-5.63106440032037	-0.790800653573105	-1.01465955819845
0.44315927324031	-1.78877344639085	0.0204743126951442	0.0297678238956569	-5.73191211194853	-0.606073634957651	-0.789391179926992
0.450771286190134	-1.83259571459405	0.0162912833210487	0.0242939471072514	-5.77800862646678	-0.497075008438644	-0.653209452339625
0.460771286190134	-1.87096784430742	-0.0221431655120085	0.0139566365915735	-2.61427466080122	-5.60934203389543	-2.44272416546819
0.470771286190134	-1.89486911610477	-0.0749326646450463	-0.0352524405128759	-2.09302851500981	-5.39717626636576	-6.25593865952237
0.480771286190134	-1.91658078026206	-0.127327235827195	-0.0968205399033962	-2.38401888666352	-4.90619467493836	-5.81880657162018
0.490771286190134	-1.9435365750481	-0.171778893503532	-0.149777333241021	-3.01082110477417	-3.97899604849599	-4.75959660541913
0.500771286190134	-1.97653406750554	-0.207237128733213	-0.192306027107328	-3.5680744967716	-3.138056431889	-3.77444881173439
0.510771286190134	-2.01445856184339	-0.235075297182061	-0.225885230438432	-3.99503104537597	-2.45596842758164	-2.97171565256124
0.520771286190134	-2.05602582361804	-0.256847714014073	-0.252300294735592	-4.2988843741405	-1.92261542453425	-2.33514938598419
0.530771286190134	-2.10010914148568	-0.273894421421543	-0.27307786970679	-4.50200347891478	-1.50547639568204	-1.84008272152533
0.540771286190134	-2.14578324179028	-0.287287659993358	-0.289456945849906	-4.62034041834117	-1.18733279974064	-1.45195503744775
0.550771286190134	-2.19229455353524	-0.297886125488874	-0.302411332836146	-4.67170544302786	-0.943934836165689	-1.15124697526657
0.560771286190134	-2.23903907937238	-0.306359926349393	-0.312710719718997	-4.66913541228252	-0.759609985435497	-0.91846934653848
0.570771286190134	-2.28553446248802	-0.313230070466157	-0.320957260406064	-4.62361413060604	-0.620999893387268	-0.73865979595947
0.580771286190134	-2.33139787735985	-0.318897010953914	-0.327619907986051	-4.54409218762062	-0.517341833136401	-0.599970113201217
0.590771286190134	-2.3763269379251	-0.323665303927929	-0.333061783623716	-4.43782631196874	-0.439986454598014	-0.493153199901929
0.600771286190134	-2.42008385402392	-0.327763718028185	-0.337562859760838	-4.3105023369022	-0.382420360957696	-0.410700860429066
0.610771286190134	-2.46248186149501	-0.331362902228131	-0.341337207220212	-4.16685775319665	-0.33904999821968	-0.347301652049513
0.620771286190134	-2.50337530335793	-0.334586942567046	-0.344549492925869	-4.01003369536764	-0.307026781096596	-0.297439187006158
0.630771286190134	-2.54264949580631	-0.337527800095153	-0.347322970356136	-3.84331745873703	-0.282240411597253	-0.25879130828994
0.640771286190134	-2.58021541946922	-0.340250033284349	-0.349752236986721	-3.66870285731975	-0.262988462418828	-0.22820932374395
0.650771286190134	-2.61600339049802	-0.34279961631427	-0.351908113020731	-3.48798658819574	-0.24746364285084	-0.203832953017054
0.651342817994211	-2.6179938779915	-0.342940851281131	-0.352024224340508	-3.47751281885758	-0.246639282766123	-0.202615983326925
0.661342817994211	-2.66248836118955	-0.328275791130819	-0.345351817702002	-5.4402061533057	3.2313327739863	1.50406871140738
0.671342817994211	-2.72415355349688	-0.284308037665834	-0.31680421353107	-6.47392614341314	4.62769220112007	4.88292649252824
0.681342817994211	-2.79068727188978	-0.234176067385374	-0.262537939542498	-6.60637005341807	5.09730758207154	5.55675967754304
0.691342817994211	-2.85346216241249	-0.186354256128639	-0.209941657549274	-5.88351578497571	4.37480655336099	4.86134491133155
0.701342817994211	-2.90794647553241	-0.147234185203215	-0.16612674151776	-5.01883748332192	3.45732858977154	3.90339412439286
0.711342817994211	-2.95417923551016	-0.116716664030623	-0.131499278380377	-4.24880213290214	2.67546036176392	3.05117111335932
0.721342817994211	-2.99335178714098	-0.0931243660091677	-0.104515143906542	-3.60589339937587	2.07130452716561	2.37343887396395
0.731342817994211	-3.0266375596295	-0.0748304353429173	-0.0834970020780008	-3.06742440672151	1.61056879969506	1.85122863192711
0.741342817994211	-3.05495514828349	-0.0605714665273157	-0.0670766563984597	-2.60732719547264	1.25651471452023	1.45030942405448
0.751342817994211	-3.07898947997506	-0.0494106519450319	-0.0542061022876614	-2.20769427516115	0.98648794115338	1.13749752913174
0.761342817994211	-3.09925553549987	-0.0406427906245007	-0.0440951552021553	-1.85190696203119	0.775771599505681	0.894774018601002
0.771342817994211	-3.11614172037085	-0.0337381888812901	-0.0361372062442157	-1.53018408981125	0.611698162840039	0.704674385393864
0.781342817994211	-3.12994619323686	-0.0282900737073358	-0.0298657860912745	-1.23443952459816	0.482928171380099	0.555756998764067
0.791342817994211	-3.1408990538503	-0.0239851126256792	-0.0249182047140856	-0.959130210699577	0.382175640615815	0.438381788207069
0.801342817994211	-3.14917970845612	-0.0205787394114179	-0.0210123673114729	-0.699379422279031	0.302394691617735	0.346338625236237
0.811342817994211	-3.15492790257233	-0.0178808808822211	-0.017926763107697	-0.452032463303371	0.23955079027649	0.273735016321361
0.821342817994211	-3.15825324893278	-0.0157422979854036	-0.0154878197854516	-0.214456166612672	0.190093977969022	0.216325779848146
0.831342817994211	-3.15924191973425	-0.014045449805073	-0.0135593129231156	0.0155830882937893	0.150847162690785	0.171122929659314
0.841342817994211	-3.15796152025959	-0.0126980975570708	-0.0120337464062057	0.239620253351488	0.119817502265087	0.135403762821475
0.851342817994211	-3.15446530448159	-0.0116273620506034	-0.0108264672140407	0.458924058197412	0.095292144295264	0.107152981596305
0.861342817994211	-3.14879527203329	-0.0107755680381709	-0.00987072602887825	0.674533841895652	0.0758212341143912	0.0848710532209118
0.871342817994211	-3.14098452986989	-0.0100971929423983	-0.00911367342657648	0.887165607639971	0.060484721701945	0.0672068817719293
0.881342817994211	-3.13105940725961	-0.00955594407789106	-0.00851364794180946	1.09749246929638	0.0482848145708827	0.0533124901433247
0.891342817994211	-3.11904086871064	-0.00912312441090967	-0.00803753360783198	1.3059325958442	0.0386619893688347	0.0423427818280264
0.901342817994211	-3.10494589742561	-0.00877582447662575	-0.00765909638544441	1.51282782746887	0.0311045863649638	0.0336877940100205
0.911342817994211	-3.08878854285113	-0.00849571101527812	-0.00735751029811328	1.71844519237933	0.0251602108443825	0.0269056588739109
0.921342817994211	-3.07058077238741	-0.00826814028400207	-0.00711614417582132	1.92293340629984	0.0205463268796329	0.0215902451674131
0.925124851418054	-3.0631623867377	-0.00819324758205498	-0.00703772128999352	2	0.0190913451251946	0.0199009206860586
0.935124851418054	-3.04214609562004	-0.00801920376330858	-0.00685817939822409	2.20309175047784	0.0158664242484984	0.0161679379302692
0.945124851418054	-3.01910389145061	-0.00787322588379791	-0.00671147715208258	2.40518220074217	0.013445139592364	0.0133064754858208
0.955124851418054	-2.99404592782759	-0.00774811781939396	-0.00658969570835691	2.60622939633765	0.0116768108656263	0.0111548068988391
0.965124851418054	-2.96698306507341	-0.0076379625760003	-0.00648640170402123	2.8061434281534	0.0104345397146975	0.00959226232420865
0.975124851418054	-2.93792735158961	-0.00753787953280957	-0.00639630668267988	3.00477043455366	0.00965207313737147	0.00849756059229416
0.985124851418054	-2.90689251778166	-0.00744375477939842	-0.0063150613238693	3.20193185169025	0.00923308841045855	0.00780990268449433
0.995124851418054	-2.87389440181475	-0.00735213322916796	-0.00623901314885544	3.39738723985004	0.00913619278481385	0.00745419704783989
1.00512485141805	-2.83895140118165	-0.00726005624445376	-0.00616507907481031	3.59085706402332	0.00932210846920293	0.00737608449880545
1.01512485141805	-2.80208490226496	-0.00716495207211607	-0.00609063418046341	3.78203017050528	0.00973647103032483	0.00755029070033667
1.02512485141805	-2.76331967723295	-0.00706459841646058	-0.00601339009801281	3.97053956740142	0.0103661984398759	0.00793224741864931
1.03512485141805	-2.72268430168036	-0.00695702678111122	-0.00593135619599344	4.15598933547212	0.0111790680172281	0.00850219537531479
1.04512485141805	-2.68021153231777	-0.00684049857619105	-0.00584277435438576	4.33794481615017	0.0121488566237056	0.0092427780990596
1.05512485141805	-2.63593866628277	-0.00671349178541777	-0.00574606945201768	4.51592443032358	0.013277979700903	0.010119121588723
1.06512485141805	-2.58990790659751	-0.00657462842576742	-0.00563986557292079	4.68943746409042	0.0145157704237736	0.0111412640725945
1.07512485141805	-2.54216664151095	-0.00642274024738257	-0.00552290908484832	4.857936638075	0.0158743919433653	0.0122718135581072
1.08512485141805	-2.49276774987561	-0.00625679866413423	-0.00539411023255907	5.02086456838891	0.0173303484006073	0.0135021996598575
1.09512485141805	-2.44176982807484	-0.00607593249972596	-0.00525252507544759	5.17764609020946	0.0188522701983057	0.0148300733544331
1.10512485141805	-2.38923736002369	-0.0058794669303285	-0.0050973275213541	5.3276693759371	0.0204561973105744	0.0162153469184578
1.11512485141805	-2.3352408851402	-0.00566684037063541	-0.00492788174167569	5.47034927673646	0.0220733268264424	0.0176836468031295
1.12512485141805	-2.27985700971086	-0.00543773879368385	-0.00474364665488758	5.60504886822057	0.0237455975101202	0.0191726091135213
1.13512485141805	-2.22316846680287	-0.00519196071114996	-0.00454429270045938	5.73117866362093	0.0254138362014714	0.0206981584124113
1.14512485141805	-2.16526399921077	-0.00492951897137068	-0.00432963225064854	5.84813998284028	0.0270656532417867	0.022238544244503
1.15512485141805	-2.10623821429851	-0.0046506269194203	-0.00409963882515379	5.95534369357457	0.0287107438645627	0.0237539766337584
1.16512485141805	-2.04619138121662	-0.00435563019712969	-0.00385450595425456	6.05226352193698	0.0302771170129094	0.0252684379536227
1.17512485141805	-1.98522905719984	-0.0040451421714908	-0.00359454226130167	6.13835381320292	0.0318192909006685	0.0267066935966457
1.18512485141805	-1.92346177711785	-0.00371984584149872	-0.00332032360513119	6.21318463257109	0.0332259802606793	0.0281242419543232
1.19512485141805	-1.8610044816477	-0.00338071553522638	-0.00303251061931075	6.27629850375285	0.0345674324054664	0.0294352012153742
1.20512485141805	-1.79797605835463	-0.0030288083917337	-0.00273199848033353	6.32734758747351	0.0357960943504124	0.0306478168292949
1.21512485141805	-1.73449869436666	-0.00266533492681432	-0.00241984226229292	6.36604472583879	0.0368737499366281	0.0317651980097022
1.22512485141805	-1.67069718865094	-0.00229168869102279	-0.00209720919004487	6.39213876172925	0.0378405298382284	0.0327316479500624
1.23512485141805	-1.60669829720308	-0.00190929095701851	-0.00176547132332207	6.40550894949075	0.0386072391470933	0.0335961260525998
1.24512485141805	-1.54262989103239	-0.00151978501588633	-0.00142601966764326	6.4060270155274	0.0392793776455504	0.0342582885609393
1.25512485141805	-1.47862031300697	-0.00112472242417388	-0.00108047364968254	6.39375114270422	0.0397142243029887	0.0348164554682598
1.26512485141805	-1.41479745886311	-0.000725865829412622	-0.000730404053220837	6.36871249269327	0.0400122228219878	0.0351821092361159
1.27512485141805	-1.35128811203607	-0.000324922547927738	-0.000377501139201324	6.33107449079252	0.0401473424206494	0.0353701598720574
1.28512485141805	-1.2882171563777	7.63936093952801e-05	-2.34844091300205e-05	6.28107494319935	0.0400939615872161	0.0353993703150005
1.29512485141805	-1.22570684462755	0.000476350617471535	0.000329948069706302	6.21900019488191	0.039877043284544	0.0352529028405806
1.30512485141805	-1.1638761611606	0.000873296870227391	0.000681082584406288	6.1452313445582	0.0394538212223251	0.0349710325199867
1.31512485141805	-1.10284013922988	0.00126552347560009	0.00102833626850026	6.06013485358099	0.0389512244664293	0.0344645520983037
1.32512485141805	-1.04270943419261	0.00165156296667726	0.00137005833016665	5.9642404451124	0.0382403685939454	0.0338484677572848
1.33512485141805	-0.983589713365529	0.00202989697736776	0.0017047919703065	5.85803078482313	0.0374029295304642	0.0330755685497597
1.34512485141805	-0.925581344115245	0.00239916947127919	0.00203113560419952	5.74206461336891	0.0364293245318227	0.0321729372604959
1.35512485141805	-0.868779040787984	0.00275811776160166	0.00234782149656843	5.61691540061612	0.0353409448030407	0.0311455721326725
1.36512485141805	-0.813271642686501	0.00310561561152258	0.002653701968225	5.48318515405914	0.0341394872655117	0.0300157082289671
1.37512485141805	-0.759141941615675	0.00344064337950159	0.00294778832804412	5.34147185036855	0.0328634543471596	0.028778011614507
1.38512485141805	-0.706466631147352	0.00376235771378605	0.00322920708312234	5.19240413579519	0.0314907005342268	0.0274756193750242
1.39512485141805	-0.65531627181197	0.00407002729604654	0.00349725684495714	5.03658977367335	0.0300405939337174	0.0261195056458286
1.40512485141805	-0.60575535513425	0.00436303826145301	0.00375140615520985	4.87461189050788	0.0285675908265049	0.024693111782374
1.41512485141805	-0.557842473918697	0.00464100126420763	0.00399120754978061	4.70709403754371	0.0269980594887271	0.0232800293817631
1.42512485141805	-0.511630401261919	0.0049035222699961	0.00421647179691273	4.53454593544337	0.0254734518384116	0.021794281081069
1.43512485141805	-0.467166442655454	0.00515049293244508	0.00442703085121658	4.35755296777436	0.0239042906782427	0.0203300940917451
1.44512485141805	-0.424492585276099	0.00538182324323655	0.00462293576328828	4.17660042549582	0.0223663700128153	0.0188506257529759
1.45512485141805	-0.383645875933217	0.00559762704579693	0.00480429637153139	3.99219741614419	0.0208091722332208	0.0174166147415409
1.46512485141805	-0.344658674619986	0.00579806498858214	0.00497138798627706	3.80477678947286	0.0192813426141813	0.0160091976725388
1.47512485141805	-0.307559027834424	0.00598342306858329	0.00512457130328933	3.61475144459029	0.017797891607596	0.0146340090238859
1.48512485141805	-0.27237101507264	0.00615410438191321	0.00526427927952316	3.42251463983623	0.0163376871078776	0.0133230447042683
1.49512485141805	-0.239115066805259	0.00631054391140369	0.00539106361670306	3.22839059334938	0.0149566265191043	0.0120457606604545
1.50512485141805	-0.207808365906863	0.00645331629435641	0.00550548920433074	3.03271287703225	0.0136079076542956	0.0108501282208698
1.51512485141805	-0.178465136759487	0.00658299679028374	0.00560822230891747	2.83574094579072	0.0123357555433593	0.0097105692274782
1.52512485141805	-0.151097023850151	0.00670024923554969	0.00569994066775667	2.63772650121165	0.0111252393651417	0.00864588107079216
1.53512485141805	-0.125713390365523	0.00680575880585535	0.00578136597907151	2.43887795646508	0.00998728378312091	0.00765256068488759
1.54512485141805	-0.102321637545712	0.0069002480983339	0.00585323159429456	2.23937988387038	0.0089177588838366	0.00673700096343019
1.55512485141805	-0.0809274839714242	0.00698444189332786	0.00591629144805559	2.03937866625642	0.00793481975172661	0.00588627195742243
1.56512485141805	-0.0615352569593537	0.00705910500606579	0.00597127255140771	1.83901617062844	0.00700612381481573	0.00512536424351863
1.57512485141805	-0.0441481082445287	0.00712495443544277	0.0060189273693345	1.63838046932643	0.00616721644020541	0.00442437332472727
1.58512485141805	-0.0287682771360831	0.0071827318609455	0.00605996143177269	1.43756185940997	0.00539784097748835	0.0037957133107217
1.59512485141805	-0.0153972735316648	0.00723314464768838	0.00609506543750236	1.23662200468811	0.0046983102958602	0.00323428901569693
1.60512485141805	-0.00403606772648567	0.00727687674249287	0.00612489366247811	1.03560874069273	0.00406091257647578	0.00274006559626139
1.61512485141805	0.00531475680658646	0.00731456944489121	0.00615006726699657	0.834550661364146	0.00348790981686607	0.00230405507195994
1.62512485141805	0.0126548641287309	0.00734682678036616	0.00617115940686855	0.633467522960334	0.00297317875505688	0.00192284247839996
1.63512485141805	0.0179840582342467	0.00737420387707756	0.00618869480811246	0.432369066658255	0.0025105211576985	0.00159216978681417
1.64512485141805	0.0213021978263302	0.00739719990974166	0.00620314679778844	0.231256463307518	0.00209594819766208	0.00130524306830142
1.65512485141805	0.0226091328340532	0.00741625711394331	0.00621493053443337	0.0301273827374442	0.00172162524421429	0.00105758019487904
1.66512485141805	0.021904668432736	0.00743175260103964	0.00622440280513846	-0.171024038559352	0.00138155453462173	0.000842637225113235
1.67512485141805	0.0191885510664154	0.00744399562254062	0.0062318583903213	-0.372203990214139	0.00106980309826576	0.000653280343732015
1.68512485141805	0.01446047862422	0.00745322534334835	0.00623752680203905	-0.573415776943572	0.00077872243017428	0.000483262264128808
1.69512485141805	0.00772013549452156	0.00745960746375971	0.00624157071996406	-0.774657705457097	0.000499700525159829	0.000326701390374196
1.70512485141805	-0.00103274788906953	0.00746323066399434	0.00624408521631403	-0.975921395579602	0.00022489083789295	0.000176803886064469
1.71512485141805	-0.0117983116091274	0.00746410423157986	0.00624509687524731	-1.17718967426956	-5.2010345594115e-05	2.53185639701489e-05
1.72512485141805	-0.0245764598949674	0.00746215914966186	0.00624456085297556	-1.3784325215193	-0.000339476331267036	-0.000134469470060938
1.73512485141805	-0.0393667290687136	0.00745724618826958	0.00624236110427173	-1.57960537684182	-0.000646443419174458	-0.000308998865735414
1.74512485141805	-0.0561681315681812	0.00744913483455791	0.0062383107832039	-1.78064730842183	-0.000980953866414101	-0.000505408857804075
1.75512485141805	-0.0749789765659801	0.00743751379552211	0.00623215234048232	-1.9814786159124	-0.00135016202743358	-0.000731436255799655
1.76512485141805	-0.0957966675229329	0.00742199307516834	0.00622355742913895	-2.18199792938627	-0.00176159641315314	-0.000994314680206416
1.77512485141805	-0.118617476782888	0.00740210667966046	0.0062121274892593	-2.38207950095879	-0.00222412279578656	-0.00129989364969194
1.78512485141805	-0.143436297059408	0.00737731387694455	0.00619739679240071	-2.58157213952609	-0.00274533028243078	-0.00165454911907486
1.79512485141805	-0.170246371853987	0.00734700131501243	0.0061788363083494	-2.78029836780268	-0.00332868171472421	-0.00206726220616561
1.80512485141805	-0.19903901004653	0.00731049487843281	0.0061558516056471	-2.97804806085109	-0.00398372351850771	-0.0025414303541779
1.81512485141805	-0.229803277296038	0.00726706025307159	0.00612779144037299	-3.17458050134265	-0.00471738992136214	-0.00308149871530779
1.82512485141805	-0.262525672530737	0.00721590608379419	0.00609395633088212	-3.36962582324219	-0.00552728653610638	-0.003698023622036
1.83512485141805	-0.29718980044929	0.00715620851490956	0.00605359251991488	-3.5628735765437	-0.00642530526283478	-0.00438891557001754
1.84512485141805	-0.333776020466109	0.00708710447402088	0.00600591270731993	-3.75398311930289	-0.00741184668289093	-0.00515943930219639
1.85512485141805	-0.372261099131939	0.00700770685466406	0.00595010196917085	-3.94258094095095	-0.00848108612598826	-0.00601784617521643
1.86512485141805	-0.41261786797824	0.00691713562690888	0.00588531352054783	-4.1282488748766	-0.00964832465441819	-0.00695367157238731
1.87512485141805	-0.454814861970455	0.00681449585217042	0.00581070841452682	-4.31054861061436	-0.0108950803158644	-0.00798061020122671
1.88512485141805	-0.498816000732817	0.00669893223388576	0.00572543737031153	-4.48899720707616	-0.0122283329039891	-0.00908981098017539
1.89058729075013	-0.5235987755983	0.00663005368333974	0.00567405471464744	-4.58466411432462	-0.0129955074280621	-0.00972651490275605
1.90058729075013	-0.590089328604244	0.0412231418609342	0.00899029316172654	-8.08196043493398	5.54352382968373	1.57613479197651
1.91058729075013	-0.673716643383115	0.0926800829853361	0.0517958164834263	-8.75497431744884	5.21061183846423	6.03018644921473
1.92058729075013	-0.762043150111531	0.14439970899967	0.112617025402022	-8.74440042350119	4.91318141326679	5.84107055557058
1.93058729075013	-0.847260752047504	0.189188483363655	0.166133887485042	-8.28231153822683	4.02166378153543	4.83587102108286
1.94058729075013	-0.927794175668844	0.22502719170328	0.209386362287756	-7.8364984678013	3.16294592935528	3.8392688431272
1.95058729075013	-1.00430397511091	0.252914726068658	0.243450902029825	-7.48166773480105	2.43934152597907	3.00069762938592
1.96058729075013	-1.07771461619596	0.274248750572157	0.269952946068953	-7.21330784699124	1.84721010604612	2.32606132110129
1.97058729075013	-1.14883123017062	0.290297442641935	0.290385633623927	-7.02008623532786	1.3788795086439	1.78274486319471
1.98058729075013	-1.21830593334135	0.302153426653818	0.305985490524994	-6.88326770740935	1.00741807557999	1.35407793861495
1.99058729075013	-1.28664316658124	0.310718624654575	0.31777316784548	-6.79050591219471	0.71790147368239	1.01729782564327
1.99388487903787	-1.30899693899575	0.312952281336137	0.320970443120327	-6.76769823896819	0.637968282660891	0.923184476233257
2.00388487903787	-1.35946667652953	0.288604768283715	0.326323975089178	-3.64807161425216	-4.73434276906308	-0.492530235794385
2.01388487903787	-1.39274363355127	0.242930342064843	0.292802775425776	-2.89483443599821	-4.80862287639063	-5.37490441863943
2.02388487903787	-1.41991787010672	0.192594847501441	0.236195398268253	-2.76098921463619	-4.9476028407338	-5.62082831799965
2.03388487903787	-1.45031789027604	0.147165579931881	0.184021752088579	-3.36728061116208	-4.07615431409416	-4.73982417867619
2.04388487903787	-1.48745346798738	0.111227690449991	0.141803372044692	-4.04754156948275	-3.13192447042905	-3.71889720624356
2.05388487903787	-1.53085589715898	0.0839143140800482	0.109084910483543	-4.6088520696694	-2.36511405161097	-2.85745330695858
2.06388487903787	-1.5791795275755	0.0633157920989022	0.0839871983214591	-5.03521201504616	-1.78157022538235	-2.19314800998481
2.07388487903787	-1.63116621054932	0.0477568703895472	0.0647154046360594	-5.34583710624198	-1.35028772197737	-1.68536766502292
2.08388487903787	-1.68580419962936	0.0359553055564669	0.0498677823002609	-5.56843543374612	-1.026237037651	-1.30114248997335
2.09388487903787	-1.74230543575345	0.0269686511322455	0.0383851268277306	-5.72148226742222	-0.78273597892277	-1.00843487687216
2.10388487903787	-1.80004890526608	0.0200987127905314	0.0294722346559658	-5.81895932594844	-0.599907787898033	-0.784035099979547
2.10946052128496	-1.83259571459421	0.0169882145062042	0.0253902239811725	-5.85357448933768	-0.517822611276681	-0.682803408964469
2.11946052128496	-1.87172657571614	-0.0216372302839278	0.0147197880120572	-2.69858619239436	-5.60888791041328	-2.49128447973931
2.12946052128496	-1.896457267576	-0.0744837102521628	-0.0348354933982848	-2.17829699668762	-5.40512145364815	-6.26671906251622
2.13946052128496	-1.91907410195801	-0.126883322627537	-0.0964354731330869	-2.47770396709254	-4.90243972963828	-5.81649195756377
2.14946052128496	-1.94698211359518	-0.171274346061397	-0.149349008807645	-3.10765361362803	-3.96992610398483	-4.75520880549419
2.15946052128496	-1.98094425107036	-0.206651438703621	-0.191815467424158	-3.66554154982811	-3.12743448746418	-3.76986517218482
2.16946052128496	-2.0198327218637	-0.234403567760526	-0.225332112324293	-4.09094087378808	-2.44786392704374	-2.96532730485442
2.17946052128496	-2.06235315504634	-0.256099958591252	-0.251685013989294	-4.3948646410042	-1.91241399054714	-2.33204600426358
2.18946052128496	-2.10737818901206	-0.273075794567812	-0.272412252306055	-4.59535242849048	-1.49907580956346	-1.83538851706352
2.19946052128496	-2.15397666757998	-0.28641274392131	-0.288747629201714	-4.71202085906033	-1.18205404053988	-1.44832111989899
2.20946052128496	-2.20139473510391	-0.296967013673698	-0.301668333453601	-4.76123732635761	-0.940675925075235	-1.1478476852723
2.21946052128496	-2.24902680838373	-0.305410516878585	-0.31194188701827	-4.75703428820809	-0.756981143036012	-0.916515413594932
2.22946052128496	-2.29639125367694	-0.312261461986955	-0.320171632973328	-4.70956570971838	-0.619692505709491	-0.737311822542896
2.23946052128496	-2.34310510986864	-0.317920318749151	-0.326824461530633	-4.62836202839197	-0.516715545371415	-0.599621364740765
2.24946052128496	-2.38886712618842	-0.322689175518271	-0.332263563456496	-4.52021765245936	-0.440568671632218	-0.493058948384422
2.25946052128496	-2.43344009554032	-0.326796117075295	-0.336767237750315	-4.39113884909746	-0.384004273626212	-0.410829216681545
2.26946052128496	-2.47663806808158	-0.330410901440298	-0.340548196082294	-4.24605040398431	-0.341005736795759	-0.348052258878429
2.27946052128496	-2.51831665708436	-0.33365589542204	-0.343770758900769	-4.08786794944725	-0.309294241948662	-0.298682652103744
2.28946052128496	-2.55836222065765	-0.336622111825816	-0.34655733196364	-3.91992374353053	-0.284670458310362	-0.260509503234309
2.29946052128496	-2.59668705222899	-0.339372680508012	-0.349002390550601	-3.7439884906521	-0.265989421816267	-0.229860409951098
2.30523161327485	-2.61799387799151	-0.340880766549561	-0.350285766819969	-3.63976311129786	-0.25664277504157	-0.215393082416781
2.31523161327485	-2.66435420086424	-0.325819561971483	-0.34395367273402	-5.65150158594064	3.32228131731951	1.44726254941486
2.32523161327485	-2.72784665276172	-0.281618901777732	-0.315305674347564	-6.63864300748119	4.61227485719012	4.9213666287558
2.33523161327485	-2.79595285990183	-0.231667232550604	-0.261005369673679	-6.75426091049544	5.0686121653642	5.54274879132357
2.34523161327485	-2.86015144068053	-0.184203588691569	-0.208603519870999	-6.02219761177513	4.33416430280922	4.83973143375721
2.35523161327485	-2.9160300887898	-0.145461286037659	-0.165024442697326	-5.15975192856702	3.42331506856092	3.87895775484369
2.36523161327485	-2.9636804350114	-0.115269657565407	-0.130613279776145	-4.39236876785957	2.64635023175776	3.03090150036707
2.37523161327485	-3.00430178324483	-0.0919464832948573	-0.103808627315357	-3.75169183571365	2.04568004004844	2.35835132901061
2.38523161327485	-3.03906390117817	-0.0738742177585146	-0.0829346049521081	-3.21578538773793	1.58933130200283	1.83928702054832
2.39523161327485	-3.0688806169947	-0.059798593893738	-0.0666288565071376	-2.75892926943205	1.24143099145236	1.4388732382417
2.40523161327485	-3.09443515456445	-0.0487848645188922	-0.0538529566395848	-2.35996990088606	0.971802253988397	1.13013085248003
2.41523161327485	-3.11623667749416	-0.0401398216660482	-0.0438161366363689	-2.00638131438493	0.765118407750549	0.887810057297025
2.42523161327485	-3.13467292556307	-0.0333343058852153	-0.0359185029919161	-1.68574570437358	0.602599025413194	0.699427390297897
2.43523161327485	-3.15003922759028	-0.0279673883989864	-0.0296948038279587	-1.39130476002172	0.475935298976461	0.551263822179956
2.44523161327485	-3.16256449564909	-0.0237280382789285	-0.0247853600150298	-1.11693623876137	0.376487467430039	0.434833866842144
2.45523161327485	-3.17242672929579	-0.0203746617764168	-0.0209097569253258	-0.857954425093585	0.297636317614082	0.343663873344053
2.46523161327485	-3.17976446144589	-0.0177198094206658	-0.0178477759983161	-0.611446731345135	0.23589801553979	0.271489314803926
2.47523161327485	-3.18468666275508	-0.0156155845537395	-0.0154275880599184	-0.374416423995649	0.186885995913298	0.214773166590998
2.48523161327485	-3.18727848538126	-0.0139466248361635	-0.0135135867580636	-0.145016288237379	0.148319026974155	0.169866695073139
2.49523161327485	-3.18760695347723	-0.0126217618099349	-0.011999370762072	0.0784612460043087	0.117820011241893	0.134385049017518
2.50523161327485	-3.18572466801436	-0.0115691906718033	-0.0108010484887471	0.297312346810636	0.0936322076290103	0.106377507176067
2.51523161327485	-3.18167288098582	-0.0107323052694697	-0.00985236083566961	0.512487868374527	0.0745347179902089	0.0841898489082364
2.52523161327485	-3.17548405393746	-0.010066133677664	-0.00910112703322016	0.724857058155017	0.0592861297508473	0.0667440450510264
2.53523161327485	-3.16718355248608	-0.00953532456744442	-0.00850585846434219	0.934906851121498	0.0473540913974488	0.0528438603598619
2.54523161327485	-3.15679147814078	-0.00911149228721289	-0.00803395086702179	1.14321583493781	0.0378525577292216	0.0419146347275712
2.55523161327485	-3.14432368315416	-0.00877220198842975	-0.00765942572710932	1.35012295562828	0.0303245534489008	0.0333150570375888
2.56523161327485	-3.12979287497287	-0.00849957416984014	-0.00736162380588981	1.55586012233207	0.0244517373459759	0.0265075442976617
2.57523161327485	-3.11320954000187	-0.0082791810356595	-0.00712418089003817	1.76065965457847	0.0198174436446779	0.0211990970304874
2.58523161327485	-3.09458257496829	-0.00809953063145967	-0.00693394307870752	1.96460564280588	0.0162555890937568	0.0170319601375044
2.58697137391069	-3.0911338278983	-0.00807172537953349	-0.00690484860561356	2.00000000000058	0.0157428236266178	0.0163957937874467
2.59697137391069	-3.07011792056258	-0.00792808994392203	-0.00675681002986963	2.20304593040187	0.0131240329578596	0.0133328140787828
2.60697137391069	-3.0470754721681	-0.00780709321743074	-0.00663571593449492	2.40531139097501	0.0111746347569424	0.0109960141049591
2.61697137391069	-3.0220144796732	-0.0077027312231269	-0.00653494595107302	2.60674223966063	0.00977888936404284	0.00924880470335496
2.62697137391069	-2.99494371954107	-0.0076100261546014	-0.00644909417341511	2.80724349670791	0.00883158138568126	0.0079952710423218
2.63697137391069	-2.96587319854292	-0.00752482805925564	-0.00637368979463134	3.00666609950841	0.00826750840086523	0.00714656408348801
2.64697137391069	-2.9348146071074	-0.00744362240109467	-0.00630500661300889	3.20482061991472	0.00802860777461271	0.0066383788194882
2.65697137391069	-2.90178175436219	-0.00736339328862239	-0.00623990336596055	3.40147907961359	0.00805842412564072	0.00642865362924114
2.66697137391069	-2.86679098211104	-0.00728154788360257	-0.00617567560254294	3.59635643566803	0.00834356493932716	0.00645970999572703
2.67697137391069	-2.82986160469668	-0.00719579068574138	-0.00610999463388906	3.78914118745654	0.00884257307252657	0.00670980902460263
2.68697137391069	-2.79101630988115	-0.00710409132742358	-0.00604081155631892	3.97947762715148	0.00952674075415831	0.00715767130838469
2.69697137391069	-2.75028155983658	-0.00700464813288956	-0.00596629560185351	4.16696166636854	0.0103905725469727	0.00777148056629218
2.70697137391069	-2.70768799875756	-0.00689582256236081	-0.00588482039750608	4.3511646989502	0.0113988273547031	0.00854819940892124
2.71697137391069	-2.66327081031703	-0.00677616329521342	-0.00579490020712878	4.53160584717564	0.012553609987215	0.00945908849341811
2.72697137391069	-2.61707009146661	-0.00664435331724473	-0.00569520290521587	4.70778091311778	0.0138324321333459	0.010496860048126
2.73697137391069	-2.56913117621189	-0.00649921745972256	-0.00558452864288569	4.87915655720035	0.0152078782745648	0.0116590799537797
2.74697137391069	-2.5195049178047	-0.00633975446521509	-0.00546177956328635	5.04515238857623	0.016696793757748	0.0129086501004006
2.75697137391069	-2.46824797570678	-0.00616506947230429	-0.0053260155536266	5.20519176293436	0.0182531520904709	0.0142572206736609
2.76697137391069	-2.41542299251284	-0.00597445310899854	-0.00517640078610187	5.35865860877533	0.0198789574027414	0.0156776606842904
2.77697137391069	-2.36109876834836	-0.00576734192155038	-0.0050122471790358	5.50493402302907	0.0215533700141861	0.0171593909995171
2.78697137391069	-2.30535034964955	-0.00554333394945971	-0.00483301675792589	5.64339766837453	0.0232445053735352	0.0186989952707975
2.79697137391069	-2.24825903278449	-0.00530224232991638	-0.00463829466917241	5.77340457465775	0.0249793556009489	0.0202453537050581
2.80697137391069	-2.18991236299967	-0.00504398756831797	-0.00442788789944271	5.8943678688104	0.0266712586425534	0.0218352340379819
2.81697137391069	-2.13040393530226	-0.0047687619113872	-0.00420170825850748	6.00566181168413	0.0283618515731178	0.0234036477047405
2.82697137391069	-2.06983324449765	-0.00447688877505481	-0.00395989129597548	6.10672412329391	0.0300050877869001	0.0249537701969757
2.83697137391069	-2.00830535604306	-0.00416889827080822	-0.0037027414058854	6.19701449551218	0.0315823902034211	0.0264670209080813
2.84697137391069	-1.94593053009099	-0.00384551441416612	-0.0034307411888501	6.27602908848076	0.0330887346409557	0.0279145153502696
2.85697137391069	-1.88282378048046	-0.00350760092944169	-0.00314458781997555	6.34333986970828	0.0344608202909944	0.0293140195354904
2.86697137391069	-1.81910427875787	-0.00315628259174801	-0.00284508583704152	6.39851589668039	0.0357756375314719	0.0305746652184677
2.87697137391069	-1.75489483931945	-0.00279271395196837	-0.00253331086810707	6.44127375903799	0.0369199678724524	0.0317569564272784
2.88697137391069	-1.69032114758194	-0.00241829338397438	-0.0022104182210894	6.47133238218764	0.0379379316254642	0.0328005047828579
2.89697137391069	-1.62551110382751	-0.00203448946319592	-0.00187775050738719	6.48852004706612	0.0387955250863924	0.0337093509566964
2.90697137391069	-1.5605940241673	-0.00164290289261424	-0.00153675579897909	6.49272391391904	0.0395045666321976	0.0344550989470999
2.91697137391069	-1.49569987791189	-0.00124518275938834	-0.00118901625881297	6.48393295540305	0.0400284542066594	0.0350512342119294
2.92697137391069	-1.43095846611441	-0.000843049599950715	-0.000836189969536662	6.46220852810962	0.0403510276969002	0.0354993198993243
2.93697137391069	-1.36649860171918	-0.000438320530118521	-0.000479949123022346	6.42765178303164	0.0405492637655858	0.0357320870963878
2.94697137391069	-1.30244740017377	-3.27200605747779e-05	-0.000122085438006265	6.38051059894508	0.0405415607107667	0.0358110697408083
2.95697137391069	-1.23892944332169	0.000371944802704404	0.000235670416918588	6.32104586117617	0.0403865957939282	0.0356919708000315
2.96697137391069	-1.17606616068189	0.000774006563220492	0.000591516735288091	6.2496582743709	0.0399797967805301	0.0354627762570448
2.97697137391069	-1.11397504829805	0.00117165522537843	0.000943842523980968	6.16668339965321	0.0395107121248387	0.0349845258622163
2.98697137391069	-1.05276927597496	0.00156339669578292	0.00129090543176889	6.0726738406702	0.0387973707751854	0.0344135017025205
2.99697137391069	-0.992556979477552	0.00194761457524276	0.0016312102453546	5.96809215957024	0.0379749596426347	0.0336603031346847
3.00697137391069	-0.933440959469708	0.00232288281127023	0.00196329411282196	5.85349854196669	0.0370450005558569	0.0327433080554034
3.01697137391069	-0.875518319207624	0.00268794408106169	0.0022857699166921	5.72951973963828	0.0359272364409866	0.0317475044348507
3.02697137391069	-0.818880117653825	0.00304152707476826	0.00259749162759685	5.59671342217317	0.034752103615051	0.0305944495136544
3.03697137391069	-0.763611307638454	0.00338262472176311	0.00289735297844865	5.45573743511834	0.0334519928708465	0.0293626365246804
3.04697137391069	-0.709790549978746	0.0037102977932232	0.0031844541193748	5.30720858908446	0.0320676875629311	0.0280464795223258
3.05697137391069	-0.657490231101767	0.00402376731801106	0.00345803676141866	5.15175340854247	0.0306142328643453	0.0266611387039606
3.06697137391069	-0.606776507351001	0.00432240165585479	0.00371749753426416	4.98999157228182	0.0291030930509011	0.0252246854638779
3.07697137391069	-0.557709417617802	0.00460570928476245	0.00396239255513644	4.82252514926831	0.0275525925217618	0.0237494958320076
3.08697137391069	-0.510343061161388	0.00487334702975722	0.00419242593852646	4.64993999875962	0.0259721296944163	0.0222542615932063
3.09697137391069	-0.464725815123909	0.00512510313452853	0.00440745445675465	4.47279256938948	0.0243818251600581	0.0207482291005595
3.10697137391069	-0.420900607284729	0.00536090946389797	0.00460746614930814	4.29161771977709	0.0227856565230115	0.0192519919876429
3.11697137391069	-0.37890520747122	0.00558081710323794	0.00479258494982304	4.10691417154074	0.0211978867078891	0.0177764953432385
3.12697137391069	-0.338772554294833	0.00578499163972961	0.00496305757747158	3.91914448255061	0.0196378336268069	0.0163269369138225
3.13697137391069	-0.300531102828515	0.0059737120459973	0.00511923578131219	3.72873878582402	0.0181176217961063	0.0149122228968909
3.14697137391069	-0.264205185533397	0.00614737129563261	0.0052615558669151	3.53610087518581	0.0166260515563438	0.0135575139868956
3.15697137391069	-0.229815353529492	0.00630641745252461	0.0053905640143915	3.34157613329221	0.0152016393644943	0.0122468201593527
3.16697137391069	-0.19737877609042	0.00645142739482113	0.00550683692497861	3.14550757660452	0.013804120574976	0.0110238296135924
3.17697137391069	-0.166909542228443	0.00658296528623749	0.00561107130642293	2.94815086931467	0.012511523624041	0.00983721768874975
3.18697137391069	-0.138419084493486	0.00670174217736993	0.00570393710438698	2.7497879861331	0.0112610667571695	0.00874405883027176
3.19697137391069	-0.111916446579866	0.00680844445151098	0.00578619117455608	2.55062321700167	0.0100916446562981	0.00771954731625894
3.20697137391069	-0.0874086472675834	0.00690381915739165	0.005858589967826	2.35084838969718	0.008997576967725	0.00677187631693264
3.21697137391069	-0.0649009708558294	0.00698863106451607	0.00592190381933275	2.15062367681231	0.00797710127421423	0.0059042716841389
3.22697137391069	-0.0443972499621694	0.00706364752419704	0.00597691046381223	1.95007659934762	0.00703939369201327	0.00510959082722773
3.23697137391069	-0.0259001380285353	0.00712964851556056	0.00602436991100861	1.74931741932426	0.00617417987744245	0.00439429879964363
3.24697137391069	-0.00941134083516923	0.00718739382878724	0.0060650342378666	1.54842603960847	0.00538713176259013	0.00375080653564793
3.25697137391069	0.00506815680600722	0.00723763252540338	0.00609962542193987	1.34746641316041	0.00467212001109308	0.00317938064309762
3.26697137391069	0.0175379010096379	0.00728108269363159	0.00612883779555201	1.14648102484675	0.00402942372926515	0.0026739743371217
3.27697137391069	0.0279977928080665	0.00731843438259287	0.00615332352306657	0.945500245926369	0.00344977873190679	0.00223487418329077
3.28697137391069	0.0364479474354255	0.00735032722913253	0.00617369919088468	0.744534616056332	0.00293774293885265	0.00185047439989161
3.29697137391069	0.04288856195893	0.0073773650138627	0.00619052451029107	0.543591040208991	0.00248004223126269	0.00152223810003144
3.30697137391069	0.04731982424182	0.00740009125727753	0.00620431271646813	0.342662934215015	0.00207385983087462	0.00124259398524662
3.31697137391069	0.0497418341697931	0.00741899270007698	0.00621552006614335	0.141738344473264	0.00171375828919895	0.00100529787675728
3.32697137391069	0.0501545529815904	0.00743449412284083	0.00622454305234702	-0.0591979980248007	0.00139254880189181	0.000804839349418348
3.33697137391069	0.0485577771946901	0.00744695249058836	0.0062317170028991	-0.260163416849804	0.00110397907245293	0.000634412860642912
3.34697137391069	0.0449511351365803	0.00745665495834337	0.00623731242542331	-0.461173816467135	0.000840327351307248	0.000487881530528911
3.35697137391069	0.0393341087067398	0.007463814704943	0.00624153378346	-0.66224195343787	0.000594015323427551	0.000358581374581269
3.36697137391069	0.0317060788778072	0.00746856809203092	0.00624451792123589	-0.86337514246577	0.000357929891804053	0.000239135300750219
3.37697137391069	0.0220663946118609	0.00747097400910873	0.00624633142598765	-1.06457182543468	0.000123140648744505	0.000123311616793775
3.38697137391069	0.0104144675765481	0.00747101003702178	0.00624697116217997	-1.26582054970548	-0.000117825956696252	3.52029805927904e-06
3.39697137391069	-0.0032501103300582	0.00746857242414082	0.00624636249130256	-1.46709676502767	-0.000372724633162499	-0.000127751882301636
3.40697137391069	-0.0189274250384497	0.00746347619813067	0.00624435812311463	-1.66835989253719	-0.000650706508650316	-0.000276989504923892
3.41697137391069	-0.0366170731886997	0.00745545354170038	0.00624073913380984	-1.86955193830828	-0.000959902732443945	-0.000451459636935425
3.42697137391069	-0.0563179717678843	0.00744415452863521	0.00623521504091002	-2.07059501264946	-0.00130757585193568	-0.000658996412882143
3.43697137391069	-0.0780281444999601	0.00742914952920684	0.00622742360280415	-2.27138827920828	-0.00170167122426292	-0.000906673337298475
3.44697137391069	-0.101744484689436	0.00740993147992572	0.00621693190140219	-2.47180560177331	-0.00215090112115845	-0.00120061101002863
3.45697137391069	-0.127462495220764	0.0073859179508503	0.00620323893082062	-2.67169402623513	-0.00266310756041515	-0.00154711838272603
3.46697137391069	-0.155176006909087	0.0073564533888025	0.00618577957626694	-2.87087295031476	-0.00324231913350167	-0.00195484033581032
3.47697137391069	-0.184876880048043	0.00732081947688259	0.00616392395341139	-3.06912886757832	-0.00389635774957137	-0.00242860650065477
3.48697137391069	-0.216554684963384	0.00727823979836592	0.0061369831107732	-3.26621487832384	-0.00463394870968302	-0.00297149846343388
3.49697137391069	-0.250196364432953	0.00722788008900899	0.00610422028548774	-3.46185423515862	-0.00545313612465964	-0.0035937252211964
3.50697137391069	-0.285785892624879	0.00716887124296497	0.00606484657033712	-3.65573015567876	-0.00636201772350656	-0.00429611802796762
3.51697137391069	-0.323303915360723	0.00710031222688037	0.00601803468703863	-3.84749016721191	-0.00736690483601925	-0.00507918037259027
3.52697137391069	-0.362727383981098	0.00702127176781146	0.0059629361823778	-4.03675264818697	-0.00845643931258749	-0.00595530957891725
3.53697137391069	-0.404029205883155	0.00693083099999904	0.0058986689527417	-4.22308785271081	-0.00964559183625978	-0.00691401850552264
3.54697137391069	-0.447177872586486	0.00682806458893511	0.00582435539475505	-4.40604082857133	-0.0109245842212171	-0.00796179324421934
3.55697137391069	-0.492137120817489	0.00671207402545145	0.0057391218952711	-4.58512141704704	-0.0122850238142053	-0.00910136990183558
3.56374502311089	-0.5235987755983	0.00662556293563128	0.00567474530284538	-4.70395706282178	-0.013256886889574	-0.00991895487551839
3.57374502311089	-0.591274665006546	0.0412007476226061	0.00899540604670858	-8.20072394428173	5.54244825511095	1.57552623014371
3.58374502311089	-0.676081736909321	0.0926327337378559	0.051793342133067	-8.87227911525127	5.2069321296082	6.02902794234919
3.59374502311089	-0.765572288060546	0.144299117675803	0.112596877874537	-8.86107439964621	4.90893689267717	5.83635193259904
3.60374502311089	-0.851938441749703	0.189007323900149	0.166078801049913	-8.39882409573665	4.01797198006403	4.82676381655694
3.61374502311089	-0.933610121948905	0.224750927256996	0.209275263079626	-7.95001771887466	3.15327670517389	3.83247321163874
3.62374502311089	-1.01124685237803	0.252529044760555	0.243273878880861	-7.5934548882291	2.42700728433314	2.99463378004095
3.63374502311089	-1.08577323959833	0.273744089851509	0.269707693053567	-7.32560092549505	1.83808439238777	2.31646507111545
3.64374502311089	-1.15799902038884	0.289680993777889	0.290064739968794	-7.1301049533042	1.3669013331472	1.77620112686369
3.65374502311089	-1.22857184469304	0.301428090234796	0.305594085074969	-6.99254911580589	0.996951747159544	1.34726009019068
3.66374502311089	-1.29799650864106	0.309894991862353	0.317315746593191	-6.89874702594073	0.708914535158303	1.01079148524622
3.66534094259588	-1.30899693899575	0.310994740879701	0.318891604406965	-6.88696271683585	0.669273497388612	0.96466076724855
3.67534094259588	-1.36048870374408	0.286631708402789	0.324743389433223	-3.75784591030932	-4.71294237384524	-0.475909541484048
3.68534094259588	-1.39485830671479	0.241195656372345	0.291298331594804	-3.00106718135636	-4.7913996627505	-5.35930466872477
3.69534094259588	-1.42311505951482	0.191070158364008	0.234873022825725	-2.86922008280297	-4.92703927361846	-5.59818021663764
3.70534094259588	-1.45460540847237	0.145874004979224	0.182907331190243	-3.47522184712887	-4.05401910684348	-4.71889557415214
3.71534094259588	-1.49280823394718	0.110149541849903	0.140880642933367	-4.15266758999117	-3.1120737804457	-3.70124481582527
3.72534094259588	-1.53724314001011	0.0830153491355955	0.108325542471972	-4.71176134867367	-2.34551787970467	-2.84524540032232
3.73534094259588	-1.58656726506768	0.0625719196289979	0.0833573535710145	-5.13195941655322	-1.77113866908193	-2.17853595414295
3.74534094259588	-1.63951818282963	0.0471357564607678	0.064196095123428	-5.44079903806078	-1.33876463432413	-1.67568456956496
3.75534094259588	-1.69508902722393	0.0354375393121717	0.0494373068493441	-5.6603018152338	-1.01646634659263	-1.29345051595351
3.76534094259588	-1.7524916498153	0.0265364879143018	0.0380265633403294	-5.80996826571182	-0.775181032787263	-1.00182363373828
3.77534094259588	-1.81110490850967	0.0197360193339246	0.0291723757317591	-5.9045259217741	-0.593320925639614	-0.779030021301521
3.7789733943156	-1.83259571459405	0.0176805064498842	0.0264673709961155	-5.92725163728279	-0.539253042502577	-0.711485714775778
3.7889733943156	-1.87245255708652	-0.0211731195478578	0.015492461016024	-2.78116373434477	-5.60874590525454	-2.53925771603614
3.7989733943156	-1.89799861688108	-0.0740641731594029	-0.0344380731572258	-2.26129457376256	-5.41370783333788	-6.27925994587706
3.8089733943156	-1.9215022117134	-0.126470667829388	-0.0960762686392651	-2.5696773420764	-4.89889489265576	-5.81388914050264
3.8189733943156	-1.95034938710628	-0.170794675489068	-0.148947992265778	-3.20099558654786	-3.96538933465094	-4.74644679765517
3.8289733943156	-1.98526139668117	-0.20608877104503	-0.191348486448625	-3.76039463412004	-3.11930355086469	-3.76259022979885
3.8389733943156	-2.02509847765965	-0.23375419958901	-0.224798444407274	-4.18533175085104	-2.4396384614114	-2.95862021464742
3.8489733943156	-2.06855837499828	-0.25536972368466	-0.251089767132675	-4.48802248416837	-1.90518237744889	-2.32589989590311
3.8589733943156	-2.11450926533134	-0.272274897780494	-0.271763493911867	-4.68681722300761	-1.49341382699695	-1.82974143137249
3.8689733943156	-2.16201672896627	-0.285554781612156	-0.288053493362966	-4.8020973390968	-1.17686565548702	-1.44438598257065
3.8789733943156	-2.21032602116205	-0.296064730920988	-0.300938650494005	-4.84963140223725	-0.936427546001287	-1.14520399194287
3.8889733943156	-2.25883126048992	-0.304475545277717	-0.311186946468107	-4.84317791085866	-0.754907870831234	-0.913871934831125
3.8989733943156	-2.30704974242806	-0.311307118748741	-0.319398534710952	-4.79411140352693	-0.618173256355822	-0.7360196689774
3.9089733943156	-2.35459982017162	-0.316956595465197	-0.326041344929692	-4.71106974973633	-0.516344043669209	-0.598883561645448
3.9189733943156	-2.40118067102091	-0.321725441050868	-0.331476802847625	-4.60121344980663	-0.441105638028065	-0.492865459392471
3.9289733943156	-2.44655592296508	-0.325840575646398	-0.335981951168786	-4.47066465855845	-0.384968281997304	-0.41141444646932
3.9389733943156	-2.49054105477629	-0.329469496878501	-0.339769451826542	-4.3239520729442	-0.342904390261314	-0.348706550087225
3.9489733943156	-2.5329923167507	-0.332734496497469	-0.343001664770034	-4.16447722621044	-0.311482160630922	-0.299845157936278
3.9589733943156	-2.57379752182969	-0.335724745811015	-0.345801013365276	-3.99523515888578	-0.28733873637734	-0.261827610479507
3.9689733943156	-2.61286991085895	-0.33850293645809	-0.348260877146533	-3.81819201222645	-0.268870605234389	-0.231457318487888
3.97031966507828	-2.61799387799149	-0.338863423738155	-0.348570065764458	-3.79389103328756	-0.266649261267564	-0.22791159223426
3.98031966507828	-2.66613691973221	-0.323410135888339	-0.342573652696829	-5.85431906547785	3.41244203771149	1.39114427320276
3.99031966507828	-2.73137712432193	-0.278966551699144	-0.313853890958002	-6.79749631228767	4.60590096135451	4.94041144816153
4.00031966507828	-2.80096132493984	-0.229211588278954	-0.259558772267228	-6.89250254570351	5.03624465351483	5.53059419667934
4.01031966507828	-2.86650372798779	-0.182111895827471	-0.207340849978779	-6.15596157113452	4.29955496091462	4.81478657106101
4.02031966507828	-2.92370884524325	-0.143733458078189	-0.163987204186353	-5.29380174541654	3.39034776212726	3.85601601093702
4.03031966507828	-2.97270861783242	-0.113856609037203	-0.129778965441906	-4.52859672471976	2.61711931011771	3.01280832664178
4.04031966507828	-3.01470883757487	-0.0907956887810027	-0.103140626907449	-3.89121028024266	2.02239820600516	2.34305098859093
4.05031966507828	-3.0508773947996	-0.0729380252106348	-0.0824015665143451	-3.35770913201145	1.57008092715951	1.82707090991979
4.06031966507828	-3.08212353973852	-0.0590382138204847	-0.0662047855461162	-2.90270507578139	1.22511684154481	1.42943850718676
4.07031966507828	-3.10912591832491	-0.0481704462973005	-0.0535153061178439	-2.50644639754051	0.960519159253777	1.12088403685495
4.08031966507828	-3.13239294163319	-0.0396420983544877	-0.0435502563370877	-2.15327526012153	0.753697872899738	0.882088521557442
4.09031966507828	-3.15230754310978	-0.0329343545488501	-0.0357082877666695	-1.83463758688548	0.59473659062176	0.693711847915953
4.10031966507828	-3.16916516996575	-0.0276456141184852	-0.0295301757364189	-1.54095178346534	0.468795401715188	0.547287878969924
4.11031966507828	-3.18319245044728	-0.0234699565220575	-0.0246567799729672	-1.26743213557424	0.370290751722751	0.432007063046819
4.12031966507828	-3.19456610455929	-0.0201687661619887	-0.0208091554025004	-1.00965468778771	0.293190799750427	0.34100320035117
4.13031966507828	-3.20342438501383	-0.0175553878918714	-0.0177696465085888	-0.763800627335552	0.231917505681934	0.269714371718112
4.14031966507828	-3.20987500855478	-0.0154850138896849	-0.0153666604126385	-0.527700802154665	0.183986728172467	0.213156947561153
4.15031966507828	-3.21400288060825	-0.0138430440715541	-0.0134662129231492	-0.298999449496394	0.145950808102094	0.168638978548467
4.16031966507828	-3.21587440221896	-0.0125398688336355	-0.011962526289246	-0.0761670424595935	0.11585237169854	0.133480062110331
4.17031966507828	-3.21554165170539	-0.0115048813866388	-0.0107723031096603	0.142014411540161	0.0921304903129506	0.105604324888119
4.18031966507828	-3.21304552316635	-0.0106821060699234	-0.00983006277213103	0.356676009461972	0.0731712361775781	0.0836899253241627
4.19031966507828	-3.20841779549774	-0.0100277029742645	-0.00908379209251564	0.568441557826023	0.0583253852304608	0.0662136477088568
4.20031966507828	-3.20168342886575	-0.00950651304363891	-0.00849272830528013	0.778091652699652	0.0464177938561474	0.0525001628919864
4.21031966507828	-3.19286168653299	-0.00909098216516296	-0.0080243432229909	0.986012551521693	0.0370433441826744	0.0416106492612671
4.22031966507828	-3.18196760601956	-0.00875904275563272	-0.00765297743320903	1.19260270297642	0.0296517907787937	0.0329880000674764
4.23031966507828	-3.16901292490265	-0.00849307714379816	-0.00735827398069317	1.39817891976903	0.0237782349474663	0.0262186815072173
4.24031966507828	-3.15400686294376	-0.00827908894985383	-0.0071239561077608	1.6029107713143	0.0192042297874634	0.0208614839079686
4.25031966507828	-3.13695692423792	-0.00810574484493362	-0.00693710435111805	1.80696954541653	0.0156217261002085	0.0166761885932499
4.25980637413076	-3.11889870490999	-0.00797058023802401	-0.00679425386859219	2.00000000000001	0.0129881953615189	0.0135624590307349
