=========================== Parameters =====================================
l1 [m]	l2 [m]	l3 [m]	c1 [m]	c2 [m]	c3 [m]	m1 [kg]	m2 [kg]	m3 [kg]
0.22	0.22	0.2458	0.11	0.132	0.04916	0.1564	0.23764	0.1564
============================== Data ========================================
t [s]	th1 [rad]	th2 [rad]	th3 [rad]	th1d [rad/s]	th2d [rad/s]	th3d [rad/s]
0	0	0	0	0	0	0
0.01	-0.00181855838235633	0.00122144304802727	0.000351976689573577	-0.324703558858404	0.16243709965695	0.0609988448370394
0.02	-0.0062617173409539	0.00278823871291944	0.00096551920300754	-0.561179958034863	0.145565697028138	0.058040551062138
0.03	-0.0130287964609076	0.00410714677695819	0.00149205848564286	-0.792398295186193	0.118564738309574	0.047276745717269
0.04	-0.0221163174515977	0.00517317087683984	0.00191577716818555	-1.02547714831039	0.0953994834336322	0.0377827708419111
0.05	-0.0335453260934005	0.00602953949565673	0.00225378412236965	-1.26063826820166	0.0765271503903977	0.0301096891119789
0.06	-0.047334716252402	0.00671571771598329	0.00252285567523275	-1.49748864449768	0.0612548713777188	0.0239093618283732
0.07	-0.0634991802526863	0.00726385728526028	0.00273652046733619	-1.7355877598767	0.0488156555717034	0.0189770192585602
0.08	-0.0820493854879074	0.00769960263107059	0.00290566602200418	-1.9745699038358	0.0386733723307501	0.0149930921872786
0.09	-0.10299233037059	0.00804340856926675	0.00303886276867712	-2.21407855488803	0.0303607602777766	0.0117521640988549
0.1	-0.126331509314839	0.00831152100153123	0.00314283249661375	-2.45375910120295	0.0234782479988773	0.00912283058761779
0.11	-0.152066929901186	0.00851673539303372	0.00322287623118021	-2.69326606665982	0.0177306321934741	0.00695443482583637
0.12	-0.180195043324396	0.00866908173372711	0.00328309947914647	-2.93223593516404	0.0128686226165707	0.00514078359742884
0.13	-0.21070855996878	0.00877634191738405	0.00332664796025076	-3.17028021340795	0.00868356189832391	0.00360588585798098
0.14	-0.243596178798746	0.00884445981936943	0.00335591091138652	-3.40698346807762	0.00501385291798553	0.00227596602077662
0.15	-0.278842256229728	0.00887789537064345	0.00337265328307887	-3.64189288282853	0.0017264872695333	0.00109442605932475
0.16	-0.31642641543234	0.00887990554747415	0.00337813714584081	-3.87451384980162	-0.00128710085167323	1.71865378784071e-05
0.17	-0.356323112821923	0.00885277614757726	0.00337322109257276	-4.1043068460547	-0.00411397815069058	-0.000991465335079554
0.18	-0.398501175008978	0.00879801625224989	0.00335844029249494	-4.33068499148123	-0.00682334847978374	-0.00196006533454896
0.19	-0.442923318628722	0.00871652220121371	0.00333407314026748	-4.55301293161754	-0.00946943346312481	-0.00291084697755075
0.2	-0.489545665794285	0.00860871576602963	0.0033002004380252	-4.7706078967681	-0.0120915872052267	-0.00386380538249459
0.207027505899434	-0.523598775598306	0.0085172611497842	0.00327067469113956	-4.92029956679463	-0.0139363644806665	-0.00454199966092082
0.217027505899434	-0.58367248235766	0.0236503632335028	0.0446957122396378	-7.45754132146572	4.14618006675343	5.86531057042752
0.227027505899434	-0.667541923611218	0.0827024680110368	0.103212511214006	-8.64429405256801	6.24054015528123	5.76347501209373
0.237027505899434	-0.752429871793613	0.140153515981814	0.156204256916314	-8.29876094884957	5.18155250837464	4.79422098597988
0.247027505899434	-0.833536020894326	0.186360018229151	0.19935100497587	-7.93799472515227	4.09166913353223	3.85853717339198
0.257027505899434	-0.91150734664246	0.222641680797034	0.233953421203312	-7.67162127007511	3.19735346168148	3.08812405588944
0.267027505899434	-0.987237825845171	0.250896181897256	0.261607704912099	-7.48587562818493	2.47918324497648	2.46681588471036
0.277027505899434	-1.06143540344563	0.272723627431405	0.283661190359072	-7.36226431312639	1.90746909852213	1.9628000967484
0.287027505899434	-1.13463235142572	0.289430438400275	0.301200225710308	-7.28373408351019	1.45195346980876	1.55883966629912
0.297027505899434	-1.20721775721617	0.302075954038248	0.315110885986076	-7.23788374015491	1.09137611505557	1.23535860788558
0.307027505899434	-1.27946735454969	0.311521121934139	0.326112979614084	-7.21499355052992	0.809002825295909	0.975204871307576
0.311121771409357	-1.30899693899575	0.314631895619036	0.329916997700619	-7.21025412799323	0.712347904945605	0.884219981658432
0.321121771409357	-1.37134449309213	0.305212082261175	0.298038649776146	-4.94417881519816	-3.51324427725734	-5.11895415741742
0.331121771409357	-1.41214808210543	0.251708641753674	0.245680555706826	-3.81851308920853	-5.90276695995533	-5.2562270264605
0.341121771409357	-1.45237593558518	0.196580175245807	0.196911075078179	-4.29467237686224	-4.99062681680173	-4.43653686666345
0.351121771409357	-1.49826703742514	0.152299571217443	0.157083849464612	-4.86951479836805	-3.89407561954451	-3.54947886920498
0.361121771409357	-1.54938612376659	0.117970094664189	0.125338470263216	-5.33350337691449	-3.01113985793371	-2.82551300847768
0.371121771409357	-1.60455836580127	0.0913885552731091	0.100066946330232	-5.6835407979335	-2.33601070083226	-2.25029031771909
0.381121771409357	-1.66275268762492	0.0707365949256465	0.0799146672658487	-5.94116153323124	-1.81797169643733	-1.79640096100181
0.391121771409357	-1.72313435908777	0.0546405599762532	0.0638147828686259	-6.12382800709562	-1.41859209216373	-1.43718333308129
0.401121771409357	-1.78502257933856	0.0420598501986166	0.050930461232431	-6.24457495244933	-1.11042941165809	-1.15105927913656
0.408702868060613	-1.83259571459405	0.0343695523745072	0.0428970762251776	-6.3012954192284	-0.924382360907245	-0.973375976629877
0.418702868060613	-1.88525996410274	0.00909062843052569	-0.0057434177741653	-3.8385284174683	-5.31603508570824	-6.16478879989454
0.428702868060613	-1.91833178813053	-0.054500277432182	-0.0681241753754748	-3.28212862748212	-6.3652168601542	-6.01827782659841
0.438702868060613	-1.95381465294202	-0.112436896069517	-0.123027302227543	-3.83054502393673	-5.18825845287491	-4.94670786381566
0.448702868060613	-1.99470082437679	-0.158658219087707	-0.167479256144051	-4.32454646985679	-4.09447459575513	-3.97518437206234
0.458702868060613	-2.0398573646872	-0.195093878566171	-0.20316058031495	-4.68558721235039	-3.22829291347493	-3.19010252106457
0.468702868060613	-2.0880286776713	-0.223855305712604	-0.231812620123135	-4.93123663339715	-2.55218500704188	-2.56357250693395
0.478702868060613	-2.13816845785082	-0.246633522659911	-0.254853596813301	-5.08242099788574	-2.02583923803622	-2.06255726148629
0.488702868060613	-2.18942450618527	-0.264753590678082	-0.273411229038586	-5.15716783783861	-1.61570899389077	-1.66326503562513
0.498702868060613	-2.24110463875837	-0.279251513613222	-0.288387100483199	-5.16961254556529	-1.29707197553482	-1.3442694840861
0.508702868060613	-2.29264667886167	-0.290937845006466	-0.300501130056288	-5.1312918203443	-1.05049986094812	-1.08838166054037
0.518702868060613	-2.34359427870577	-0.300446295997009	-0.310325939172786	-5.05211924078835	-0.859290158859821	-0.884267051415151
0.528702868060613	-2.3935784028506	-0.308268325347788	-0.318320475399795	-4.93977494545864	-0.711362363156085	-0.720801407269317
0.538702868060613	-2.44230064776239	-0.314784586942227	-0.324849907856761	-4.8007021285243	-0.596677632215597	-0.590030925983367
0.548702868060613	-2.48952030631739	-0.320287917330594	-0.330205664633172	-4.64005172473224	-0.507589798013901	-0.485178332278389
0.558702868060613	-2.53504341194302	-0.325002684042373	-0.334619831751145	-4.46200745211082	-0.438117815113118	-0.400861628170136
0.568702868060613	-2.57871384903719	-0.32910006559398	-0.338276963793104	-4.26999902623893	-0.383508698295383	-0.332997636897856
0.578110584997236	-2.61799387799149	-0.332507784535477	-0.341158313696775	-4.07909094367856	-0.342452295226645	-0.28116294344447
0.588110584997236	-2.66426633351331	-0.326824578195567	-0.303446641790852	-5.50929109600414	2.52251731661904	5.30878356465652
0.598110584997236	-2.72808393274673	-0.279831585749659	-0.252659611886225	-6.7198352270572	5.70644197763443	5.07739400641605
0.608110584997236	-2.79267746386797	-0.22513438936061	-0.204839466864065	-6.10488259896902	5.04188492358197	4.39450910203255
0.618110584997236	-2.84970286452204	-0.180006748042139	-0.165175790819057	-5.30950715624618	4.00000787262251	3.55103025624558
0.628110584997236	-2.89920121572228	-0.144515278422142	-0.13333340314667	-4.60906011958409	3.1342451157065	2.84209156186011
0.638110584997235	-2.94222830664186	-0.116667265053598	-0.107858210639854	-4.01100131691373	2.46277618180442	2.27697743271126
0.648110584997236	-2.97969427681426	-0.0947327059028359	-0.0874470019956918	-3.49342315771462	1.9453513808918	1.82326109074445
0.658110584997236	-3.01229250705923	-0.0773903421824266	-0.0710740843745393	-3.03516956798836	1.54038654151419	1.46357991663744
0.668110584997236	-3.04054727249251	-0.0636421152448667	-0.0579247981622715	-2.62251066045701	1.22211794432405	1.17666812834111
0.678110584997236	-3.06486118722524	-0.0527217862417415	-0.0473541927650693	-2.24546721265852	0.971843258210346	0.945865325921329
0.688110584997236	-3.08554749267086	-0.0440331873357877	-0.0388521363915027	-1.89583201905377	0.773533337914608	0.761385744370556
0.698110584997236	-3.10285063812728	-0.0371122974352979	-0.0320086849730514	-1.56813486107358	0.617091926433696	0.612091630366414
0.708110584997236	-3.11696382263381	-0.0315923902619241	-0.0264996888524465	-1.25716040537948	0.492030197024038	0.493459240612938
0.718110584997236	-3.12803882277024	-0.0271866884164042	-0.0220618661482094	-0.959836765693194	0.392878689287433	0.397587584725912
0.728110584997236	-3.13619630917257	-0.0236673174487188	-0.0184859952910873	-0.673240056772535	0.313965838486568	0.32040625219357
0.738110584997236	-3.14153195918098	-0.0208540059189836	-0.015603736588451	-0.395175291582642	0.251135874751474	0.258181628464297
0.748110584997236	-3.14412185379793	-0.0186035314249676	-0.0132800846682967	-0.123845294623839	0.200951158128588	0.20818402301682
0.758110584997236	-3.14402645994391	-0.0168021415468348	-0.0114063317078617	0.142124391134088	0.160833195623633	0.168009603908008
0.768110584997236	-3.14129385978594	-0.0153593904430689	-0.00989482205846399	0.403763947891928	0.128902945253158	0.135478485555374
0.778110584997236	-3.13596248731572	-0.0142028586397299	-0.00867544990262116	0.662009960809691	0.103338740055498	0.109370407388627
0.788110584997236	-3.12806298670392	-0.0132749322101183	-0.00769136517035444	0.91749248284317	0.082981328534936	0.0882537208273449
0.798110584997236	-3.11762007493842	-0.012529343894877	-0.00689698671030735	1.17076408291616	0.0667307639281228	0.0712650619297962
0.808110584997236	-3.10465385935297	-0.0119290422751275	-0.00625544571794333	1.42221617191023	0.053785526191632	0.0575972398242146
0.818110584997236	-3.08918104112093	-0.0114442764919983	-0.00573689490350596	1.6721102797296	0.0435646203740242	0.0465149901511605
0.828110584997236	-3.07121601689822	-0.0110509076773532	-0.00531741609313472	1.92067538456471	0.0354465403070626	0.0376814467402443
0.831312774350994	-3.06493860333417	-0.0109409904367157	-0.00520070597381109	2.00000000000017	0.0332461145341548	0.0352216588228527
0.841312774350994	-3.04370295468629	-0.0106391390856783	-0.00488269168676059	2.2469242602653	0.0273771278089451	0.0286164248063307
0.851312774350994	-3.02000422111	-0.0103889755287209	-0.00462395344259264	2.49261201482033	0.0228605561250954	0.0233267820296076
0.861312774350994	-2.99385504355093	-0.010178299800717	-0.00441246227907962	2.73699335366207	0.0194485620790596	0.0191240455321909
0.871312774350994	-2.96526915256918	-0.00999702824108318	-0.00423839158251754	2.97992685007122	0.0169470096693355	0.0158211476308802
0.881312774350994	-2.93426205058715	-0.00983677131426183	-0.00409365319743024	3.22119384741063	0.0152258485254656	0.0132305861772838
0.891312774350994	-2.90085170536826	-0.00969043194083914	-0.00397163194809837	3.4605231509875	0.0141471163350858	0.0112571451065911
0.901312774350994	-2.8650591922281	-0.00955199026858104	-0.00386681316392661	3.69756653955491	0.0136269783588629	0.00978347544965493
0.911312774350994	-2.82690936093039	-0.00941626086214284	-0.0037746038240328	3.93191220809836	0.01359586976306	0.00871933715789311
0.921312774350994	-2.78643148774643	-0.00927871692959888	-0.00369117028249127	4.16309037049638	0.0139813967968166	0.00801751313796333
0.931312774350994	-2.74365990138307	-0.00913539508629709	-0.00361324907935903	4.39056153637405	0.0147401690805454	0.00761476272945072
0.941312774350994	-2.69863461031948	-0.00898278462666856	-0.00353806266112372	4.61372614109043	0.0158340709828143	0.007461839226552
0.951312774350994	-2.65140190250296	-0.00881775422918651	-0.00346324249478267	4.83193022639814	0.0172200349027738	0.00753358986375057
0.961312774350994	-2.60201490408894	-0.00863752231113793	-0.00338673805928498	5.04446258645598	0.018866128868565	0.00779881747892904
0.971312774350994	-2.55053410091843	-0.00843962776062532	-0.00330676863765145	5.25056040819673	0.0207481165936916	0.00822172825216375
0.981312774350994	-2.49702780942259	-0.00822190068753553	-0.00322181021661066	5.44942218564548	0.0228300470769433	0.00878931103472294
0.991312774350994	-2.44157256779185	-0.00798247362203316	-0.00313054725275445	5.6402091667423	0.0250798660861841	0.00948439104109054
1.00131277435099	-2.38425344768863	-0.00771979302478378	-0.00303184467453214	5.8220514153486	0.0274764908147555	0.0102726506908278
1.01131277435099	-2.32516428233016	-0.0074326031058918	-0.00292477838102807	5.99406953229846	0.0299782684833507	0.0111509902267935
1.02131277435099	-2.2644077665352	-0.00711998470051789	-0.0028085899219502	6.15537512390208	0.0325526801386455	0.0121001223886529
1.03131277435099	-2.20209544602254	-0.0067813686080759	-0.00268268539935938	6.30508368439093	0.0351755541821915	0.0130854950810058
1.04131277435099	-2.13834758804905	-0.00641651598798168	-0.00254668659885501	6.44234214414367	0.0377930261073471	0.0141173508490069
1.05131277435099	-2.07329288306042	-0.00602558055177369	-0.00240035061777142	6.56632026844823	0.0403833267325362	0.0151540578585931
1.06131277435099	-2.00706803986699	-0.00560907040892045	-0.0022436389501957	6.67624377526292	0.0429061995502317	0.0161825434557121
1.07131277435099	-1.93981721903817	-0.00516785652695267	-0.00207670416620737	6.77140469530368	0.0453137600135985	0.0172023975721072
1.08131277435099	-1.87169131767081	-0.00470320099066168	-0.00189983275915484	6.85115962436602	0.0475927733181342	0.0181605693695952
1.09131277435099	-1.80284716231291	-0.00421667157496783	-0.00171355285113085	6.91497325136671	0.0496813976688359	0.019083930448416
1.10131277435099	-1.73344652428425	-0.0037102078733187	-0.00151848953279399	6.96239149221101	0.0515730832893459	0.019917103214469
1.11131277435099	-1.66365509326598	-0.00318601484371003	-0.00131547659489489	6.99308463595012	0.0532255148379098	0.0206672866127523
1.12131277435099	-1.59364132258655	-0.00264657317991244	-0.00110547134622367	7.00683478063043	0.0546147778115453	0.0213202660498307
1.13131277435099	-1.52357523193015	-0.00209459757697625	-0.000889538785231344	7.00354094492847	0.0557348561405256	0.0218422956400777
1.14131277435099	-1.45362719237629	-0.00153294510499552	-0.000668904457034252	6.98324130036982	0.0565434175770984	0.0222664689173104
1.15131277435099	-1.3839666546438	-0.000964653807787175	-0.000444794194935985	6.94607456757275	0.0570652414677801	0.0225303199512777
1.16131277435099	-1.31476097100065	-0.0003927777859576	-0.000218589901215675	6.89232645987521	0.0572573883631888	0.0226887267274095
1.17131277435099	-1.24617417554852	0.000179541114711222	8.39008431007966e-06	6.82237031230756	0.0571544983532123	0.0226848877835282
1.18131277435099	-1.17836592167877	0.000749236912888599	0.000234738178921015	6.73670821335527	0.0567348298520888	0.0225613260877306
1.19131277435099	-1.11149043753345	0.00131327982813824	0.000459122323145998	6.63592244466508	0.056024147866317	0.02229554651496
1.20131277435099	-1.04569564439564	0.00186877590732291	0.000680224139021215	6.5206874039331	0.0550308429440257	0.0219016531571335
1.21131277435099	-0.981122373113437	0.00241298939525172	0.000896791151435626	6.39174839309433	0.0537675779230956	0.0213952262606786
1.22131277435099	-0.917903716272655	0.00294336215528526	0.0011076830533497	6.24990053753728	0.0522703478126731	0.020762206917631
1.23131277435099	-0.856164545364561	0.00345759339848791	0.00131181125472274	6.0959960085243	0.0505397174443616	0.0200503387289307
1.24131277435099	-0.796021123733257	0.00395358749973281	0.00150827451982424	5.93089636152701	0.048631186792349	0.0192253520131407
1.25131277435099	-0.737580923486469	0.00442957069799373	0.00169621410146982	5.75550164819665	0.0465383366558865	0.018354014899144
1.26131277435099	-0.680942498759178	0.00488399205427728	0.00187499782787241	5.57068875447182	0.0443245044829894	0.017395061406066
1.27131277435099	-0.626195565908483	0.00531564292420697	0.00204404471120821	5.37734878763868	0.041988391225581	0.0164100329755927
1.28131277435099	-0.573421117984487	0.00572355682249519	0.00220298602117779	5.17633220690097	0.0395835376463188	0.0153735460045954
1.29131277435099	-0.522691707174635	0.00610708938712831	0.00235152908902045	4.96847630570909	0.0371179957041009	0.0143305834020329
1.30131277435099	-0.474071756665776	0.00646584064920131	0.00248956158639159	4.75456726522038	0.0346356388953564	0.0132671925621132
1.31131277435099	-0.427617991356672	0.0067997033622493	0.00261704645286763	4.53536062689649	0.032142907971997	0.0122253341267955
1.32131277435099	-0.383379880149454	0.00710878584995236	0.00273410916927788	4.31154983956035	0.0296805384810454	0.0111889282837731
1.33131277435099	-0.341400162016214	0.00739344507076513	0.00284094312852639	4.08378574669512	0.0272607618966463	0.0101825426544267
1.34131277435099	-0.301715368277401	0.00765422832762362	0.0029378563388662	3.85265830060849	0.0249106425380092	0.00920250271079769
1.35131277435099	-0.264356385702253	0.00789187922331248	0.00302521214871642	3.61870835234384	0.0226369649958273	0.0082720925632837
1.36131277435099	-0.229349003284248	0.00810728287019593	0.00310346475418447	3.38241436273964	0.0204621024999061	0.00738477232803145
1.37131277435099	-0.196714475406633	0.00830146646600075	0.00317310558289778	3.14420451418991	0.0183934233016061	0.00655246915634481
1.38131277435099	-0.166470056242467	0.00847555567366922	0.00323468012303865	2.90445030069811	0.0164451344310214	0.0057711792666282
1.39131277435099	-0.138629527843809	0.00863076752733404	0.00328874836748279	2.66347649859147	0.0146174724078247	0.0050538324574341
1.40131277435099	-0.113203688105538	0.00876836450754941	0.00333590782821419	2.42155451443547	0.0129224606965145	0.00438992194895312
1.41131277435099	-0.0902008246209498	0.00888965360724485	0.00337674721165351	2.17891542553493	0.0113573682110902	0.00378777656855288
1.42131277435099	-0.069627140673491	0.00899594877429894	0.00341186255720772	1.93574659140294	0.00992374597692019	0.00324459196620287
1.43131277435099	-0.0514871523810696	0.00908855693762831	0.00344183742126842	1.69219845074588	0.00861943938019248	0.00275949328973498
1.44131277435099	-0.0357840436457894	0.00916875689354389	0.00346723847162572	1.44838761370244	0.00744119459398953	0.00232970632777302
1.45131277435099	-0.0225199818118356	0.00923778330875151	0.00348860640167284	1.20440162982478	0.00638307327660163	0.00195331826152309
1.46131277435099	-0.0116963899396932	0.00929680789615802	0.00350645335389366	0.960302112997095	0.00543951123052836	0.00162499828567393
1.47131277435099	-0.0033141792439508	0.00934692867379404	0.0035212527941423	0.716130488343709	0.0046014863363235	0.00134210848645715
1.48131277435099	0.00262606358850805	0.009389154749052	0.00353343786754035	0.47191141282769	0.00385901756851741	0.00110119283239212
1.49131277435099	0.00612393147979435	0.00942439418910366	0.00354339845789907	0.227656843492588	0.00320197508107503	0.00089694917668941
1.50131277435099	0.0071790947494332	0.00945344456738175	0.00355147657926827	-0.0166292812068127	0.00261923832401122	0.000723812207045568
1.51131277435099	0.00579124226033473	0.00947698449971758	0.00355796268516831	-0.260946468246263	0.00209815331637036	0.00057704405103352
1.52131277435099	0.00196006622463456	0.00949556538771029	0.00356309391499706	-0.505293509894039	0.00162511236298667	0.000452043675844693
1.53131277435099	-0.00431470941854382	0.00950960363166478	0.00356705373272261	-0.74966459862507	0.00118688383836877	0.000342459567177282
1.54131277435099	-0.0130332579693688	0.00951937583492094	0.00356996888608128	-0.994044603288464	0.00076967039526798	0.000241868414314082
1.55131277435099	-0.024195535540176	0.00952501502412432	0.00357190671748452	-1.23840435859577	0.00035820270918846	0.000145394880626862
1.56131277435099	-0.0378011224781301	0.00952650577123	0.0035728761299247	-1.48269689590336	-6.26278852498578e-05	4.7341250376752e-05
1.57131277435099	-0.0538490220451145	0.00952368175931941	0.00357282674867018	-1.72685311253472	-0.000507702038553091	-5.87090289661393e-05
1.58131277435099	-0.0723374162220822	0.00951622479743165	0.00357164798709695	-1.97077736685767	-0.000991894474932097	-0.000179314320158739
1.59131277435099	-0.0932633790938369	0.00950366531725283	0.00356916819722827	-2.21434306578713	-0.00153047298593532	-0.000320294316068862
1.60131277435099	-0.116622548251112	0.00948538352514773	0.00356515547882415	-2.45738870600525	-0.00213851890534135	-0.000487351107633082
1.61131277435099	-0.142408755804275	0.00946061241175644	0.00355931866656277	-2.69971398322778	-0.00283053982068077	-0.000686347433251909
1.62131277435099	-0.170613620797222	0.00942844293700363	0.00355130843809227	-2.94107598886442	-0.0036203808170334	-0.000923068685609646
1.63131277435099	-0.201226105296702	0.00938783126508455	0.0035407192255349	-3.18118572735593	-0.00452099593732238	-0.00120315364208972
1.64131277435099	-0.234232037476504	0.00933760862531576	0.00352709155821402	-3.41970490284448	-0.00554445000020804	-0.00153161229725363
1.65131277435099	-0.269613605598238	0.00927649346744549	0.0035099158411655	-3.65624332181223	-0.00670147943081742	-0.00191298141306146
1.66131277435099	-0.307348828159861	0.00920310643099537	0.003488637274321	-3.89035690072085	-0.00800094264430326	-0.00235160993959652
1.67131277435099	-0.347411006413103	0.00911598800434324	0.00346266251430212	-4.1215465326776	-0.00944880277292697	-0.0028526443515601
1.68131277435099	-0.38976816782234	0.00901362173285699	0.00343136395737614	-4.3492567609072	-0.0110498493715381	-0.00341869335939131
1.69131277435099	-0.434382507839397	0.00889445901705043	0.00339408783426728	-4.57287609961872	-0.0128075368883022	-0.00404943443327204
1.70131277435099	-0.481209840016316	0.00875694502452062	0.00335016683905149	-4.79173930891635	-0.0147214698244727	-0.00474493886223313
1.70999038924031	-0.523598775598368	0.00862155422856395	0.00330615475779795	-4.97725371497655	-0.0165019458373066	-0.00540684825262668
1.71999038924031	-0.584237776594844	0.0237189477504602	0.0447306984875814	-7.51354208864533	4.14151062514973	5.86520120056854
1.72999038924031	-0.668683630416798	0.0827603192423421	0.103238230214851	-8.7013202732191	6.23802405716144	5.76326528299123
1.73999038924031	-0.754139918206209	0.140182640968375	0.156220812384648	-8.35456922962166	5.17603218695855	4.79651764987523
1.74999038924031	-0.83580887377093	0.186348561428251	0.199359361600949	-7.99388944639677	4.08675585923465	3.85853403583121
1.75999038924031	-0.914339433525826	0.222584949985067	0.233950909914109	-7.72740613917398	3.19281025779336	3.08672019933113
1.76999038924031	-0.990625457519497	0.250792640484807	0.261591774946918	-7.54117393479536	2.474364328919	2.46561675086954
1.77999038924031	-1.06537366871814	0.272572624232806	0.283632461623627	-7.41722767574595	1.90325251620739	1.96068197847319
1.78999038924031	-1.13911592915577	0.289234911377473	0.301156851892003	-7.33782285604431	1.44731844583565	1.55799175180488
1.79999038924031	-1.21223936330327	0.301838315170343	0.315055069957904	-7.29129870384429	1.08738722336844	1.23412413918915
1.80999038924031	-1.28501863795193	0.311245835881124	0.3260455288615	-7.26754415998183	0.805630868731617	0.973827243083968
1.81329081997841	-1.30899693899575	0.313772806839362	0.329137095909474	-7.26322505973536	0.727117451808575	0.899864073309927
1.82329081997841	-1.37183007892782	0.304408542220825	0.297413723269795	-4.9879118747328	-3.5176074806331	-5.10418848634218
1.83329081997841	-1.41313553686129	0.251011427318218	0.245140711706239	-3.86818986754359	-5.89326953613876	-5.2444373985928
1.84329081997841	-1.45386115410348	0.195987571691805	0.196464171319771	-4.34379797758854	-4.98114768630453	-4.42697018465239
1.85329081997841	-1.5002389984904	0.151799227068508	0.156717215816923	-4.91789483777726	-3.88462707236953	-3.54377549753827
1.86329081997841	-1.55183238016314	0.11754916926933	0.125035434071672	-5.38036961747874	-3.0036140140624	-2.82018489845939
1.87329081997841	-1.60746537455647	0.0910331281068896	0.09981786711127	-5.72941876955288	-2.32878652646562	-2.24738689874803
1.88329081997841	-1.66610778451317	0.0704370642177985	0.079708271485233	-5.9855755398714	-1.81214673904318	-1.79368432293782
1.89329081997841	-1.72692449138833	0.0543882860011068	0.0636425084244629	-6.16654804254761	-1.41458671682072	-1.43362329754166
1.90329081997841	-1.78923376371812	0.041845662212675	0.0507879979776851	-6.2861574840925	-1.10653616877074	-1.14905341410531
1.91015871358669	-1.83259571459405	0.0348431451061719	0.0434706862065573	-6.33760516759631	-0.937309789527054	-0.986554951430713
1.92015871358669	-1.88560499866068	0.00939213074150047	-0.00526522276560048	-3.8703676918036	-5.33976142462385	-6.16720165969002
1.93015871358669	-1.91906875882697	-0.0542725872830844	-0.0677078111814757	-3.3247208936868	-6.36549670506342	-6.02237195384289
1.94015871358669	-1.95498458245592	-0.112197732187105	-0.122636835416859	-3.87426185245692	-5.18618476145543	-4.94849308301226
1.95015871358669	-1.99630907981652	-0.158394698742258	-0.167102689970955	-4.36843579404488	-4.0917586037072	-3.976345707304
1.96015871358669	-2.0419036477859	-0.194803025045384	-0.202792703460167	-4.72928187451657	-3.2255444100721	-3.190799099651
1.97015871358669	-2.09051022916563	-0.223537400325867	-0.231450900309182	-4.97438924639061	-2.55004460308069	-2.56328163560724
1.98015871358669	-2.14108035027253	-0.246291890262932	-0.25449477579188	-5.12520633087768	-2.02355309463481	-2.06292323821018
1.99015871358669	-2.19276098556425	-0.264391381542306	-0.273055006711733	-5.19931188340242	-1.6138135780944	-1.66355903146288
2.00015871358669	-2.24485895407894	-0.278872669449108	-0.288033238377882	-5.21099568834499	-1.29572711279525	-1.3442997333024
2.01015871358669	-2.29681139890639	-0.290546705169119	-0.30014923736099	-5.17193329707334	-1.04952538821959	-1.08849173437207
2.02015871358669	-2.34816170695066	-0.300046890508557	-0.309976133659119	-5.09199636968011	-0.85866518270681	-0.884469372259452
2.03015871358669	-2.39854086879815	-0.307863964732429	-0.317973750279341	-4.97872727646844	-0.711490687282586	-0.720293787276359
2.04015871358669	-2.44765009791534	-0.314379368833038	-0.324505129021852	-4.83902966382116	-0.596706220185084	-0.590309639861575
2.05015871358669	-2.49524925893802	-0.319884365629333	-0.329863805959317	-4.67763292210094	-0.507876486466218	-0.485503206574543
2.06015871358669	-2.54114450502494	-0.32460328920402	-0.334281110898896	-4.49887946301429	-0.438600959309492	-0.401265721972177
2.07015871358669	-2.5851800884444	-0.328706823636177	-0.337941719836959	-4.30617365074615	-0.384219680180532	-0.333344596098249
2.07791975947611	-2.61799387799151	-0.331551379235654	-0.340355759736751	-4.1488345992785	-0.349788644788216	-0.28999997728098
2.08791975947611	-2.66501885768308	-0.325819091423709	-0.30277854671872	-5.58973437698892	2.53895100864573	5.29368691781554
2.09791975947611	-2.7296031703711	-0.278744932062709	-0.252072988196357	-6.78817428094225	5.69714642399101	5.07139228951111
2.10791975947611	-2.79485198869235	-0.224190905939649	-0.204340102091756	-6.16847468748027	5.02377696567073	4.38748636343692
2.11791975947611	-2.85251829606128	-0.179226600428043	-0.164764811000516	-5.37403295442523	3.98503322659091	3.54215342102241
2.12791975947611	-2.90266584866696	-0.143874353891294	-0.13300047015859	-4.67433662359184	3.12124274025257	2.83552973538214
2.13791975947611	-2.94635073500904	-0.116143307534711	-0.107587281310479	-4.07746388522782	2.45287718611927	2.27019997905796
2.14791975947611	-2.98448289805732	-0.0943040606166906	-0.0872292438205187	-3.56017974334517	1.93613975017118	1.81934881854578
2.15791975947611	-3.01775320558051	-0.0770420026639945	-0.0708974701672793	-3.10276443407203	1.53336480621461	1.45944070633064
2.16791975947611	-3.0466857485744	-0.0633594336620137	-0.0577828206237301	-2.69050263863434	1.21609388137914	1.17366071074479
2.17791975947611	-3.0716819156663	-0.0524934176034161	-0.047240043649265	-2.31389182296343	0.966911411882149	0.943386386135691
2.18791975947611	-3.09305442640048	-0.043849276730176	-0.038760786088198	-1.96456789563898	0.769352037607143	0.759597487734188
2.19791975947611	-3.11104706367461	-0.0369649594477397	-0.031935471813898	-1.63723083824056	0.613774341746261	0.610494966081801
2.20791975947611	-3.12585270558239	-0.0314748318231484	-0.0264411716881075	-1.3265549615576	0.489385049297767	0.492086065232918
2.21791975947611	-3.13762280671742	-0.0270932424286205	-0.0220153165876604	-1.02945799708171	0.390685175044568	0.39655778626197
2.22791975947611	-3.14647773311845	-0.023593391798904	-0.0184490915449576	-0.743057387233145	0.312117558920959	0.319694696517836
2.23791975947611	-3.15251291391041	-0.0207958899055765	-0.0155745392199423	-0.46517875591472	0.24958829771761	0.257696078958938
2.24791975947611	-3.15580419021002	-0.0185582948515767	-0.0132569145557549	-0.194056013638653	0.19975386574164	0.207709788216196
2.25791975947611	-3.156411853712	-0.0167673424949208	-0.0113879923401702	0.0717351494562833	0.159914054802471	0.167545834555573
2.26791975947611	-3.15438374621241	-0.0153330967539522	-0.00988036451804976	0.333226404147247	0.128203241869013	0.135021609065326
2.27791975947611	-3.14975803680405	-0.014183520704112	-0.00866420413494637	0.591378373762295	0.102755820314528	0.109001548938756
2.28791975947611	-3.14256502289297	-0.0132613730799078	-0.00768281412954814	0.846822096491204	0.082434973488401	0.088031547285655
2.29791975947611	-3.13282895885614	-0.0125208037639282	-0.00689057808619415	1.1000690152015	0.0662812488201794	0.0710375485753506
2.30791975947611	-3.12056947699452	-0.0119249048371724	-0.00625092504111761	1.35156974493305	0.0533650237641761	0.0574232361510494
2.31791975947611	-3.10580263366208	-0.0114441857160638	-0.0057340396092136	1.60157864890944	0.0431609651181423	0.0463730726154924
2.32791975947611	-3.08854206491425	-0.0110547022259009	-0.00531607064777037	1.85033324717825	0.0350641162699138	0.0375303362155546
2.33395927874939	-3.0769147443733	-0.0108554136295043	-0.0051031727613602	2	0.0310595322362935	0.033023488862258
2.34395927874939	-3.0556790828181	-0.0105735028177828	-0.00480483092129959	2.24693887027913	0.0255780188485923	0.0268368323879695
2.35395927874939	-3.03197966772612	-0.0103397536625507	-0.00456213201779676	2.49275182173471	0.0213644974920686	0.0218862460274321
2.36395927874939	-3.00582804191894	-0.0101427329741652	-0.00436374511155877	2.73736002495859	0.0182068161111622	0.0179291339251287
2.37395927874939	-2.97723686492532	-0.00997293063295968	-0.00420046565670969	2.98063263722932	0.0158944952533726	0.0148382400890547
2.38395927874939	-2.94622055530092	-0.00982243924654493	-0.00406466520873471	3.2223492671913	0.0143149771438789	0.0124259689189768
2.39395927874939	-2.91279598132574	-0.00968455834875773	-0.00395007578542133	3.46223202958634	0.0133611709014553	0.0105706758535434
2.40395927874939	-2.87698311805185	-0.00955354197435278	-0.0038515228705099	3.69994506267897	0.0129278879908589	0.00920662121543018
2.41395927874939	-2.83880568348583	-0.00942444675498049	-0.00376464156651029	3.93507471672906	0.0129617559480387	0.00823268532287017
2.42395927874939	-2.79829180269012	-0.00929293577440846	-0.00368577642597584	4.16714894146773	0.0134062505998604	0.00758858303999161
2.43395927874939	-2.75547464531058	-0.00915516886017595	-0.00361183897191848	4.39563574087916	0.0142054493754658	0.0072405255751605
2.44395927874939	-2.71039304275438	-0.00900774095766385	-0.0035401661717308	4.61993465133011	0.015329075027855	0.00713493009612947
2.45395927874939	-2.66309210074442	-0.00884760026985129	-0.00346847262091839	4.83938862569471	0.0167449776162258	0.00723605632575889
2.46395927874939	-2.61362377378117	-0.00867200688502555	-0.00339479038094209	5.05328823741884	0.0184156380176848	0.00752688466942147
2.47395927874939	-2.56204739166555	-0.00847852490359482	-0.00331739821036474	5.26086975747817	0.0203148156585236	0.00797923505235039
2.48395927874939	-2.50843013990769	-0.00826500653177377	-0.00323479632322014	5.46132367005565	0.022419701665774	0.00856308723680185
2.49395927874939	-2.45284747588341	-0.00802957816529906	-0.0031457045029556	5.6538081538567	0.0246935855234154	0.00927151380586464
2.50395927874939	-2.39538345153834	-0.00777066724895503	-0.00304901699469769	5.83744963553698	0.0271076294531193	0.0100847539289813
2.51395927874939	-2.33613094855472	-0.00748701389949701	-0.00294379514619847	6.01135345376844	0.029639201675323	0.0109716028709622
2.52395927874939	-2.2751918138437	-0.00717766150200104	-0.0028293023436646	6.17462615595657	0.0322423667748086	0.0119351647233681
2.53395927874939	-2.21267685192431	-0.00684200867715214	-0.00270494775204473	6.32637266402107	0.0348898461269389	0.0129466629165955
2.54395927874939	-2.14870570647254	-0.00647980525013779	-0.00257031702057614	6.46571795448467	0.0375511896320382	0.0139799272857202
2.55395927874939	-2.08340660254678	-0.00609114606047896	-0.00242520295589451	6.59182903949731	0.0401720178738797	0.0150447000192339
2.56395927874939	-2.01691591921919	-0.00567653032911735	-0.00226952589888954	6.70390677474619	0.0427360941758781	0.0160898259802599
2.57395927874939	-1.94937766019441	-0.00523679925873436	-0.0021034342456829	6.80122779233979	0.0451912655493929	0.0171209783197879
2.58395927874939	-1.8809427421633	-0.0047731764651719	-0.00192723166437748	6.88313842324824	0.0475043287481037	0.0181156900194058
2.59395927874939	-1.81176816874239	-0.00428724693979349	-0.00174138591008008	6.94907104643866	0.0496525029747961	0.019038190384519
2.60395927874939	-1.74201609289695	-0.00378089823323525	-0.00154658251837321	6.99857224313066	0.0515790585290016	0.0199108560600547
2.61395927874939	-1.67185272988818	-0.00325637067380313	-0.00134359193447083	7.03127854747294	0.0532862241421769	0.0206693047416695
2.62395927874939	-1.60144724912885	-0.0027161228853237	-0.00113341286006095	7.04696733115476	0.0547182449272645	0.0213479988087719
2.63395927874939	-1.53097052952296	-0.00216288945705314	-0.000917100667625449	7.04551914181592	0.0558779758727699	0.0218977273777317
2.64395927874939	-1.46059394100118	-0.00159955998477689	-0.000695866082322346	7.02695291671697	0.0567383777776313	0.0223260160379699
2.65395927874939	-1.39048807423843	-0.00102916600321419	-0.000470995883947141	6.99140999679867	0.0572853576902022	0.0226303098148558
2.66395927874939	-1.32082149685216	-0.000454839581303624	-0.000243812694189356	6.93914676273524	0.0575296306146484	0.0227796566071689
2.67395927874939	-1.25175957691305	0.000120292864430077	-1.57346367739095e-05	6.87055254856553	0.0574427076164826	0.0228157225101214
2.68395927874939	-1.18346332196068	0.000693070951570475	0.000211894660114413	6.78610194295763	0.0570643167409137	0.022683213727922
2.69395927874939	-1.11608838561311	0.00126046540441785	0.00043764925481512	6.68639503540992	0.0563652942158562	0.0224456057661726
2.70395927874939	-1.04978409579707	0.00181949815882773	0.000660245258030652	6.57209055828423	0.0553964274979779	0.0220496715748277
2.71395927874939	-0.984692700289115	0.00236740711559769	0.000878369772767896	6.44394621576084	0.0541427249341791	0.0215544171744953
2.72395927874939	-0.920948663913906	0.00290157541773616	0.00109087245966589	6.30275760531911	0.0526506009194033	0.0209293191247329
2.73395927874939	-0.858678178870744	0.00341964663020681	0.00129665064459464	6.14938031731625	0.0509281132815796	0.0202105347962473
2.74395927874939	-0.797998769065232	0.00391949655713582	0.00149474935579898	5.98469203112452	0.049008163226555	0.0193998293149183
2.75395927874939	-0.739019064503939	0.00439927463824836	0.00168433731782875	5.80958816186274	0.0469217227679805	0.0185055480182992
2.76395927874939	-0.681838707700325	0.0048574274465903	0.00186469846147972	5.62497307613713	0.0446851768955861	0.0175612226127316
2.77395927874939	-0.626548368933641	0.00529266616849166	0.00203529888758706	5.43173055882374	0.0423468169636443	0.0165509685740487
2.78395927874939	-0.57322991443143	0.00570402925838057	0.00219569071256643	5.23073955424349	0.0399138535870815	0.0155234355436763
2.79395927874939	-0.521956628217737	0.00609080692944589	0.00234562338099296	5.02283331082702	0.0374368976854516	0.0144574283647764
2.80395927874939	-0.472793575666932	0.00645260637956068	0.00248492152752388	4.80882354683894	0.0349219822239474	0.0133997442326135
2.81395927874939	-0.425797986500522	0.0067892664877336	0.0026135924517673	4.58946224098357	0.0324160448499505	0.0123294543907488
2.82395927874939	-0.381019749324157	0.00710091348018854	0.00273170220007169	4.3654680712754	0.0299209617750451	0.011292880670928
2.83395927874939	-0.338501896367929	0.0073878674739868	0.00283948241511576	4.13749037379742	0.0274811088194438	0.0102647974573268
2.84395927874939	-0.298281172228848	0.00765069286226175	0.00293720311344229	3.90613843381097	0.0250971417525176	0.00928422773388031
2.85395927874939	-0.260388570137127	0.00789011018326311	0.00302526311267528	3.67195203359854	0.0228026114907516	0.00833312626809786
2.86395927874939	-0.224849918494858	0.00810702615207756	0.00310409005435444	3.43542530336442	0.0205987865195397	0.00743910801557424
2.87395927874939	-0.191686427371592	0.00830246380219951	0.00317419797543984	3.19698812437027	0.0185072866549962	0.00659238209468706
2.88395927874939	-0.160915250983384	0.00847756895636779	0.00323612376311827	2.95702173626326	0.016532052136736	0.00580587281310179
2.89395927874939	-0.132550010691759	0.0086335621995766	0.00329045235336299	2.71585087349465	0.0146869204645177	0.00507160958152323
2.90395927874939	-0.106601308581238	0.00877173546841964	0.003337770111016	2.47375603787355	0.012969930530943	0.00440187670807316
2.91395927874939	-0.0830771961853927	0.00889340937787614	0.00337868630666519	2.23096811917674	0.0113868832101401	0.00379191175790673
2.92395927874939	-0.0619836201147224	0.00899992209999253	0.00341380463501818	1.98767699321562	0.00993778026474478	0.00324183130162231
2.93395927874939	-0.0433248254670015	0.00909260526982475	0.00344371982605201	1.74403389529367	0.00862091735851176	0.00275041053810748
2.94395927874939	-0.0271037210508245	0.00917276418920636	0.00346901036696872	1.50015525258476	0.00743351023364105	0.00231443181468039
2.95395927874939	-0.0133222053736628	0.00924166374608741	0.00349022536993531	1.25612848246426	0.00636732919114527	0.00193595295805466
2.96395927874939	-0.00198144627790372	0.00930050344076511	0.00350789265863644	1.01201234511846	0.00541937161374497	0.00160570952150255
2.97395927874939	0.00691787502254861	0.009350412900455	0.00352249651310512	0.76784578046764	0.00457959616526204	0.00132295292426563
2.98395927874939	0.0133753689531798	0.00939243189039811	0.00353448469756495	0.5236491192204	0.00383949670841338	0.00108203160940498
2.99395927874939	0.0173907821501345	0.00942750165520554	0.00354425906203743	0.279429834316203	0.00318832813312981	0.000878749530292728
3.00395927874939	0.0189638866141105	0.00945645376797277	0.003552173521606	0.0351865212775373	0.00261417715022905	0.000708898275619504
3.01395927874939	0.0180944120769005	0.00948000039911964	0.00355853208847079	-0.209087017735524	0.00210474280587474	0.000567270966786472
3.02395927874939	0.0147820215215853	0.00949872610811766	0.00356358681493234	-0.45339753719327	0.00164770200106288	0.000447305780180603
3.03395927874939	0.00902632935722362	0.00951308251686918	0.00356753332774048	-0.697747334289196	0.00122896926090542	0.000344027883629179
3.04395927874939	0.000826963850417898	0.00952338157690744	0.00357051052408555	-0.942130293086308	0.000833834037146881	0.000252453659152867
3.05395927874939	-0.00981632710559973	0.00952979000203492	0.00357260033643436	-1.18652786155518	0.000447924315270937	0.00016626198679648
3.06395927874939	-0.0229035272488886	0.0095323259057082	0.00357382591803208	-1.43090451543108	5.67784076249173e-05	7.8657328707156e-05
3.07395927874939	-0.0384341600342567	0.00953085701421786	0.00357414929429567	-1.67520300825008	-0.00035518332668846	-1.58156089541795e-05
3.08395927874939	-0.0564070528465152	0.00952509818848984	0.00357347213284509	-1.9193404356329	-0.00080353675518598	-0.000122819950084722
3.09395927874939	-0.0768200586312516	0.00951461088391493	0.00357163574952035	-2.16320404977909	-0.00130352778681889	-0.000248498639791933
3.10395927874939	-0.0996697354614744	0.00949880436941806	0.00356842091945321	-2.40664700157282	-0.0018701461791151	-0.000399084398339384
3.11395927874939	-0.124950984900773	0.00947693845318427	0.00356354825524275	-2.64948424676135	-0.00251807331904055	-0.000580667762426125
3.12395927874939	-0.152656650688718	0.00944812794895962	0.00355667922107834	-2.89148866766094	-0.00326151309754508	-0.000799102036591218
3.13395927874939	-0.1827770799048	0.00941134916338497	0.00354741783537873	-3.13238746560891	-0.00411394064978233	-0.00105998540707641
3.14395927874939	-0.215299649544499	0.00936544876137694	0.00353531303071485	-3.37185886585123	-0.00508787801129528	-0.0013685456221593
3.15395927874939	-0.250208262154768	0.00930915489169817	0.00351986240292808	-3.60952939752071	-0.00619424371628484	-0.00173014204396488
3.16395927874939	-0.287482815744507	0.00924109192494139	0.00350051576141578	-3.84497137962645	-0.00744257350984654	-0.00214934908043325
3.17395927874939	-0.327098653527169	0.0091597979622638	0.00347668024184017	-4.07770118716338	-0.00884088392776046	-0.00262955812514518
3.18395927874939	-0.36902600070862	0.00906374533958937	0.00344772698228267	-4.30717839347451	-0.010395272864548	-0.00317296110495048
3.19395927874939	-0.413229396574282	0.00895136353877227	0.00341300048436281	-4.53280620607162	-0.0121084967910315	-0.0037821282873242
3.20395927874939	-0.459667131924504	0.00882106502672381	0.0033718299175741	-4.75393309563597	-0.0139781691285229	-0.00446220368654541
3.21395927874939	-0.508290705605605	0.00867128086762557	0.00332353147038216	-4.96985271147618	-0.0160028263977152	-0.00521077836652549
3.21701944862496	-0.523598775598441	0.00862131529592237	0.00330722180096032	-5.03477218077062	-0.0166530661886118	-0.00545246925967674
3.22701944862496	-0.584812665680893	0.0237181529217316	0.0447210260166378	-7.5706789419309	4.1405925601892	5.86516784777976
3.23701944862496	-0.669820938186142	0.0827314059468519	0.103227938609196	-8.75817133752496	6.23657893168928	5.76261922073646
3.24701944862496	-0.755843419873229	0.140133492502028	0.156208705579861	-8.41174591138396	5.17565348887035	4.79289675272413
3.25701944862496	-0.838074974493304	0.186272769506489	0.199339261879504	-8.05016896326538	4.08441278787795	3.8563303911782
3.26701944862496	-0.917163174454199	0.222475111709345	0.233920208707693	-7.78284540519484	3.18892385951699	3.08593638958093
3.27701944862496	-0.994001514637776	0.250643602819154	0.26155030913951	-7.596128848246	2.47028739548813	2.46455525737185
3.28701944862496	-1.06929672094608	0.272383299973593	0.283578572235208	-7.47146688546802	1.89877605624822	1.96022527743735
3.29701944862496	-1.14357930579846	0.289005009449002	0.301092037628601	-7.39161232080768	1.44365952074385	1.55635265570701
3.30701944862496	-1.21723591947465	0.301571042455049	0.314978121166975	-7.34418598772109	1.08376880263263	1.23302282499813
3.31701944862496	-1.29053955490246	0.310944634801376	0.325957503615576	-7.31945042179767	0.802324721446732	0.973001940344734
3.31954179947725	-1.30899693899575	0.312891262480912	0.328339255635683	-7.31572938030566	0.741755889281277	0.916182641696713
3.32954179947725	-1.37230811433183	0.303572051500362	0.296801203467808	-5.03243071801165	-3.51907345283711	-5.09144300919168
3.33954179947725	-1.41408069936356	0.250217020513078	0.244615057852062	-3.91783499094599	-5.88224562943707	-5.23677247551225
3.34954179947725	-1.45530501370985	0.195310766118585	0.196025067921157	-4.39385331037796	-4.96834850124677	-4.42007868569174
3.35954179947725	-1.50217466669022	0.151235709857511	0.156352660999172	-4.96587540888725	-3.87556533936013	-3.53472674176132
3.36954179947725	-1.55424445801216	0.117078194727086	0.124736897986647	-5.42732711259089	-2.99507678896188	-2.81442868435829
3.37954179947725	-1.61033997760988	0.0906403654825699	0.0995707963035994	-5.77466533235274	-2.32247118119805	-2.24147351615052
3.38954179947725	-1.66943022938428	0.0701078279037834	0.0795052656297794	-6.02973108514547	-1.80617809983012	-1.79002111341889
3.39954179947725	-1.73068100187776	0.0541122583361278	0.0634744655010147	-6.20928348368877	-1.40967033806557	-1.43061107328643
3.40954179947725	-1.79341017163047	0.0416133406756731	0.0506487343662767	-6.32753841906046	-1.10230986198955	-1.1468877969861
3.41571070256661	-1.83259571459405	0.0352947870291201	0.0440409512093053	-6.37377209657058	-0.949770133586799	-0.999573825407884
3.42571070256661	-1.88594775210454	0.00967354066381737	-0.00478138534688597	-3.90282346330742	-5.36119459956214	-6.17096904578812
3.43571070256661	-1.91980536330336	-0.054052821296326	-0.0672867983257946	-3.36702427685632	-6.36563063574793	-6.02620782674054
3.44571070256661	-1.95615114891199	-0.111964815205514	-0.122242314065397	-3.9176570726059	-5.18397713567043	-4.95042187121135
3.45571070256661	-1.99791057897127	-0.158136489041541	-0.166723230595452	-4.41195892069211	-4.08901771798678	-3.97753112288627
3.46571070256661	-2.04393962512643	-0.194516907806089	-0.202422785661382	-4.77261806172553	-3.22274728375926	-3.19157107247908
3.47571070256661	-2.09297777516209	-0.223224067697202	-0.231087361633612	-5.01730213570963	-2.54752884384885	-2.56363363649445
3.48571070256661	-2.14397474462711	-0.245954128242642	-0.254135314753085	-5.16761823515994	-2.02126658271438	-2.06328613757745
3.49571070256661	-2.19607635237656	-0.26403274831502	-0.27269862248308	-5.24108658658058	-1.61191544268443	-1.66385311173603
3.50571070256661	-2.24858853024327	-0.278497248474528	-0.287679427619105	-5.25205164663821	-1.2942746870578	-1.3445161539377
3.51571070256661	-2.30094783788943	-0.290158744557596	-0.299797749613462	-5.21224347451851	-1.04847098288647	-1.08873680032813
3.52571070256661	-2.35269737604245	-0.299650422800641	-0.309627051945324	-5.13153374477549	-0.858003784618209	-0.884723986391476
3.53571070256661	-2.40346802523688	-0.307462719327555	-0.317627262112867	-5.01748703945815	-0.711193309834743	-0.720552530753317
3.54571070256661	-2.45296104409237	-0.313976696042154	-0.324161439284032	-4.87702913106446	-0.596715599739679	-0.590602094032558
3.55571070256661	-2.50093648062	-0.31948316358294	-0.329523161146004	-4.71489343925695	-0.508153208358904	-0.485820788699898
3.56571070256661	-2.54720075995841	-0.324206027705689	-0.333943729785312	-4.5354328971346	-0.439101409497113	-0.401607821203494
3.57571070256661	-2.59159848552344	-0.32831555628089	-0.337607798416946	-4.34205627700404	-0.384909498989335	-0.333698053573419
3.58187795636425	-2.6179938779915	-0.330601747594678	-0.33955564944115	-4.21707105699423	-0.357329656358463	-0.298378132875513
3.59187795636425	-2.66575537100004	-0.32482514910373	-0.302103073624982	-5.66872649811762	2.55539315229775	5.27822462745214
3.60187795636425	-2.73108030995224	-0.277695386314447	-0.25147798925099	-6.8547004711256	5.6871666696582	5.06394104077692
3.61187795636425	-2.79696975911417	-0.223285872066396	-0.203833742919008	-6.23184828144047	5.00875899917519	4.37597275267614
3.62187795636425	-2.85526714295422	-0.178475734499862	-0.164352039773314	-5.43735579807492	3.97034598522058	3.53385961338177
3.63187795636425	-2.90605274452379	-0.143257430701847	-0.132664756324113	-4.73867099090266	3.1092443481943	2.82819405362391
3.64187795636425	-2.95038463704257	-0.115637030998908	-0.107316112965265	-4.14232361930447	2.44218196540277	2.26539421391761
3.65187795636425	-2.98917066524622	-0.0938909606285908	-0.087008597728367	-3.62604864566493	1.92808055241133	1.81412765439823
3.66187795636425	-3.02310146599173	-0.0767050960644657	-0.0707197365615728	-3.16902104577273	1.52625994101396	1.45586240558775
3.67187795636425	-3.05269951918561	-0.0630860523322242	-0.0576392796392823	-2.75730434058401	1.21037417171684	1.17051203120311
3.68187795636425	-3.07836571302956	-0.0522722860491792	-0.0471245331524287	-2.38110176407287	0.962195948394257	0.940839344812069
3.69187795636425	-3.10041206859614	-0.0436711558015894	-0.0386678964989767	-2.03216972610813	0.765577815181299	0.75738658985482
3.70187795636425	-3.11908197034182	-0.0368219194188065	-0.0318610851045181	-1.70512489994802	0.610644230271709	0.608781120648391
3.71187795636425	-3.13456787224518	-0.0313603872529066	-0.0263817355162036	-1.39471035120564	0.4867836245304	0.490789363576097
3.72187795636425	-3.14702090899515	-0.027002104431148	-0.0219678020815783	-1.09788586628855	0.388609233759894	0.395461584058855
3.73187795636425	-3.15656123581047	-0.0235211738047194	-0.0184110861107535	-0.811752747131905	0.310521622417642	0.318683594343365
3.74187795636425	-3.16328413107056	-0.0207389108752243	-0.0155442384359862	-0.534095147352863	0.248319528755341	0.256853390190009
3.75187795636425	-3.16726525997685	-0.0185135768882882	-0.0132328543502785	-0.26315619053445	0.198693390955339	0.207090184237172
3.76187795636425	-3.16856472745691	-0.0167325320019789	-0.0113689428728529	0.00246940573463847	0.159007360416961	0.167123697562183
3.77187795636425	-3.1672301845562	-0.0153063292392435	-0.00986534826694974	0.263815740261095	0.127405719108681	0.134773559981443
3.78187795636425	-3.16329954527833	-0.0141634115746817	-0.00865234673362928	0.521818518975294	0.102110749385284	0.10878067234073
3.79187795636425	-3.15680283639983	-0.013246838430737	-0.00767348957270324	0.777135651614296	0.0819367144515059	0.0877805736213472
3.80187795636425	-3.14776398079899	-0.012510966808747	-0.00688344180361866	1.03032444305365	0.0658274209992956	0.0708621293965907
3.81187795636425	-3.1362021203623	-0.0119192314771869	-0.0062456048014647	1.28180434657236	0.0529692325583352	0.0572548836927363
3.82187795636425	-3.12213275969484	-0.0114423187466708	-0.0057303175903916	1.53185590049501	0.0428008034051987	0.0462072846555917
3.83187795636425	-3.10556885174854	-0.0110564498053038	-0.00531383557183404	1.78073558105839	0.0347042905505601	0.0373889467051289
3.840723680056	-3.08884659890888	-0.0107755999542148	-0.00501212555013884	2	0.028995353489237	0.0310404511365268
