=========================== Parameters =====================================
l1 [m]	l2 [m]	l3 [m]	c1 [m]	c2 [m]	c3 [m]	m1 [kg]	m2 [kg]	m3 [kg]
0.12	0.18	0.3858	0.06	0.09	0.1929	0.1564	0.23764	0.1564
============================== Data ========================================
t [s]	th1 [rad]	th2 [rad]	th3 [rad]	th1d [rad/s]	th2d [rad/s]	th3d [rad/s]
0	0	0	0	0	0	0
0.01	-0.00268527218947971	0.00149247285471957	0.00111654807965849	-0.468584320571347	0.212158671050619	0.196249383132909
0.02	-0.00880590487429499	0.00372203288605848	0.0032916919400282	-0.741815213287289	0.221540821930394	0.222495368041787
0.03	-0.0173812122929507	0.0057988087944752	0.00539914085050044	-0.970402949108098	0.191404587557535	0.195371754763086
0.04	-0.028194825194384	0.00753494520050232	0.00717271790299683	-1.19249089652939	0.156074278226619	0.15935466078258
0.05	-0.0412438211769869	0.00893372750675705	0.00859762889249059	-1.41819076632827	0.124580762113937	0.126475173042539
0.06	-0.0565766646988718	0.0100441174115886	0.00972153948631526	-1.64927480887004	0.0983897732237618	0.0992471099187412
0.07	-0.0742460943159003	0.0109185801582591	0.0105999551933722	-1.88536260318352	0.0772691234846139	0.0772467540722854
0.08	-0.0942969538544775	0.0116027726836842	0.0112815546241862	-2.12538922474839	0.0601942917277213	0.0597231057595504
0.09	-0.116763794122695	0.012133584435424	0.0118059893365476	-2.36839167207329	0.0464548969727868	0.0456792146231801
0.1	-0.141671439854362	0.0125402585352253	0.0122044106998297	-2.61340613900135	0.0352660698111885	0.0343987181762906
0.11	-0.169035847640135	0.0128455287601888	0.0125010079583196	-2.85960743481159	0.0260798839188872	0.0252264482251491
0.12	-0.198864958594151	0.0130669295266568	0.0127143027315751	-3.10622393625339	0.018424980711424	0.0176617368634157
0.13	-0.231159260764451	0.0132178115712183	0.0128583075714447	-3.35252611439084	0.0119180892682738	0.0113110655117203
0.14	-0.265912109044109	0.0133081654579248	0.0129434650689029	-3.59781637270827	0.00627440888454296	0.00584569407744271
0.15	-0.303109857597077	0.0133453242025368	0.0129773683929336	-3.84138935306535	0.0012449120344155	0.00102211584167088
0.16	-0.34273180555064	0.0133344857236748	0.0129653710184362	-4.08253462569836	-0.00335616835648531	-0.00336133662186955
0.17	-0.384750028276009	0.0132791607178424	0.012911058109743	-4.32052071773512	-0.0076718707687062	-0.00746585985961023
0.18	-0.429129117354621	0.01318154380499	0.0128166250737923	-4.55457973316527	-0.0118269858359005	-0.0114065852228866
0.19	-0.475825850673742	0.0130428050759196	0.0126832002328361	-4.7839087176789	-0.0159195539138139	-0.0152694343645015
0.199762231609304	-0.523598775598307	0.0128680568155486	0.012515668856082	-5.00243806101379	-0.0198826067153619	-0.019058377966289
0.209762231609304	-0.600139046272873	0.0500009389466791	0.0110424483204477	-9.36664017355223	5.45607570078212	1.07117457076021
0.219762231609304	-0.700281890958761	0.0998153896044223	0.0483325197886284	-10.7599898968721	4.93423803031076	5.77495095597039
0.229762231609304	-0.811121335359002	0.150768499464216	0.109005899310189	-11.108662010193	4.98861866190658	6.00432602148308
0.239762231609304	-0.919533622554476	0.197008874264095	0.164887772713653	-10.5183528093008	4.21077234489739	5.10648110762535
0.249762231609304	-1.02120282977675	0.234775527256085	0.210778319157777	-9.82391922690297	3.35281319754887	4.08176666262103
0.259762231609304	-1.11635173929316	0.264431475461734	0.246941631848	-9.22662488999478	2.60028586012349	3.17712210456666
0.269762231609304	-1.20615853053427	0.287235369830687	0.274854922119164	-8.75486157368605	1.98219995734175	2.43196128082442
0.279762231609304	-1.29182061772855	0.304485765765619	0.296075312812369	-8.39496694041722	1.48826353647243	1.8338777158932
0.281816041083983	-1.30899693899575	0.307449145375965	0.299733284022767	-8.33242163799392	1.39927219414191	1.72824973913797
0.291816041083983	-1.36866387463676	0.285142343914039	0.319913126791772	-4.20911157817047	-4.50755070833827	1.310645584067
0.301816041083983	-1.40546410372532	0.2442435413075	0.306510552467569	-3.1366800208033	-3.66802970473571	-4.01131801589209
0.311816041083983	-1.43022267202706	0.20297774195671	0.255596570940762	-2.13304706077044	-4.42321284882743	-5.52022292985435
0.321816041083983	-1.45305327149481	0.160144449433753	0.202026388383653	-2.56634069929904	-4.02367177313418	-5.04231221314838
0.331816041083983	-1.48281604591306	0.123610217887535	0.156207529773794	-3.40385811324356	-3.26741977868964	-4.10406887995316
0.341816041083983	-1.52097975099414	0.0946268566191111	0.11981258674052	-4.20777660492858	-2.54892850111711	-3.19745590180626
0.351816041083983	-1.56647474559045	0.0722137789668581	0.0916646486905954	-4.86335211578554	-1.95878977275448	-2.46065083136817
0.361816041083983	-1.61771973741929	0.0549970870113021	0.070043586495404	-5.36124403351835	-1.50499000924933	-1.88920025500777
0.371816041083983	-1.67325777238948	0.041753239774401	0.0534217387763549	-5.72632819144741	-1.16003631004367	-1.45500562816717
0.381816041083983	-1.73189044278035	0.0315186222826838	0.0405917506231186	-5.98428203003668	-0.899057591719827	-1.12617352567223
0.391816041083983	-1.7926581876329	0.0235599049678809	0.0306344611727595	-6.15646690155281	-0.701987737397588	-0.876620926348493
0.398262147432924	-1.83259571459405	0.0193710234495394	0.0254074932182936	-6.23040018353431	-0.600480250302228	-0.749045426306937
0.408262147432924	-1.8708023120508	-0.0213139930415542	0.0186178373388567	-2.32336877302643	-5.59617532988764	-1.92438000489685
0.418262147432924	-1.8886143959588	-0.0730102714519245	-0.02520911509221	-1.16353598257033	-5.2243125310339	-6.04917928088361
0.428262147432924	-1.89919003608195	-0.125666611260849	-0.0869709014178523	-1.2071673211311	-5.08071834939942	-6.00201470455779
0.438262147432924	-1.91515911247492	-0.17249428533225	-0.142417672086736	-2.02312140102802	-4.25391077909291	-5.03902463783185
0.448262147432924	-1.93968806534596	-0.210682847247171	-0.187684354187427	-2.86148628011539	-3.40428148307458	-4.02926799939811
0.458262147432924	-1.97187856976685	-0.240976990429061	-0.223568652655602	-3.54471499792368	-2.68463043544914	-3.17270045160363
0.468262147432924	-2.01002365704541	-0.264803014573311	-0.251759203174906	-4.0551231215419	-2.10665511073669	-2.48995260614884
0.478262147432924	-2.05247242637554	-0.283517005406276	-0.273873425446006	-4.41087141602701	-1.65573693042287	-1.95476974622015
0.488262147432924	-2.09781589457583	-0.298256945116961	-0.291256381126087	-4.63896852915641	-1.30669130072419	-1.54022934668191
0.498262147432924	-2.14490180147358	-0.309933172009068	-0.304984189003742	-4.76296880528174	-1.0401102748748	-1.21959649743446
0.508262147432924	-2.19280239073185	-0.319264048030541	-0.315899790227063	-4.80466380488438	-0.835844685488717	-0.973949854996826
0.518262147432924	-2.24077962348252	-0.326806139298301	-0.324659556029136	-4.78104082893571	-0.679816944308406	-0.786261457819201
0.528262147432924	-2.28825030607835	-0.332986830055238	-0.331770123354277	-4.70553778850083	-0.561615563770638	-0.642351885465733
0.538262147432924	-2.33475556617821	-0.33813263491018	-0.337618656210597	-4.58956683135851	-0.471616653445038	-0.532234940747921
0.548262147432924	-2.37993654181467	-0.342489520076127	-0.342500123179151	-4.44177693703271	-0.403299235461173	-0.447345820706238
0.558262147432924	-2.4235127597242	-0.346243036041397	-0.346636396918708	-4.2698510657959	-0.349687705331776	-0.382663076653086
0.568262147432924	-2.46526700684952	-0.349528907520027	-0.350195992085676	-4.0783756596455	-0.308749166451818	-0.331657500307306
0.578262147432924	-2.50502991118897	-0.352448935256525	-0.353303494995413	-3.87206918878432	-0.276401615275774	-0.29144487004656
0.588262147432924	-2.5426703989476	-0.355077291998336	-0.356051896904166	-3.65435285898344	-0.250151482575785	-0.259380173496546
0.598262147432924	-2.57808719083768	-0.357467625451879	-0.358510292785673	-3.42772105987979	-0.228529585066064	-0.23316064594946
0.608262147432924	-2.61120201394327	-0.359658793094321	-0.360729527463298	-3.19422734308387	-0.210203602726114	-0.211269976145897
0.610405452996652	-2.61799387799149	-0.360105374619053	-0.361177832636211	-3.14346650447561	-0.206567835979509	-0.207057789331651
0.620405452996652	-2.66556314909917	-0.336288595787593	-0.365025162455878	-6.36662394129034	4.97482467557016	-0.563352094012705
0.630405452996652	-2.73262468204101	-0.287687316017129	-0.352940685757446	-6.89847413814997	4.42500027177408	3.21859444010968
0.640405452996652	-2.80436032133522	-0.24475249680219	-0.304704529274212	-7.43974087846551	4.5178505674854	5.62669213779328
0.650405452996652	-2.87694072457693	-0.199966958493219	-0.248747036878344	-6.9130860906894	4.2896887015944	5.37419193138075
0.660405452996652	-2.940910840374	-0.160556746956895	-0.199202226675369	-5.8519622458279	3.56710636187078	4.49444436540133
0.670405452996652	-2.99394398726058	-0.12867567272306	-0.158937681180993	-4.77080659805094	2.82365470128614	3.57421412341356
0.680405452996652	-3.0367883337577	-0.103660092989875	-0.127244786674654	-3.82300443388674	2.20134245127567	2.79287098461304
0.690405452996652	-3.07089992625268	-0.0841980546385118	-0.102539160070978	-3.02272924695417	1.71286756522531	2.17296337634463
0.700405452996652	-3.0976426393194	-0.0690582343066975	-0.0833028533356457	-2.34428366592565	1.33214660749292	1.69431736949724
0.710405452996652	-3.11810923190546	-0.0572573163424666	-0.0682987563872377	-1.7627966397058	1.04022239112901	1.32261901298507
0.720405452996652	-3.13314159262476	-0.0480353228342048	-0.0565720799740839	-1.25454036423311	0.81432255290945	1.034390433343
0.730405452996652	-3.1433817610877	-0.0408126181568599	-0.0473909530473125	-0.801565561424717	0.637436866587583	0.811227313593556
0.740405452996652	-3.14931991160315	-0.035147921947709	-0.040191424298454	-0.392351983949648	0.501230735183403	0.635800782442327
0.750405452996652	-3.15133473185814	-0.0306979878110839	-0.034540853440448	-0.015621849826446	0.393521705186363	0.49958612962938
0.760405452996652	-3.14971804629787	-0.0271995246969007	-0.030101699087401	0.335189998167597	0.309597085779471	0.392571234081837
0.770405452996652	-3.1446971661289	-0.0244463590608723	-0.0266121078825133	0.666099164399399	0.243592405129146	0.308820822052308
0.780405452996652	-3.13644916092834	-0.0222779227440696	-0.023867144012796	0.981360746484936	0.191828113528049	0.243102456036033
0.790405452996652	-3.12511259857548	-0.0205685065805316	-0.0217061945900421	1.28416416297783	0.151651981990046	0.191207326310421
0.800405452996652	-3.11079677984598	-0.0192186098869033	-0.0200037046758567	1.57751808923927	0.119735363530456	0.150843580634855
0.810405452996652	-3.09358791070447	-0.0181506120271296	-0.0186602531940041	1.8631093942166	0.094889213222868	0.119139948518744
0.81527946286129	-3.08417295626122	-0.0177131414879684	-0.0181114599799638	2	0.0847994717827504	0.106330782091396
0.82527946286129	-3.06278486539628	-0.0169542067069857	-0.017162528187633	2.27678810523234	0.0676696969600988	0.0844044571822736
0.83527946286129	-3.03865291752427	-0.0163464401794507	-0.0164072846863389	2.54889435122478	0.0544378629853682	0.0673917098112903
0.84527946286129	-3.01182045678745	-0.0158549057860944	-0.0158017880356211	2.81696888566562	0.0443298908233239	0.0542926722786145
0.85527946286129	-2.98232555307782	-0.0154515377555821	-0.0153109474227713	3.08143069734121	0.0367222782721222	0.0443408801272644
0.86527946286129	-2.95020319464074	-0.0151136603864187	-0.0149065676536799	3.34248226743905	0.0311555874656325	0.0369162279632379
0.87527946286129	-2.91548717645497	-0.0148227903406113	-0.0145658552049644	3.6001542593206	0.0272684309694664	0.0315360044990334
0.88527946286129	-2.87821173228353	-0.0145637097956032	-0.0142702480915612	3.85433569084217	0.0247561956413699	0.0278396311311761
0.89527946286129	-2.83841295646572	-0.014323775352163	-0.014004483341487	4.10477554732361	0.0233888447126006	0.0255376717052232
0.90527946286129	-2.79613007000235	-0.0140923861696209	-0.0137558731583798	4.35108359061804	0.0230267772790018	0.0243701011623053
0.91527946286129	-2.75140659620549	-0.0138604923308798	-0.0135138130920046	4.5927985521106	0.0234815702347748	0.0241906031532196
0.92527946286129	-2.70429135644441	-0.0136203607969624	-0.0132693002642797	4.82933359929829	0.0246546050336938	0.0248407173241832
0.93527946286129	-2.65483941590887	-0.0133653057200714	-0.0130146459924849	5.06001349392823	0.0264678924340245	0.0261884618750048
0.94527946286129	-2.60311293103274	-0.0130894842231947	-0.0127432710048474	5.28411183071069	0.0287960217972432	0.0281691042905743
0.95527946286129	-2.54918184727918	-0.0127878572173826	-0.0124494789314906	5.50080022269514	0.0316001113783314	0.0306721276954838
0.96527946286129	-2.49312455116165	-0.0124560554981554	-0.0121283871694441	5.70920496257071	0.0348203650713293	0.0336169113180812
0.97527946286129	-2.43502838222588	-0.0120903368766414	-0.0117758528205835	5.90841846021077	0.0383743447488873	0.0369483225310251
0.98527946286129	-2.37499000302867	-0.0116876072940717	-0.011388399188673	6.09748067944152	0.0422265776525077	0.0405785851257063
0.99527946286129	-2.31311568544085	-0.0112453411463833	-0.0109632568059742	6.2754544079958	0.0462483302070982	0.0444926880096247
1.00527946286129	-2.24952135128828	-0.0107617374445899	-0.0104982467689474	6.44132555885638	0.050477633044777	0.0485453613989517
1.01527946286129	-2.18433260675577	-0.0102355402550913	-0.00999193796270944	6.59417220557146	0.0547717140343195	0.052728935678426
1.02527946286129	-2.11768446089	-0.0096662040100517	-0.00944354248240165	6.73306465369756	0.0590720127218751	0.0569683233431285
1.03527946286129	-2.04972094804922	-0.00905388943980389	-0.00885293880036206	6.85709606050843	0.0633738658355476	0.0611451580372315
1.04527946286129	-1.98059461643668	-0.00839937022619255	-0.00822075377533528	6.9654775504216	0.0675498304638842	0.0652357581869084
1.05527946286129	-1.91046577698313	-0.00770409532337493	-0.00754830833073361	7.05750299926063	0.0714678595986218	0.069221564587392
1.06527946286129	-1.8395015548829	-0.00697032745543052	-0.00683748397748159	7.13244361384627	0.075266606499928	0.0728784275000865
1.07527946286129	-1.76787501989793	-0.00620075955693458	-0.00609097008525619	7.1898398352383	0.0787251556454921	0.076266418138871
1.08527946286129	-1.69576394156495	-0.00539868047636229	-0.0053120618789727	7.22934963020447	0.0816352985181478	0.0794443790849971
1.09527946286129	-1.62334940254735	-0.00456821205630039	-0.00450437913498308	7.25052771735209	0.0843249030145924	0.0820675693234738
1.10527946286129	-1.55081474205495	-0.00371360763973311	-0.00367228803318958	7.25332807491798	0.0865326167737463	0.0842600054687394
1.11527946286129	-1.47834399495524	-0.00283957514880623	-0.00282051092965125	7.23779156056735	0.088125503850625	0.0860613008704921
1.12527946286129	-1.4061204234603	-0.00195134322419792	-0.00195391892479852	7.20392507552141	0.0893742852456762	0.0872152004868899
1.13527946286129	-1.33432537074212	-0.00105402521617562	-0.00107785610408733	7.15212346744111	0.0899888433351316	0.0879162951630855
1.14527946286129	-1.26313668153534	-0.000153069239728637	-0.000197617724394303	7.08273432924142	0.0900923835424356	0.0880570742674359
1.15527946286129	-1.19272757878406	0.000746154181202604	0.000681405704895472	6.9962960709127	0.0896603507280435	0.0876616437016372
1.16527946286129	-1.12326546717445	0.00163836258483026	0.00155389100171546	6.89346043506523	0.0886699039661102	0.0867694839871097
1.17527946286129	-1.05491086885892	0.00251838269019465	0.00241472782313709	6.77492538254852	0.0872210184916091	0.0853407051847538
1.18527946286129	-0.987816592750804	0.00338136984674453	0.00325899784013636	6.64152778361461	0.0852911340978971	0.0834442855903607
1.19527946286129	-0.922126962125333	0.00422279766760146	0.00408211518607831	6.49416214166675	0.0828823640509535	0.0811424514909888
1.20527946286129	-0.857977209885493	0.00503844846788834	0.00487994721427866	6.33370781974045	0.0801482613006936	0.0783906425851225
1.21527946286129	-0.795493160568027	0.00582466955348925	0.00564870881236638	6.16117387887423	0.0770266141343022	0.0753193055717581
1.22527946286129	-0.73479089718057	0.00657821622005818	0.00638515440491762	5.97752979418888	0.0735865467681985	0.0719632836364962
1.23527946286129	-0.675976682001266	0.00729630892857766	0.00708658224986589	5.78371458580664	0.0699726763206879	0.068302799829762
1.24527946286129	-0.619147089313821	0.00797683431014155	0.00775070589094408	5.5807693136585	0.0660720772418514	0.0645188628189849
1.25527946286129	-0.564389041300609	0.00861802081273532	0.00837591126382256	5.3695679065503	0.0620965844601365	0.0605410057041988
1.26527946286129	-0.511780237909295	0.0092187398479506	0.00896101113728057	5.15104837150944	0.0580329405184222	0.0564706594023465
1.27527946286129	-0.46138949739839	0.00977837481540442	0.00950531661515958	4.92611420632985	0.0538457124499969	0.0524226437333993
1.28527946286129	-0.413277151012261	0.0102966244602597	0.0100087445416825	4.69549248164436	0.0497826680554531	0.0482876562860121
1.29527946286129	-0.367495750894496	0.0107738692911192	0.0104714770363614	4.46004062902468	0.0456654641611994	0.0442796395453963
1.30527946286129	-0.324090452142063	0.011210689177713	0.0108942673105252	4.22039352297258	0.0416818325629475	0.0403223154336205
1.31527946286129	-0.283099757447194	0.0116081315549365	0.0112781574407847	3.97720407625836	0.0378338333306468	0.0364751959135961
1.32527946286129	-0.244556111129092	0.0119675984988044	0.0116244855482029	3.73108862119452	0.0340594833116918	0.0328391110076788
1.33527946286129	-0.208486445163714	0.0122906153812542	0.0119349813957219	3.48248202263756	0.0305621052901337	0.0293013133302713
1.34527946286129	-0.174912956683236	0.012579141483844	0.0122114417625888	3.23191942544615	0.0271734998871758	0.0260279093965013
1.35527946286129	-0.143853540094974	0.0128351351448565	0.0124559828198722	2.97973403029833	0.0240449246490042	0.0229296617198868
1.36527946286129	-0.115322492803667	0.0130607971219678	0.0126707701191265	2.72628666972932	0.0211324041404148	0.0200602698525417
1.37527946286129	-0.0893310085637872	0.0132584039348212	0.0128580689076102	2.4718730283374	0.0184152252575496	0.0174477848296804
1.38527946286129	-0.0658876668000639	0.0134302161364016	0.0130202406972899	2.2166883127613	0.0159850581136768	0.0150261505805737
1.39527946286129	-0.0449989819984479	0.0135786162579421	0.0131595671505525	1.96097031416301	0.0137308743046614	0.0128793770754193
1.40527946286129	-0.0266697314922624	0.0137058439139058	0.0132783908089953	1.70482450205551	0.0117463420259386	0.0109270454986407
1.41527946286129	-0.0109034306056601	0.0138141707002193	0.0133789213357461	1.44839183052784	0.00995957648853051	0.0092111936543078
1.42527946286129	0.00229739189561249	0.0139057304817463	0.0134633138778353	1.1917439649169	0.00838201504555603	0.00770441610048755
1.43527946286129	0.0129308812944964	0.0139825448556435	0.0135336020287963	0.934929277370222	0.00701517955725189	0.00638251106671398
1.44527946286129	0.0209956050426635	0.0140465234211551	0.0135916555876853	0.677996829626583	0.0058075231983703	0.00525836741608275
1.45527946286129	0.0264903929250125	0.0140993683742324	0.0136392172765773	0.420943180033781	0.00478655147244264	0.00428027198814456
1.46527946286129	0.0294141525690403	0.0141426487976171	0.0136778128493614	0.163790282163493	0.00389335386405024	0.00346031220428122
1.47527946286129	0.029765812710709	0.0141776988911664	0.0137088015432372	-0.0934765347877621	0.0031348171933907	0.0027570639586872
1.48527946286129	0.0275442512707494	0.0142056648497005	0.0137333153829281	-0.350855673369836	0.00247496714611958	0.00215998206018797
1.49527946286129	0.0227483146724736	0.0142274589646941	0.013752273658286	-0.608350657426304	0.00189497950840609	0.00164331683024888
1.50527946286129	0.0153768669638002	0.0142437606955038	0.0137663641881377	-0.865956070204103	0.00137273282101445	0.00118222501457967
1.51527946286129	0.00542889328719219	0.0142550092899037	0.0137760339991704	-1.12365141695846	0.000880384527390667	0.000754922631247934
1.52527946286129	-0.00709634347134532	0.0142613909135221	0.0137814869807517	-1.38140054140968	0.000394582042606911	0.000335059060616162
1.53527946286129	-0.0221991002143312	0.0142628371730503	0.0137826754481276	-1.63914336900097	-0.000110738654147664	-0.000102439581396846
1.54527946286129	-0.0398788989175018	0.0142590203634559	0.0137792970566186	-1.89679155634975	-0.000662713865231972	-0.000582345787010859
1.55527946286129	-0.0601342215825397	0.014249349241991	0.0137707943778927	-2.15422521414766	-0.00128556101599141	-0.00113189297737085
1.56527946286129	-0.082962159050653	0.0142329735951796	0.0137563511440607	-2.41128444655124	-0.00200852496247964	-0.0017742598249788
1.57527946286129	-0.108358006627685	0.01420877936804	0.0137348997797248	-2.66777030005058	-0.00285274602230689	-0.00253829344880311
1.58527946286129	-0.136314821218199	0.0141754041474258	0.0137051178872445	-2.92343214195051	-0.00384936973058732	-0.00344399944471912
1.59527946286129	-0.166822924355994	0.0141312323531098	0.0136654458790624	-3.17797377560751	-0.00501573733646183	-0.00452036337126765
1.60527946286129	-0.199869376882032	0.0140744212887323	0.0136140871307694	-3.431038688551	-0.00637979578693338	-0.00578578994758793
1.61527946286129	-0.235437407301946	0.0140029075521269	0.0135490306340194	-3.6822145652644	-0.00796187815904762	-0.0072614124937665
1.62527946286129	-0.273505814135192	0.0139144273521326	0.013468071178331	-3.93103131149625	-0.00977262574584715	-0.00897182355891443
1.63527946286129	-0.314048353994229	0.0138065616186581	0.0133688195803404	-4.17694459917014	-0.0118455279190224	-0.0109189488014249
1.64527946286129	-0.357033089688847	0.013676728348667	0.0132487636725726	-4.41936621601787	-0.0141653045866178	-0.0131363988995554
1.65527946286129	-0.402421776893315	0.0135222774945744	0.0131052606149633	-4.65761985532123	-0.0167680519277153	-0.015610944562396
1.66527946286129	-0.450169208877141	0.0133404789552772	0.0129356226931921	-4.89098679776025	-0.0196401611929994	-0.0183595999189755
1.67527946286129	-0.500222621223753	0.013128604546262	0.0127371412164143	-5.11868405242584	-0.0227738112368948	-0.0213856517004497
1.6798016306537	-0.523598775598373	0.0130222075146105	0.0126371833398338	-5.21955720625073	-0.0242974890660049	-0.022826066304222
1.6898016306537	-0.602302322510646	0.050101872785475	0.0111214697526242	-9.58385126711632	5.45358757216139	1.06364269500314
1.6998016306537	-0.704603323917321	0.0998770465407875	0.0483236007708196	-10.9732627718467	4.9250689476886	5.76936252090158
1.7098016306537	-0.817582593662795	0.150743092879601	0.108948518766733	-11.3231702230711	4.9809537309639	5.99830121117352
1.7198016306537	-0.928126522397113	0.196885792416324	0.164768037337091	-10.7302248082585	4.19932571146237	5.09943413776175
1.7298016306537	-1.03190436385853	0.234531743408029	0.210571155164301	-10.0344823096146	3.34189849323767	4.07003957992517
1.7398016306537	-1.12913850848974	0.26405302457608	0.246621104520333	-9.43436448775467	2.58730080311733	3.16399372922443
1.7498016306537	-1.22100560625197	0.286713825817332	0.27440483739706	-8.95978262933007	1.9681195132398	2.41818242522435
1.7598016306537	-1.30870217834778	0.30382110480511	0.295487767781815	-8.59646018050249	1.47280882969359	1.82112976893095
1.75983592202898	-1.30899693899575	0.303871571429149	0.295550195546684	-8.59538997909556	1.47132257714067	1.81929660223297
1.76983592202898	-1.37107336902999	0.281954683782512	0.316651019579188	-4.45183682263405	-4.44987295057033	1.36768744795817
1.77983592202898	-1.41021625781479	0.241605137331995	0.303640666203742	-3.36263266791178	-3.61487268481518	-3.99084284535225
1.78983592202898	-1.43715067865668	0.200698223352818	0.253083259680957	-2.348826929058	-4.38959822718131	-5.48114628771059
1.79983592202898	-1.4621251518377	0.158207866466135	0.199890289718518	-2.77791931285114	-3.99091527613522	-5.00545924601154
1.80983592202898	-1.49396805650929	0.12198346342189	0.154415594856779	-3.60720988325138	-3.2402364453157	-4.070985957221
1.81983592202898	-1.53412766301249	0.0932594899411692	0.118314927264332	-4.40357622251194	-2.52419034645921	-3.17166593835146
1.82983592202898	-1.58153385704868	0.0710624105391008	0.0904066582164489	-5.04900564504346	-1.94210851519965	-2.43691933140828
1.83983592202898	-1.63460439315868	0.054017130119792	0.0689832391902732	-5.54032501724705	-1.48823581303572	-1.87253197116111
1.84983592202898	-1.69188829757999	0.040913996906046	0.0525188728450107	-5.89678485999791	-1.14780349573288	-1.44064860426911
1.85983592202898	-1.7521875498211	0.0307913162747054	0.039815704112477	-6.14699390577239	-0.88921258839573	-1.11477389822203
1.86983592202898	-1.81454442896374	0.0229214524656842	0.0299593990020655	-6.31160957617432	-0.693973469058068	-0.867762093401797
1.87268810459078	-1.83259571459405	0.0210092436544235	0.027569313617852	-6.34542368017792	-0.647384847438048	-0.809077256918223
1.88268810459078	-1.87198549658057	-0.0200404711402113	0.0200598770770577	-2.45560325692414	-5.59972773924143	-2.0232481580099
1.89268810459078	-1.89108979389239	-0.0718893432111773	-0.0245938961174736	-1.29670538165082	-5.25708739960546	-6.08196018906986
1.90268810459078	-1.90318314792212	-0.124702938848923	-0.0864719739369769	-1.37198636302074	-5.08393655459977	-5.99998205486131
1.91268810459078	-1.920854948038	-0.171515009213507	-0.141830362276139	-2.19824846470324	-4.24622023976286	-5.02801023926333
1.92268810459078	-1.94713951404953	-0.209632489921296	-0.186954959112614	-3.03879390273598	-3.39370499930318	-4.01629773035126
1.93268810459078	-1.9810895140156	-0.23984281766767	-0.222692460355861	-3.72128790590993	-2.67340007953709	-3.16079713028549
1.94268810459078	-2.02097741008138	-0.26358724743409	-0.25075069455171	-4.22838077356939	-2.09836703285249	-2.47814204553756
1.95268810459078	-2.06514030924644	-0.282231313486604	-0.27275208554487	-4.5803231275757	-1.65012735334845	-1.94401343883608
1.96268810459078	-2.11216293094511	-0.296916397952057	-0.290043564622616	-4.80456634884775	-1.30301452678196	-1.53133837501709
1.97268810459078	-2.16088953000231	-0.308554220245603	-0.30370064737593	-4.92515336578915	-1.03686762348569	-1.21369630871369
1.98268810459078	-2.2103917042501	-0.317861194006026	-0.314566034773378	-4.96299184004678	-0.833841167986164	-0.970131282773309
1.99268810459078	-2.25993155342112	-0.325392517978999	-0.323294077831276	-4.93509230284159	-0.680010144479203	-0.783393045577927
2.00268810459078	-2.30892600963086	-0.331576015559348	-0.330387278800498	-4.85635294566884	-0.561761126376356	-0.641861848907304
2.01268810459078	-2.35691898448515	-0.336733841615651	-0.336232377210664	-4.73657510514204	-0.473281192453728	-0.532456526362837
2.02268810459078	-2.40355293950867	-0.341111904739251	-0.341120544132682	-4.58560354116492	-0.405382514238104	-0.448802353938005
2.03268810459078	-2.44855026713992	-0.344892834111119	-0.345272491777523	-4.41035512156991	-0.35290665291335	-0.384435908573407
2.04268810459078	-2.49169581609003	-0.348211761681335	-0.348854087267478	-4.21603779071153	-0.312432733106706	-0.334002400867876
2.05268810459078	-2.53282284416966	-0.351168925437837	-0.351988507116043	-4.00721964769303	-0.280251761807199	-0.294359219675218
2.06268810459078	-2.57180292737659	-0.353837114127745	-0.354767633643597	-3.78714586617326	-0.254292552696807	-0.2625602137037
2.07268810459078	-2.60853722495334	-0.356269214537215	-0.357259364473262	-3.5584002297824	-0.232890407685285	-0.236502362200896
2.07536916048715	-2.6179938779915	-0.356886433649374	-0.35788523688626	-3.49594183191227	-0.227590518952376	-0.230419473379573
2.08536916048715	-2.66936860439354	-0.332839939714131	-0.362031515409646	-6.74705957713387	4.98392863086663	-0.560023621699276
2.09536916048715	-2.7399999403773	-0.284750369809386	-0.349293715094034	-7.2588107204905	4.37178467830583	3.3037566237295
2.10536916048715	-2.81541983066508	-0.241968575527054	-0.300708651122692	-7.79245615033572	4.51063747954437	5.60241352048351
2.11536916048715	-2.89131868075753	-0.197433041260491	-0.245190915780894	-7.23075017915335	4.25325934456477	5.31701107354524
2.12536916048715	-2.95840964348465	-0.158431060538636	-0.196247249851247	-6.1619672768703	3.52576382980604	4.4333129756917
2.13536916048715	-3.01455062409714	-0.126954477512532	-0.15655676390682	-5.08329222674818	2.78480001315649	3.5214319187151
2.14536916048715	-3.06055304619325	-0.102289263426012	-0.125350606529359	-4.14176466415171	2.16900206509404	2.7492442708587
2.15536916048715	-3.09788614316027	-0.0831149678564462	-0.101041213341539	-3.34769593025063	1.6864247024433	2.13798125368573
2.16536916048715	-3.12790951675292	-0.0682074220295821	-0.0821223421231456	-2.67491749943948	1.31107089917498	1.66627358099896
2.17536916048715	-3.1517083218905	-0.0565924084046339	-0.0673711500270174	-2.09834887919886	1.0236735248301	1.30010704350319
2.18536916048715	-3.17011729978669	-0.0475179437787962	-0.0558457179002582	-1.59393222710346	0.800622560791646	1.01696531234246
2.19536916048715	-3.18377161831127	-0.0404128853522529	-0.0468234557969168	-1.14481801723809	0.627285775683386	0.796912607059903
2.20536916048715	-3.19315682971825	-0.0348404248476716	-0.0397499679677246	-0.738369953241635	0.492699660313662	0.624911417080053
2.21536916048715	-3.19864657798625	-0.0304635237857286	-0.0341985173683037	-0.364315295749652	0.386903153221445	0.490924746758742
2.22536916048715	-3.20052891767253	-0.0270226458557051	-0.0298375008411943	-0.0158003205220516	0.30450084210182	0.385636394958713
2.23536916048715	-3.19902753441018	-0.0243151620360709	-0.0264096485540972	0.313127691070507	0.23977470896881	0.303134862176944
2.24536916048715	-3.19431616649942	-0.02218319595926	-0.0237140225602627	0.626900671022816	0.188676671791886	0.238585595115642
2.25536916048715	-3.18652988503993	-0.0205036363707393	-0.0215930541324966	0.9286026432933	0.148854518654919	0.187640784589303
2.26536916048715	-3.17577432526718	-0.0191792236214203	-0.0199236618590559	1.22112158238387	0.117340709516705	0.147806049754882
2.27536916048715	-3.1621318848151	-0.0181339058557245	-0.0186087200816626	1.50630673495292	0.0926895207773518	0.116471926779731
2.28536916048715	-3.14566739506764	-0.017307455730076	-0.0175718535437837	1.78572451296955	0.0734271758047084	0.0918732909005906
2.29315102075404	-3.13093577826936	-0.0167847486215264	-0.0169182965609322	2.00000000000001	0.0612900498681436	0.0765982151544886
2.30315102075404	-3.10957353627037	-0.0162360110709318	-0.0162349537743362	2.27186597693259	0.048974243590984	0.0607424995081698
2.31315102075404	-3.08550901439142	-0.0157962957656793	-0.0156911876983161	2.54054113064952	0.0393922456282787	0.0485414921221894
2.32315102075404	-3.0587722221805	-0.0154401225653403	-0.0152549273007702	2.80637975269032	0.0321769234169942	0.0391436632520934
2.33315102075404	-3.02938984400602	-0.0151467262668585	-0.0149005039462226	3.0696751994435	0.0267976975754037	0.0320747487878211
2.34315102075404	-2.99738687768485	-0.0148991964856292	-0.014607093659397	3.33051064122445	0.0229294109275597	0.0268975649258875
2.35315102075404	-2.96278816278274	-0.0146836095960855	-0.0143576532609121	3.58879689603388	0.0203885295048261	0.0232182040916418
2.36315102075404	-2.9256197938221	-0.0144882309361765	-0.0141381861651964	3.84439798726337	0.0188645124116302	0.0208597566832976
2.37315102075404	-2.8859102519647	-0.0143032122756107	-0.0139369286091975	4.09698169818427	0.0182717462236584	0.0195631665197145
2.38315102075404	-2.84369158866036	-0.0141200576199561	-0.0137439560140165	4.34614234871853	0.0184811289108866	0.0191733632068465
2.39315102075404	-2.79900044428209	-0.0139313661789499	-0.0135507671893548	4.59137903742284	0.0193788223086879	0.0195766716933741
2.40315102075404	-2.75187900607511	-0.0137306198304711	-0.0133499880732022	4.83209790390739	0.020870596713977	0.0206836758634471
2.41315102075404	-2.70237588490329	-0.0135120554597517	-0.0131351336860588	5.06759581686926	0.0229294333189202	0.0223813050017879
2.42315102075404	-2.65054696147443	-0.0132704920061797	-0.0129005050031217	5.29711882235482	0.0254752895404441	0.0246168763063749
2.43315102075404	-2.59645611092296	-0.0130012965577004	-0.0126410586763918	5.51984366113249	0.0284321277482504	0.0273467955441936
2.44315102075404	-2.54017583894239	-0.012700385357143	-0.012352314115284	5.73485805387729	0.0317908815235572	0.0304821302207096
2.45315102075404	-2.4817878623248	-0.0123641515573637	-0.0120303681281441	5.94121944794586	0.0354977978106881	0.0339705067223642
2.46315102075404	-2.42138354556575	-0.0119894839059529	-0.0116718781163885	6.13795881746861	0.0394712925557334	0.0377797183507608
2.47315102075404	-2.35906420208898	-0.0115738189960164	-0.011274047753965	6.32407028085283	0.0436547874523101	0.0418545191467161
2.48315102075404	-2.29494125522787	-0.0111152010042475	-0.0108346256118188	6.49850293598716	0.0480681242600406	0.0460754453916545
2.49315102075404	-2.2291363220916	-0.0106121711986123	-0.0103520452630033	6.66029039633562	0.0525495600152624	0.0504577923340523
2.50315102075404	-2.16178098682422	-0.0100639879788628	-0.00982531129445488	6.8084217053523	0.0570875705642625	0.0548952409407552
2.51315102075404	-2.09301653633915	-0.00947053514082107	-0.00925412046059229	6.94195374652958	0.0616061492403868	0.0593268498024525
2.52315102075404	-2.02299344835579	-0.00883238245338279	-0.00863885236599427	7.05999808120461	0.0660359994052699	0.0636835714683884
2.53315102075404	-1.95187073681327	-0.0081507578313102	-0.00798061010632159	7.16176810519621	0.0702484011427113	0.0679414814186381
2.54315102075404	-1.87981503637242	-0.0074277097686498	-0.00728109084030647	7.24646568584983	0.0743518724585782	0.0718948270323768
2.55315102075404	-1.80699974254632	-0.00666576440761833	-0.00654282123488661	7.31355095702162	0.0781159156120832	0.0756043878276649
2.56315102075404	-1.73360377395329	-0.00586809802576482	-0.00576896643815971	7.36259373936759	0.081340378294588	0.0791146280106258
2.57315102075404	-1.65981017278362	-0.00503878312727702	-0.00496305438814718	7.39305264517205	0.0843834838470846	0.0820481172278075
2.58315102075404	-1.5858050505601	-0.00418201731392543	-0.00412946018074351	7.40483741731794	0.08690509208762	0.0845799213554423
2.59315102075404	-1.51177592120947	-0.00330257950739883	-0.0032729175207165	7.39789559284637	0.0888177735392801	0.0867043206260186
2.60315102075404	-1.43791021203894	-0.00240579487992694	-0.0023983902240654	7.37217259937945	0.0903821717245349	0.0881628357439045
2.61315102075404	-1.3643940263327	-0.00149692108280183	-0.00151137615540219	7.32801595474064	0.091286040212165	0.0891576437154832
2.62315102075404	-1.29141046035969	-0.000581618893177202	-0.000617362953001649	7.26572194507934	0.0916622251897827	0.0895650613392175
2.63315102075404	-1.21913839303396	0.000334500277937046	0.000278006336975435	7.18580162325098	0.0914660899249889	0.0894170837904767
2.64315102075404	-1.14775116592532	0.00124585707873401	0.00116912918491501	7.08887667553887	0.0906865796833852	0.0887377232518368
2.65315102075404	-1.07741542024915	0.00214696052268566	0.00205057550180993	6.97563396767671	0.0894183995710038	0.087486238885193
2.66315102075404	-1.00829015443033	0.00303263156539058	0.00291707835639271	6.84691476185327	0.0876239960115058	0.0857397847980639
2.67315102075404	-0.940525834538233	0.00389797523442888	0.00376370317998525	6.70361252455728	0.0853269613102435	0.0835420871951867
2.68315102075404	-0.874263709736309	0.00473842219810129	0.00458594412204938	6.546632860938	0.0826626208832385	0.0808622805368998
2.69315102075404	-0.809635391514502	0.00554996218327027	0.00537965058331666	6.3770130934938	0.0795657436372655	0.077834154872777
2.70315102075404	-0.746762437974295	0.00632898372117987	0.00614123524098948	6.1957434082036	0.0761365657505092	0.0744707917833465
2.71315102075404	-0.685756233943179	0.00707239381186105	0.00686764217236759	6.00381846643899	0.0724854698508274	0.0707823201863503
2.72315102075404	-0.626718043155964	0.00777775996888795	0.00755627443391371	5.80231779058823	0.0685151192266115	0.0669420952595062
2.73315102075404	-0.569739015302123	0.0084430129996982	0.00820523895908023	5.59215277359374	0.0644629183861439	0.0628650651376079
2.74315102075404	-0.514900609272914	0.00906679521479043	0.00881307154629802	5.37433053189405	0.0602740691700978	0.0586905709062067
2.75315102075404	-0.462274880862198	0.00964824273942958	0.00937888050704511	5.1497839276676	0.05596378835001	0.0545004738951948
2.76315102075404	-0.411924918537721	0.0101868889818798	0.0099023799848371	4.91930564774785	0.0517476442513339	0.0502168258420178
2.77315102075404	-0.363905528364327	0.0106829621071069	0.010383604466645	4.68379924112457	0.0474566125478177	0.0460529059497023
2.78315102075404	-0.318263636044285	0.0111369108461339	0.0108232084072196	4.44393174837151	0.0433147875746053	0.0419108078580134
2.79315102075404	-0.275039082927342	0.011549734974339	0.0112221346953365	4.20042293969616	0.0392756473531763	0.0378939264852158
2.80315102075404	-0.234265203496776	0.0119227664790218	0.0115817014557738	3.95390805365653	0.0353300550208717	0.0340682659816852
2.81315102075404	-0.195969451977029	0.0122575417652914	0.0119036144084709	3.70487504972575	0.0316481651563998	0.0303524135874013
2.82315102075404	-0.160174184667643	0.0125560355309901	0.0121896977361296	3.45388750064147	0.0280755047589411	0.0269071345177201
2.83315102075404	-0.126897141420397	0.0128202442855252	0.0124421279278155	3.20129841215105	0.0247870354391492	0.0236296856164975
2.84315102075404	-0.0961522107293215	0.0130524668195018	0.012663130479157	2.94751073336158	0.0217019235317276	0.0206066256471269
2.85315102075404	-0.0679499309202097	0.0132550553099237	0.0128550890953378	2.69282202521336	0.0188438777078898	0.0178355408365224
2.86315102075404	-0.0422980626599501	0.0134304113049207	0.0130204697884936	2.43745989536066	0.0162695524584433	0.0152808828032321
2.87315102075404	-0.0192021477783521	0.0135810437366662	0.0131617021100393	2.18166430171405	0.0138914234129662	0.013011481189271
2.88315102075404	0.00133409939621348	0.0137093473701038	0.0132812821821256	1.92554847457238	0.0118039026368473	0.0109489374091737
2.89315102075404	0.0193082757640262	0.013817770891557	0.0133815803940214	1.66926307229767	0.00992146215169857	0.0091480732136768
2.90315102075404	0.0347189841169151	0.0139086157377597	0.0134649406816513	1.41286825576869	0.0082801576609604	0.00756435990669117
2.91315102075404	0.0475654561289075	0.0139841094829572	0.01353357346345	1.15641860056563	0.00685611073379992	0.00619487777190401
2.92315102075404	0.0578472824722984	0.0140463490870175	0.0135895549530876	0.899943496130474	0.00562135203427841	0.00503568882799796
2.93315102075404	0.0655641889594033	0.0140972532587608	0.0136348248063069	0.643432370810361	0.00458873551513091	0.00404762280013413
2.94315102075404	0.0707158243829101	0.0141386019541885	0.0136711213650532	0.386886090627499	0.00370661346151989	0.00323820163956437
2.95315102075404	0.0733016543963602	0.0141719487390451	0.0137000197037298	0.130266675301828	0.00298435043732111	0.00256500112133075
2.96315102075404	0.0733208454029881	0.0141986692890554	0.0137228684183412	-0.126447981976921	0.00237943208267133	0.00202333063131074
2.97315102075404	0.0707722462600155	0.0142199012308496	0.0137408139789003	-0.383296181377415	0.0018816114756024	0.00158149123056862
2.98315102075404	0.0656543857677543	0.0142365616674531	0.0137547681186491	-0.640304934337777	0.00146187966746424	0.00122053034635803
2.99315102075404	0.0579655384239667	0.0142493235510414	0.0137654097939997	-0.897495980124953	0.0010975306702109	0.000915116966632241
3.00315102075404	0.0477038314065154	0.0142586127761461	0.0137731735887752	-1.15487665651248	0.000762895816611506	0.000640944031707326
3.01315102075404	0.0348674047546997	0.0142645994199451	0.0137782449499547	-1.41243640360425	0.000432930958846123	0.000372180089656423
3.02315102075404	0.0194546201328231	0.0142671942286299	0.0137805536257519	-1.67014019229546	7.98784902812755e-05	8.42793684962486e-05
3.03315102075404	0.00146432234865639	0.0142660413454009	0.0137797723687518	-1.92792600755476	-0.000320831428658927	-0.000250336100932797
3.04315102075404	-0.019103852034207	0.0142605202485481	0.0137753111280743	-2.1856963616187	-0.000798247158569894	-0.000656069634988912
3.05315102075404	-0.0422491118461431	0.0142497402101192	0.0137663200311103	-2.44331714842304	-0.00137698248200864	-0.00116071539687605
3.06315102075404	-0.0679691033373495	0.0142325465771828	0.0137516868118824	-2.70060901714293	-0.00208548022700599	-0.00178867736342437
3.07315102075404	-0.0962594499364742	0.0142075200692721	0.0137300439185258	-2.95734639656476	-0.00294724174933371	-0.00256728100831378
3.08315102075404	-0.127113250838599	0.0141729900395201	0.0136997699918457	-3.2132482219308	-0.00399140948017194	-0.00351802840006167
3.09315102075404	-0.160520529463268	0.0141270351506299	0.0136590071752598	-3.46798170563171	-0.00523447553950786	-0.00467007861152154
3.10315102075404	-0.19646765493507	0.0140675153091757	0.0136056614590227	-3.72114537201218	-0.00671007152240765	-0.00603643920067643
3.11315102075404	-0.234936710988878	0.0139920652396702	0.013537440917481	-3.97228654177742	-0.00842185891509056	-0.00764951630926263
3.12315102075404	-0.275904864935295	0.0138981543138323	0.0134518520784375	-4.22087186476174	-0.0104046753152688	-0.00951284515782418
3.13315102075404	-0.319343686669922	0.0137830806757406	0.0133462573532797	-4.46631492476574	-0.0126581444080774	-0.0116513608736907
3.14315102075404	-0.365218487768626	0.0136440362525737	0.0132178887353164	-4.70795431658764	-0.0151951742451427	-0.0140727560178714
3.15315102075404	-0.413487650340696	0.0134781473492474	0.013063891925628	-4.94505727271033	-0.018035300132826	-0.0167714626835213
3.16315102075404	-0.464101958891304	0.0132824903601193	0.0128814013200325	-5.17684936271183	-0.0211420907272723	-0.0197759048072161
3.17315102075404	-0.517004012681206	0.0130542239798487	0.0126675362085991	-5.40245936355705	-0.0245567829659374	-0.0230440647617584
3.17436867175159	-0.523598775598452	0.0130240576064326	0.0126392237078699	-5.42947256656406	-0.0249768169863476	-0.0234720932187574
3.18436867175159	-0.604392518154251	0.0500849040563167	0.0111156551342199	-9.79267975796307	5.45219302645135	1.06130624911223
3.19436867175159	-0.708768211986527	0.0998279168834179	0.0482916201915039	-11.179900448947	4.92025573437132	5.7675196618414
3.20436867175159	-0.823803459449724	0.150635825579935	0.108883565952065	-11.5276106658476	4.97403773937242	5.99329966576684
3.21436867175159	-0.936376326686812	0.196691193854335	0.164639667791558	-10.9321988423409	4.19026302939469	5.09064822718245
3.22436867175159	-1.04215647980503	0.234225413932894	0.210348103523496	-10.2334708074963	3.32983105195264	4.05916048835547
3.23436867175159	-1.14136740835955	0.26361737142307	0.246280194803371	-9.63083056441269	2.57384422780904	3.15130266029736
3.24436867175159	-1.23518678210072	0.286140515229778	0.27393162411185	-9.15370308365191	1.95404341727898	2.40467238211339
3.2525751138867	-1.308996938996	0.300420728974787	0.291548918374716	-8.84625459187886	1.53960987532798	1.90446610489061
3.2625751138867	-1.37337268957562	0.278874426678557	0.313506818528816	-4.68284112761511	-4.39616041941031	1.42054653565027
3.2725751138867	-1.41475253188863	0.23905367060475	0.300839791072603	-3.57876458975561	-3.562614953974	-3.97556524139969
3.2825751138867	-1.44376636225242	0.198483031453734	0.250619384697607	-2.55628519842701	-4.35635212514408	-5.44425848619217
3.2925751138867	-1.47080104880011	0.156324190243204	0.197794140371087	-2.98159403772797	-3.95879523889718	-4.96948983240537
3.3025751138867	-1.50464583942207	0.120401189917854	0.15265891682075	-3.80355476756512	-3.21237803458449	-4.03935838106353
3.3125751138867	-1.54672765035293	0.0919322815936596	0.116847811600991	-4.59157448236019	-2.50113171731891	-3.14527866141366
3.3225751138867	-1.59597203255311	0.0699432803916772	0.0891790050056391	-5.22975117776997	-1.92102914086646	-2.41716930467315
3.3325751138867	-1.65080087416403	0.05306969007402	0.0679477946229002	-5.71166764867996	-1.47400608249549	-1.85438408558762
3.3425751138867	-1.70976356495187	0.0401028462101651	0.0516399958036793	-6.0608537736695	-1.13554810889926	-1.42670351044156
3.3525751138867	-1.7716655311148	0.0300895915270693	0.0390620131031463	-6.3036232719635	-0.879210675260116	-1.10381750534691
3.36211756268668	-1.83259571459405	0.0226225667284822	0.0297004204250591	-6.45519083036817	-0.693873650456511	-0.868777579805066
3.37211756268668	-1.87312332352148	-0.0187711220723704	0.0214617850256993	-2.58206881956066	-5.60372082003182	-2.12147329993125
3.38211756268668	-1.89346355682752	-0.0707829874772447	-0.0239951134255921	-1.42561745475026	-5.28850922827079	-6.11323884558559
3.39211756268668	-1.9070245421694	-0.123747623179213	-0.0859818940640631	-1.53095774512666	-5.08779427914307	-5.9970745364685
3.40211756268668	-1.92634266109236	-0.170542951923591	-0.141252721514842	-2.36624322956979	-4.24164411030805	-5.01477095858611
3.41211756268668	-1.95432413934053	-0.208591032169411	-0.186237040632709	-3.20896554466162	-3.38616730541446	-4.00127660587178
3.42211756268668	-1.98997494089137	-0.238719134521945	-0.221830064332375	-3.89062426708023	-2.66549844778405	-3.14658319939382
3.43211756268668	-2.03154678671562	-0.262384926972577	-0.249756776937184	-4.39546286980938	-2.09111301715694	-2.46578492046432
3.44211756268668	-2.07736586857911	-0.280961612213559	-0.271645728005248	-4.74463577002496	-1.64337088988615	-1.93438229714615
3.45211756268668	-2.1260118120053	-0.295591770876314	-0.288847392716461	-4.96458748884827	-1.29944455873025	-1.52248002606672
3.46211756268668	-2.17632438385717	-0.307191303341423	-0.302434409057375	-5.0817893142838	-1.03396499589888	-1.20755366749318
3.47211756268668	-2.22737477680714	-0.316474576672971	-0.313249325391285	-5.11617777990945	-0.831584995360329	-0.966466552275088
3.48211756268668	-2.27842564028703	-0.32399489159967	-0.321944940011407	-5.0844146889279	-0.679382196827981	-0.781062365903902
3.49211756268668	-2.32889482528449	-0.330179067005531	-0.329020852600682	-5.00189493974103	-0.56275193182602	-0.640484545946492
3.50211756268668	-2.37832765715863	-0.33534839587233	-0.334860606008521	-4.87908103448124	-0.474470815783087	-0.532799478773343
3.51211756268668	-2.42636949655435	-0.339745438870277	-0.339754322888226	-4.72483110977563	-0.40769565696693	-0.449749977570106
3.52211756268668	-2.4727447916943	-0.343552078528724	-0.343919862574579	-4.54668798279335	-0.355885943616714	-0.386033184046536
3.53211756268668	-2.51724101805997	-0.346901860540916	-0.34752132838158	-4.34980841190598	-0.315777705610487	-0.33621064474388
3.54211756268668	-2.5596941168091	-0.349893637191303	-0.350680413864115	-4.13870081281884	-0.283826388505592	-0.297050410922839
3.55211756268668	-2.59997835440572	-0.352599019481457	-0.353487789596638	-3.91654390947444	-0.258131457873926	-0.265510173561521
3.55678067051998	-2.6179938779915	-0.353777856988817	-0.354696180333771	-3.80990973447947	-0.247833310582121	-0.252781257278731
3.56678067051998	-2.67278303060854	-0.329504242199983	-0.359129136621995	-7.08814346018629	4.99224473126228	-0.555497399462401
3.57678067051998	-2.7466038745506	-0.281910363298507	-0.345743541458711	-7.58121195148958	4.31982334093506	3.38869377703512
3.58678067051998	-2.82532726070813	-0.239264580544351	-0.296834447926521	-8.10711305260246	4.5037471562821	5.57769758363739
3.59678067051998	-2.90417456571329	-0.194972597201912	-0.241745515636329	-7.51110581111864	4.21507652937497	5.26411105011883
3.60678067051998	-2.97403171752706	-0.156364842453189	-0.19337940995446	-6.43623618871278	3.48443270242729	4.37590342303442
3.61678067051998	-3.03293142634962	-0.125277960038538	-0.154237975531764	-5.36184098698617	2.74934743292998	3.46947793099146
3.62678067051998	-3.08174535420684	-0.100946879098691	-0.123499228611149	-4.42577730107264	2.13797498868399	2.70749449379564
3.63678067051998	-3.12195247433944	-0.0820478848702054	-0.0995697072541894	-3.63799923800084	1.66135427667407	2.1042528965332
3.64678067051998	-3.15490851504335	-0.0673627111682094	-0.080955281443922	-2.97108749997471	1.2916635634435	1.63876983887586
3.65678067051998	-3.18169190261929	-0.0559248290413027	-0.0664474547443465	-2.39899943907995	1.00755873014535	1.27870966150066
3.66678067051998	-3.20312993120358	-0.0469919156587796	-0.0551149094795341	-1.89899498188336	0.788305127018512	0.999630376938361
3.67678067051998	-3.21985258248721	-0.0399987125531249	-0.0462455161655677	-1.45359944717171	0.617711942748199	0.783098105303744
3.68678067051998	-3.23234092837989	-0.0345139630909312	-0.0392928972073382	-1.05017323412908	0.484696111171091	0.614411305060978
3.69678067051998	-3.24096442961573	-0.030206457385868	-0.0338359288960024	-0.679383990247998	0.381353547002857	0.482137553966728
3.70678067051998	-3.2460087255646	-0.0268190927606043	-0.0295494823375818	-0.333252833492292	0.299688031824396	0.379131436478504
3.71678067051998	-3.2476943626121	-0.0241536288155527	-0.0261798143211432	-0.00672042711097024	0.235993480369786	0.298054574163387
3.72678067051998	-3.24619278990611	-0.0220546735282102	-0.023529810573664	0.304840288911918	0.185789814364089	0.234513080141939
3.73678067051998	-3.24163683863465	-0.0204012466189552	-0.0214450321265936	0.604651884281982	0.14644728846129	0.184461415663331
3.74678067051998	-3.23412966403252	-0.0190982698104565	-0.0198046926166179	0.89542586232163	0.115460743580583	0.145119592980789
3.75678067051998	-3.22375122246234	-0.0180710490925402	-0.0185139447645278	1.17925406856379	0.0909188698596412	0.11429734956753
3.76678067051998	-3.21056335105279	-0.0172610053352688	-0.0174979312475336	1.45753225842866	0.0718429815173129	0.0898950664916769
3.77678067051998	-3.19461422974351	-0.0166213758559301	-0.0166979359553299	1.73167542443219	0.0566860385798179	0.0708833776697263
3.78668976822766	-3.17612318044474	-0.0161195234426194	-0.0160722703991091	2.00000000000076	0.0450376764506657	0.0560377783011724
