=========================== Parameters =====================================
l1 [m]	l2 [m]	l3 [m]	c1 [m]	c2 [m]	c3 [m]	m1 [kg]	m2 [kg]	m3 [kg]
0.12	0.1	0.4658	0.06	0.05	0.2329	0.1564	0.23764	0.1564
============================== Data ========================================
t [s]	th1 [rad]	th2 [rad]	th3 [rad]	th1d [rad/s]	th2d [rad/s]	th3d [rad/s]
0	0	0	0	0	0	0
0.01	-0.00297514180306467	0.00145893961908772	0.00135504788637657	-0.533617626208563	0.224698573411652	0.234618680769453
0.02	-0.00999899288744342	0.00394060487975748	0.00402336226842223	-0.851967722136937	0.255959003045703	0.279848852126208
0.03	-0.0197921873844158	0.00639807391573114	0.00672725998187	-1.10098705714597	0.230988602227289	0.25510265933606
0.04	-0.0319632273597277	0.00851519497078699	0.00906982485904961	-1.33243360631357	0.191935059280102	0.212428192116601
0.05	-0.0464439655086998	0.0102400221261035	0.0109784201429158	-1.56449811219349	0.15377121122801	0.169965749291349
0.06	-0.0632734948159087	0.0116082850003933	0.0124889393343351	-1.8025518252478	0.120915189531517	0.133207197626801
0.07	-0.082517225048375	0.0126774639420638	0.0136651918831056	-2.04727976667149	0.0939411813078173	0.103047621001603
0.08	-0.104238187146144	0.0135036681296369	0.014570471468169	-2.29778463863247	0.0721249267126253	0.0788895895019539
0.09	-0.128488066571752	0.0141346420143138	0.0152589817003311	-2.55282815266244	0.0546930715818164	0.0595502024235141
0.1	-0.155305443536397	0.0146088636971245	0.0157743046777489	-2.81107758810717	0.0406472331241113	0.0440800979405027
0.11	-0.184716289993517	0.0149563630087203	0.0161504421075026	-3.07132540364015	0.0292164026406012	0.0315915980617762
0.12	-0.216735030519139	0.0152001193075799	0.0164133679977601	-3.33247976524738	0.0198012391184721	0.0213321905383376
0.13	-0.251365516774583	0.0153574282946148	0.0165825495333962	-3.59351423779639	0.0118643182954356	0.0127465907142112
0.14	-0.288601721788978	0.0154410338657149	0.0166722962506505	-3.85346747988205	0.00500487335611825	0.00537451749551681
0.15	-0.328428161965908	0.0154600871135506	0.0166928456633993	-4.11140721918147	-0.0010918856889559	-0.00114663764735823
0.16	-0.370820072378733	0.0154209165628742	0.0166512440926926	-4.36640778472592	-0.00667298519493488	-0.00709961228831707
0.17	-0.415743389090144	0.0153276512691899	0.0165520541166842	-4.61753169082418	-0.0119365616494376	-0.0126979378181482
0.18	-0.463154587963862	0.0151827220045502	0.0163979303209844	-4.86382223455466	-0.0170275768246178	-0.0181098264661652
0.19	-0.51300043056184	0.0149872774630338	0.016190085510317	-5.1042942030483	-0.0220526196690745	-0.0234616914954855
0.192066456117178	-0.523598775598299	0.0149406202319695	0.0161404710125416	-5.15317378305671	-0.0230727436766585	-0.0245833933389043
0.202066456117178	-0.599505544485856	0.0560533237638218	0.00587729332398227	-9.02719931376278	5.09819199022891	0.421377088429213
0.212066456117178	-0.69930675629612	0.102081184703493	0.03581685385328	-10.9668437455323	4.29508961828744	5.36067017281671
0.222066456117178	-0.815875619875953	0.149605686191064	0.0951028123644958	-11.9557228416483	4.89298556675115	6.09628254464482
0.232066456117178	-0.933934839242336	0.196223881130357	0.153281388321318	-11.54679988278	4.34412496023941	5.426079251038
0.242066456117178	-1.04579111505209	0.235672683917595	0.202629400294584	-10.8114166857829	3.5374927176255	4.43160704763148
0.252066456117178	-1.15025401746409	0.267090188310871	0.242072629406964	-10.0964177436894	2.76161591420284	3.47554058164923
0.262066456117178	-1.24810322971724	0.291284727221338	0.272603124238957	-9.49423990110676	2.09781430583796	2.65575151190131
0.268595404521146	-1.30899693899575	0.303754427468874	0.288426870412386	-9.16725177451563	1.72895078477961	2.20338332171733
0.278595404521146	-1.37856683140883	0.277530194070547	0.324786656511651	-5.62111966358028	-4.10053109489915	2.74654846210448
0.288595404521146	-1.42704445425435	0.240577070006416	0.328178737673477	-4.04743785829528	-3.32407556058879	-2.05355891565575
0.298595404521146	-1.45870215720583	0.207652140091448	0.28743006777431	-2.32498219438766	-3.75495461118025	-5.25275746872866
0.308595404521146	-1.479405435661	0.167818226066208	0.232754030062596	-2.0575803477469	-4.01377268431956	-5.44159208730011
0.318595404521146	-1.50288657823929	0.129886850243785	0.181531094342223	-2.71996542683349	-3.50506747106387	-4.72625246734429
0.328595404521146	-1.53451686578601	0.0982811358784426	0.13892244425173	-3.61047906793714	-2.81166901123518	-3.793302468876
0.338595404521146	-1.57484667087744	0.073491689081116	0.105361186717824	-4.43150304370629	-2.16578677648785	-2.94124379100928
0.348595404521146	-1.62260234053281	0.0545630112717842	0.0795467128530628	-5.09079559800682	-1.64186209412489	-2.24912371561996
0.358595404521146	-1.67610861671464	0.0402462739775451	0.0598496867944698	-5.58452244472646	-1.24028836283459	-1.71461378737069
0.368595404521146	-1.73381948472421	0.0294208433765813	0.0448182142310987	-5.93634648329069	-0.939536709588195	-1.31101249313667
0.378595404521146	-1.79445289280516	0.0211940835927828	0.0332940844229799	-6.17351483511819	-0.716421200022788	-1.0089536678656
0.384722287508925	-1.83259571459405	0.0171383982761093	0.0275758149079793	-6.27229588866233	-0.610377547344267	-0.862344749290521
0.394722287508925	-1.87351934885123	-0.026923922073319	0.0278088172316823	-2.86234198056994	-5.20223250947071	-1.42924320647516
0.404722287508925	-1.89397525372933	-0.0743289644120846	-0.0104294479001786	-1.17550746866214	-4.67203820143828	-5.75311290947616
0.414722287508925	-1.90174407274502	-0.123991923976326	-0.0715126078619451	-0.713774296521559	-4.98796633479038	-6.12952249239928
0.424722287508925	-1.91197148149544	-0.171062813991552	-0.129329214730245	-1.41673992288092	-4.35700027593275	-5.34900266704357
0.434722287508925	-1.93071995799091	-0.210584164575948	-0.1778564579931	-2.33116026105876	-3.54713759270406	-4.35711178880887
0.444722287508925	-1.95823984900311	-0.242259466495726	-0.216779476123955	-3.14632276441678	-2.80683581777824	-3.45185292825423
0.454722287508925	-1.99305405304196	-0.267154271887258	-0.247422314660269	-3.78609841643777	-2.19440072392012	-2.70353722973777
0.464722287508925	-2.03337707899842	-0.286566334892965	-0.271370014917936	-4.25073975553814	-1.7082669700553	-2.10971284438361
0.474722287508925	-2.07755863245554	-0.301681013513609	-0.29005832682788	-4.56237052270474	-1.33063502762578	-1.64825624919789
0.484722287508925	-2.12419750806736	-0.313487428539455	-0.304681222726329	-4.7465155101822	-1.04327834703369	-1.29265796671701
0.494722287508925	-2.17214753076848	-0.322779589752658	-0.316193914953396	-4.82809061077888	-0.826028070414504	-1.02181841216879
0.504722287508925	-2.22049124354716	-0.330178642287901	-0.325345201772697	-4.82835619599363	-0.662682290903795	-0.817178078256568
0.514722287508925	-2.26850490529881	-0.336161701878134	-0.33271309712461	-4.76472836090558	-0.540887761365417	-0.662861872494145
0.524722287508925	-2.31562372295278	-0.341090058993715	-0.338737643285594	-4.65158134640993	-0.449981709716705	-0.546903729367474
0.534722287508925	-2.36141087148703	-0.345233082283962	-0.343750278679864	-4.50017975045248	-0.382282618649899	-0.459381792319996
0.544722287508925	-2.40553070151489	-0.348789277435765	-0.347997705425404	-4.31956671626448	-0.331250279507657	-0.393184672759703
0.554722287508925	-2.44772676772421	-0.351902710089761	-0.351662053951745	-4.11656526299569	-0.292634678970359	-0.342312021913779
0.564722287508925	-2.48780383445323	-0.354676863769927	-0.354876357236043	-3.89653071721603	-0.262947490826705	-0.302526474938946
0.574722287508925	-2.52561370344846	-0.357185109546744	-0.357736988010889	-3.66361319660647	-0.23945565932353	-0.270819584086296
0.584722287508925	-2.56104411313618	-0.359478813470193	-0.360313189445425	-3.42104267245513	-0.219943557251276	-0.245171326811662
0.594722287508925	-2.59401023012341	-0.361593215254356	-0.362654529295334	-3.17112242730376	-0.203326435477707	-0.223678404891684
0.602529884605814	-2.61799387799149	-0.363135094368923	-0.364342341859845	-2.97201791130036	-0.191902479285985	-0.208851836577319
0.612529884605814	-2.66345996265488	-0.330583956173087	-0.38002617757699	-5.60511029771118	5.06826739859482	-1.61383506416853
0.622529884605814	-2.72285747318623	-0.284648284159141	-0.378277079604971	-6.28367668950594	4.14765482061342	1.94563751356468
0.632529884605814	-2.78945407978333	-0.246933731698719	-0.341394606867306	-7.0961047092087	3.618826205047	5.23221670230533
0.642529884605814	-2.8627925559793	-0.207213866086712	-0.285565582165651	-7.3049204605129	4.10281726126232	5.67227145167378
0.652529884605814	-2.93212368718021	-0.167754843304937	-0.231336982362735	-6.46396918778167	3.70635101936197	5.07620308749011
0.662529884605814	-2.991090043457	-0.133956969423565	-0.185007975942079	-5.31520267323308	3.03852677184552	4.17654413661128
0.672529884605814	-3.03855963545929	-0.106884856732069	-0.14772057493029	-4.19673032136419	2.38785052556513	3.30080543352521
0.682529884605814	-3.07549608071748	-0.085842623874478	-0.118512991914395	-3.21628491255446	1.84065485198799	2.56662439911436
0.692529884605814	-3.10338578960924	-0.0696822952783056	-0.095877043976889	-2.38487354061732	1.40893767323319	1.98526568942062
0.702529884605814	-3.12362356904699	-0.0573144964523517	-0.0783842583729975	-1.68140452194548	1.07872899035027	1.53343977142567
0.712529884605814	-3.13734766959219	-0.047847258092052	-0.0648611173520228	-1.07803152173038	0.826158711552074	1.18638157126248
0.722529884605814	-3.14543998286414	-0.0405906912390753	-0.054390736788058	-0.551618805670905	0.634083325110193	0.919124877132155
0.732529884605814	-3.14857234219619	-0.0350198242693183	-0.0462703473079611	-0.0833896018058647	0.487010149363463	0.713552836922261
0.742529884605814	-3.1472546210894	-0.0307373853278585	-0.039962659704349	0.340505423081014	0.374510184594067	0.554751267868796
0.752529884605814	-3.14187472492255	-0.0274417582568333	-0.0350564099980535	0.730581356956539	0.288387328676934	0.431751727079177
0.762529884605814	-3.13272898715473	-0.0249030463178185	-0.0312356260290343	1.09480811575443	0.222247960458256	0.336453980577903
0.772529884605814	-3.12004487805296	-0.0229453455426191	-0.0282565152426584	1.43914386160583	0.17140767796117	0.262592910675566
0.782529884605814	-3.10399800907507	-0.0214335493556827	-0.0259302312510972	1.76799623073039	0.132586034879421	0.205168225504523
0.789820394971626	-3.09025909743125	-0.0205516134535048	-0.0245602898893572	2.00000000000022	0.110136054962239	0.171649301653228
0.799820394971626	-3.06870318633297	-0.0195783618039331	-0.0230355249162391	2.30965905841206	0.0856819047574033	0.134843618802704
0.809820394971626	-3.04409294793842	-0.0188185737986583	-0.0218350641609487	2.6111699879987	0.0671282996490486	0.106506587018109
0.819820394971626	-3.01650228912197	-0.0182197787962297	-0.020883757338393	2.90594493707237	0.0532905281171396	0.0847553230147526
0.829820394971626	-2.98599304409699	-0.0177407109862037	-0.0201223752238065	3.19502662926037	0.043018245749553	0.0683366918993221
0.839820394971626	-2.9526189750879	-0.0173488203773282	-0.019503871415084	3.47898844730348	0.0357436706564346	0.0560245405811859
0.849820394971626	-2.91642912922894	-0.0170180768737579	-0.0189907442380468	3.75820293656686	0.0307441709932376	0.0471079041081964
0.859820394971626	-2.87747053745718	-0.0167275662882032	-0.0185527784513646	4.03272541193558	0.0276546658142984	0.040880264687451
0.869820394971626	-2.83579054879615	-0.0164602251267385	-0.0181654683521364	4.30243553400301	0.0260887792164209	0.0368806809523858
0.879820394971626	-2.79143878856129	-0.0162019887233804	-0.0178087188208246	4.56701925382176	0.025774519854826	0.034728109496431
0.889820394971626	-2.74446885743396	-0.0159411261968916	-0.0174658741611113	4.82598544466626	0.026560383066863	0.0340739647644233
0.899820394971626	-2.69493982097762	-0.0156677055438084	-0.0171230166600769	5.07872868452832	0.0282584273120032	0.0346976530794387
0.909820394971626	-2.64291748818849	-0.0153732590193252	-0.0167683963086602	5.32451306843571	0.0307469800946973	0.0363961358486384
0.919820394971626	-2.58847553120323	-0.0150505052948661	-0.0163920462083113	5.56251256686027	0.0338824527567428	0.0390357715111427
0.929820394971626	-2.53169642095579	-0.0146932168172124	-0.0159854610663873	5.79177760887449	0.0376587922001602	0.0424053641416514
0.939820394971626	-2.47267223567452	-0.0142960256594968	-0.0155414682784803	6.01134975170948	0.0418737427083969	0.046477622483538
0.949820394971626	-2.41150524501748	-0.0138544624039792	-0.0150540169962351	6.22016050310223	0.0465211554042069	0.0510776882874803
0.959820394971626	-2.3483083710407	-0.0133648495861529	-0.0145181683783521	6.41714456355428	0.0514698966347601	0.0561397244164146
0.969820394971626	-2.2832054219483	-0.0128243544257978	-0.0139300135456557	6.60119624301225	0.0566720113966431	0.0615312752733838
0.979820394971626	-2.21633115777414	-0.0122309606956832	-0.0132866961151112	6.77124013493819	0.0619924611499646	0.0671901129726585
0.989820394971626	-2.14783111916932	-0.0115835541074281	-0.0125863621196263	6.92617731197527	0.0674586126332872	0.0729182177294522
0.999820394971626	-2.07786129417919	-0.0108818453694106	-0.0118282483434244	7.06502249317188	0.0728724068455973	0.0787002680887465
1.00982039497163	-2.00658751521197	-0.010126481278852	-0.0110126083558225	7.1868122404796	0.0781890547810169	0.0843942058840141
1.01982039497163	-1.93418469223897	-0.00931899667739318	-0.0101407502905154	7.29068590054204	0.0833158013632252	0.089898753410091
1.02982039497163	-1.86083583228128	-0.00846180273701354	-0.00921501745496028	7.37590412211573	0.0881157043922213	0.095153386749057
1.03982039497163	-1.78673086820289	-0.00755818474418831	-0.00823872784405006	7.4418327200069	0.0925212634789438	0.100048616519708
1.04982039497163	-1.71206533525052	-0.00661225289179797	-0.00721611559930811	7.48795612869245	0.0965407327109795	0.104424549125614
1.05982039497163	-1.63703893228436	-0.00562881525719208	-0.00615229899743196	7.51395610551384	0.100035819164527	0.108257019643701
1.06982039497163	-1.56185395137831	-0.00461333843269903	-0.00505314093663459	7.51966197210309	0.102917453658864	0.111500307925527
1.07982039497163	-1.48671364803687	-0.00357187901755731	-0.0039251017569164	7.50501213059183	0.105290768890635	0.113971048400843
1.08982039497163	-1.41182064206693	-0.00251081893394368	-0.00277522729806295	7.47022693315698	0.106879016201382	0.115823265994987
1.09982039497163	-1.33737523072695	-0.00143693877464562	-0.00161084093642328	7.41556888719293	0.107814778868924	0.11690048504791
1.10982039497163	-1.26357386261472	-0.000357133504678601	-0.000439518559997164	7.34151372937219	0.108042823419583	0.117226460909621
1.11982039497163	-1.19060763938319	0.000721656769817341	0.000731115239229516	7.24866394066864	0.107572730979954	0.116797656775848
1.12982039497163	-1.11866096045791	0.00179257180957486	0.00189353935104376	7.1377286824969	0.106498592922082	0.115566106709504
1.13982039497163	-1.04791034590039	0.00284903278598831	0.00304041217114339	7.00959961953968	0.104689125539554	0.113692059152198
1.14982039497163	-0.978523371137848	0.00388472276360618	0.00416480915737052	6.86517700066022	0.102307154051349	0.111115356018105
1.15982039497163	-0.910657857974517	0.00489377678923472	0.00526026310481354	6.70545652538701	0.0994522479525477	0.107845972702999
1.16982039497163	-0.844461251138327	0.00587091596621192	0.00632082109581817	6.53156750464123	0.095964655919258	0.104121843211866
1.17982039497163	-0.780070135987783	0.00681137132517349	0.00734124198197955	6.34458309886635	0.0919925677587829	0.099940018286196
1.18982039497163	-0.7176100077738	0.00771098266754117	0.00831701691458648	6.14555715733994	0.0878035699412945	0.0952080411233509
1.19982039497163	-0.657195253415233	0.00856637615219755	0.0092442917451497	5.93567497528135	0.0832191227753249	0.0902047566293676
1.20982039497163	-0.598929196990825	0.00937477244966996	0.010120060045377	5.71599051990405	0.0784386312026602	0.0849008096771953
1.21982039497163	-0.542904405263756	0.0101341439903302	0.0109420388750253	5.48759465166061	0.0734277132033133	0.0794577423117322
1.22982039497163	-0.489203041641123	0.0108430826062934	0.0117087540505695	5.2514615784504	0.068390550071779	0.0738376584642766
1.23982039497163	-0.437897405513281	0.0115009097072872	0.0124194012860582	5.0085978195125	0.0632373108848268	0.0682379800043301
1.24982039497163	-0.389050477992577	0.0121075049348205	0.0130739167914803	4.75987510350244	0.0581168159883198	0.0626523023708167
1.25982039497163	-0.3427166026594	0.0126633570253962	0.0136728475959178	4.50613753220439	0.053038479971486	0.0571790713766895
1.26982039497163	-0.298942161034682	0.0131694368764897	0.0142173536421404	4.24811009210429	0.0481657879832801	0.051779490156808
1.27982039497163	-0.257766329286817	0.0136272463506278	0.0147090551776718	3.98652203615938	0.0433967418628739	0.0466209928036851
1.28982039497163	-0.219221773326607	0.014038622206698	0.0151500741597919	3.72194808160163	0.0388941050665947	0.041641525069477
1.29982039497163	-0.18333541769485	0.0144057986721709	0.0155428596579991	3.45495756642511	0.0345896507899397	0.0369562046488487
1.30982039497163	-0.150129132235642	0.0147312495871492	0.0158901933517983	3.18600609260194	0.0305541941041226	0.0325536723873408
1.31982039497163	-0.119620435195074	0.0150176762108529	0.0161950771792311	2.91549856268311	0.0267972627156221	0.0284607933581482
1.32982039497163	-0.0918231418568498	0.01526793275084	0.0164606759163776	2.64377755436356	0.0233192635098949	0.0247003152731458
1.33982039497163	-0.0667479731921588	0.0154849613558572	0.0166902575027295	2.37112022361329	0.0201371577715226	0.0212704177520988
1.34982039497163	-0.0444031208069362	0.0156717421319418	0.0168871278344722	2.09774934328356	0.017264389299616	0.0181619169662461
1.35982039497163	-0.0247947616182334	0.0158312496986497	0.0170545678815527	1.82384782355599	0.01468031016907	0.0153841613946459
1.36982039497163	-0.00792751135691276	0.0159663895792292	0.0171957955850017	1.54954486436431	0.0123953684479715	0.0129123672384767
1.37982039497163	0.00619516665828033	0.0160799762956401	0.0173139019700495	1.27494628357174	0.0103690054330465	0.0107558510044381
1.38982039497163	0.0175706236505635	0.0161746701302012	0.0174118295785674	1.0001113096837	0.00860709328510622	0.00887888571192919
1.39982039497163	0.0261967330171123	0.0162529604991661	0.0174923207662734	0.72507938119124	0.00709223701474543	0.00725869883729251
1.40982039497163	0.0320716619431071	0.0163171359044283	0.0175578847011311	0.4498765633762	0.0057824350711023	0.00588731422358014
1.41982039497163	0.0351937065758774	0.0163692430183414	0.0176107804157519	0.174504888577558	0.00466698584203834	0.00472634958586219
1.42982039497163	0.0355611791834553	0.0164110744517068	0.017652982842391	-0.101038518905789	0.00372278168826969	0.00374350997520712
1.43982039497163	0.0331723583653948	0.0164441488773257	0.0176861610269365	-0.376754901437269	0.0029127907637301	0.00291439428405277
1.44982039497163	0.0280255012972302	0.0164696876851303	0.0177116645123965	-0.652644660631973	0.00220916667909918	0.00220403312386106
1.45982039497163	0.0201189139105159	0.0164886027531025	0.0177305054209955	-0.928698043109738	0.00158262280110341	0.00157607098432134
1.46982039497163	0.00945108238798833	0.0165014849449004	0.017743344383583	-1.20488772742156	0.000998260487009571	0.000996620727027088
1.47982039497163	-0.00397913343788162	0.0165085921994572	0.0177504810268304	-1.48116453785669	0.000421934559468715	0.000429456319484356
1.48982039497163	-0.0201722458666752	0.0165098413480173	0.0177518455919619	-1.757451436697	-0.000179118755860961	-0.000164078149854925
1.49982039497163	-0.0391278243464441	0.0165048036917943	0.017746991839139	-2.03363591305229	-0.000841081592542356	-0.000820675018921489
1.50982039497163	-0.0608441189187987	0.0164927004112102	0.0177350948760785	-2.30956570211871	-0.00159740120072586	-0.00157960618583428
1.51982039497163	-0.0853176248649167	0.0164724042570993	0.0177149492715613	-2.5850407251418	-0.00248566774994539	-0.00247649301623429
1.52982039497163	-0.1125425878654	0.0164424401999352	0.0176849743616659	-2.85981050515368	-0.00353679908841839	-0.00355149688533565
1.53982039497163	-0.142510455300746	0.0164009959791419	0.0176432188917568	-3.13356498881798	-0.00478725113106413	-0.00483848785467834
1.54982039497163	-0.175209274023711	0.016345932176564	0.0175873748342164	-3.40593191627051	-0.00627066581479601	-0.00637094956184449
1.55982039497163	-0.210623040480446	0.0162747956461666	0.0175147987128679	-3.6764772812181	-0.00800100291532433	-0.00819472080183591
1.56982039497163	-0.248731015862486	0.0161848577978639	0.0174225243500567	-3.94468471378548	-0.0100285916336967	-0.0103207285319436
1.57982039497163	-0.289506999154874	0.0160731270746909	0.0173073101770345	-4.20997448932096	-0.0123665469921273	-0.0127839704534836
1.58982039497163	-0.33291858717002	0.0159363997559173	0.0171656699095491	-4.47168779493126	-0.0150371300495594	-0.0156039163665373
1.59982039497163	-0.378926419263631	0.0157713012233608	0.0169939270656067	-4.72909344196425	-0.0180473541665542	-0.0188028809127344
1.60982039497163	-0.427483430053042	0.0155743484246611	0.0167882688913449	-4.98138152117736	-0.0214133845415214	-0.0223842944251838
1.61982039497163	-0.478534116949467	0.0153420019034982	0.0165448258810561	-5.22768147077203	-0.0251090169583995	-0.0263732986841071
1.62827600616587	-0.523598775598299	0.0151153330718594	0.0163066309183308	-5.43056298174229	-0.0285201262349599	-0.0300327208916028
1.63827600616587	-0.602274579394922	0.0561801952140635	0.00596864811778191	-9.30397475805476	5.09566076058638	0.410326210552771
1.64827600616587	-0.704825978683056	0.102172487189485	0.0357746258569918	-11.2381833921185	4.28318851514304	5.35153920737654
1.65827600616587	-0.824124617936798	0.149585702279828	0.0949909308065467	-12.2295472799769	4.88282976809453	6.08927302571353
1.66827600616587	-0.944912581534934	0.196087899556014	0.153093983518699	-11.8188080169324	4.33246277100979	5.41619332574159
1.67827600616587	-1.05946946048636	0.23539686559811	0.202333386667219	-11.079943712129	3.52305095428822	4.4182272192169
1.68827600616587	-1.16659607085892	0.266651035472676	0.241632902828305	-10.3608820137429	2.74451992818614	3.4595002378772
1.69827600616587	-1.26706917714132	0.290666451630634	0.271993105366946	-9.75452554718976	2.07924216849833	2.63794712318706
1.70262528956079	-1.30899693899575	0.299156975864996	0.282781928458386	-9.52959700606152	1.82893213307126	2.3280201712969
1.71262528956079	-1.3819699349361	0.273564880931309	0.320419886768068	-5.95463324284479	-4.02406458789139	2.8385065820433
1.72262528956079	-1.43364719356597	0.237310392477343	0.324541402663564	-4.35485848272202	-3.25685445496554	-2.0024318291627
1.73262528956079	-1.46823406700235	0.204898775201061	0.284255815131181	-2.60940554309275	-3.71327403708156	-5.20668013717185
1.74262528956079	-1.49173941098154	0.165459539434227	0.230030098857133	-2.33376153425182	-3.97541661581889	-5.39860548312759
1.75262528956079	-1.51793265522802	0.127886748496002	0.179218850879571	-2.98569638018737	-3.47249969402674	-4.6867468527122
1.76262528956079	-1.55216624531329	0.0965896899724961	0.136969093020051	-3.86523434641664	-2.78269215414437	-3.7610005494084
1.77262528956079	-1.59498246481018	0.0720569692275793	0.103707253643095	-4.6743909071051	-2.14216024679928	-2.91455164585361
1.78262528956079	-1.64510734363607	0.0533367131225103	0.078137246970902	-5.32228971203945	-1.62203905410711	-2.22814591150513
1.79262528956079	-1.70086850153924	0.0391877610515734	0.0586364947304396	-5.80420836401862	-1.22590958935893	-1.69664538887479
1.80262528956079	-1.76072221804937	0.0284949979846119	0.0437617104364109	-6.14516647073458	-0.927615181558674	-1.29725710044395
1.81262528956079	-1.82338893075143	0.0203728487270041	0.0323605777013992	-6.37103606060264	-0.708506682206899	-0.997048977176725
1.81406752327684	-1.83259571459405	0.019371258798435	0.030948264821508	-6.39585519653527	-0.681285003241746	-0.961177649611637
1.82406752327684	-1.87483558221678	-0.0250515461877366	0.0298560470765311	-3.0017152657349	-5.2049112876137	-1.59373084865041
1.83406752327684	-1.89664519253431	-0.0726347865641203	-0.00988655601938385	-1.31108252879393	-4.74592753531116	-5.81971147205058
1.84406752327684	-1.90617365648658	-0.12269554932928	-0.071248576809452	-0.918960176962339	-5.00288550260618	-6.12978477921102
1.85406752327684	-1.91859895921281	-0.169791704786951	-0.12892990381985	-1.64663347898726	-4.35086136294723	-5.32601079663002
1.86406752327684	-1.93969120000071	-0.209205572330859	-0.177193543216086	-2.56782071180429	-3.53449627109445	-4.32800918874965
1.87406752327684	-1.96958155980999	-0.240736377888961	-0.215834337230174	-3.38250089170794	-2.79273663312216	-3.42384479881613
1.88406752327684	-2.00674145953807	-0.26548938878675	-0.246217394147365	-4.01925186696711	-2.1784651017116	-2.68143716953318
1.89406752327684	-2.04936242032918	-0.284775974670857	-0.26994517723459	-4.47711245397179	-1.69880350078371	-2.0882242431269
1.90406752327684	-2.09578171135495	-0.299791740596491	-0.288454353118759	-4.78284605561665	-1.3224648682627	-1.63211222231705
1.91406752327684	-2.1445938757419	-0.311525772172203	-0.302939286044987	-4.96074665904142	-1.03674848962713	-1.28132199875669
1.92406752327684	-2.19465202527166	-0.320770752262242	-0.314351979781178	-5.03574822563093	-0.822281426768526	-1.01374845870663
1.93406752327684	-2.24504022306441	-0.328145842959222	-0.323436194092819	-5.02980266269395	-0.661061028516611	-0.81218910871966
1.94406752327684	-2.29503795621507	-0.334124813426897	-0.330765056514908	-4.96028971180457	-0.541206104298004	-0.660322508620025
1.95406752327684	-2.34408445939338	-0.339065595194276	-0.336773624578593	-4.84169149448867	-0.451889147811218	-0.546343038413508
1.96406752327684	-2.39174735079128	-0.343234279770985	-0.341788732652595	-4.68531945580423	-0.385372148791805	-0.460441119532477
1.97406752327684	-2.4376955546495	-0.34682633498905	-0.346053047514322	-4.50018545841441	-0.335260008014718	-0.395469664209916
1.98406752327684	-2.4816771378672	-0.349983165524437	-0.349745265088685	-4.29305158541066	-0.297509040303039	-0.345348993717052
1.99406752327684	-2.52350115490129	-0.352806210642578	-0.35299541207831	-4.06938759190789	-0.268216113778851	-0.306286086279537
2.00406752327684	-2.56302355680369	-0.355366963232247	-0.355897619795066	-3.83321717322229	-0.245042348289977	-0.275025953687788
2.01406752327684	-2.60013593666753	-0.3577155074205	-0.358519205712057	-3.58784684969248	-0.225466904593808	-0.249883720218166
2.01913446723904	-2.61799387799159	-0.35883581533075	-0.359756453656559	-3.46069481540609	-0.216787487187935	-0.238680796111243
2.02913446723904	-2.66853275463827	-0.326337400007192	-0.375604931904635	-6.09939740125733	4.98743123328614	-1.54360878050575
2.03913446723904	-2.73298000782811	-0.281139688294683	-0.372982188312584	-6.79966819056676	4.08436899576892	2.0467171190117
2.04913446723904	-2.80484053550393	-0.243867686736444	-0.33507449766211	-7.639897098346	3.6701897317999	5.23839729460182
2.05913446723904	-2.8831171921991	-0.204031713244247	-0.279616582382538	-7.76042738846984	4.08510355493366	5.60154521200523
2.06913446723904	-2.95678857265811	-0.164935861752069	-0.226232886203151	-6.88417007170527	3.65969605117025	4.98188330294845
2.07913446723904	-3.01991185737737	-0.131647318951892	-0.18084239965264	-5.72952641246761	2.98543702274064	4.0863784780454
2.08913446723904	-3.07156024321574	-0.105068906639995	-0.144407902493401	-4.61899085910755	2.34202563776956	3.22205870234743
2.09913446723904	-3.11277301175362	-0.0844456851036689	-0.115913131616025	-3.64957504808788	1.80318229452195	2.5023937466604
2.10913446723904	-3.14504984212411	-0.0686219620916441	-0.0938501651946862	-2.82916454423207	1.38003165688376	1.93363209505838
2.11913446723904	-3.16977666450301	-0.0565169277375405	-0.0768106853414636	-2.1346267418042	1.05470673499507	1.49415336979948
2.12913446723904	-3.1880767734968	-0.0472531600730794	-0.0636424865000847	-1.53949849479315	0.808355109452801	1.15510236783764
2.13913446723904	-3.20081822951298	-0.0401523302179694	-0.0534494416322773	-1.0197508756985	0.620473943457629	0.894734931261348
2.14913446723904	-3.20866062707172	-0.0347002332629004	-0.0455451933256483	-0.557088103270242	0.476699932056199	0.694509761439817
2.15913446723904	-3.21210358166994	-0.0305081834398993	-0.0394059323679949	-0.13780551394917	0.366693496799384	0.539874044434801
2.16913446723904	-3.21152621201628	-0.0272815452506549	-0.0346312583875516	0.248491669946344	0.282393581749199	0.420101404231674
2.17913446723904	-3.2072170644678	-0.0247961057952464	-0.0309139648233973	0.609678123170274	0.217581307515145	0.327230118433718
2.18913446723904	-3.19939639814826	-0.0228805939529436	-0.0280173636075841	0.951655695659457	0.167727117644269	0.255093005501991
2.19913446723904	-3.18823284240652	-0.0214036091667788	-0.0257584566297929	1.27890983032121	0.129353796276808	0.199031418424531
2.20913446723904	-3.17385590921949	-0.0202639557081067	-0.0239952587989744	1.59484641179616	0.0997954694684605	0.155501253950721
2.21913446723904	-3.15636549827524	-0.0193834614564797	-0.022617172112147	1.90196574333597	0.0772587971534966	0.121587772183451
2.22237676188934	-3.15003963170288	-0.0191430921143736	-0.0222381051552822	2	0.0711410130735369	0.1123342702919
2.23237676188934	-3.12854291940556	-0.0185145692288825	-0.0212403273226029	2.29838805565733	0.0553362505131221	0.0882210220357364
2.24237676188934	-3.10408862980509	-0.0180239985342945	-0.020454788014218	2.59169810058008	0.0433765358701335	0.0696845823694314
2.25237676188934	-3.07672289943415	-0.0176369478707298	-0.0198319237549064	2.88080202241245	0.0344946992122105	0.0555340927216609
2.26237676188934	-3.04648461584614	-0.0173260870204262	-0.0193323411912951	3.16628233652063	0.0280467659184379	0.0449003367189395
2.27237676188934	-3.01340824091662	-0.0170695182993639	-0.0189244686151199	3.44845585065826	0.023561089121234	0.0370978956363943
2.28237676188934	-2.97752619162527	-0.0168494760418308	-0.0185827631068461	3.72741856432158	0.0206838471631284	0.0315946788692244
2.29237676188934	-2.93887087966488	-0.0166513354760321	-0.0182863274109896	4.00307789509194	0.0191431889361053	0.0279830473862797
2.30237676188934	-2.89747649156331	-0.0164628598971852	-0.018017847086597	4.27517735940907	0.0187216593491198	0.0259569983576883
2.31237676188934	-2.85338056514272	-0.0162736412852047	-0.0177627720626743	4.54330692277073	0.0192649605349455	0.0252693494958272
2.32237676188934	-2.80662540689434	-0.0160746792878336	-0.0175087015276552	4.80691843909414	0.0206663299971937	0.0257164770614519
2.33237676188934	-2.75725937872757	-0.0158580588807099	-0.0172449383121388	5.06535810276457	0.0227900972684549	0.0271787994728232
2.34237676188934	-2.70533804968618	-0.0156167656156083	-0.0169621293115638	5.31784329318371	0.0255803100562467	0.0295139013913935
2.35237676188934	-2.65092524750585	-0.0153445202553189	-0.0166520485503899	5.56350177611649	0.0289619165039171	0.0326235130778866
2.36237676188934	-2.5940939834523	-0.0150356994609136	-0.0163074359365339	5.80137803652711	0.0328550679436199	0.0364305369395922
2.37237676188934	-2.53492724422824	-0.0146853247686115	-0.0159218799879577	6.03041379713578	0.0372803502783399	0.0407838363303701
2.38237676188934	-2.47351867276965	-0.0142889962019689	-0.0154898239565773	6.24953637465602	0.0421086114742414	0.0456567704448403
2.39237676188934	-2.40997306653317	-0.0138429510601698	-0.0150065280672435	6.45763214936319	0.0472013973009403	0.0510269226680325
2.40237676188934	-2.34440670188161	-0.0133441572556882	-0.0144680452227327	6.65350222243845	0.0526172041801343	0.0567034317391569
2.41237676188934	-2.27694752368388	-0.012790249598986	-0.0138713519009311	6.83601671600294	0.0581587430855612	0.0626966887987571
2.42237676188934	-2.20773506222879	-0.0121797156748015	-0.0132142861442208	7.00398103111454	0.06388930910096	0.0687940055380282
2.43237676188934	-2.13692021603862	-0.0115118229452004	-0.0124956966760124	7.15630402092971	0.0696424476040062	0.074962807841641
2.44237676188934	-2.06466475838433	-0.0107867332039801	-0.0117154250207816	7.29193602460244	0.075303989120558	0.0811210259433581
2.45237676188934	-1.99114063745696	-0.0100055590614871	-0.01087431150841	7.40985872001351	0.0809207237312987	0.0870507370369292
2.46237676188934	-1.91652910737741	-0.00917024856340044	-0.00997430999230269	7.50925523716998	0.0862035445994633	0.0928095550639324
2.47237676188934	-1.84101957308982	-0.00828372379000563	-0.00901835526535735	7.58935533340183	0.0911134442287369	0.0982538088029219
2.48237676188934	-1.76480831219785	-0.00734978686010259	-0.00801037843949673	7.64952513498273	0.0956218265757808	0.103239678560298
2.49237676188934	-1.68809702971538	-0.00637302408926394	-0.00695527939758152	7.68932879687045	0.0995553144058512	0.107754998349808
2.50237676188934	-1.61109123555112	-0.00535884799390994	-0.00585874276881842	7.70839812734564	0.103071690977227	0.111532833863486
2.51237676188934	-1.53399861948161	-0.00431321667902333	-0.00472727889926302	7.70665382970845	0.105945815769581	0.114641273547141
2.52237676188934	-1.457027283139	-0.0032426392205334	-0.00356799603093666	7.68416575702862	0.108049327994516	0.117092782592764
2.53237676188934	-1.38038398043856	-0.00215410705879776	-0.00238840657249191	7.64108017287208	0.109591197152191	0.118649030444292
2.54237676188934	-1.30427247355314	-0.00105474171955834	-0.00119644816906192	7.57786609198762	0.110275638766231	0.119513343794141
2.55237676188934	-1.22889182966464	4.81120419427996e-05	-1.30425898088186e-07	7.49502876357764	0.110229396339812	0.119570087100127
2.56237676188934	-1.15443494086946	0.00114715941820327	0.00119251723279555	7.39325129827601	0.109483541275815	0.118809454093215
2.57237676188934	-1.0810871536635	0.00223529810615363	0.00237359561468173	7.2733855848026	0.107948965109476	0.117346237879356
2.58237676188934	-1.00902503417192	0.00330562194278708	0.00353558262677774	7.13628805108692	0.10590270819698	0.115018623088854
2.59237676188934	-0.938415423421322	0.0043517302499383	0.00467130535919849	6.98302804747238	0.103221328962016	0.11201468479204
2.60237676188934	-0.869414602724997	0.0053676947034231	0.00577416407698462	6.81471004832453	0.0999034125117737	0.10844043393787
2.61237676188934	-0.80216770504796	0.00634811830877071	0.00683824768088929	6.63242388463777	0.0961628457683344	0.10423983351484
2.62237676188934	-0.73680838468991	0.00728833226022143	0.0078583007884078	6.43737882485409	0.0919084155801252	0.0996183071361803
2.63237676188934	-0.673458610360112	0.00818430578110774	0.00882989028629883	6.23072265522732	0.087281286022969	0.0945980203786627
2.64237676188934	-0.612228709810076	0.00903274336171014	0.00974938240087933	6.01360413186351	0.0823833472290687	0.0892373158990427
2.65237676188934	-0.553217567163796	0.00983109894200923	0.0106139537470704	5.78716006919622	0.0772644314544902	0.0836378938681548
2.66237676188934	-0.496512966218641	0.0105775557016649	0.0114215988166833	5.5524831412628	0.0719815953888658	0.0778931246863197
2.67237676188934	-0.442192060618542	0.0112709853881411	0.0121711255692721	5.31058508956488	0.0666817642309029	0.0720175249435631
2.68237676188934	-0.390321976165958	0.0119109855237212	0.0128620620124258	5.06246892890321	0.0613276885093387	0.0661693529444612
2.69237676188934	-0.340960448843405	0.0124977520249	0.0134946766800489	4.80902255480753	0.0560295269209742	0.0603765550153903
2.70237676188934	-0.294156559702228	0.0130320689653531	0.0140698858406252	4.55106265698955	0.0508808660918207	0.0546698378969774
2.71237676188934	-0.2499515052905	0.0135152819830809	0.0145891610470149	4.2893693148618	0.0458327781381652	0.0491849251529745
2.72237676188934	-0.208379355180228	0.0139491581875235	0.0150545206670512	4.02459448219736	0.0409960662522944	0.0439137649305224
2.73237676188934	-0.169467853914351	0.0143358817246496	0.0154684045635012	3.75733503665719	0.0363980844882465	0.038903737332297
2.74237676188934	-0.133239187863047	0.0146779681942967	0.0158336131935213	3.48811314268003	0.0320542846127218	0.0341988694657587
2.75237676188934	-0.099710730089144	0.0149781830962435	0.0161532441568414	3.21736213563891	0.028025031715552	0.0297934121780581
2.76237676188934	-0.0688957663442294	0.0152395085158734	0.0164305924069122	2.94546820756044	0.024288679781354	0.0257364484004256
2.77237676188934	-0.0408041614714146	0.0154650485650839	0.0166691060327371	2.6727376842892	0.0208660370129534	0.0220303561034198
2.78237676188934	-0.0154429926935865	0.0156579828464873	0.0168723095191513	2.3994172786664	0.0177693155118662	0.0186734616512152
2.79237676188934	0.00718287096798005	0.0158215138144719	0.017043740060877	2.12570280219571	0.0149910058612384	0.0156700190506039
2.80237676188934	0.027070245713425	0.0159588103518608	0.017186895765457	1.85173848268016	0.0125250916139498	0.0130137004675212
2.81237676188934	0.0442171638459044	0.0160729635429626	0.0173051829936867	1.5776253514117	0.0103584948373528	0.0106955390870427
2.82237676188934	0.0586224638182931	0.0161669415003688	0.0174018736640524	1.30342312804787	0.00848463211622101	0.00869371409099829
2.83237676188934	0.0702854354016276	0.0162435593658538	0.0174800590575375	1.02916463416216	0.00687521911059	0.00699756841351812
2.84237676188934	0.0792055296907934	0.0163054331829048	0.017542625363757	0.754846140788615	0.0055326922376671	0.00556540505599385
2.85237676188934	0.085382117856131	0.0163549718795037	0.0175922058400186	0.480457775693414	0.00440856826843538	0.00439224923669343
2.86237676188934	0.0888143219983869	0.0163943291848794	0.0176311730313944	0.205962455401057	0.00349407789125259	0.00343613928009731
2.87237676188934	0.089500892866388	0.0164253999181413	0.0176616009795253	-0.0686768966635454	0.00274919485691645	0.00267697893060377
2.88237676188934	0.0874401559796896	0.0164497887177307	0.017685255690552	-0.343505987443027	0.00215170204318269	0.00207679229995544
2.89237676188934	0.0826300113895742	0.0164688011646058	0.0177035721404959	-0.618564462638441	0.0016682522827227	0.0016039345231893
2.90237676188934	0.0750679966197404	0.0164834263144454	0.0177176426187824	-0.893883949321301	0.00126816468115501	0.0012221694047306
2.91237676188934	0.0647514084501073	0.0164943264863628	0.0177282029031013	-1.16947989814282	0.000916617887453149	0.00089661520816967
2.92237676188934	0.0516774867005774	0.0165018253315068	0.0177356233010154	-1.44534759416593	0.000581960424854022	0.000588079827933731
2.93237676188934	0.0358436582680398	0.0165059016505393	0.0177398982948972	-1.72145349387691	0.000227532366206624	0.000260106198237202
2.94237676188934	0.0172478439851712	0.0165061817028574	0.0177406408400257	-1.99773051519194	-0.00018317582899303	-0.000124907606038976
2.95237676188934	-0.00411117281103883	0.0165019343732158	0.0177370780742606	-2.27407240371229	-0.000684442733951079	-0.000607014631354613
2.96237676188934	-0.0282333165385856	0.0164920704346666	0.0177280480265743	-2.55032615317078	-0.00131288341624583	-0.00122449490121192
2.97237676188934	-0.0551167281311676	0.0164751424492423	0.0177120010365497	-2.82628716594922	-0.00210319512950805	-0.00201677128643861
2.98237676188934	-0.0847572151787656	0.0164493500826432	0.0176870031006579	-3.10169233563233	-0.00309149324334712	-0.00302096912901724
2.99237676188934	-0.117147644935412	0.0164125476956694	0.0176507451022296	-3.37621571142722	-0.00431100685849571	-0.00427459761368136
3.00237676188934	-0.152277285393271	0.0163622594267805	0.0176005552337455	-3.64946172889067	-0.00579737057225757	-0.00581018719286297
3.01237676188934	-0.190131097277289	0.0162956942087541	0.0175334225553094	-3.92096612295145	-0.00757018919788959	-0.00766922244392143
3.02237676188934	-0.230688989674142	0.0162097804029235	0.0174460173454149	-4.19018266126117	-0.00966466313023579	-0.00987480468758254
3.03237676188934	-0.273925040488793	0.0161011946303735	0.0173347308892463	-4.45648687080936	-0.0121096297026879	-0.0124481231377496
3.04237676188934	-0.319806697489744	0.0159664009350086	0.0171957230743243	-4.71917895982956	-0.0149123381970124	-0.0154192508096303
3.05237676188934	-0.368293977093556	0.0158017133721796	0.0170249683446409	-4.97747151474425	-0.0180990067887327	-0.0187920479139438
3.06237676188934	-0.419338663319879	0.0156033379569392	0.0168183369844573	-5.23051445432528	-0.0216362950976438	-0.0226067572908117
3.07237676188934	-0.472883551180384	0.0153674821525205	0.0165716394826112	-5.47735375414233	-0.0255808154967488	-0.0268154581695052
3.08145442872161	-0.523598775598299	0.0151177692763032	0.0163095383924412	-5.69521932206088	-0.0294802745926556	-0.0309905832029187
3.09145442872161	-0.604912294207874	0.0561648329056328	0.00595509426613942	-9.56715557288717	5.09447108830802	0.406585583874149
3.10145442872161	-0.710078550335021	0.102135359570847	0.0357018291894029	-11.4966883794784	4.27592772216019	5.3466076532723
3.11145442872161	-0.831959444323958	0.1494720697556	0.0948660987555997	-12.4853469944249	4.86891913165487	6.08761208225373
3.12145442872161	-0.955305254962091	0.195871388641516	0.152893904978609	-12.0730097201412	4.32101322274275	5.40651266778909
3.13145442872161	-1.07238472663965	0.23504862194368	0.202019271841858	-11.3304024941886	3.50885828687368	4.40466611180793
3.14145442872161	-1.18199556691681	0.266146381375076	0.241170215347342	-10.6071265863383	2.72711832346275	3.44392495438328
3.15145442872161	-1.28491387503328	0.289989297672077	0.271358310623678	-9.99724447701793	2.06207897103052	2.61950908981168
3.15387923890185	-1.30899693899575	0.294814232021081	0.277495060651365	-9.86801824157375	1.91942124565294	2.44308443344982
3.16387923890185	-1.38516035579739	0.269827037361137	0.316275101177714	-6.26696448365695	-3.95186780562195	2.91940546670702
3.17387923890185	-1.43983186295387	0.234231942425333	0.321023655215619	-4.64152673159809	-3.1959011875158	-1.95866569825356
3.18387923890185	-1.47715530471049	0.202284754769276	0.281137530070247	-2.87611995422323	-3.6766264943613	-5.16362961937948
3.19387923890185	-1.50330226804814	0.163205371447461	0.227341578847149	-2.59529369890461	-3.93911037885922	-5.35713921061325
3.20387923890185	-1.5320679251877	0.125972066071917	0.17693550029634	-3.23796310926797	-3.44191313219841	-4.64709452448424
3.21387923890185	-1.56877620260953	0.0949715905420292	0.135043838452085	-4.10745854578654	-2.75489156060203	-3.72850045162783
3.22387923890185	-1.61395714103497	0.070687341328234	0.102082146372455	-4.90521553244724	-2.11980002236802	-2.88730468936899
3.23387923890185	-1.66633476961877	0.0521695078497691	0.0767573409956774	-5.54176840603093	-1.60477068220008	-2.20543909663303
3.24387923890185	-1.72423865890114	0.0381823669914326	0.0574544197090224	-6.01335598636974	-1.21059563840337	-1.67974951117109
3.25387923890185	-1.78612827722101	0.0276187404426	0.0427364439118661	-6.34319841525005	-0.917144310361191	-1.28256170693602
3.26110486523727	-1.83259571459423	0.0216094444536247	0.0342981585989144	-6.50959854377396	-0.751915587556566	-1.06115224446154
3.27110486523727	-1.8760518474819	-0.0231714546003093	0.0318664982623554	-3.13100939226921	-5.20715319239175	-1.76006430566517
3.28110486523727	-1.89911066421635	-0.0709613858608636	-0.00935820498076948	-1.44045935824508	-4.81504899313438	-5.88596706817877
3.29110486523727	-1.91031816135312	-0.121406814447028	-0.0709856572562809	-1.11513603033587	-5.01766856237589	-6.12905229795738
3.30110486523727	-1.92484863139345	-0.168525442541894	-0.128529579743443	-1.86670482411216	-4.3455674984446	-5.30234191217805
3.31110486523727	-1.94818750689012	-0.207833127880456	-0.176530973054332	-2.79508336420169	-3.52069225999604	-4.30026571798201
3.32110486523727	-1.98035029808858	-0.239221042560589	-0.214892639927755	-3.60910000400921	-2.77804451035676	-3.39679976872828
3.33110486523727	-2.01975855807442	-0.263832675154934	-0.245020090923069	-4.24142196796371	-2.16697271832055	-2.65603846153314
3.34110486523727	-2.06458023387185	-0.28299758530982	-0.268528539566797	-4.69497119600702	-1.68586841542133	-2.06997352128388
3.35110486523727	-2.11314288896781	-0.297914356696781	-0.286861248754312	-4.99392123083802	-1.31450958201197	-1.61598100542949
3.36110486523727	-2.16403611181526	-0.309576133002933	-0.301209325990789	-5.16563096602184	-1.03107931472316	-1.26930955026289
3.37110486523727	-2.21611281380174	-0.318773975900634	-0.312521718726188	-5.23478475618338	-0.817884180388097	-1.00612517481804
3.38110486523727	-2.2684592576087	-0.326123980380443	-0.321538057509979	-5.22296266818148	-0.658723481829537	-0.807556259150173
3.39110486523727	-2.32035831526505	-0.332097078076626	-0.328826217712339	-5.14798287663526	-0.540553508101285	-0.658217095522613
3.40110486523727	-2.3712535633695	-0.337047664172787	-0.334816531730542	-5.02421140777518	-0.453132573441593	-0.545832906807565
3.41110486523727	-2.42071718376214	-0.341238925704939	-0.339831054508659	-4.86329993642338	-0.387656916417046	-0.461560173911318
3.42110486523727	-2.46842294696452	-0.344863072741404	-0.344108756264276	-4.67394236781593	-0.338848284581952	-0.397396399179204
3.43110486523727	-2.51412349557969	-0.348059300133561	-0.347824672461514	-4.46319646301916	-0.301650295063083	-0.348212237631975
3.44110486523727	-2.55763244695298	-0.350926723226997	-0.351106208827438	-4.23630643879606	-0.272903905144733	-0.309678661951145
3.45110486523727	-2.5988099898514	-0.353535308157304	-0.354045095713905	-3.99743713466062	-0.249752672473174	-0.279063745877582
3.45597667503867	-2.61799387799149	-0.354727631533606	-0.35537326920225	-3.87769137280048	-0.23990637221154	-0.26635234470788
3.46597667503867	-2.67287219140985	-0.322308729205383	-0.371337507753939	-6.52242362039636	4.91054611846995	-1.47431246227701
3.47597667503867	-2.74166012947317	-0.277809008092524	-0.367850421194399	-7.24326969055401	4.01896354166254	2.15185547351755
3.48597667503867	-2.81808725917589	-0.24089941083338	-0.328980202360317	-8.10664685878591	3.71639481272958	5.24055672021058
3.49597667503867	-2.90057103961096	-0.200972816699307	-0.273901176212968	-8.14540175856742	4.06439800173501	5.53480916243226
3.50597667503867	-2.97790828533278	-0.162228670093557	-0.221329873095665	-7.23781098000594	3.61219577857487	4.8943979627601
3.51597667503867	-3.04454141300633	-0.129424162347768	-0.176829576300497	-6.08127897600826	2.94001613678783	3.99717063809622
3.52597667503867	-3.09973190393958	-0.103308191821636	-0.141203217674705	-4.97746610193719	2.29843482497944	3.14813301442922
3.53597667503867	-3.14458452481626	-0.0830776278345672	-0.113382014984738	-4.01908768163754	1.76795614041942	2.44180996360974
3.54597667503867	-3.18061008259184	-0.067568866525848	-0.0918608052879735	-3.20932618988904	1.35243433368386	1.88525593970095
3.55597667503867	-3.20918549469222	-0.0557103284848215	-0.0752496839327401	-2.52433782343004	1.03407767303704	1.45544758749807
3.56597667503867	-3.23142095043877	-0.0466362771526398	-0.0624179305016831	-1.93681285899339	0.79140037697632	1.12575403375167
3.57597667503867	-3.24817178687366	-0.0396808051508383	-0.0524872919444267	-1.42398241607884	0.607668643326619	0.871778650546864
3.58597667503867	-3.26008736209305	-0.0343389151126696	-0.0447872156260267	-0.967219077552244	0.466884801124636	0.676792237232537
3.59597667503867	-3.26765882060553	-0.0302300684084642	-0.0388061699126494	-0.553302322945286	0.359896341454511	0.525671161907078
3.60597667503867	-3.27125858483304	-0.0270655590300838	-0.0341542068385949	-0.171431259740901	0.27697240357425	0.409386186814103
3.61597667503867	-3.2711693626965	-0.0246267464132704	-0.0305319440460115	0.185721312618293	0.213532098869463	0.318891113047083
3.62597667503867	-3.26760643695085	-0.0227464661185418	-0.0277093957404594	0.524140550601182	0.164675202352315	0.248530024975434
3.63597667503867	-3.26073379773449	-0.0212967553560856	-0.0255089628511497	0.848314281824405	0.126914554773017	0.193817545247667
3.64597667503867	-3.25067636544292	-0.0201793105220482	-0.0237930282248904	1.16160230391784	0.0978162214372007	0.151151156192496
3.65597667503867	-3.23752928813817	-0.0193182470457152	-0.0224546751444749	1.46662053127697	0.0753490426693089	0.117916937805562
3.66597667503867	-3.22136502672743	-0.0186548170168306	-0.0214104948950017	1.76532091573314	0.0580807571349857	0.0920114234613206
3.67395121955256	-3.20634980173333	-0.0182364820410933	-0.0207445043869107	2.00000000000001	0.0472534637937323	0.0755465034696244
