=========================== Parameters =====================================
l1 [m]	l2 [m]	l3 [m]	c1 [m]	c2 [m]	c3 [m]	m1 [kg]	m2 [kg]	m3 [kg]
0.1
0.1
0.4858
0.1
0.3
0.1
0.1564
0.23764
0.1564
============================== Data ========================================
t [s]	th1 [rad]	th2 [rad]	th3 [rad]	th1d [rad/s]	th2d [rad/s]	th3d [rad/s]
0	0	0	0	0	0	0
0.01	-0.00250323096808246	0.00152200622528815	0.000369750097939493	-0.414931727069573	0.185732476660303	0.073269535821214
0.02	-0.00794305421237003	0.00326406676771548	0.00124151544421101	-0.670362174512841	0.160507299538154	0.0929811255674539
0.03	-0.0158936578273789	0.00472600094045196	0.00213862965199713	-0.919745541261435	0.132270312296891	0.0842938842461524
0.04	-0.0263435447512588	0.00592096572086528	0.00290814804555976	-1.17063209087301	0.107326897322955	0.0694008914249051
0.05	-0.0393170709185032	0.00688734966880625	0.00352888894075823	-1.424557663327	0.086582746310626	0.0550662118861171
0.06	-0.0548442029226071	0.00766493321177675	0.0040171735667608	-1.6812946339661	0.0694860627014018	0.0430002224120586
0.07	-0.0729509959493281	0.00828775433643189	0.00439666165204082	-1.94037336895732	0.0554999153093793	0.0332751264543017
0.08	-0.0936578379608871	0.00878384489034036	0.00468924777351157	-2.20123212952988	0.0440880187517661	0.0255441735447336
0.09	-0.116979369246745	0.0091760513392882	0.00491294277090685	-2.46322166289645	0.0346556973102378	0.0194304018190513
0.1	-0.14292422510164	0.00948226083097832	0.00508202275189053	-2.72580794526931	0.026831309387312	0.0145653890138119
0.11	-0.171495540521723	0.00971670534786409	0.00520746525730242	-2.98841063805174	0.0202359744982485	0.0106623579293383
0.12	-0.202690758560497	0.0098903247715172	0.00529763788836901	-3.25049204372671	0.0146211872997878	0.00747710971286757
0.13	-0.236501701611901	0.0100116008172167	0.00535877712915773	-3.51146447309908	0.00974345421627919	0.00482551379644928
0.14	-0.272914264534881	0.0100869285251153	0.00539545295058365	-3.77071023775775	0.00540135664000874	0.00256308226005385
0.15	-0.311908027283703	0.0101209448152737	0.00541093566410227	-4.02759089096631	0.00145555901440769	0.000570439047669169
0.16	-0.353455889014604	0.0101169453916454	0.00540745508128532	-4.28141063464962	-0.0022194062245525	-0.0012431518678632
0.17	-0.39752354987952	0.0100771198917235	0.00538643215262166	-4.53142150443111	-0.00572472221562385	-0.00294834249913477
0.18	-0.44406896740812	0.0100027683449395	0.0053486614213184	-4.77682364055116	-0.00913619144866024	-0.00460065246847387
0.19	-0.493041808395536	0.00989450619483079	0.00529445515115094	-5.0167612857102	-0.0125117609332887	-0.00624227663533715
0.19600626717397	-0.523598775598299	0.0098132504750086	0.00525398600578427	-5.15786693299993	-0.0145452466054458	-0.00723531567864713
0.20600626717397	-0.605248137707801	0.048177775448619	0.013348165353627	-10.227017060808	6.33544980211285	1.84906567960328
0.21600626717397	-0.708112400319575	0.107869627229374	0.0469258897797736	-10.2071960123558	5.40655298130053	4.88910515148472
0.22600626717397	-0.809398932564162	0.157893386131347	0.102829560168588	-9.99656060877309	4.61463351197637	5.81556545079675
0.23600626717397	-0.907172888617579	0.199917467891404	0.158288828886514	-9.54118631597194	3.78943400680401	5.16556473095702
0.24600626717397	-1.00022330159579	0.233907220520844	0.205215737714711	-9.077399991717	3.0242714748994	4.21444189916243
0.25600626717397	-1.0890007311547	0.260814975628637	0.242802305573472	-8.69147987640621	2.37533920581972	3.32503066640563
0.26600626717397	-1.17435917529844	0.281824390576654	0.272208120060496	-8.39307016508096	1.84363126406426	2.58213837990759
0.27600626717397	-1.25712170002607	0.298041413358497	0.29493639097793	-8.17075352720186	1.41560369412824	1.98654387824081
0.282399652050395	-1.30899693899575	0.306346779792996	0.30661135895473	-8.06059429321199	1.1878102340773	1.67384945872748
0.292399652050395	-1.36234788629617	0.281244284064601	0.315985970665756	-3.23611509512732	-5.29409522588835	0.00776444047267946
0.302399652050395	-1.39349960409526	0.22896275871693	0.300870144075107	-3.22314790780644	-4.8291972611095	-3.09843522951464
0.312399652050395	-1.42713365222357	0.184591796275806	0.257320560710331	-3.4997335438435	-4.14803324021111	-5.0617749712698
0.322399652050395	-1.46463372713505	0.14628063034389	0.206902065253477	-4.04139232812342	-3.48914042613417	-4.84187923014712
0.332399652050395	-1.50824225216773	0.114897332334068	0.162272793680763	-4.6731999748775	-2.80150335848114	-4.05151300209543
0.342399652050395	-1.55784926326252	0.0899429248629409	0.125927002199038	-5.22720332304559	-2.21345634508974	-3.22975001452471
0.352399652050395	-1.61243023097943	0.0702754164388378	0.0972590003218033	-5.66998330673251	-1.73860672663977	-2.52713475486236
0.362399652050395	-1.67087291807566	0.0548092670551708	0.0749221670928279	-6.00197559214495	-1.36956740451833	-1.96260548068869
0.372399652050395	-1.73216400433978	0.0426168138032556	0.057595796799351	-6.24184916961755	-1.08133919610152	-1.52112462276939
0.382399652050395	-1.79545417168685	0.032973024655884	0.0441672502058441	-6.4045887943829	-0.856551323093665	-1.17934449066122
0.388168789129535	-1.83259571459405	0.0283436461156347	0.0378381404913356	-6.46802795779606	-0.750788709639584	-1.01881778667591
0.398168789129535	-1.86961687329038	-0.0154397177178869	0.0193985929788311	-1.95376588213305	-6.54664857068674	-2.91034666673253
0.408168789129535	-1.88988141478479	-0.0765581873242739	-0.024373081937676	-2.19234253397999	-5.57832322477774	-5.67612024655841
0.418168789129535	-1.91399357847179	-0.128134993979597	-0.084137003880203	-2.68564474964913	-4.72226309725878	-5.94006964644634
0.428168789129535	-1.94407878445985	-0.170941500381187	-0.139737490067145	-3.33041619224879	-3.85096179599842	-5.11008582429501
0.438168789129535	-1.98032979858028	-0.205550665617953	-0.185900095559142	-3.89811749375226	-3.09612243173321	-4.1287525633036
0.448168789129535	-2.02161878253398	-0.233297339035839	-0.222714934739256	-4.33688946632769	-2.47599721654547	-3.25996455523011
0.458168789129535	-2.0666283066842	-0.255498450532184	-0.251637885093842	-4.6449102138545	-1.98312074057493	-2.55131250822601
0.468168789129535	-2.11414552564812	-0.273303530905156	-0.274239923886264	-4.84091129801986	-1.59432501800032	-1.99163408840529
0.478168789129535	-2.16314724778731	-0.28764954855256	-0.291886360496972	-4.94478680870244	-1.28831944268314	-1.5557224704679
0.488168789129535	-2.2127961008416	-0.299282035673918	-0.305684123089058	-4.97366198177701	-1.0480358780442	-1.21826873036263
0.498168789129535	-2.2624157625791	-0.308787125879348	-0.316506354256521	-4.94138770047341	-0.860386324018045	-0.957505507433252
0.508168789129535	-2.3114601208155	-0.316627243671809	-0.325031806508806	-4.86019854575456	-0.713650188268918	-0.756266490411962
0.518168789129535	-2.35949167641724	-0.323162831976985	-0.331785434974014	-4.74002622876539	-0.598521896410625	-0.601020655852367
0.528168789129535	-2.40616096204055	-0.328673490429471	-0.337171670532741	-4.5888584264043	-0.507702615755125	-0.481204304304926
0.538168789129535	-2.45118951516215	-0.333375145409769	-0.341501270802557	-4.41306616978881	-0.435546014994845	-0.388605710091788
0.548168789129535	-2.49435655627264	-0.337433001680758	-0.345012833429734	-4.21747525783414	-0.378066817192189	-0.316748596290092
0.558168789129535	-2.535486123997	-0.340974871662303	-0.347888671364294	-4.00620138825862	-0.331819070148199	-0.260761912977499
0.568168789129535	-2.57443884842098	-0.344098626897557	-0.350268149303822	-3.78253157267346	-0.294149914454422	-0.216902802913006
0.578168789129535	-2.61110470090961	-0.346878960485873	-0.352257721874703	-3.54906964397948	-0.263053742937834	-0.182292887203405
0.580122701516295	-2.61799387799149	-0.347387505034368	-0.352608148278584	-3.50256417311207	-0.25750668652045	-0.176445976158564
0.590122701516295	-2.67298759711648	-0.321954618247245	-0.347066071557953	-7.37474601629732	5.17951296885342	1.32689910007196
0.600122701516295	-2.74888146086974	-0.267477793382372	-0.320929031739916	-7.40954430990729	5.1490504079549	4.02037636418441
0.610122701516295	-2.82006588957144	-0.219725434136239	-0.271232735073849	-6.80395960352079	4.46275092752299	5.39682596127752
0.620122701516295	-2.88388877020902	-0.17867141254565	-0.21878798732484	-5.93160694561116	3.73192823754901	4.9545683395469
0.630122701516295	-2.9385857701185	-0.145025071748585	-0.173439484721049	-5.01591971844465	3.01090488551904	4.09762856647343
0.640122701516295	-2.98451650553821	-0.11805794533496	-0.1367385881005	-4.18888383949267	2.40455807862237	3.259810474533
0.650122701516295	-3.02269833230234	-0.0965652734322242	-0.1077821993662	-3.46510308965955	1.91353510798411	2.5555260264268
0.660122701516295	-3.05412740250704	-0.0794536876719967	-0.0851537149281756	-2.83508560504616	1.52434554200918	1.99226332354487
0.670122701516295	-3.07964863118162	-0.0658134159093703	-0.0675308655207152	-2.28022711929219	1.21548874727368	1.55055609010752
0.680122701516295	-3.09993438229424	-0.0549262268530643	-0.0538189707202337	-1.7852596576488	0.970686602046976	1.2063721858179
0.690122701516295	-3.11551434275455	-0.0462261301901139	-0.0431502276126462	-1.33778116810687	0.776948122676737	0.938551767142544
0.700122701516295	-3.12680827299714	-0.0392617475799072	-0.0348482444999026	-0.926386027572075	0.621710499674258	0.730578247671745
0.710122701516295	-3.13414090061207	-0.0336842500509859	-0.0283855990857011	-0.544517573967257	0.498570286026488	0.568684635404447
0.720122701516295	-3.13777216986806	-0.0292113430351429	-0.02335420385807	-0.185226301793689	0.399856697820981	0.442811624294134
0.730122701516295	-3.1379050809483	-0.025622054758473	-0.019436380320514	0.155953702923396	0.32095937676383	0.344831959759575
0.740122701516295	-3.13470077480501	-0.0227396626830691	-0.0163854112377578	0.482778634996484	0.25787332480649	0.268536079448457
0.750122701516295	-3.12828736586601	-0.0204226548881116	-0.0140095120000351	0.798364134752331	0.207187378189741	0.209167602204048
0.760122701516295	-3.11876567048754	-0.0185594289986363	-0.0121590318482704	1.10468929040216	0.166869325632491	0.162876743303347
0.770122701516295	-3.10621748394723	-0.0170587363042341	-0.010717809303698	1.40386199653083	0.134477390731549	0.126869386757414
0.780122701516295	-3.09070786497492	-0.0158484083031681	-0.00959502128299318	1.69718662987059	0.108547650793928	0.0988631918834746
0.790122701516295	-3.07228976842884	-0.0148703869979276	-0.00871977606834532	1.98564397136584	0.0879221380684417	0.0770824924806152
0.790624205642232	-3.07129033603773	-0.014826558442233	-0.00868135036292507	2.0000000000002	0.0870041254911401	0.0761292277471404
0.800624205642232	-3.04986552210676	-0.0140415436819978	-0.0080068174379781	2.28432438451153	0.0706543455616923	0.0594789230875245
0.810624205642232	-3.0256155376892	-0.0134020303621813	-0.00747923929722263	2.56510997784666	0.0577790963625789	0.0465873485490465
0.820624205642232	-2.99857359917233	-0.0128770724561099	-0.00706512715310398	2.84278162270875	0.0476114621015135	0.0366760883245478
0.830624205642232	-2.968770128235	-0.0124419023757766	-0.00673803048619638	3.11741543269035	0.0397672321451076	0.029087419139062
0.840624205642232	-2.93623511733006	-0.0120757207406189	-0.00647718408051065	3.38908703387635	0.0337416735560216	0.023357450867239
0.850624205642232	-2.90099894555594	-0.0117617188602985	-0.00626604398814772	3.65760016181751	0.0293041797369555	0.0190860202711337
0.860624205642232	-2.86309425769147	-0.0114855557858735	-0.00609150512528687	3.92274559255619	0.0261228088907441	0.0159972296080673
0.870624205642232	-2.82255669821085	-0.0112354928051263	-0.00594298724248892	4.18409417084058	0.0240647961139573	0.0138459112143118
0.880624205642232	-2.77942646996409	-0.011001328853298	-0.00581199572777065	4.44119493966865	0.0229098772749626	0.012467866939147
0.890624205642232	-2.73374904827829	-0.0107745470288338	-0.00569156003608557	4.69343020549421	0.0225623573898035	0.0117159000095021
0.900624205642232	-2.68557636760056	-0.0105477515366371	-0.00557595682725956	4.94011341136404	0.0229124674307561	0.011481513443376
0.910624205642232	-2.63496772393119	-0.0103144738758183	-0.00546044714572726	5.18049386380655	0.0238347513153661	0.0116866516954281
0.920624205642232	-2.58199045111783	-0.0100692428665675	-0.00534103037208828	5.41369741650904	0.0252816582130981	0.0122547714622124
0.930624205642232	-2.52672079809108	-0.00980727569765656	-0.00521434455246713	5.63879801965541	0.0271899325438304	0.0131273882731493
0.940624205642232	-2.46924459979029	-0.00952435224410493	-0.00507757426478446	5.85484491061928	0.0294541650691188	0.0142660507900955
0.950624205642232	-2.4096576065155	-0.00921703946099606	-0.00492831709079999	6.06079213558038	0.0320449758305175	0.0156211972712407
0.960624205642232	-2.34806600065977	-0.00888247049149938	-0.00476457880042552	6.25557291558913	0.0349201024830482	0.0171504205916285
0.970624205642232	-2.28458672551081	-0.00851819221573867	-0.00458477690780938	6.43815921408363	0.0379597640748944	0.0188318819368901
0.980624205642232	-2.21934723671953	-0.00812261840961153	-0.00438762245860927	6.60743973147515	0.041167979785576	0.0206155812590553
0.990624205642232	-2.15248571540495	-0.00769456038283893	-0.00417221992380364	6.76238404943425	0.0444609884002145	0.0224722376443618
1.00062420564223	-2.08415063379746	-0.00723342193081182	-0.00393802587285941	6.90200391120733	0.047751404854647	0.0243733056953381
1.01062420564223	-2.01450009862215	-0.00673943255920995	-0.0036847965524782	7.02530217328724	0.0510511567334703	0.0262664641613374
1.02062420564223	-1.9437015863234	-0.00621302338990097	-0.00341273272058135	7.13148314383893	0.0541951329671617	0.0281413268037582
1.03062420564223	-1.8719304277414	-0.00565573240118624	-0.0031222684348689	7.21968981746931	0.0572501955890918	0.0299333680619371
1.04062420564223	-1.79936950459851	-0.00506908394601325	-0.00281431766569383	7.2893586605643	0.0600263228111277	0.0316402792447788
1.05062420564223	-1.72620721244466	-0.00445573746017418	-0.00248999069317374	7.33987198451794	0.0626038296801629	0.0331981959563107
1.06062420564223	-1.65263688527962	-0.00381830595495833	-0.00215083830399265	7.37091974761573	0.0648274872723183	0.0346025089632539
1.07062420564223	-1.57885470443808	-0.00316020593971292	-0.00179861492738062	7.38223083297472	0.066710822630528	0.035812984050669
1.08062420564223	-1.50505843815163	-0.00248518314787668	-0.00143534062153217	7.37370442964813	0.0682546307570172	0.0367978162051936
1.09062420564223	-1.43144605684819	-0.00179695568008085	-0.00106332741500797	7.34549902532991	0.0693213399918223	0.0375643470952947
1.10062420564223	-1.35821361535822	-0.00109991513729201	-0.000684947994969251	7.29779044033853	0.0699838744621091	0.0380766174314426
1.11062420564223	-1.28555415091344	-0.000398404185784678	-0.000302735315440201	7.23096234284159	0.070241214782456	0.0383234588418694
1.12062420564223	-1.21365616493514	0.000303294841883605	8.06865311460467e-05	7.14557444713588	0.0700511967671227	0.0383110786548797
1.13062420564223	-1.14270217053493	0.00100090847946483	0.000462689635082108	7.04230853132648	0.0693907881386667	0.0380485703590792
1.14062420564223	-1.07286728727038	0.00168998879767602	0.000840756500079236	6.92187250537618	0.0683731667942258	0.0375199361848928
1.15062420564223	-1.0043187192181	0.0023667718175493	0.0012123541906979	6.78522414436292	0.0668980277442108	0.0367659008919173
1.16062420564223	-0.937214123546868	0.00302716741621713	0.00157522373950395	6.63322215855432	0.0651303031848475	0.0357705359412399
1.17062420564223	-0.871701733629324	0.00366800945607158	0.00192714734217129	6.46697359688678	0.0629676966557528	0.0345862801731783
1.18062420564223	-0.807919010952604	0.00428588836346387	0.00226626481040844	6.28744136524948	0.0605813771308619	0.0332048352314051
1.19062420564223	-0.745993173949786	0.00487841899182335	0.00259081572105144	6.09580421638147	0.0578657012897939	0.0316864292818832
1.20062420564223	-0.686040152166288	0.00544295418331414	0.00289946026851609	5.89303589269949	0.0550221344678227	0.0300207436315917
1.21062420564223	-0.628165565210354	0.00597797539458663	0.00319097564400753	5.68031206436705	0.0519444748124643	0.0282710729237452
1.22062420564223	-0.572463994112574	0.006481778426442	0.00346456096152051	5.45859054356361	0.0488058126012262	0.026434873409835
1.23062420564223	-0.519020083093461	0.00695360463508439	0.00371957603929385	5.22894831535451	0.0455506600065244	0.0245625769214398
1.24062420564223	-0.46790837940921	0.0073927707080313	0.00395572558875915	4.99230784664333	0.0422759181866783	0.0226671757349247
1.25062420564223	-0.419194198733318	0.00779913852505241	0.00417293496691315	4.74957979087643	0.0390110971679906	0.0207751466130012
1.26062420564223	-0.372934162010958	0.00817299770708595	0.00437134951622281	4.50162915522611	0.0357575603819351	0.0189169179377453
1.27062420564223	-0.329176652781608	0.00851474883984202	0.00455137857315491	4.24918338391358	0.0326150053814358	0.0170964807050402
1.28062420564223	-0.287962890682404	0.00882542486955658	0.00471354293402777	3.99300145589095	0.0295320131182339	0.0153499982988898
1.29062420564223	-0.249327178416808	0.0091059859383788	0.00485860004720515	3.73366773297286	0.0266032953493734	0.0136756272224713
1.30062420564223	-0.213298023664862	0.00935787447516619	0.00498738259819694	3.4717756113483	0.0238037463805385	0.0120960170189725
1.31062420564223	-0.17989857302418	0.00958258805192768	0.0051008581295594	3.20781014240538	0.0211608876020582	0.0106178824896544
1.32062420564223	-0.149147368460339	0.00978174867591554	0.00520007924976477	2.94218430161029	0.0187060762949328	0.00924346222814094
1.33062420564223	-0.121059096563263	0.00995720678230553	0.00528612515512885	2.67528651337384	0.0164106078765895	0.00798584497254453
1.34062420564223	-0.0956449937591262	0.0101107021952595	0.00536014709239112	2.40739176446803	0.0143207087058386	0.00683735657079156
1.35062420564223	-0.0729136527536717	0.0102441709900921	0.00542326915465861	2.13877158025274	0.0124048953179217	0.00580572793753349
1.36062420564223	-0.0528713551824075	0.010359438035422	0.00547663050988069	1.86961435373498	0.0106769659743443	0.00488546194777393
1.37062420564223	-0.0355226408002875	0.0104583283874204	0.00552133630286201	1.60007418048406	0.00913307741899465	0.00407284139110579
1.38062420564223	-0.0208707225736305	0.0105426363676447	0.00555844228626659	1.33027522850861	0.00775358007013617	0.00336583351126483
1.39062420564223	-0.00891778149361481	0.0106140028673589	0.00558896397130101	1.06028708159108	0.00654717693247859	0.00275389794033493
1.40062420564223	0.000334623906925472	0.01067404344661	0.00561383049872196	0.79017668826337	0.0054840794777728	0.00223399373206799
1.41062420564223	0.00688541392791464	0.0107241765553144	0.00563390936329562	0.519967123298375	0.00456439437600539	0.00179468673891053
1.42062420564223	0.010733714194487	0.0107657256524187	0.00564997080488965	0.249680114259843	0.00376505032284483	0.00142884045680466
1.43062420564223	0.0118787715881723	0.0107998330310914	0.00566269678314125	-0.0206801418215381	0.0030718825559874	0.00112624937725423
1.44062420564223	0.0103198630537535	0.0108274699226755	0.00567266991901485	-0.291114064598772	0.00246952763570504	0.000876152626963033
1.45062420564223	0.00605626734431318	0.0108494416283919	0.00568036463497845	-0.561615847120299	0.00193431175612765	0.000669065132907265
1.46062420564223	-0.000912667463088615	0.0108663399792456	0.00568615190572751	-0.832179352357842	0.00145143476491748	0.000492826054692641
1.47062420564223	-0.0105874497110866	0.0108785722647536	0.00569028737023119	-1.10278087921516	0.000998603767250826	0.000336570551835562
1.48062420564223	-0.022968273146294	0.0108863362221441	0.00569291287297496	-1.37337900946975	0.000554449392666246	0.000188838687973902
1.49062420564223	-0.0380548008820926	0.0108896160742151	0.00569405409602502	-1.64390841093078	9.81695213948145e-05	3.77509424770353e-05
1.50062420564223	-0.0558458928067707	0.0108881827222146	0.00569361815743028	-1.91427284854079	-0.000392005763909834	-0.000128534549447715
1.51062420564223	-0.0763392711401415	0.0108815899532007	0.00569139309619921	-2.18433998263187	-0.000937825771298059	-0.000321950370547749
1.52062420564223	-0.0995311298119803	0.0108691739115056	0.00568704771097328	-2.45393582655576	-0.00156065316511118	-0.000554486350838032
1.53062420564223	-0.125415688997229	0.0108500560940524	0.00568013188368654	-2.72283893006126	-0.00228170711115068	-0.000837991960421654
1.54062420564223	-0.153984695522539	0.0108231482638644	0.00567007799348524	-2.9907749679192	-0.00312204034761669	-0.00118401454269699
1.55062420564223	-0.185226871307714	0.010787158534271	0.00565620386108847	-3.25741218529253	-0.00410173573569675	-0.00160378617217154
1.56062420564223	-0.2191273158136	0.0107406018300743	0.00563771687596468	-3.52235696984863	-0.00523955150272289	-0.00210806925010174
1.57062420564223	-0.255666866522853	0.0106818132546956	0.00561372000402948	-3.78515028762344	-0.0065521496421791	-0.00270705987140957
1.58062420564223	-0.29482142484762	0.0106089655756362	0.00558321982170944	-4.04526491295053	-0.00805324194490981	-0.00341027171356955
1.59062420564223	-0.336561259317195	0.0105200960460706	0.00554513577343422	-4.30210215496381	-0.00975479753190081	-0.00422589538468989
1.60062420564223	-0.380850292276925	0.0104131368733456	0.00549831230476992	-4.55499013118267	-0.0116676216294939	-0.00516027087307001
1.61062420564223	-0.427645381738801	0.0102859486015804	0.00544153432774541	-4.80318408106943	-0.0138008882658114	-0.00621757816088744
1.62062420564223	-0.476895608764777	0.0101363508648071	0.00537354745475063	-5.04587063845636	-0.0161581437792061	-0.00740034022399496
1.62968651683897	-0.523598775598325	0.00997956914477548	0.00530119693776967	-5.26032004123996	-0.0184712181922322	-0.00858448651016984
1.63968651683897	-0.606247596494216	0.0482691903875182	0.0133867551369703	-10.3286707753375	6.33043913960479	1.84762403214376
1.64968651683897	-0.710138350902064	0.107926108720047	0.0469428895730096	-10.3124234715931	5.40914056897505	4.87368195444013
1.65968651683897	-0.812438690001456	0.157908705227825	0.102767408216751	-10.0979409841196	4.6097547045433	5.81204138452687
1.66968651683897	-0.911223589293173	0.199878082478494	0.158208981326083	-9.64246835822471	3.78430143027578	5.16434054304743
1.67968651683897	-1.00528110450078	0.23381091620229	0.205127186896328	-9.1778813391253	3.01864629018243	4.21347567110513
1.68968651683897	-1.09505741247391	0.260659542148223	0.242703107556449	-8.79078229206381	2.36923490777706	3.32384034545969
1.69968651683897	-1.18140398582517	0.281609190864378	0.272094696454143	-8.49097840863886	1.83725667903043	2.58068867378742
1.70968651683897	-1.26514148409388	0.297767472884233	0.294805939067526	-8.26718076164305	1.40934887800515	1.9849051789443
1.71502245791891	-1.30899693899575	0.30476573314757	0.304676416885539	-8.17337510531297	1.21788481501089	1.72032924197889
1.72502245791891	-1.36347654497903	0.279970154639742	0.314481189061894	-3.35155106516503	-5.25910613422078	0.0470162285577194
1.73502245791891	-1.39568809621307	0.227912367099796	0.299764220995609	-3.32465766303842	-4.81245394885282	-3.05819203841914
1.74502245791891	-1.43032180100213	0.18371674443062	0.256496571594913	-3.59675785202273	-4.13249524383075	-5.04073240751317
1.75502245791891	-1.46876853047806	0.145543143022646	0.206253943242155	-4.13428163073928	-3.47642505777025	-4.82715128474431
1.76502245791891	-1.51328415940659	0.114269470860928	0.161756320894407	-4.76353676794421	-2.78951909735568	-4.04114053545177
1.77502245791891	-1.56376354815999	0.089404595807766	0.125505864623629	-5.31525153000511	-2.20193197975945	-3.22176735490693
1.78502245791891	-1.61919512638563	0.0698242214585411	0.0969133118755867	-5.75199586958478	-1.7327412780434	-2.52003426057273
1.79502245791891	-1.67845029591787	0.0544218763807182	0.0746375024199026	-6.08104081443579	-1.36469793801674	-1.95694805682862
1.80502245791891	-1.74052086510175	0.0422792010160464	0.0573603868323188	-6.31885408338424	-1.07597061451076	-1.51693259286025
1.81502245791891	-1.80456301270493	0.0326811716702501	0.0439699044690164	-6.47782999620476	-0.852954230774003	-1.17583954388772
1.81933331669455	-1.83259571459405	0.0291803454469593	0.0391685456147813	-6.52604927499321	-0.772429189706638	-1.05406810660756
1.82933331669455	-1.87014628520535	-0.0148904656720482	0.0203812858989374	-2.02238453100481	-6.55275288068593	-2.9495624317381
1.83933331669455	-1.89114110492433	-0.0760124452025297	-0.0237582545763598	-2.26527107610978	-5.58189696736133	-5.69596699784125
1.84933331669455	-1.91602414037469	-0.127584722491842	-0.0836217011616989	-2.76508290020205	-4.71972139679735	-5.94302662126696
1.85933331669455	-1.94691198698051	-0.17035853357397	-0.139218943024951	-3.41218791408364	-3.8456750266999	-5.10817234603063
1.86933331669455	-1.98397242931342	-0.204925557193832	-0.185350209042481	-3.97991699687207	-3.09039235085581	-4.12560949440947
1.87933331669455	-2.02606948105793	-0.232625055615579	-0.222130930128967	-4.41619875721459	-2.47298061914941	-3.25612682094245
1.88933331669455	-2.07187011160596	-0.254792924202999	-0.251019277344281	-4.72389743036866	-1.97933270883532	-2.54834126395132
1.89933331669455	-2.12016628856643	-0.272568893010718	-0.273592806179491	-4.91872336855447	-1.59079142574041	-1.98936584954734
1.90933331669455	-2.16993381586644	-0.286889551339492	-0.291217470943068	-5.0204810944288	-1.28625625048565	-1.55378674109258
1.91933331669455	-2.22033209426217	-0.298503808010105	-0.304998806799967	-5.04731601568959	-1.04721976921509	-1.21667027625097
1.92933331669455	-2.27068283276989	-0.307999762306448	-0.31580864419014	-5.01375401369075	-0.859651322992721	-0.956523123387847
1.93933331669455	-2.32044236592962	-0.315835767898537	-0.324326098765929	-4.93116655170833	-0.713124041616908	-0.755771832229618
1.94933331669455	-2.36917360577993	-0.322371501484308	-0.331075454334324	-4.80950508384919	-0.598335765983495	-0.600883424717668
1.95933331669455	-2.41652789214904	-0.327885518083334	-0.336460610592972	-4.65669846845771	-0.508101964852293	-0.481261186705562
1.96933331669455	-2.46222711367022	-0.332593628610901	-0.340791570927386	-4.47928222326924	-0.436561297242478	-0.38876946087605
1.97933331669455	-2.50605051998287	-0.336661622617091	-0.344306032430536	-4.28240243854657	-0.379282315728155	-0.317087575286817
1.98933331669455	-2.5478237718145	-0.340215770045524	-0.347186189359096	-4.06993198799022	-0.3331910832458	-0.261233692006838
1.99933331669455	-2.58740849670478	-0.3433534723339	-0.349571039197995	-3.84516684932844	-0.295636193850346	-0.217474034824506
2.00748855341559	-2.6179938779916	-0.345656580687838	-0.351223772903277	-3.65467361575792	-0.269806177744672	-0.188760799943407
2.01748855341559	-2.67464974260207	-0.320148247542851	-0.345808890667139	-7.5434849235579	5.19070853143831	1.31709749491166
2.02748855341559	-2.75202046470614	-0.265857980209104	-0.319684108325874	-7.5514179672694	5.12266277322846	4.02107867427032
2.03748855341559	-2.82461961056509	-0.218349255534582	-0.270086420034092	-6.94406001539171	4.43826868032223	5.38083831878591
2.04748855341559	-2.88984457629343	-0.177528641320102	-0.217823387957012	-6.0721291445695	3.70973049253111	4.93550467502467
2.05748855341559	-2.94595645860934	-0.144087776017629	-0.172658056347378	-5.15829454426602	2.99184458846841	4.08011408369892
2.06748855341559	-2.99332378835174	-0.117292624915295	-0.13611907066183	-4.33287653297223	2.38778028109707	3.24543227069637
2.07748855341559	-3.03296071489918	-0.0959466555003734	-0.107294195896122	-3.61184182262287	1.90053837920547	2.54364278939472
2.08748855341559	-3.06586624937953	-0.0789531533472714	-0.0847722923124849	-2.98330697489963	1.51323634351162	1.9828632489962
2.09748855341559	-3.09287871176867	-0.0654123217508312	-0.0672337111242825	-2.43048925548981	1.20704958333413	1.54294152017944
2.10748855341559	-3.11467180720877	-0.054604216993136	-0.0535889911339553	-1.93656639768822	0.963451037367985	1.20044709119253
2.11748855341559	-3.13177078883295	-0.0459694780296055	-0.0429728987677046	-1.49028022239808	0.77111129611597	0.933889456770152
2.12748855341559	-3.14459460703722	-0.0390580860632165	-0.0347121757643842	-1.07988715497054	0.616979432350872	0.726934243616806
2.13748855341559	-3.15346675019933	-0.0335231546127333	-0.0282817897069439	-0.698779078542017	0.494583283092634	0.565886106919418
2.14748855341559	-3.15864512556898	-0.0290854041957319	-0.0232752933295265	-0.34037587876581	0.3967987067968	0.440601963189827
2.15748855341559	-3.16033266283686	-0.0255238950390087	-0.0193769213922297	0.0002575782899773	0.318350401111659	0.343151233842798
2.16748855341559	-3.15868850770409	-0.02266454042404	-0.016340914760433	0.326479491121981	0.255832305716847	0.267213237666593
2.17748855341559	-3.1538401503236	-0.0203662351147726	-0.0139766802523589	0.64163672264776	0.205524749333807	0.20813082660179
2.18748855341559	-3.14588735429447	-0.0185181051361539	-0.0121354575404506	0.947794415710856	0.165303214135638	0.162097494195595
2.19748855341559	-3.13490963184196	-0.017031062423302	-0.0107014389887127	1.24666474762701	0.133338388226553	0.126190328882826
2.20748855341559	-3.12097158628217	-0.0158320380323343	-0.00958472651455024	1.5400670974132	0.107462654528267	0.0983086302086738
2.21748855341559	-3.10412381165401	-0.0148643740794034	-0.0087146831952359	1.8287610937033	0.0868880162586389	0.0765999458378971
2.22348251455388	-3.09264855988992	-0.0143751873049921	-0.00828813199865155	2.00000000000009	0.0765155763538976	0.0660089352927667
2.23348251455388	-3.07123153682316	-0.0136841549621456	-0.0077034946341769	2.28287981301187	0.0622339428368899	0.0515361375788426
2.24348251455388	-3.04700074689279	-0.0131207962179807	-0.00724642728036321	2.5628125480208	0.0508795256653845	0.0403624950089703
2.25348251455388	-3.01998447249527	-0.0126582260098772	-0.00688770539003637	2.84001591651174	0.0419841128407024	0.0317666925447396
2.26348251455388	-2.99020921931809	-0.0122742518529075	-0.00660436030018355	3.11461219401517	0.0350997102744065	0.0252067906601299
2.27348251455388	-2.95770105220239	-0.0119506152208121	-0.00637822275487478	3.38656865387274	0.0298857420819658	0.0202584264633721
2.28348251455388	-2.92248705393963	-0.0116720502217561	-0.00619488330182049	3.65575537170567	0.0260246349080263	0.0166038480761307
2.29348251455388	-2.88459633139424	-0.011426008232638	-0.00604276688328188	3.92184513313942	0.0233662142181211	0.0139726588815392
2.30348251455388	-2.84406156234756	-0.0112016069621163	-0.00591260901907117	4.18449135380401	0.0216688089981361	0.0121835996017676
2.31348251455388	-2.80091972839051	-0.0109897639243819	-0.00579683306105346	4.44317347630761	0.0208233630630977	0.0110763287584085
2.32348251455388	-2.75521333298804	-0.0107826237929872	-0.00568922368146014	4.69728591689173	0.0207253582783456	0.0105294940136098
2.33348251455388	-2.70699140747705	-0.0105732763305859	-0.00558464219717746	4.94615954833382	0.0212461412991311	0.0104579177395887
2.34348251455388	-2.65631026658059	-0.0103558025666555	-0.00547875256138456	5.18900060773585	0.0223259987748766	0.0107830725817226
2.35348251455388	-2.60323443738335	-0.0101250140322795	-0.00536788392461088	5.42493950407913	0.0239101845369672	0.0114420439026318
2.36348251455388	-2.54783746872104	-0.00987628411531268	-0.00524892659995902	5.65306441904585	0.0259096637706332	0.0123919671164559
2.37348251455388	-2.49020248404474	-0.00960564168158119	-0.00511921187725878	5.87238537850405	0.0282656130168637	0.0135910988330758
2.38348251455388	-2.43042271082021	-0.00930975993542373	-0.00497644786435822	6.08183975891497	0.0309569153280839	0.0149939976372871
2.39348251455388	-2.36860204861602	-0.00898571928975094	-0.00481873301508391	6.2803747936549	0.0338990624353166	0.0165730279533118
2.40348251455388	-2.30485521025874	-0.00863118766917105	-0.00464449613309144	6.46690774235171	0.0370234861053019	0.0182981078466781
2.41348251455388	-2.23930773956625	-0.00824455050043105	-0.0044524597060255	6.64030578292713	0.0403310840594461	0.0201228059360024
2.42348251455388	-2.17209624310789	-0.00782447538887291	-0.00424174178972555	6.79954225390167	0.0436922659690097	0.0220307576227606
2.43348251455388	-2.10336773410526	-0.00737048676180594	-0.00401173511557793	6.94354378124398	0.047097124783819	0.0239765622620593
2.44348251455388	-2.03327943782466	-0.00688258280461498	-0.00376220096106271	7.07133094526927	0.0504809288265712	0.0259267384238464
2.45348251455388	-1.96199809198345	-0.00636128660085621	-0.00349326704982077	7.18202369269285	0.0537458894543215	0.0278552798148258
2.46348251455388	-1.88969887028236	-0.00580795140874945	-0.00320535707563858	7.27476513796187	0.0569006375779962	0.0297111094627252
2.47348251455388	-1.81656472722107	-0.00522417347612578	-0.00289932132748685	7.34891488269552	0.0598068285921791	0.0314790423019428
2.48348251455388	-1.74278470478513	-0.00461245358142718	-0.00257626763614931	7.40385307694165	0.0624877138082025	0.0331076239741651
2.49348251455388	-1.6685529998457	-0.00397552967947087	-0.00223769130494533	7.43918625560523	0.0648499775522998	0.0345762364067366
2.50348251455388	-1.59406724592514	-0.00331666789172582	-0.00188536963782143	7.45465191464283	0.0668380925620246	0.0358594373149828
2.51348251455388	-1.51952684638802	-0.00263974496982549	-0.00152129656454032	7.45008023330269	0.0685004161304572	0.0369124179890244
2.52348251455388	-1.44513183090147	-0.00194849480022632	-0.00114780211905355	7.42560585765742	0.0696867050167389	0.0377437351878185
2.53348251455388	-1.37108062238772	-0.00124731789759249	-0.000767296849307091	7.38139329981894	0.0704454498107518	0.0383215257634825
2.54348251455388	-1.29756880229196	-0.000540682743860094	-0.000382340651539104	7.31778957608877	0.0707953329240422	0.0386282673148272
2.55348251455388	-1.22478763973935	0.000167031604159523	4.3929538322084e-06	7.23533710294416	0.0706938076330358	0.0386687402992155
2.56348251455388	-1.15292256064956	0.000871452345360349	0.000390213048185219	7.13470946872893	0.0701126023208768	0.0384520220704559
2.57348251455388	-1.08215168898183	0.00156803610013619	0.00077252715976911	7.01661663288704	0.0691532557010335	0.0379638367660544
2.58348251455388	-1.01264521197318	0.00225284766403237	0.00114873555237733	6.88200310357649	0.0677342832662771	0.0372397819012372
2.59348251455388	-0.944563823075591	0.00292173780313712	0.00151648170633795	6.73175539065813	0.0659876868641518	0.0362712586142536
2.60348251455388	-0.878058593756695	0.00357130438171559	0.00187348782038244	6.56695919351755	0.0638566787121962	0.035099838085218
2.61348251455388	-0.81326983628218	0.0041980976230473	0.0022177892202088	6.38861992467144	0.0614716279009123	0.0337270183439804
2.62348251455388	-0.750327349429833	0.0047995364585677	0.00254755938360882	6.19791315470792	0.0587577263271502	0.0322062057444308
2.63348251455388	-0.689349531111358	0.00537289989859007	0.00286137043068128	5.99584766383536	0.055896183995104	0.0305325084449135
2.64348251455388	-0.630444209809074	0.00591654231859752	0.00315793088911324	5.78361711967481	0.0527885392711945	0.0287682879426698
2.65348251455388	-0.573707934469081	0.00642863343270455	0.00343638081905587	5.56219571474917	0.0496202246386661	0.0269090931519642
2.66348251455388	-0.519227124883037	0.00690837754665141	0.00369601111153372	5.33270121099609	0.0463139594745613	0.0250116559147154
2.67348251455388	-0.46707777443184	0.00735495258109469	0.00393649266037124	5.09606167133893	0.0429962289168389	0.0230832025780739
2.68348251455388	-0.417326483875418	0.00776822315158906	0.00415769700077662	4.85323227417469	0.0396691898784638	0.0211579058808469
2.69348251455388	-0.370030834880199	0.00814837823960088	0.0043597515129483	4.60508561155661	0.0363592435067173	0.0192615511103687
2.70348251455388	-0.325239999154251	0.0084958192678161	0.00454303689431911	4.35238244761579	0.0331520175616189	0.0174026547218169
2.71348251455388	-0.282995732284415	0.0088115458737816	0.00470806474268307	4.09589888308844	0.030003238405886	0.0156168691872907
2.72348251455388	-0.243332674268298	0.00909650349241042	0.00485559036645403	3.83623637410982	0.027012145348912	0.0139023692930732
2.73348251455388	-0.206279502724282	0.00935215575593452	0.00498644646083528	3.57401077092098	0.0241474356137709	0.0122842665317746
2.74348251455388	-0.171859349501057	0.00958000167397519	0.00510161450456252	3.30971794355643	0.0214441526293355	0.0107684089441262
2.75348251455388	-0.140090616019217	0.00978169796377739	0.00520216194941597	3.04378660093151	0.0189307565024448	0.00935851839758338
2.76348251455388	-0.110987720566347	0.00995912691414387	0.005289190920932	2.77661495427916	0.0165809012634192	0.00806782809830454
2.77348251455388	-0.0845615376080265	0.0101140728961494	0.00536387912152529	2.50848691668985	0.0144410177413875	0.0068892217167329
2.78348251455388	-0.0608202207686228	0.0102485191734872	0.00542738206229421	2.23967928262187	0.0124817318473189	0.00583044125599817
2.79348251455388	-0.0397695686414501	0.0103643546317056	0.00548087109645656	1.97038673355008	0.0107140937844407	0.00488706513802151
2.80348251455388	-0.0214135969578828	0.0104634559132396	0.00552549022801095	1.70076193726193	0.00913936076486419	0.0040545295396743
2.81348251455388	-0.00575500151721336	0.0105476925806156	0.00556233190067842	1.43093129997281	0.0077343654040035	0.00333191397318737
2.82348251455388	0.00720454653639934	0.0106187723535319	0.00559245270838537	1.16096065757666	0.00650970836765026	0.00270847181904943
2.83348251455388	0.0174639607402009	0.0106783808250372	0.00561682434493282	0.890910998508458	0.00543747845086719	0.00218090253166773
2.84348251455388	0.025022564255395	0.0107280231259627	0.00563635464545157	0.620801539669952	0.00451339869103983	0.00173896335978276
2.85348251455388	0.029879820999617	0.010769087284763	0.00565186068069224	0.350640431158352	0.00372091626245833	0.00137410404539688
2.86348251455388	0.032035193852335	0.010802809786518	0.00566406555954736	0.0804246391834993	0.00303998186212605	0.00107761034642285
2.87348251455388	0.0314880670731007	0.0108302339815236	0.00567359903509181	-0.189862995059573	0.00245993321662573	0.000837699121109178
2.88348251455388	0.0282376699520099	0.0108522527979683	0.00568097989507984	-0.460231236504052	0.0019554336175022	0.000645345124750276
2.89348251455388	0.0222831327203884	0.0108695457511144	0.00568662404562468	-0.730691035607511	0.00151042776978894	0.00048873930762359
2.90348251455388	0.0136235437588533	0.0108826001274243	0.00569083428923407	-1.00124058149679	0.00110508028871921	0.000356471187203342
2.91348251455388	0.00225808712914032	0.0108917019467995	0.00569379796011841	-1.27186009214573	0.000716851446265638	0.000237368783876417
2.92348251455388	-0.0118137560666112	0.0108969207618745	0.0056955868773652	-1.5425089077209	0.000324928764269334	0.000119535423302695
2.93348251455388	-0.0285919586790633	0.0108981118181395	0.00569615413203164	-1.81311765477451	-9.2491440899331e-05	-8.92435428985208e-06
2.94348251455388	-0.0480756345150196	0.0108949117705751	0.005695333207155	-2.08358287524492	-0.000557374809952258	-0.000160008579249995
2.95348251455388	-0.0702626679426938	0.0108867370229476	0.00569283746067889	-2.35376141371081	-0.00109144388846999	-0.000345809583089024
2.96348251455388	-0.0951492868285746	0.0108727846872497	0.00568826011562697	-2.62346469199598	-0.00171607954236512	-0.000578413154599212
2.97348251455388	-0.122729581279745	0.010852037858242	0.00568107464527492	-2.89245251980211	-0.002453132621981	-0.0008695621701892
2.98348251455388	-0.152994965456925	0.010823268289047	0.00567063731187331	-3.1604287772397	-0.00332338453223618	-0.00123083625606013
2.99348251455388	-0.185933591826125	0.0107850456376023	0.00565619019526445	-3.42703639439998	-0.0043465459831331	-0.00167343549667947
3.00348251455388	-0.22152971972348	0.0107357499070785	0.0056368658365432	-3.69185294856745	-0.00554106844583955	-0.00220796785416847
3.01348251455388	-0.259763044214394	0.0106735875855007	0.005611693789472	-3.95438702983959	-0.00692377232100472	-0.00284423652543338
3.02348251455388	-0.300607992411665	0.0105966113225111	0.00557960953841326	-4.2140757461194	-0.00850900760921351	-0.00359109401495277
3.03348251455388	-0.344032995402046	0.0105027417326533	0.00553946651302613	-4.47028412247595	-0.0103065329190094	-0.00445655761703494
3.04348251455388	-0.389999752467354	0.0103897993390666	0.00549004982301272	-4.72230423393464	-0.0123215467524376	-0.00544739223993999
3.05348251455388	-0.438462505907323	0.0102555540220358	0.00543009021900272	-4.96935206741106	-0.0145600924345951	-0.00656739930084769
3.06348251455388	-0.489367322826142	0.0100977643536398	0.00535828471098134	-5.21057080977334	-0.0170275304113237	-0.00781732428860532
3.06995699653714	-0.5235987755983	0.00998198777202079	0.00530486222492487	-5.36321146199914	-0.0187411172614469	-0.00869666782077743
3.07995699653714	-0.607269417830273	0.0482591050765587	0.013390068211799	-10.4310300637541	6.32949471364301	1.84739135487954
3.08995699653714	-0.712179143040941	0.107899951012662	0.046946237396174	-10.4111560437932	5.40081258910216	4.88624234356092
3.09995699653714	-0.815494746473166	0.15785223260298	0.102823614461683	-10.1987426953271	4.60661093981879	5.81298593785464
3.10995699653714	-0.915279886398854	0.199784107352626	0.158257235071462	-9.74199808300424	3.78033493749952	5.16206582918215
3.11995699653714	-1.01032345251728	0.233668247448687	0.205149073447314	-9.27642193030782	3.01423151777368	4.20993553666469
3.12995699653714	-1.10107449017554	0.260463071470877	0.242690341966841	-8.88807516556587	2.36426500674682	3.32007744516083
3.13995699653714	-1.18838426773935	0.281356986702453	0.272045840320221	-8.58687566799654	1.8319617011123	2.57703049159999
3.14995699653714	-1.27307234156694	0.297460717709549	0.294721896035028	-8.36142111520885	1.40384893127707	1.98153927190929
3.15427412588576	-1.30899693899575	0.303176091382366	0.30280140452346	-8.28407290603274	1.24789503804995	1.76477078316793
3.16427412588576	-1.36452411028305	0.278600520846454	0.313034137176093	-3.45324985832261	-5.2408122889604	0.0877323385705243
3.17427412588576	-1.39776333846481	0.226749736610676	0.298701955985736	-3.42608539348244	-4.79275659241507	-3.02114664094091
3.18427412588576	-1.43339428250394	0.182750183670597	0.255718317045959	-3.69378399329445	-4.11453219994505	-5.01974833188948
3.19427412588576	-1.47278593524066	0.144736209592334	0.20564815473698	-4.22641489043656	-3.46229990284505	-4.81297075144736
3.20427412588576	-1.51820405478631	0.113590967370439	0.161272005249873	-4.85177558968155	-2.77815717818	-4.03065649984706
3.21427412588576	-1.56954965180963	0.088830549447326	0.125113492422068	-5.4002840461915	-2.19233486609697	-3.21375908449423
3.22427412588576	-1.62581494455283	0.0693370115000675	0.0965921843765624	-5.8337780768814	-1.72484134715113	-2.5137089847041
3.23427412588576	-1.68587185947123	0.0540062479344344	0.0743728688922845	-6.15969150900876	-1.35812743623867	-1.95194123646061
3.24427412588576	-1.74871326372023	0.0419234581322915	0.0571404287113427	-6.39408873784963	-1.07093807222272	-1.51287484260614
3.25427412588576	-1.81349323484201	0.0323725800734438	0.0437858028846789	-6.55027781672335	-0.848354617316452	-1.17273956039289
3.25718295904476	-1.83259571459423	0.0299854562789179	0.0404974981115373	-6.58298253455474	-0.793568872755457	-1.08923300247313
3.26718295904476	-1.8708258637605	-0.0141372457850276	0.0213246659101003	-2.09533578328154	-6.55057573346842	-2.99003766443757
3.27718295904476	-1.89252125692635	-0.0752816659905247	-0.0231911978546624	-2.33612052034852	-5.58475686099291	-5.72383573502372
3.28718295904476	-1.91813030876995	-0.12688439488469	-0.0831872293131471	-2.84017557898338	-4.7209605925881	-5.94672722447001
3.29718295904476	-1.94978479977789	-0.169654528348538	-0.138780370232495	-3.48925503601905	-3.84507834245683	-5.10475712122257
3.30718295904476	-1.98762481710369	-0.204201696155675	-0.184869978262276	-4.05681600090394	-3.08973863596939	-4.12034309802683
3.31718295904476	-2.03049514373147	-0.231884276182031	-0.221600339019805	-4.4941048333801	-2.4699464689284	-3.25166659283663
3.32718295904476	-2.07706647394254	-0.254028017311757	-0.250445597666436	-4.80006872061545	-1.97759226687301	-2.54420396479519
3.33718295904476	-2.12612088501241	-0.27178455185693	-0.272982688241545	-4.99329674472352	-1.58993031503758	-1.98583365430761
3.34718295904476	-2.17663139420673	-0.286092726452461	-0.290577549580824	-5.09400035996323	-1.28533367365603	-1.55113558838756
3.35718295904476	-2.22775779019392	-0.297699641986032	-0.304335823674743	-5.11981262550951	-1.04608961467365	-1.21487425835333
3.36718295904476	-2.27882354775926	-0.307190033720078	-0.315129471830309	-5.08446310718449	-0.859367538890023	-0.955158908475876
3.37718295904476	-2.32928280042093	-0.315025033660183	-0.323635757511166	-5.00018581820691	-0.71351906237774	-0.754787317688091
3.38718295904476	-2.37869865950669	-0.321563932471084	-0.330378077415492	-4.87698211825215	-0.599200512627989	-0.600244528741916
3.39718295904476	-2.42672274266084	-0.327085081610988	-0.335759434008871	-4.72288510373135	-0.509102830103788	-0.48098357089777
3.40718295904476	-2.47307785385917	-0.331803418358385	-0.340089237686267	-4.54435809933594	-0.437493915464273	-0.38883889581019
3.41718295904476	-2.51754497145803	-0.335882895915454	-0.343605017257549	-4.34622012774761	-0.380440248371392	-0.317338531159024
3.42718295904476	-2.55995003809496	-0.339450247964509	-0.346488168631694	-4.13258813691602	-0.334529381592562	-0.26162100173495
3.43718295904476	-2.60015567120444	-0.342602466382448	-0.348877277715868	-3.90676137418864	-0.297119528913868	-0.217959438464504
3.44181268042085	-2.61799387799149	-0.343942646672908	-0.349846460592256	-3.7988546865861	-0.282065387707882	-0.201017094431603
3.45181268042085	-2.67621281068005	-0.318386924818824	-0.344552536270377	-7.69843689529766	5.19349671143264	1.3090473903491
3.46181268042085	-2.75497368453354	-0.264294665181619	-0.318438843519516	-7.68527118238712	5.09592798192675	4.0221120866768
3.47181268042085	-2.82891390932634	-0.217024039136494	-0.268938927113019	-7.07786314619342	4.41587682450389	5.36431514496752
3.48181268042085	-2.89547264318378	-0.176424900215127	-0.216856821030255	-6.20579802160863	3.68873950323184	4.9160644679447
3.49181268042085	-2.95292361381002	-0.143188323711635	-0.171875981269896	-5.29573463112575	2.97662325514089	4.06194631774203
3.50181268042085	-3.00166109049379	-0.116552018624174	-0.135498567472573	-4.47005681479099	2.37208254754873	3.23093049517179
3.51181268042085	-3.04268205769229	-0.0953465324184595	-0.106805244523097	-3.75151507908385	1.88818963606382	2.53176067383131
3.52181268042085	-3.07699189251758	-0.0784671160372642	-0.0843893855977771	-3.12459532873723	1.50291005779824	1.9734084671063
3.53181268042085	-3.10542507154787	-0.0650199243792138	-0.0669352275197096	-2.57316373882807	1.19838115906067	1.53549513590102
3.54181268042085	-3.12865206642715	-0.0542900075558322	-0.0533568898715937	-2.08093762316423	0.956862402515378	1.19445856878111
3.55181268042085	-3.14719983653807	-0.0457158319692633	-0.0427937554537936	-1.63515204222667	0.764835739650722	0.929406023282742
3.56181268042085	-3.16148027662657	-0.038857923400284	-0.0345735137979325	-1.22657587582069	0.612895322802073	0.72319696994071
3.57181268042085	-3.17182157148948	-0.0333628941771551	-0.0281754585373641	-0.845987393384027	0.490779637035308	0.563095755262782
3.58181268042085	-3.17847688025835	-0.0289586007218869	-0.0231937780211417	-0.488467592280239	0.393782684255939	0.438428155093238
3.59181268042085	-3.18164913277773	-0.0254242511217027	-0.0193145674468138	-0.148669584824546	0.316044520253344	0.341441090557931
3.60181268042086	-3.18149717949507	-0.0225861805264183	-0.0162935156543792	0.17702899152048	0.253793971239486	0.265931763865558
3.61181268042085	-3.17814641822626	-0.0203061017232071	-0.0139406392597203	0.491448514407683	0.204098915474878	0.207081048130236
3.62181268042086	-3.17169686164126	-0.0184723024006339	-0.0121084068576377	0.797207032016968	0.164061531103787	0.161287183741884
3.63181268042085	-3.1622265372278	-0.0169970508707972	-0.0106815503986033	1.09585822089044	0.13211686486137	0.125581428497601
3.64181268042086	-3.1497981577658	-0.0158088546974105	-0.00957049671206373	1.3889625354189	0.106512817797016	0.097777732103059
3.65181268042085	-3.13446164836124	-0.0148504361350655	-0.00870533084649037	1.67767194315965	0.0859370665728385	0.0761596184777779
3.66181268042086	-3.11625692179435	-0.0140761454360216	-0.00803133141367435	1.96270125070402	0.0695754431439639	0.0593392859310976
3.66312882431956	-3.1136491940252	-0.0139858132789532	-0.00795450084971182	2.0000000000008	0.0676570119742077	0.0574328843045414
