=========================== Parameters =====================================
l1 [m]	l2 [m]	l3 [m]	c1 [m]	c2 [m]	c3 [m]	m1 [kg]	m2 [kg]	m3 [kg]
0.1
0.1
0.4858
0.5
0.9
0.7
0.1564
0.23764
0.1564
============================== Data ========================================
t [s]	th1 [rad]	th2 [rad]	th3 [rad]	th1d [rad/s]	th2d [rad/s]	th3d [rad/s]
0	0	0	0	0	0	0
0.01	-0.00095696724865548	0.000512529076032462	-3.59372310569123e-05	-0.188814439173043	0.0991307201625948	-0.0065600310602707
0.02	-0.00372507247599192	0.00191571266556574	-0.000119142540777373	-0.362280016980733	0.178212077940917	-0.00950708724683837
0.03	-0.0081531599654819	0.0040124945460989	-0.000215296184079202	-0.520936422612168	0.238027846097001	-0.00922264615682283
0.04	-0.0140974996355456	0.00661632416951717	-0.000294416599017882	-0.665712199485889	0.279872731675103	-0.00618666683145848
0.05	-0.0214251696668018	0.00955558819186866	-0.000331661067241128	-0.797824366955566	0.305417945118098	-0.000941174248880215
0.06	-0.0300164733519126	0.0126767500309848	-0.000307779273920835	-0.918686368668787	0.31658819584961	0.00594249688297457
0.07	-0.0397664835843314	0.0158463250509409	-0.000209260043400435	-1.02982585703937	0.315452090821199	0.0138922361561077
0.08	-0.0505858185498341	0.0189518322234094	-2.82153205001783e-05	-1.1328132616525	0.304127178562683	0.0223591377947491
0.09	-0.0624007589930785	0.0219018720353755	0.000237952312047134	-1.22920156691276	0.284700194394841	0.0308368097179848
0.1	-0.0751528193702301	0.024625482907213	0.000587052054204767	-1.32047727397739	0.259162465824884	0.0388760764295198
0.11	-0.088797883020844	0.0270709253991791	0.00101273214866662	-1.40802214965714	0.229359938833922	0.0460952905327777
0.12	-0.103305005991244	0.0292040360282088	0.00150518964030996	-1.49308507272737	0.19695689037831	0.0521865843777111
0.13	-0.118654986112278	0.0310062816207884	0.00205192406134833	-1.57676307397365	0.163412099242601	0.0569184785241478
0.14	-0.134838784131559	0.0324726317876712	0.00263850093934891	-1.65999052449783	0.129966050395372	0.0601353199519478
0.15	-0.151855872806372	0.0336093522365152	0.00324929592757856	-1.74353534880125	0.0976376371139404	0.0617540535782784
0.16	-0.169712578467091	0.0344318060388387	0.00386819545286652	-1.82800111495991	0.0672287878235473	0.0617588393193293
0.17	-0.188420468148551	0.0349623343068132	0.00447923486442425	-1.91383387351268	0.0393354674474012	0.0601940173751914
0.18	-0.207994824343953	0.0352282725492166	0.00506715998356046	-2.00133266972119	0.014363573053199	0.0571559002025162
0.19	-0.228453239054975	0.0352601446750409	0.00561790256932053	-2.09066273185078	-0.00745165120069921	0.0527838341045443
0.2	-0.249814349303454	0.0350900634966227	0.00611896443100964	-2.18187043349381	-0.0260239248022663	0.0472509295516984
0.21	-0.272096727775275	0.0347503548539939	0.0065597086664185	-2.27489923432699	-0.041393066369179	0.0407548099769002
0.22	-0.295317934868578	0.0342724122590939	0.0069315597411735	-2.36960591576648	-0.0537018985689625	0.033508676284272
0.23	-0.319493732150544	0.0336857802951842	0.00722811682939935	-2.46577654139175	-0.0631737105210343	0.0257329307728569
0.24	-0.344637452084781	0.0330174578997609	0.00744518700772563	-2.56314168318325	-0.0700909118813956	0.0176475514027087
0.25	-0.370759514837357	0.0322914070591968	0.00758074654889539	-2.66139056067939	-0.0747753658653311	0.00946535680311564
0.26	-0.397867079940939	0.0315282482644868	0.00763483972644921	-2.76018383883756	-0.0775707516356285	0.00138625531916466
0.27	-0.425963818510443	0.0307451212059403	0.00760942525704586	-2.85916491997734	-0.0788271821819047	-0.0064074714063416
0.28	-0.455049790462914	0.02995568748633	0.00750818081821287	-2.95796964450577	-0.0788881936974869	-0.0137548377124951
0.29	-0.485121410692424	0.0291702514596464	0.00733627603768297	-3.05623438347099	-0.0780801274899498	-0.0205187960998887
0.3	-0.516171488276089	0.0283959755025361	0.00710012400928513	-3.15360256309283	-0.076703845985515	-0.0265878996131056
0.302346731606039	-0.523598775598299	0.0282164099709947	0.007036179126244	-3.17628489806208	-0.0763283251068589	-0.0279017610876441
0.312346731606039	-0.557612251080662	0.0294398009930652	0.00739889517221023	-3.62577049980788	0.320569601525113	0.100447282997423
0.322346731606039	-0.596099054086665	0.0346165597054587	0.00904487658808945	-4.07071141350211	0.714087555468822	0.228720423389558
0.332346731606039	-0.639006300996575	0.0437047819198103	0.0119723627666058	-4.50959320820556	1.10256644285754	0.356709676484755
0.342346731606039	-0.686265135027476	0.0566447939304949	0.0161772747412284	-4.94073425932442	1.4841085243388	0.484158564771488
0.352346731606039	-0.737789023945661	0.0733566967944312	0.021652709800872	-5.36228098933983	1.85656554253613	0.6107583763462
0.362346731606039	-0.793472052850499	0.0937378564872148	0.0283884103342468	-5.77221196758172	2.21754027874543	0.736146868313287
0.372346731606039	-0.853187310360624	0.117660489402958	0.0363702349136069	-6.16835280926295	2.56440455785617	0.859910132724891
0.382346731606039	-0.916781048852625	0.144963780211334	0.045580552204802	-6.54490680569892	2.8898115788393	0.98228663811977
0.392346731606039	-0.983746499244885	0.175031721975661	0.0560630048936947	-6.82576126065144	3.0954782191736	1.11759352946022
0.402346731606039	-1.05288016055535	0.206350185235051	0.067992901458465	-6.98166577925048	3.1440521203878	1.27107258071269
0.412346731606039	-1.12302420886121	0.237470203239176	0.0815315057077031	-7.03091591587476	3.05989683074988	1.43866541508665
0.422346731606039	-1.19320524199131	0.267188926733485	0.0967999010423101	-6.99219291167972	2.86798151185423	1.6163688924568
0.432346731606039	-1.2626368744989	0.294553700387292	0.113879563729814	-6.88408612458839	2.59319127675036	1.80028276874977
0.43913050269804	-1.30899693899575	0.311407599223865	0.126520688979623	-6.78034029052812	2.37176935786228	1.92668812074706
0.44913050269804	-1.37520450293163	0.333038086635359	0.144940500399444	-6.45786268284137	1.95153365856373	1.75682228732113
0.45913050269804	-1.43808976640888	0.350385338385374	0.161648894117539	-6.11606149829125	1.5154193543569	1.58448235911802
0.46913050269804	-1.49746515030655	0.363299560142887	0.176623366814911	-5.75609007749847	1.06523253730134	1.41010631119172
0.47913050269804	-1.55315528232407	0.371649252226287	0.189845511267668	-5.37923780190268	0.602826373992035	1.23407578151165
0.48913050269804	-1.60499840011123	0.375321699775771	0.201300469663971	-4.9869388065178	0.130105917686896	1.05671986276412
0.49913050269804	-1.65284784535243	0.374223537597214	0.210976436919671	-4.58078135255262	-0.35096187994416	0.878321161518876
0.50913050269804	-1.69657365303347	0.368281439029868	0.218864232531695	-4.16251746075631	-0.838333424564606	0.699123332659724
0.51913050269804	-1.7360642381136	0.357442975060348	0.224956952710498	-3.73407277484486	-1.32986919508359	0.519339528207155
0.52913050269804	-1.77122818253305	0.341677688369433	0.229249710179649	-3.29755678799236	-1.82331008096967	0.33916145081751
0.53913050269804	-1.80199612657306	0.320978424268848	0.231739467124823	-2.85527346976967	-2.31624978251172	0.158768933920235
0.54913050269804	-1.82832276724309	0.295362953160502	0.232424966918262	-2.40973193475497	-2.80610436233682	-0.021659858294676
0.550933821852895	-1.83259571459405	0.290223459828083	0.232356578474048	-2.32924701850531	-2.89390004160964	-0.0541865514465096
0.560933821852895	-1.85365766488053	0.258864870323135	0.230913327979076	-1.88338174493205	-3.37650163807256	-0.234415483799484
0.570933821852895	-1.87027320988575	0.222725001156295	0.227669600384212	-1.44048202408721	-3.84962222760816	-0.414243735818761
0.580933821852895	-1.88248785112941	0.181915114010222	0.222630616083586	-1.00375299141032	-4.30992753572639	-0.59342151836478
0.590933821852895	-1.89038018751258	0.136581122203961	0.215804326108305	-0.57660517341353	-4.75382330676187	-0.771650469364988
0.600933821852895	-1.89406552837327	0.0869083022566953	0.207201606847429	-0.167912273430862	-5.17062772041101	-0.949648364497536
0.610933821852895	-1.89426428331216	0.0338575913281863	0.196722327748151	0.0947504441141011	-5.395908887472	-1.15193109104134
0.620933821852895	-1.89279075041528	-0.0202010113873132	0.18406151818383	0.171421360808001	-5.37862422619784	-1.3846625911255
0.630933821852895	-1.89135368435004	-0.0730403758509691	0.168953172628449	0.0928094941549611	-5.15906281384174	-1.64017838574661
0.640933821852895	-1.89134277357444	-0.122850774290985	0.151206475116723	-0.106631668182402	-4.78216201436678	-1.91083829946768
0.650933821852895	-1.89362784454267	-0.168497743913409	0.130737971117551	-0.353150855419843	-4.34351481677916	-2.18195287107755
0.660933821852895	-1.89845666389559	-0.20965250654664	0.107586002242592	-0.614943190441031	-3.88428229735594	-2.44749778906354
0.670933821852895	-1.90596913702672	-0.246125571160914	0.0818070467382358	-0.889465969087503	-3.40770042961704	-2.70733620157911
0.680933821852895	-1.91628021823227	-0.27775898320052	0.053458452260395	-1.17426266113951	-2.9168534756551	-2.96142475443065
0.690933821852895	-1.92948077357091	-0.304424847034224	0.0225976330990278	-1.46697890517235	-2.4146618151143	-3.20979067050444
0.700933821852895	-1.94563915329739	-0.326032074965156	-0.01068924232658	-1.76557223552288	-1.90807282019185	-3.43809277570572
0.710933821852895	-1.96480639952489	-0.342646214205108	-0.0458763143365971	-2.06833872795942	-1.41809130686673	-3.58476487544882
0.720933821852895	-1.98700985687025	-0.354463424461604	-0.082104333335	-2.37228038218985	-0.948966686946237	-3.6473804007802
0.730933821852895	-2.0122451849397	-0.361700235613526	-0.118566973274084	-2.67417851889376	-0.502234247042462	-3.63294022324548
0.740933821852895	-2.04047617191649	-0.364586500778378	-0.154532503438076	-2.9709091437588	-0.0790021309972381	-3.54932968581154
0.750933821852895	-2.07162772518669	-0.36337204880959	-0.189349591165591	-3.25406421159706	0.313193832748272	-3.40463752649983
0.760933821852895	-2.10534574191595	-0.358603034802642	-0.222508955070455	-3.47830381606277	0.626785726560162	-3.22469484007711
0.770933821852895	-2.14097362198143	-0.351106524949761	-0.253795999401805	-3.63651749850798	0.859327559510975	-3.03043118671375
0.780933821852895	-2.17786825403999	-0.341671031908964	-0.283074494716733	-3.73243430662353	1.01557311130588	-2.82325372915819
0.790933821852895	-2.21543251927241	-0.33102672384542	-0.310223872313873	-3.77145336833266	1.10236957569817	-2.6049235767746
0.800933821852895	-2.25312940233965	-0.319827581782607	-0.335142409202333	-3.76012115719527	1.128014959298	-2.3774304348156
0.810933821852895	-2.29049127325394	-0.308639598472527	-0.357748965863007	-3.70569958325285	1.10172307257838	-2.14288341654648
0.820933821852895	-2.32712505631749	-0.297934114816872	-0.377983659080478	-3.61577669455855	1.03313313528792	-1.90340851597401
0.830933821852895	-2.36271375203759	-0.288085784889872	-0.395807570818656	-3.49792774106774	0.931876420284846	-1.66105922420551
0.840933821852895	-2.39701484687776	-0.279374544849021	-0.411201646754765	-3.3594324292953	0.80721026280883	-1.41774430347024
0.850933821852895	-2.42985619019888	-0.27199087643194	-0.424164965868552	-3.20705133827246	0.667725813598718	-1.17517430272077
0.860933821852895	-2.46112993174865	-0.266043615108804	-0.434712567742649	-3.04686133189062	0.521131253825478	-0.934826371766967
0.870933821852895	-2.49078509667119	-0.261569558352671	-0.44287301213274	-2.88414693509011	0.374107780377469	-0.697925505070173
0.880933821852895	-2.51881933280491	-0.258544174979814	-0.448685822213951	-2.72334238470437	0.232232132189314	-0.465439554656945
0.890933821852895	-2.54527030396215	-0.256892791800426	-0.452198934669625	-2.56801755539833	0.0999570233917174	-0.238085103259919
0.900933821852895	-2.57020713038501	-0.256501727481727	-0.453466251142636	-2.42090017287681	-0.0193604409693257	-0.0163414276100278
0.910933821852895	-2.59372220033655	-0.257228945232859	-0.452545359544682	-2.28392654390446	-0.12339264802325	0.19952985918103
0.920933821852895	-2.61592360013258	-0.258913897538622	-0.44949547178395	-2.15831330632866	-0.210747606259205	0.409461458215335
0.921895589003984	-2.61799387799149	-0.259120203664573	-0.449092101163014	-2.14685733598368	-0.218242842207273	0.429341361587096
0.931895589003984	-2.64006890015964	-0.260130326837295	-0.444045141075976	-2.26732699443475	0.0154857088439341	0.579808428273598
0.941895589003984	-2.66332455458477	-0.258824778522884	-0.437500441430614	-2.38303959934723	0.244929771464033	0.728922949319564
0.951895589003984	-2.68771503552156	-0.255245149691417	-0.429470513620447	-2.49435674678447	0.470350144370823	0.876888022420743
0.961895589003984	-2.7131983925256	-0.249430143686535	-0.419965834069542	-2.60168593986796	0.692061491335242	1.02390709156462
0.971895589003984	-2.73973693135172	-0.241415098766733	-0.408994854214056	-2.70546900751135	0.91042015699339	1.17018126641739
0.981895589003984	-2.7672975001124	-0.231231631491124	-0.396564037219447	-2.80617068672872	1.12581212099242	1.31590663837047
0.991895589003984	-2.79585166081026	-0.218907401384185	-0.382677921982517	-2.90426706548005	1.33864072923818	1.46127149072194
1.00189558900398	-2.82537574341842	-0.204466000796421	-0.36733921597166	-3.00023360468855	1.54931387131751	1.60645330492495
1.01189558900398	-2.85585154924701	-0.187925976269978	-0.350549086144155	-3.09420684076508	1.75780838839474	1.75168597994127
1.02189558900398	-2.88713118984409	-0.169475915086829	-0.332278391425267	-3.14946088583229	1.91633179444945	1.90505125410192
1.03189558900398	-2.91860675078766	-0.149902616987769	-0.312399056716191	-3.13476377897551	1.98420319743105	2.07306550467469
1.04189558900398	-2.9496257526813	-0.130052492429147	-0.29077616464013	-3.05986599585876	1.97390140824996	2.25335562900787
1.05189558900398	-2.97963809354823	-0.110640525355967	-0.267299062246916	-2.93517416251511	1.89881932045461	2.44351455070113
1.06189558900398	-3.0081978389469	-0.0922473569190014	-0.241880596738974	-2.77105026040456	1.77234655501321	2.64126291822587
1.07189558900398	-3.03496021693104	-0.075307898514779	-0.214503557222616	-2.57711782242502	1.61280681562265	2.82552796943164
1.08189558900398	-3.05966345711739	-0.0600209159161037	-0.185585580957047	-2.3601457083407	1.44363162197345	2.94742913219301
1.09189558900398	-3.08210401955291	-0.0464450801884381	-0.15576298172824	-2.12541963518294	1.27147429569664	3.00696822325381
1.10189558900398	-3.10212853684873	-0.0345850888254441	-0.125641998194294	-1.87768168230359	1.1011869548437	3.00780331808573
1.11189558900398	-3.11962834373196	-0.024402101534011	-0.0957873329335572	-1.62113311580813	0.936641100118943	2.95453733711511
1.12189558900398	-3.13453411857608	-0.0158231535031791	-0.0667139129193883	-1.35944295338848	0.78080121367827	2.85249082237305
1.13189558900398	-3.14681061626121	-0.00874987482997609	-0.0388806576992752	-1.09576003563006	0.635796782762876	2.70751380681448
1.14189558900398	-3.15645227744973	-0.00307514477208405	-0.0126549397023149	-0.833018793841034	0.499961551512153	2.53682990054532
1.15189558900398	-3.16348543139915	0.00126857235042327	0.0118523288212463	-0.574577268082666	0.370051053602167	2.36441448362368
1.16189558900398	-3.16796723085217	0.0043565332732532	0.034628413429534	-0.323134723827222	0.249307441020504	2.19052173075582
1.17189558900398	-3.16997811389442	0.00629384124470179	0.0556565423004252	-0.0806667322334177	0.140271736607682	2.01476593085764
1.18189558900398	-3.16961495454078	0.00720675728417375	0.0749165241620495	0.151503968271922	0.0446477984303615	1.83685086719864
1.19189558900398	-3.16698489196332	0.00723476627201718	0.0923856732327292	0.372634215804335	-0.0366070748777026	1.65657273844409
1.20189558900398	-3.16219992902762	0.00652361316822858	0.108039697494828	0.582480873289895	-0.103180920929101	1.47381275002069
1.21189558900398	-3.15537234093275	0.0052193695067024	0.12185350634249	0.781218948243935	-0.15530302465177	1.28852844691992
1.22189558900398	-3.14661090086267	0.00346353817723629	0.133801926739949	0.969360534413776	-0.193640933315929	1.10074415410882
1.23189558900398	-3.13601790163026	0.00138916934279629	0.143860321223064	1.14767702740503	-0.219201662831283	0.910540985969603
1.24189558900398	-3.12368693085672	-0.000882066683514226	0.152005105887118	1.31712646487036	-0.233239432583557	0.718046915131311
1.25189558900398	-3.10970134137955	-0.00324192385869928	0.158214171318008	1.47878732327385	-0.237171623913673	0.523427365290919
1.26189558900398	-3.0941333475553	-0.00559683049665476	0.162467213771763	1.63379965569952	-0.232504102932047	0.326876727850178
1.27189558900398	-3.07704367125202	-0.00786844234020355	0.16474598747935	1.78331407042458	-0.22076656854146	0.128611114328398
1.28189558900398	-3.05848165801034	-0.00999360042994862	0.16503449159011	1.92844872315783	-0.203458174283206	-0.0711374407032495
1.28691637165999	-3.04861939075775	-0.0109895648476714	0.164424472115202	2.00000000000012	-0.193119226444333	-0.171909762852498
1.29691637165999	-3.02791491421486	-0.0128079435739841	0.161698620772874	2.14050116054775	-0.170086409473425	-0.373424893707252
1.30691637165999	-3.00581580829011	-0.0143839080144343	0.156953118453767	2.27906599829446	-0.144833298663215	-0.575796493285629
1.31691637165999	-2.98233744523636	-0.0157009143731195	0.150180717851422	2.41647108562995	-0.118466427770433	-0.778759706195845
1.32691637165999	-2.95748819405086	-0.0167542920632958	0.141382407244317	2.55329469454759	-0.0928524928427175	-0.978803795653963
1.33691637165999	-2.93127505639907	-0.0175886749514487	0.130711444274619	2.68905921565685	-0.0756896244162115	-1.14925340425533
1.34691637165999	-2.90371444952953	-0.0182988503977092	0.11851920574118	2.82258966925299	-0.0677486129480026	-1.28316131680573
1.35691637165999	-2.87483474029323	-0.0189688141815442	0.105167077706584	2.95267737325643	-0.0673528156589121	-1.38143011345716
1.36691637165999	-2.84467636278139	-0.0196650064251555	0.0910045950839579	3.07812950746728	-0.0726856442155001	-1.44551751331862
1.37691637165999	-2.81329132096329	-0.0204354464083644	0.076364257960454	3.19783483018233	-0.0818960505297995	-1.47735913010222
1.38691637165999	-2.78074209700833	-0.0213098569072546	0.0615571601689209	3.31081669081823	-0.0931895804934026	-1.47928715251719
1.39691637165999	-2.7471000947613	-0.0223006160169005	0.0468694236769073	3.41627297904002	-0.104902739441158	-1.45395068347665
1.40691637165999	-2.71244374818404	-0.0234043685302217	0.0325594168631201	3.51360327521005	-0.115560583834407	-1.40423879128001
1.41691637165999	-2.67685641915368	-0.0246041315443505	0.0188557246890923	3.60242399737972	-0.123918118755878	-1.33320723035687
1.42691637165999	-2.64042419903966	-0.0258717374219131	0.00595582973469348	3.6825727171191	-0.128986585578948	-1.24400967867623
1.43691637165999	-2.60323371551451	-0.0271704699302413	-0.00597454476699908	3.75410304092846	-0.130046068810016	-1.13983420767865
1.44691637165999	-2.56537003153468	-0.0284577647853607	-0.0168014851732534	3.81727154412779	-0.126646051973354	-1.02384554830552
1.45691637165999	-2.52691470855424	-0.0296878626344444	-0.0264223910358656	3.87251823077431	-0.118595637447772	-0.899133548429362
1.46691637165999	-2.48794409165974	-0.0308143197270988	-0.0347649952269099	3.92044191286366	-0.105945147779856	-0.76866804191375
1.47691637165999	-2.44852786092782	-0.0317922984947597	-0.0417859650882294	3.96177179040947	-0.0889607789494514	-0.635260179082958
1.48691637165999	-2.40872788106794	-0.0325805766240852	-0.0474691488154532	3.99733640014346	-0.0680939065200809	-0.501530114144146
1.49691637165999	-2.36859737023868	-0.0331432288501664	-0.0518235295766901	4.02803100393194	-0.043946572102734	-0.369880816895598
1.50691637165999	-2.32818039859099	-0.0334509506215371	-0.0548809470326755	4.05478441707813	-0.0172346090182185	-0.242477680506711
1.51691637165999	-2.28751171734186	-0.0334820070583049	-0.0566936423125103	4.0785262299828	0.0112501973851801	-0.121233536953553
1.52691637165999	-2.24661690981182	-0.0332228042603913	-0.0573316784571161	4.1001553449915	0.0406775840975599	-0.00779866547171759
1.53691637165999	-2.2055128467884	-0.0326680929616195	-0.0568802841888785	4.12051071988693	0.0702146653006466	0.0964446177948464
1.54691637165999	-2.16420841986654	-0.0318208265942253	-0.0554371648547845	4.14034516528554	0.0990590128158925	0.190383176520227
1.55691637165999	-2.12270551827398	-0.0306917067495849	-0.0531098206912554	4.16030297172562	0.126467938763679	0.273170428281622
1.56691637165999	-2.08100020743973	-0.0292984584412432	-0.050012909248276	4.1809020340894	0.151783126229556	0.344220187376038
1.57691637165999	-2.03908406159654	-0.0276648851131681	-0.046265685875627	4.20252099240818	0.174449960802867	0.40319725344525
1.58691637165999	-1.9969455984215	-0.0258197586335139	-0.0419895535280094	4.22539172157518	0.194031155286786	0.45000500038582
1.59691637165999	-1.95457176145363	-0.0237956022987955	-0.0373057506503913	4.24959728658926	0.210214520782568	0.484770212907148
1.60691637165999	-1.91194939601353	-0.0216274250031276	-0.0323332033979734	4.27507524815567	0.222815004645375	0.507825427437543
1.61691637165999	-1.86906666666521	-0.0193514622242775	-0.0271865657686277	4.30162597238474	0.231771372059202	0.519689058186102
1.62691637165999	-1.82591436880929	-0.0170039745419042	-0.0219744682493128	4.32892538548087	0.237138135598552	0.521043624251696
1.63691637165999	-1.78248709351493	-0.0146201473999097	-0.0167979922170084	4.35654143584955	0.239073520641773	0.512712434583228
1.64691637165999	-1.73878421277341	-0.0122331272569225	-0.011749383559021	4.383953394731	0.237824382395054	0.495635128688233
1.65691637165999	-1.69481066147426	-0.00987321972823199	-0.00691101481265001	4.41057305023102	0.233709056405283	0.47084250689378
1.66691637165999	-1.65057750199723	-0.00756726543341627	-0.00235460064532922	4.43576683091426	0.227099128409053	0.439431110210586
1.67691637165999	-1.60610226681487	-0.00533819962677134	0.00185933318271484	4.45887793105741	0.218401056263774	0.402538023224437
1.68691637165999	-1.5614090833993	-0.00320479282879008	0.00568173197150009	4.47924759283735	0.208038476026451	0.361316372108553
1.69691637165999	-1.51652859360005	-0.00118156201187557	0.0090750545989668	4.49623482058475	0.196435888391694	0.316911973291871
1.70691637165999	-1.47149768620224	0.000721164294007138	0.0120130900632597	4.50923394656	0.184004264330009	0.270441557102463
1.71691637165999	-1.42635906640272	0.00249704817236074	0.0144805657407034	4.5176896241372	0.1711289432397	0.222972946235963
1.72691637165999	-1.3811606893933	0.00414343588092633	0.0164725685787991	4.52110898150441	0.158160035068151	0.175507513152471
1.73691637165999	-1.33595508715532	0.00566096827209629	0.0179938033675879	4.5190708176007	0.14540538915828	0.128965175820597
1.74691637165999	-1.29079861807301	0.00705313350789724	0.01905771447575	4.51123185495404	0.13312606381125	0.0841721201472296
1.75691637165999	-1.24575066824444	0.00832578629958257	0.019685498949044	4.49733017672937	0.121534125805059	0.0418513625980163
1.76691637165999	-1.20087283162707	0.00948665577736178	0.0199050396239246	4.47718606524507	0.110792530033279	0.00261619058989025
1.77691637165999	-1.15622809362928	0.0105448613083224	0.0197497869106808	4.45070052594748	0.101016775722896	-0.0330335561577123
1.78691637165999	-1.1118800396794	0.0115104523760169	0.0192576171761235	4.41785182526494	0.0922780055817279	-0.0647124704895395
1.79691637165999	-1.06789210688324	0.0123939852363078	0.0184696942577779	4.3786903948233	0.0846072049569706	-0.0921480001050536
1.80691637165999	-1.02432689331133	0.0132061456629808	0.0174293586433446	4.33333246075795	0.0780001663309668	-0.115176534165516
1.81691637165999	-0.981245535901983	0.0139574238507339	0.0161810663427923	4.2819527481934	0.0724229066733676	-0.133737426833299
1.82691637165999	-0.938707164559674	0.0146578445740492	0.0147693965716476	4.22477659037391	0.0678172577515131	-0.147865264965971
1.83691637165999	-0.896768436875075	0.0153167530949224	0.0132381441675979	4.16207174235117	0.0641063890924522	-0.157680710051555
1.84691637165999	-0.855483155068933	0.0159426551248624	0.0116295092967114	4.09414016332964	0.0612000668053982	-0.163380255512722
1.85691637165999	-0.814901964316416	0.0165431074023035	0.00998339358679539	4.02130999225624	0.0589994961997817	-0.165225240177691
1.86691637165999	-0.775072129567282	0.017124654145891	0.00833680846309726	3.94392790024086	0.0574016397797414	-0.163530447941679
1.87691637165999	-0.736037386345375	0.0176928037666039	0.00672339825384187	3.86235196280129	0.0563029429173223	-0.158652603743272
1.88691637165999	-0.697837859776414	0.0182520397307993	0.00517307766342317	3.7769451562856	0.0556024359170863	-0.150979048556773
1.89691637165999	-0.660510045229973	0.0188058593138481	0.00371178054590914	3.68806954732362	0.0552042123451525	-0.140916842923343
1.90691637165999	-0.624086843434319	0.0193568341146398	0.00236131459933376	3.59608121263386	0.0550193088881325	-0.128882511430518
1.91691637165999	-0.588597642688501	0.0199066865562083	0.00113931467245294	3.50132589947012	0.0549670314930334	-0.115292601268811
1.92691637165999	-0.554068440808994	0.0204563771186724	5.92858436378383e-05	3.4041354146422	0.0549757863017027	-0.100555188174318
1.93691637165999	-0.520521999661092	0.0210061976823841	-0.000869273705581966	3.30482471234256	0.0549834823732949	-0.0850624241341984
1.94691637165999	-0.487978025493035	0.0215558670518172	-0.00164068075712706	3.2036896377095	0.0549375770125737	-0.0691841843723469
1.95691637165999	-0.456453368771084	0.0221046254413986	-0.00225281720098101	3.10100527376007	0.0547948344340552	-0.0532628372700876
1.96691637165999	-0.425962237769162	0.0226513253980262	-0.00270683347794288	2.99702483354052	0.0545208652874887	-0.0376091306770405
1.97691637165999	-0.396516420764423	0.0231945172842423	-0.00300681634111448	2.89197903652604	0.0540895090409511	-0.0224991619524276
1.98691637165999	-0.368125512303655	0.0237325280314732	-0.00315943151738364	2.78607590790559	0.0534821141085557	-0.00817237725197618
1.99691637165999	-0.340797139612877	0.0242635323820084	-0.00317355121418162	2.67950094088207	0.0526867625863633	0.00516947194039208
2.00691637165999	-0.314537185807732	0.0247856162652596	-0.00305987562670131	2.57241756502135	0.051697478090413	0.0173625003745
2.01691637165999	-0.289350007113117	0.0252968322972455	-0.00283055669719867	2.46496786756904	0.0505134469360977	0.0282800834343046
2.02691637165999	-0.265238641809185	0.0257952476552054	-0.00249883139867575	2.35727351916062	0.0491382751131611	0.0378315749275376
2.03691637165999	-0.242205009082598	0.0262789847677982	-0.00207867079426871	2.24943686018181	0.0475792964502802	0.0459604514071721
2.04691637165999	-0.220250096374715	0.0267462553836443	-0.00158445009111382	2.14154210895631	0.0458469411932947	0.052641985961712
2.05691637165999	-0.199374134182389	0.0271953886464244	-0.00103064388917351	2.03365665776566	0.0439541690313465	0.0578805518359382
2.06691637165999	-0.179576757583693	0.02762485382334	-0.000431549843052671	1.92583242730922	0.0419159664228166	0.06170665172073
2.07691637165999	-0.160857154033157	0.0280332783154764	0.000198956974343886	1.81810725449778	0.0397489048760362	0.0641737624844545
2.08691637165999	-0.14321419720224	0.0284194615330652	0.000847637579852778	1.71050629238401	0.0374707545691953	0.0653550778872633
2.09691637165999	-0.126646566834893	0.0287823851546771	0.00150206981904004	1.603043404535	0.0351001462638563	0.0653402237688681
2.10691637165999	-0.111152854749227	0.029121220214888	0.00215079639778985	1.49572253923843	0.0326562737733095	0.0642320116390751
2.11691637165999	-0.0967316572486748	0.0294353313867523	0.00278344088353264	1.3885390716122	0.0301586291766103	0.0621432877993799
2.12691637165999	-0.0833816543135539	0.0297242787491212	0.00339079288031188	1.28148110397956	0.0276267634029817	0.0591939263155067
2.13691637165999	-0.0711016760303551	0.0299878172589219	0.00396486402175342	1.17453071681172	0.0250800656313244	0.0555080055394064
2.14691637165999	-0.0598907567846635	0.0302258940882399	0.00449891678126292	1.06766516416447	0.0225375560423797	0.0512111996033604
2.15691637165999	-0.0497481777974165	0.0304386439376229	0.00498746837353874	0.960858008890489	0.0200176877208115	0.0464284085033183
2.16691637165999	-0.0406734986255259	0.030626382401634	0.00542627222095293	0.854080194037896	0.0175381548356068	0.0412816431474652
2.17691637165999	-0.0326665782789509	0.0307895974405983	0.00581227958851347	0.747301047793898	0.015115705546368	0.0358881751357377
2.18691637165999	-0.0257275866285461	0.0309289390032469	0.00614358405851989	0.640489220140934	0.0127659593204927	0.0303589550986508
2.19691637165999	-0.0198570067937556	0.0310452068474435	0.00641935152750812	0.533613550099483	0.010503229446341	0.0247972981804719
2.20691637165999	-0.0150556292072344	0.0311393366188048	0.00663973837062327	0.426643863067368	0.00834035244930296	0.0192978307056788
2.21691637165999	-0.0113245380554182	0.031212384267852	0.00680580033908214	0.319551698356022	0.00628852683437966	0.0139456882073216
2.22691637165999	-0.00866509079020878	0.0312655089132461	0.0069193946416452	0.212310967586601	0.00435716407708167	0.00881595179788475
2.23691637165999	-0.00707889139758803	0.031299954289449	0.00698307751747137	0.104898545155356	0.00255375506291534	0.00397330729482735
2.24691637165999	-0.00656775809418502	0.0313170289496649	0.00699999944148508	-0.0027052074884044	0.000883755243826577	-0.000528090465699503
2.25691637165999	-0.00713368610277896	0.0313180854271297	0.00697379992011615	-0.110515981487217	-0.000649508344153171	-0.00464456712713819
2.26691637165999	-0.00877880613254253	0.0313044985879304	0.00690850364019456	-0.218545121377334	-0.00204490534929701	-0.00834271205982503
2.27691637165999	-0.0115053391597832	0.0312776434350174	0.00680841953161052	-0.326799283809336	-0.00330354323501341	-0.0115990157841971
2.28691637165999	-0.0153155480703631	0.0312388726447115	0.0066780440993052	-0.435280150518373	-0.00442877938411863	-0.0143993820902457
2.29691637165999	-0.0202116866863545	0.0311894941329108	0.00652197017595015	-0.543984191499106	-0.00542620289428074	-0.0167385351207339
2.30691637165999	-0.0261959466574407	0.0311307489578086	0.00634480204652115	-0.65290247403301	-0.00630358542893205	-0.0186193411355405
2.31691637165999	-0.0332704026528462	0.0310637898690114	0.00615107770261102	-0.762020512989383	-0.0070708011441067	-0.0200520638741469
2.32691637165999	-0.0414369562430366	0.0309896608095188	0.00594519880003088	-0.871318157686644	-0.0077397163506335	-0.0210535714275981
2.33691637165999	-0.0506972788130341	0.0309092776673961	0.0057313687198616	-0.980769510565658	-0.00832405017019228	-0.0216465113624182
2.34691637165999	-0.061052753801977	0.0308234105586253	0.00551353897206775	-1.09034287299694	-0.00883920798493976	-0.0218584695462107
2.35691637165999	-0.072504418517565	0.0307326679022111	0.00529536403313325	-1.20000071372045	-0.00930208995059136	-0.0217211267441785
2.36691637165999	-0.0850529057303411	0.0306374825238914	0.00508016457562893	-1.30969965569886	-0.00973087723380772	-0.0212694256204908
2.37691637165999	-0.0986983852124003	0.0305380999965896	0.0048708989285759	-1.4193904775474	-0.0101447989428238	-0.0205407593179801
2.38691637165999	-0.113440505349053	0.0304345693948552	0.00467014250304089	-1.52901812617873	-0.0105638829460407	-0.0195741913304452
2.39691637165999	-0.129278334921073	0.0303267366077949	0.00448007482746024	-1.63852173785753	-0.0110086939209861	-0.0184097149469771
2.40691637165999	-0.146210305130183	0.0302142403211302	0.00430247376139264	-1.74783466548484	-0.0115000620526851	-0.0170875591571377
2.41691637165999	-0.164234151921982	0.0300965107447087	0.00413871639421691	-1.85688451061066	-0.0120588058154651	-0.0156475465762698
2.42691637165999	-0.183346858649051	0.0299727711275942	0.00398978608603963	-1.965593159389	-0.0127054522362398	-0.0141285076954463
2.43691637165999	-0.203544599112815	0.0298420420692344	0.00385628507095308	-2.07387682242402	-0.0134599579618758	-0.0125677545914122
2.44691637165999	-0.224822681025867	0.0297031486024709	0.00373845201688891	-2.18164607919213	-0.0143414343497281	-0.0110006161563349
2.45691637165999	-0.24717548994694	0.0295547299925677	0.0036361839206815	-2.28880592844329	-0.0153678796795649	-0.00946003593063649
2.46691637165999	-0.270596433758222	0.0293952521660856	0.00354906171058116	-2.39525584666881	-0.0165559214562458	-0.00797623274746218
2.47691637165999	-0.295077887778756	0.0292230226543898	0.00347637893031878	-2.50088985735395	-0.0179205716432692	-0.00657642362493704
2.48691637165999	-0.320611140637754	0.0290362079088021	0.00341717288790351	-2.60559661429684	-0.0194749975429156	-0.00528460767054235
2.49691637165999	-0.347186341066923	0.0288328528178427	0.00337025766764542	-2.70925950275427	-0.0212303109219916	-0.00412140918699907
2.50691637165999	-0.374792445810518	0.0286109022315689	0.00333425842449237	-2.81175676255802	-0.0231953778731051	-0.00310397768543233
2.51691637165999	-0.40341716889473	0.0283682242736384	0.00330764640477651	-2.91296163762018	-0.0253766517972171	-0.00224594211218655
2.52691637165999	-0.433046932543117	0.0281026351983923	0.00328877416607975	-3.01274255640324	-0.0277780317885464	-0.00155741627203429
2.53691637165999	-0.463666820070776	0.0278119255279916	0.00327591050043774	-3.11096334796387	-0.0304007485898358	-0.00104505217317245
2.54691637165999	-0.4952605311357	0.027493887183602	0.00326727459889671	-3.2074834980832	-0.0332432801547945	-0.000712137818127846
2.55563865590493	-0.523598775598384	0.0271924665226578	0.00326178881513634	-3.29016962310866	-0.0358987847274202	-0.000568408329824013
2.56563865590493	-0.558751880831956	0.0288210945341796	0.00389985999170299	-3.73977842936026	0.361156915657871	0.128185017233128
2.57563865590493	-0.598378480113414	0.0344036747183352	0.00582523059850313	-4.1846226187319	0.754626054522542	0.256859359070744
2.58563865590493	-0.642423278461589	0.0438959876120808	0.00903606789866444	-4.62314465263113	1.14279859022105	0.385238228532408
2.59563865590493	-0.6908145579324	0.057235505487962	0.0135281269076874	-5.05361626710509	1.52372027697712	0.513054811558556
2.60563865590493	-0.743462446891073	0.0743388906819011	0.0192942269433538	-5.47413514542823	1.89518280748035	0.639988397479556
2.61563865590493	-0.800257200552743	0.0950994628549286	0.0263237057496728	-5.88263083579543	2.25472798084671	0.765663487460469
2.62563865590493	-0.86106759509432	0.119384790778526	0.0346018806746295	-6.27688186376047	2.5996689281635	0.889652220310487
2.63563865590493	-0.92573160247599	0.147024298751232	0.0441111411419358	-6.64735632070535	2.91782809476638	1.01291673298516
2.64563865590493	-0.993633282535373	0.177261812009782	0.0549151600009875	-6.91103493375266	3.10201984941391	1.15115377507651
2.65563865590493	-1.06354413541491	0.208552388301025	0.0671925573182334	-7.05220137797774	3.13244357389428	1.3069110167847
2.66563865590493	-1.13432928337966	0.239478574581832	0.0810983720549304	-7.0889836373192	3.03326887206532	1.47616550800337
2.67563865590493	-1.20503822976094	0.268869175720531	0.0967474923201836	-7.04008730471382	2.82951145657087	1.65491127740877
2.68563865590493	-1.27490727851559	0.295803012119049	0.114215258564989	-6.92403735089294	2.54597824081301	1.83926212120228
2.6905888336122	-1.3089969389958	0.308008860361869	0.123548005688467	-6.84722364979473	2.38344431861697	1.93145135616182
2.7005888336122	-1.37586893046391	0.329751961797677	0.142016482983244	-6.52381471452845	1.9623331121689	1.76178142663341
2.7105888336122	-1.43940785208697	0.347201693938228	0.15877519709618	-6.18079587772099	1.52507503868806	1.58957845500936
2.7205888336122	-1.49942341605419	0.360205809341479	0.173801114061548	-5.81935212607674	1.07352264620561	1.41529217952242
2.7305888336122	-1.55573787851176	0.368630834229271	0.187075412890654	-5.44080849005037	0.609578241187778	1.2393157876447
2.7405888336122	-1.6081874789492	0.372362579729376	0.198582935078202	-5.04663801996961	0.135197589534294	1.06198939612601
2.7505888336122	-1.65662396364058	0.371306717880136	0.208311681639811	-4.63847050819539	-0.347600950620291	0.883605924237489
2.7605888336122	-1.70091619801506	0.365389473810009	0.216252377346343	-4.2181015153072	-0.836722384897793	0.704418541273807
2.7705888336122	-1.74095187040851	0.354558481812708	0.22239811474671	-3.78750162937546	-1.32997637852452	0.524649099649441
2.7805888336122	-1.77663928996547	0.338783850898959	0.226744085947354	-3.34882605334749	-1.82505411579411	0.344497217949582
2.7905888336122	-1.80790928216937	0.31805948202299	0.229287407965857	-2.90442451963767	-2.31950123332576	0.164149912848217
2.79973203913209	-1.83259571459406	0.294794911657269	0.230034316371543	-2.49525552168978	-2.7688004482773	-0.000759475158575218
2.80973203913209	-1.85530732285873	0.264672154766314	0.229125503927943	-2.0471982394862	-3.25453038861639	-0.180958599275355
2.81973203913209	-1.87354737603287	0.22973391484442	0.226416397510121	-1.6014572203834	-3.7313686459069	-0.360780726299325
2.82973203913209	-1.88735477743037	0.190085385484709	0.221911952888276	-1.16121617239271	-4.19601719697972	-0.539982321724357
2.83973203913209	-1.89680130793417	0.14586601926434	0.215619773268345	-0.729863619727107	-4.64492324041136	-0.718275383638608
2.84973203913209	-1.90199329263272	0.0972516766221943	0.207550664405672	-0.311352734880986	-5.07379424345447	-0.89539591913555
2.85973203913209	-1.90338093617942	0.0448554093565803	0.197656940407294	-0.000145889497035288	-5.36109902847519	-1.0892578071013
2.86973203913209	-1.90264129789827	-0.00912873092957191	0.185657733459139	0.118350821691906	-5.39698168486811	-1.31530708661086
2.87973203913209	-1.90155642703206	-0.0623773947465345	0.171269137800572	0.0741769308494059	-5.220914333623	-1.56586459624355
2.88973203913209	-1.90159198033275	-0.112981637193926	0.154283455505646	-0.100147423523439	-4.875375986889	-1.83351903750983
2.89973203913209	-1.90378572231975	-0.159589182024407	0.134583664180599	-0.341677612800894	-4.44201448030959	-2.1055828361585
2.90973203913209	-1.90847730131746	-0.201752167047636	0.112190382711254	-0.599059596177837	-3.98730770901821	-2.37213851741612
2.91973203913209	-1.91581110232696	-0.23927522341335	0.0871597889059583	-0.869699574231313	-3.51456368664851	-2.63302873455138
2.92973203913209	-1.92590713881263	-0.271993823483055	0.0595488898207863	-1.15109663875511	-3.02692911798908	-2.88819691423107
2.93973203913209	-1.93886086980966	-0.299774248417486	0.0294152003757677	-1.44084930257685	-2.52743835287805	-3.13750217701229
2.94973203913209	-1.95474434530795	-0.322511256142847	-0.00318576863698646	-1.73672125427185	-2.01959658061451	-3.3785722474742
2.95973203913209	-1.97361097333656	-0.340216499324147	-0.0378937305321004	-2.03716891900269	-1.52473216952152	-3.54825647371453
2.96973203913209	-1.99549377363635	-0.353074579675093	-0.0738655326155902	-2.33942684290592	-1.05046205813966	-3.63237185619241
2.97973203913209	-2.02039484576332	-0.361299841997936	-0.110278311600573	-2.64028718259969	-0.598408967958773	-3.63766174344719
2.98973203913209	-2.04828416969753	-0.365121137647991	-0.146381485257641	-2.93660626739935	-0.169781528359243	-3.57180122250782
2.99973203913209	-2.0790999343032	-0.364778846083243	-0.181504253395806	-3.223259550072	0.231794975719603	-3.44249198230331
3.00973203913209	-2.11257076368814	-0.360740512225924	-0.21506478071477	-3.45966881792163	0.561879578831622	-3.26652756608698
3.01973203913209	-2.14807183989412	-0.353813387020914	-0.246786041285606	-3.62970681026495	0.810247089307234	-3.07541334981223
3.02973203913209	-2.18495472893304	-0.344793110962449	-0.276529268155694	-3.73675120979524	0.981424514708962	-2.87117730028045
3.03973203913209	-2.22261369531264	-0.334420878313971	-0.304171477659531	-3.78588690988402	1.08186041567764	-2.65551684815612
3.04973203913209	-2.26050042435407	-0.323365122173366	-0.32960799521327	-3.78343701782532	1.11956527690283	-2.43037823666257
3.05973203913209	-2.29813417833032	-0.312208634327827	-0.352754397750119	-3.73652381741918	1.10356972800895	-2.19784753959699
3.06973203913209	-2.3351077608735	-0.301440901636274	-0.373547384955471	-3.65267083395565	1.04342506946457	-1.96004673331124
3.07973203913209	-2.37108974087339	-0.29145517368833	-0.391944666215394	-3.53945388512395	0.948758505196634	-1.71904172638327
3.08973203913209	-2.40582345878476	-0.282549658250821	-0.407924007450531	-3.40420734642884	0.828893896947016	-1.47676684708897
3.09973203913209	-2.4391233876185	-0.274932149827018	-0.421481614589732	-3.25378915298441	0.692545213165726	-1.23496783320805
3.10973203913209	-2.47086944064842	-0.268727347459301	-0.432630039893338	-3.09440495296733	0.547585275768305	-0.995163251778835
3.11973203913209	-2.50099980701071	-0.26398611472884	-0.441395788352551	-2.93148889367818	0.400887918955016	-0.758622729668741
3.12973203913209	-2.52950285872241	-0.260695973190865	-0.447816780121193	-2.76963614226464	0.258237955086913	-0.526359463251799
3.13973203913209	-2.55640861478549	-0.258792190606336	-0.451939797463933	-2.61258059300783	0.124300721144669	-0.299134127871538
3.14973203913209	-2.58178017739226	-0.258168915957494	-0.453818015989178	-2.46321029478042	0.00264148575703338	-0.0774673790135587
3.15973203913209	-2.60570547867482	-0.258689913760511	-0.453508693326607	-2.32361284382509	-0.10421552492099	0.138341539667106
3.16510256168823	-2.61799387799149	-0.259387888068988	-0.45246033960262	-2.25317556700219	-0.154909799732728	0.251782059221955
3.17510256168823	-2.64114055449662	-0.259755580314375	-0.449186462799782	-2.37527075970118	0.0805728948222295	0.40273577059521
3.18510256168823	-2.66548206120478	-0.257792034972533	-0.444410453194264	-2.49219845976635	0.311376519839202	0.552240970182074
3.19510256168823	-2.69096852807509	-0.253542766124685	-0.438145817319941	-2.60432918004849	0.537767240561595	0.700494089268425
3.20510256168823	-2.71755405623268	-0.247050321818603	-0.430404080530074	-2.71208464167438	0.760070012991424	0.847694480536112
3.21510256168823	-2.74519717070886	-0.23835375808786	-0.421194771147436	-2.815925975462	0.97865626841809	0.994041762560852
3.22510256168823	-2.77386115704424	-0.227488234356815	-0.41052543081348	-2.91634225129729	1.19393190028131	1.1397332184576
3.23510256168823	-2.80351428352009	-0.214484729032034	-0.398401651013723	-3.01383902409283	1.40632518016071	1.28496114501604
3.24510256168823	-2.83412953414673	-0.19937036190848	-0.384827055512124	-3.10897755729344	1.6163402598815	1.4298988532134
3.25510256168823	-2.86568105289425	-0.182172952621269	-0.369802624399153	-3.1975493646881	1.81830524032898	1.57574263567483
3.26510256168823	-2.89787224428326	-0.163273434047701	-0.353268361360115	-3.22866569087892	1.94603345345761	1.73362948676895
3.27510256168823	-2.93003040833041	-0.143542539083186	-0.335083699223993	-3.19261776098382	1.9867174262329	1.90541476045998
3.28510256168823	-2.96153500085448	-0.12378534712459	-0.315121914800324	-3.09969826974201	1.95353543451342	2.08864761357193
3.29510256168823	-2.99186986339393	-0.104672945544076	-0.293280554198482	-2.96042023411691	1.86001354986752	2.28094355715602
3.30510256168823	-3.02062337788354	-0.0867416596387796	-0.269480276981551	-2.78511711587925	1.71949611323555	2.48007666885567
3.31510256168823	-3.0474849391319	-0.0703972843073274	-0.243662620867482	-2.58360989577332	1.54462130372457	2.68429610854064
3.32510256168823	-3.07223757539975	-0.0559074039448234	-0.215842653829912	-2.36454322486687	1.35317382526179	2.8705329344151
3.33510256168823	-3.09473568544839	-0.0433160252966821	-0.186474595086666	-2.13341499853827	1.16641853549299	2.99196969865598
3.34510256168823	-3.11487875493618	-0.032546702407114	-0.156219484081326	-1.89412894094807	0.98932398811874	3.04857504880368
3.35510256168823	-3.13260198007676	-0.0234878285883409	-0.125705006885454	-1.64993852437563	0.824710976611217	3.04463577217765
3.36510256168823	-3.1478701747787	-0.0160047139958718	-0.0955114806425145	-1.40352607823953	0.674399853254084	2.9853054223443
3.37510256168823	-3.16067241154598	-0.00994886444597091	-0.0661641873132792	-1.15707180822029	0.539354679442286	2.87640442508845
3.38510256168823	-3.17101730837286	-0.00516573361102307	-0.0381280782546373	-0.912310441098218	0.419896440343417	2.72396177514966
3.39510256168823	-3.17892974125724	-0.00151179963183624	-0.0117663882507619	-0.670946412667608	0.311920876915787	2.54816835731527
3.40510256168823	-3.18445519292966	0.00109744078701663	0.0128318541898223	-0.435245750408696	0.211368511673128	2.37126240874069
3.41510256168823	-3.18765920231858	0.00274762733498218	0.0356540093540908	-0.206890488046899	0.120409544407296	2.19290383544434
3.42510256168823	-3.1886213108302	0.00354253714217966	0.0566842635934916	0.0129887177986176	0.0405011725692562	2.01284746170489
3.43510256168823	-3.18742986759527	0.00359731073688293	0.0759047121326886	0.223750198313529	-0.0275274424721011	1.83091935246921
3.44510256168823	-3.18417747039596	0.0030325913150585	0.093296043280776	0.425174487091012	-0.0833904686985948	1.64701101520292
3.45510256168823	-3.17895708783792	0.00196952774952323	0.108838160167203	0.61739536790349	-0.127258008018204	1.46107273517548
3.46510256168823	-3.1718588701935	0.000525650250577667	0.122510732497487	0.800831496684103	-0.159669470955853	1.27310629414462
3.47510256168823	-3.162967632024	-0.00118840309176589	0.134293673773127	0.976120733263825	-0.181450416785574	1.08315740383854
3.48510256168823	-3.15236097104193	-0.00307135421995389	0.144167542932486	1.14405878908217	-0.193634893144644	0.891308217458453
3.49510256168823	-3.14010797396085	-0.00503301022839831	0.152113872979449	1.30554333845222	-0.197394738570051	0.697670271751034
3.50510256168823	-3.12626845062873	-0.00699532055861282	0.158115432502515	1.46152434637021	-0.193976819941537	0.502378170017917
3.51510256168823	-3.11089263193847	-0.00889284869639134	0.16215642879257	1.61296102960246	-0.184648755595671	0.305584254434543
3.52510256168823	-3.09402126429701	-0.0106727444684322	0.164222663398427	1.7607855854749	-0.170653317868885	0.107454444664527
3.53510256168823	-3.07568603328996	-0.0122943034405041	0.164301652364188	1.90587359097738	-0.153171412004491	-0.0918346528886966
3.54166596015033	-3.06286773193522	-0.0132579754145152	0.163268093110232	2	-0.140331404248766	-0.223177149866142
3.55166596015032	-3.04215548676921	-0.0145577893471375	0.160032962614271	2.14225972190899	-0.119420033202371	-0.423973670914635
3.56166596015033	-3.02002533239474	-0.0156435797716904	0.154786464328786	2.28367721344083	-0.0976654370507096	-0.625416424331573
3.57166596015032	-2.99648302261923	-0.0165108543683472	0.147523183846181	2.42476673607242	-0.0758332067367111	-0.827293812022858
3.58166596015033	-2.97153016049116	-0.0171676446482955	0.138259520157716	2.56573662658815	-0.056885105221229	-1.02105121754814
3.59166596015032	-2.94517204318363	-0.0176828517959113	0.127222047447249	2.7055871809756	-0.0477589655934222	-1.1803855880506
3.60166596015033	-2.91742661113126	-0.0181519782836445	0.114771906785898	2.84297669109046	-0.0473706159998391	-1.30370812868141
3.61166596015032	-2.88832518227277	-0.0186531306174984	0.101264499275073	2.97656619498272	-0.0538394931093131	-1.39206394500332
3.62166596015033	-2.85791223459644	-0.0192450689301481	0.0870419104309032	3.10507542507231	-0.0651992807188993	-1.44704991472073
3.63166596015032	-2.82624449346772	-0.0199669339060166	0.0724279746649669	3.22734430492392	-0.0795078841299014	-1.47070605139415
3.64166596015033	-2.79338947828271	-0.0208389248119109	0.0577242414172561	3.342380981356	-0.0949317208681934	-1.46543628030019
3.65166596015032	-2.7594236362687	-0.0218637338528669	0.043206723651696	3.44939640204097	-0.109812679790646	-1.43393135252631
3.66166596015033	-2.72443019581821	-0.0230285642885778	0.0291234026026979	3.54782596407773	-0.122718014647603	-1.37909482858852
3.67166596015032	-2.68849686392292	-0.024307565617627	0.0156924537938961	3.6373392468068	-0.132474053719077	-1.30397297246454
3.68166596015033	-2.65171348035054	-0.0256645303489713	0.00310115144182491	3.71783917401839	-0.13818505882886	-1.21168929405911
3.69166596015032	-2.61416972673463	-0.0270557117990027	-0.00849459843158599	3.78945213115538	-0.139238858769092	-1.10538435651006
3.70166596015033	-2.57595297314281	-0.0284326394651116	-0.0189701513276312	3.85251061360883	-0.135301033503144	-0.988161323675478
3.71166596015033	-2.53714632909585	-0.0297448265733597	-0.028231503173687	3.90752993555611	-0.126299466573121	-0.863037567274691
3.72166596015033	-2.49782695121329	-0.0309422824470432	-0.0362142163196008	3.95518042228782	-0.112401048336529	-0.732902491337628
3.73166596015033	-2.45806464608054	-0.031977759803183	-0.0428819549310616	3.99625637778663	-0.0939822347183389	-0.600481574972291
3.74166596015033	-2.41792079466579	-0.0328086836626409	-0.0482246913743373	4.03164299142513	-0.0715950714773464	-0.468306494222424
3.75166596015033	-2.37744761353293	-0.0333987241840294	-0.0522566431976601	4.06228224082861	-0.0459301999143659	-0.338691069354617
3.76166596015033	-2.33668775794345	-0.0337189904543538	-0.0550139973373582	4.0891387690876	-0.0177782741943223	-0.213712701425428
3.77166596015033	-2.29567426244531	-0.0337488361755085	-0.0565524745451499	4.11316666075278	0.0120088578605884	-0.0951989135896676
3.78166596015032	-2.25443080550279	-0.0334762813179714	-0.0569447830817213	4.13527800230932	0.0425559367022549	0.0152814035553161
3.79166596015033	-2.21297227604821	-0.0328980661224459	-0.0562780067487452	4.15631407491687	0.0729998503155502	0.116422432594193
3.80166596015033	-2.17130561160172	-0.0320193651568891	-0.0546509685678312	4.17701997507779	0.102521895297099	0.207181916193616
3.81166596015033	-2.12943087001778	-0.0308531992176391	-0.052171608005247	4.19802337957039	0.130375804654231	0.286778011043513
3.82166596015032	-2.08734249029803	-0.0294195913652486	-0.0489544066377187	4.219818055776	0.15591078309821	0.354682789383742
3.83166596015033	-2.04503069263685	-0.0277445199506427	-0.0451178945226851	4.2427525645024	0.178589001570189	0.410612635742679
3.84166596015032	-2.00248296431608	-0.0258587257901191	-0.0407822671715197	4.26702441288949	0.19799724272079	0.45451576678571
3.85166596015033	-1.95968557655178	-0.0237964324507979	-0.0360671407761299	4.29267969917214	0.213852646789923	0.486557098848066
3.86166596015032	-1.91662507811575	-0.0215940378073673	-0.0310894710396667	4.31961806280606	0.226002767611465	0.507100701205071
3.87166596015033	-1.8732897145508	-0.0192888316861166	-0.0259616584516887	4.34760252934096	0.234420394087343	0.51669010124438
3.88166596015032	-1.82967072694376	-0.0169177887560383	-0.0207898600001608	4.37627363659218	0.239193806428254	0.516026746295058
3.89166596015033	-1.78576349122131	-0.014516478251771	-0.0156725240483976	4.4051670625501	0.240513304135905	0.505946970587038
3.90166596015032	-1.74156846736151	-0.0121181231381498	-0.0106991614018389	4.43373385787711	0.238654953717903	0.487397858954536
3.91166596015033	-1.6970919372439	-0.00975283154751321	-0.00594936148022262	4.46136232365074	0.233962553476175	0.461412436150903
3.92166596015032	-1.65234651952791	-0.00744701335647487	-0.00149205807694389	4.48740056964195	0.226828801111123	0.429084637664527
3.93166596015033	-1.6073514593991	-0.00522298520219071	0.00261495545215918	4.51117883611396	0.217676583307535	0.391544531654336
3.94166596015032	-1.56213269976302	-0.00309875857140875	0.00632526643108845	4.53203075488642	0.206941195010444	0.3499342603678
3.95166596015033	-1.51672274809707	-0.00108799821558339	0.00960384801057935	4.54931285234264	0.195054152449484	0.305385152742102
3.96166596015033	-1.4711603594135	0.000799867694058624	0.012426843064784	4.56242174591387	0.182429101770879	0.258996428454046
3.97166596015033	-1.42549006048106	0.00255940843743786	0.014781144672064	4.57080864416715	0.169450157490871	0.211815868908024
3.98166596015033	-1.37976154356017	0.0041888479330812	0.0166637944969822	4.57399091798222	0.156462843306622	0.16482277452373
3.99166596015033	-1.33402895948373	0.00568964450896777	0.018081223265016	4.57156065743939	0.14376766108829	0.118913462555938
4.00166596015033	-1.28835014010246	0.00706601913492343	0.0190483597102724	4.56319025932492	0.131616188414258	0.0748894881163475
4.01166596015033	-1.24278577909941	0.00832445647385156	0.0195876358286276	4.54863519935361	0.120209504431409	0.0334486957570749
4.02166596015033	-1.19739859818771	0.00947320071305204	0.0197279169603583	4.5277342292423	0.109698669413976	-0.00482086735797081
4.03166596015032	-1.15225252297206	0.0105217651257793	0.0195033851607791	4.5004073013763	0.10018693455775	-0.0394442203340404
4.04166596015033	-1.10741188950737	0.0114804709337219	0.0189524035243031	4.46665156410315	0.0917333332866057	-0.070060013545957
4.05166596015033	-1.06294069904217	0.012360027515001	0.0181163876611319	4.42653579073158	0.0843573007431893	-0.096418567652908
4.06166596015033	-1.01890193477719	0.0131711625191806	0.0170387084629445	4.38019360777281	0.0780439807349987	-0.118377619708204
4.07166596015032	-0.97535695086469	0.0139243071644513	0.0157636477294666	4.32781587580462	0.0727499055497989	-0.13589605436081
4.08166596015032	-0.932364940449931	0.0146293390197644	0.0143354252704078	4.26964255262313	0.0684087701047239	-0.149025931664626
4.09166596015033	-0.889982486415541	0.0152953819978914	0.0127973128642995	4.20595433605526	0.0649370644113917	-0.157903144557786
4.10166596015033	-0.848263195702062	0.0159306611529209	0.0111908470674713	4.13706434574199	0.0622393741981011	-0.162737048640701
4.11166596015032	-0.807257415689754	0.0165424082069668	0.00955514944032434	4.06331006191022	0.0602132059962045	-0.163799405003533
4.12166596015032	-0.767012029158048	0.0171368125200851	0.00792635940393654	3.98504569686427	0.0587532377824293	-0.161412964546156
4.13166596015033	-0.727570322790024	0.0177190114382961	0.00633718175542525	3.90263513352713	0.0577549375566452	-0.155940000896483
4.14166596015033	-0.688971923043657	0.0182931135651423	0.00481654793752868	3.81644552636438	0.0571175286903912	-0.147771070337683
4.15166596015032	-0.651252792438699	0.0188622484493391	0.00338938754108061	3.72684162456744	0.0567463116381445	-0.137314242922691
4.16166596015032	-0.614445278868988	0.0194286364053089	0.00207650426454061	3.63418084623535	0.0565543762294254	-0.124985011039437
4.17166596015033	-0.578578210398407	0.0199936726228964	0.000894548690305013	3.53880910591015	0.0564637572103924	-0.1111970418745
4.18166596015033	-0.543677028086818	0.0205580203167421	-0.000143921226106422	3.44105737632657	0.0564060982568492	-0.0963539001333435
4.19166596015032	-0.509763949671045	0.0211217083581393	-0.00103030212524209	3.34123894851543	0.0563228968660126	-0.0808418284223075
4.20166596015032	-0.476858157349597	0.0216842295724428	-0.0017597405309759	3.23964734213885	0.0561654050571776	-0.0650236360394793
4.21166596015033	-0.444976003445269	0.0222446366306042	-0.00233087265267523	3.13655480968103	0.0558942594792929	-0.0492337134492591
4.22166596015033	-0.414131228310241	0.0228016331798293	-0.00274551992020634	3.03221137333361	0.0554789101807063	-0.0337741600575217
4.23166596015033	-0.384335185461402	0.0233536585197595	-0.00300835121497756	2.92684433152238	0.054896910768265	-0.0189119874445946
4.24166596015032	-0.355597069563858	0.0238989647189881	-0.00312652227266641	2.82065817245072	0.0541331247333145	-0.00487733911994139
4.25166596015032	-0.327924143496941	0.0244356855713807	-0.00310930205663037	2.71383483424201	0.0531788940237093	0.00813734887922809
4.26166596015033	-0.301321961324683	0.0249618972079921	-0.00296769507807404	2.60653425476138	0.0520312070586781	0.0199773347742174
4.27166596015033	-0.275794584540649	0.025475670508889	-0.00271406771046339	2.4988951585613	0.0506918947682463	0.0305248020781825
4.28166596015032	-0.251344789458439	0.0259751157043402	-0.0023617855489058	2.3910360332715	0.0491668752305196	0.039697436806814
4.29166596015033	-0.227974264070657	0.0264584197239685	-0.00192486783392588	2.28305625285271	0.0474654603152004	0.047446454702312
4.30166596015033	-0.205683793099282	0.0269238769548038	-0.00141766392274648	2.1750373102319	0.0455997315665385	0.0537541814796231
4.31166596015033	-0.184473430310398	0.0273699141150344	-0.000854555774978832	2.06704412676415	0.0435839874436472	0.0586312859804387
4.32166596015032	-0.164342657468341	0.0277951099503215	-0.000249689444349964	1.95912641060356	0.0414342599891966	0.0621137611279288
4.33166596015032	-0.145290529561818	0.0281982104243273	0.000383262349617237	1.85132004033078	0.0391678959795362	0.0642597411203386
4.34166596015033	-0.127315806151466	0.0285781400145666	0.00103130534349371	1.74364845403196	0.0368031955454155	0.0651462357618626
4.35166596015033	-0.110417068869003	0.0289340096478659	0.00168229608698642	1.63612402743235	0.0343591000429924	0.0648658545473914
4.36166596015032	-0.0945928252468182	0.0292651217245959	0.00232508175953397	1.5287494276574	0.0318549204843025	0.0635235843983046
4.37166596015033	-0.0798415991781095	0.0295709725941973	0.00294960826540992	1.42151893174423	0.0293100979809611	0.0612336760543723
4.38166596015033	-0.0661620084052864	0.0298512527618706	0.00354699793201549	1.31441970118464	0.0267439882883661	0.0581166852873701
4.39166596015033	-0.0535528295122396	0.0301058450319113	0.00410959855443191	1.20743300558717	0.0241756635363524	0.0542967065021175
4.40166596015032	-0.042013050957516	0.0303348207301041	0.00463100586353142	1.1005353900452	0.0216237254787806	0.0498988280809545
4.41166596015032	-0.0315419147331268	0.0305384340977748	0.00510606174953153	0.993699782036416	0.0191061259809951	0.0450468311251
4.42166596015033	-0.0221389472702008	0.0307171149144356	0.00553083075334266	0.886896534705842	0.0166399918944138	0.0398611461373217
4.43166596015033	-0.0138039802397475	0.030871459384476	0.00590255745065993	0.78009440424487	0.0142414528591232	0.0344570757340875
4.44166596015032	-0.00653716191588726	0.0310022193152976	0.00621960740520958	0.673261459814897	0.0119254718603107	0.0289432857072729
4.45166596015032	-0.000338959781142749	0.0311102896183269	0.00648139436484795	0.56636592511345	0.00970567948992212	0.0234205616906639
4.46166596015033	0.00478984494061998	0.0311966941786736	0.00668829632436686	0.459376951272778	0.00759421379337125	0.0179808243228259
4.47166596015033	0.00884817013770679	0.0312625701617303	0.00684156298882052	0.352265321340296	0.00560156828936432	0.0127063921194322
4.48166596015033	0.0118346523699017	0.0313091508534746	0.00694321704768347	0.24500408713192	0.00373645122932345	0.00766947824758411
4.49166596015032	0.0137476724634673	0.0313377471633398	0.00699595151957972	0.137569139783491	0.00200565941398005	0.00293190499624689
4.50166596015032	0.0145853864876535	0.031349727952051	0.00700302525570852	0.0299397158530937	0.000413969921308313	-0.00145498208160171
4.51166596015033	0.0143457614796543	0.0313464993797316	0.00696815850299742	-0.0779011586537639	-0.00103594705675569	-0.00545021966468476
4.52166596015033	0.0130266153112031	0.0313294835000723	0.00689543023052939	-0.185966283462269	-0.00234359139388345	-0.00902297190778151
4.53166596015032	0.0106256601211279	0.0313000963529178	0.00678917871950376	-0.294263955062476	-0.00351066980693637	-0.0121521359134124
4.54166596015033	0.00714054877386683	0.0312597258290968	0.0066539067119787	-0.40279768982024	-0.00454110437016784	-0.0148258278950085
4.55166596015033	0.00256892384366309	0.0312097095968572	0.00649419221047917	-0.511565995010343	-0.00544101152754603	-0.0170407701489283
4.56166596015033	-0.00309153133270997	0.0311513133883912	0.00631460582231596	-0.620562183312139	-0.00621865102067464	-0.0188015983222706
4.57166596015032	-0.00984303994604975	0.031085709947456	0.0061196353517506	-0.729774226085867	-0.00688434480851694	-0.0201201075960274
4.58166596015032	-0.0176876777114817	0.0310139589351292	0.00591361816210325	-0.839184640620345	-0.00745036669002827	-0.0210144553428997
4.59166596015033	-0.0266273178873879	0.0309369880806361	0.00570068166025649	-0.948770406517043	-0.00793080392963349	-0.0215083366073835
4.60166596015033	-0.0366635755839851	0.0308555758485029	0.00548469209907688	-1.05850290645718	-0.00834139271098187	-0.0216301474308814
4.61166596015032	-0.0477977515823795	0.0307703358727158	0.00526921175001131	-1.16834788678932	-0.00869932969424294	-0.0214121496417758
4.62166596015033	-0.0600307758406689	0.0306817033839112	0.0050574643691348	-1.27826543367225	-0.00902306231907557	-0.0208896492815359
4.63166596015033	-0.0733631508229525	0.0305899238277214	0.00485230876554286	-1.38820996090817	-0.00933206077662283	-0.0201001993716912
4.64166596015033	-0.0877948947508596	0.030495043842115	0.00465622018124085	-1.49813020609504	-0.00964657477094886	-0.0190828362682741
4.65166596015032	-0.103325484846283	0.0303969047297115	0.00447127910639106	-1.60796923230381	-0.00998737830836364	-0.0178773574222905
4.66166596015032	-0.119953800609286	0.0302951385283761	0.00429916708253408	-1.71766443313381	-0.0103755058000948	-0.0165236469859606
4.67166596015033	-0.137678067157127	0.0301891667505703	0.00414116898863254	-1.82714753970164	-0.0108319827499116	-0.0150610543908469
4.68166596015033	-0.156495798639591	0.0300782018294952	0.00399818125977067	-1.93634462885992	-0.0113775542352319	-0.0135278297886024
4.69166596015032	-0.176403741742592	0.0299612512784553	0.00387072545524771	-2.04517613270395	-0.0120324142901924	-0.0119606190981197
4.70166596015032	-0.19739781929638	0.0298371245393933	0.003758966570703	-2.15355685018963	-0.0128159391743838	-0.0103940203518755
4.71166596015033	-0.219473074016744	0.0297044424673932	0.00366273547681834	-2.26139596243554	-0.0137464273729802	-0.00886020208418301
4.72166596015033	-0.242623612426901	0.029561649370197	0.00358155486403594	-2.36859705399927	-0.0148408490330186	-0.00738858365744233
4.73166596015033	-0.266842549034089	0.0294070274954193	0.00351466807756969	-2.47505814308429	-0.0161146074050591	-0.00600557667958645
4.74166596015032	-0.292121950867463	0.0292387138330821	0.00346107023874443	-2.58067172423348	-0.017581314735459	-0.00473438602493887
4.75166596015032	-0.318452782522135	0.0290547190771972	0.00341954106636919	-2.6853248275829	-0.0192525849456573	-0.00359486842785013
4.76166596015033	-0.345824851897153	0.0288529485672391	0.00338867883448274	-2.78889909917159	-0.0211378453419147	-0.0026034461682601
4.77166596015033	-0.37422675686177	0.0286312250083189	0.00336693492950928	-2.89127090711672	-0.0232441695197966	-0.00177307300366297
4.78166596015032	-0.403645833133638	0.0283873127475876	0.00335264849981568	-2.99231147866001	-0.0255761335573986	-0.00111324921444248
4.79166596015033	-0.434068103702945	0.0281189433637954	0.003344080723143	-3.09188707316043	-0.0281356975222513	-0.000630082409738238
4.80166596015033	-0.465478230187155	0.0278238423070626	0.00333944825176897	-3.18985919604638	-0.0309221142391882	-0.000326390578656003
4.81166596015033	-0.497859466550285	0.0274997563069141	0.00333695543102187	-3.28608485854228	-0.0339318671684405	-0.000201843756061116
4.81941221949078	-0.5235987755983	0.0272273848085041	0.0033353638046531	-3.35932992963865	-0.0364128922154408	-0.000226501597236528
4.82941221949078	-0.559442674631284	0.0288499599483542	0.00397677170747159	-3.80876294773622	0.360450939681803	0.128510409650058
4.83941221949078	-0.599757843659337	0.034424233889178	0.00590530774531426	-4.253333229665	0.753656226752365	0.257166505442822
4.84941221949078	-0.644487856705388	0.0439051112127412	0.0091191056631203	-4.69145297632303	1.14146126048913	0.385522044754901
4.85941221949078	-0.69355955455646	0.0572288599898709	0.0136138502816864	-5.12136226756822	1.52187798974061	0.5133062532348
4.86941221949078	-0.746881304486716	0.0743105944468652	0.0193822487220592	-5.5411266440543	1.89266335034585	0.640194010528211
4.87941221949078	-0.804341281181411	0.0950417397250959	0.0264134810331612	-5.9486441019963	2.25132487843025	0.765805166776817
4.88941221949078	-0.865805872797857	0.119287636861992	0.0346926602087844	-6.34166343770583	2.59514362482889	0.889707227124299
4.89941221949078	-0.931110695652316	0.146875587945026	0.0442018634378293	-6.71092202121608	2.91229682683374	1.01279892296234
4.90941221949078	-0.999646105766532	0.177058549640577	0.0550026287529593	-6.97417653128085	3.0966079295385	1.15061236354699
4.91941221949078	-1.07018540143597	0.208294943940629	0.0672722476674544	-7.11471881024308	3.12699944019185	1.3058854454488
4.92941221949078	-1.14159188335456	0.239166074042075	0.0811650938609349	-7.15070570049682	3.02768634366188	1.47458514435739
4.93941221949078	-1.21291342620165	0.268499830371558	0.0967953228654118	-7.10086100348658	2.82371570818345	1.65270040237862
4.94941221949078	-1.28338492786029	0.295374480542818	0.114237497416508	-6.98373545369074	2.53993458778504	1.83634115359699
4.95309422222335	-1.30899693899575	0.304508071398295	0.121124544675298	-6.92721827138926	2.42010455147869	1.90460972755479
4.96309422222335	-1.37666458165959	0.32661357297303	0.139325163998611	-6.602887687736	1.9980866600629	1.73505061347579
4.97309422222335	-1.4409881017827	0.344414726916396	0.155817120539547	-6.25858446399356	1.55954735548604	1.56295868538884
4.98309422222335	-1.50177372836909	0.357755779885423	0.170577436375308	-5.89552330402453	1.10638774424628	1.38879445944583
4.99309422222335	-1.55884055636516	0.366500254537574	0.183587454501163	-5.51506377311561	0.640561788717724	1.21296187742376
5.00309422222335	-1.61202203009263	0.370531484695253	0.194832286630483	-5.11871746898667	0.164078650081304	1.03581151301772
5.01309422222335	-1.66116750324375	0.369753203190258	0.204300306361829	-4.70815604361754	-0.320989244897705	0.857646282268641
5.02309422222335	-1.70614388115521	0.364090236478767	0.211982708368235	-4.28521959305782	-0.812492983544826	0.678728814617948
5.03309422222335	-1.7468373482611	0.353489355900507	0.217873146933226	-3.85192530678755	-1.30818909902744	0.499289869784866
5.04309422222335	-1.7831551835882	0.337920332757953	0.22196746227702	-3.41047643799973	-1.80571693497514	0.319537439692658
5.05309422222335	-1.81502766753809	0.317377240421427	0.224263500722852	-2.96327156153732	-2.30257201393667	0.139666410925809
5.05931668332025	-1.83259571459418	0.302091550018751	0.224784397925246	-2.68323448512944	-2.6102254333719	0.0277670225749164
5.06931668332025	-1.85717348910761	0.273533908485362	0.224163560739052	-2.23232183559457	-3.10020536748781	-0.151884787553319
5.07931668332025	-1.87724720456229	0.24011454307912	0.221748057643409	-1.78293240428627	-3.58204704714135	-0.331129039305948
5.08931668332025	-1.89284774326562	0.201930943600663	0.217543129983464	-1.33823174677588	-4.0524874463293	-0.509726947466365
5.09931668332025	-1.9040386868751	0.159114483638369	0.211556596556098	-0.901591428246013	-4.50801293651627	-0.687399769944407
5.10931668332025	-1.91091821070214	0.111832813289557	0.203799323277721	-0.476500401479903	-4.94495404102897	-0.863804422475772
5.11931668332025	-1.91370508436827	0.0604013666522607	0.194268699746007	-0.107472301919022	-5.30649050988731	-1.04680504773963
5.12931668332025	-1.91372231494071	0.00655748446333638	0.182752102745364	0.0725515832636863	-5.4212502959834	-1.26165000832628
5.13931668332025	-1.91283302729242	-0.0472693049254966	0.168945842693055	0.0789881200370676	-5.30983868022211	-1.50345693269478
5.14931668332025	-1.91261437496829	-0.0990251410187613	0.152618218338928	-0.0561036337029594	-5.0141995434997	-1.76470922705787
5.15931668332025	-1.91428743974041	-0.147120480150559	0.133615900671345	-0.285730581623186	-4.59539497792155	-2.035692918437
5.16931668332025	-1.91839525541683	-0.190844712852936	0.111920541764851	-0.538414960060245	-4.14597875134993	-2.30245255924114
5.17931668332025	-1.92510303079723	-0.229976139708846	0.0875855927520756	-0.80528795096021	-3.67738505081902	-2.56359245880341
5.18931668332025	-1.93453969914965	-0.264339344554454	0.0606676517699978	-1.08376934908828	-3.19286547771959	-2.81904728357488
5.19931668332025	-1.94680879208567	-0.293790727937746	0.0312235719539569	-1.37136737280427	-2.69552110726698	-3.06883298006367
5.20931668332025	-1.96198955576426	-0.318216850112323	-0.00068994307068112	-1.66573823571522	-2.18861736811231	-3.31179332518347
5.21931668332025	-1.98014063490957	-0.337592101874028	-0.0348137867339702	-1.96516175701663	-1.68959889584288	-3.49813579289249
5.22931668332025	-2.00130121161149	-0.352075423252648	-0.070365299915954	-2.26710592131283	-1.21054961802196	-3.59831285207681
5.23931668332025	-2.02548035588634	-0.361875536268103	-0.106514351059429	-2.56833167763597	-0.753219909984947	-3.61881492644925
5.24931668332025	-2.05265471436402	-0.36721681711788	-0.142500819465632	-2.86562522968096	-0.318972566397827	-3.56710692771732
5.25931668332025	-2.08276971054314	-0.368334902931464	-0.177642947191112	-3.15597889439281	0.0913067783098488	-3.45134054153319
5.26931668332025	-2.11567870019971	-0.365548537673767	-0.211346858751774	-3.4150916567408	0.451919471152957	-3.28410692868865
5.27931668332025	-2.15084664648644	-0.359575126693918	-0.243268134563749	-3.60744408968554	0.729201024719385	-3.09778966803471
5.28931668332025	-2.1876121047422	-0.351228629555478	-0.273257692421249	-3.73521663412774	0.927327657983987	-2.89799771171782
5.29931668332025	-2.22535083469085	-0.341273270438084	-0.301188417540451	-3.80299301537238	1.05210459299823	-2.68631412389918
5.30931668332025	-2.26349180260071	-0.330405972895712	-0.326950546965931	-3.81675272899691	1.11109181208313	-2.46460820698645
5.31931668332025	-2.30152885117571	-0.319241608869342	-0.350453985677967	-3.78341922320341	1.11305017832085	-2.23492592873098
5.32931668332025	-2.33902803691012	-0.308303604739246	-0.37162953226642	-3.71044655842016	1.06742583732355	-1.99938283695276
5.33931668332025	-2.37563106020081	-0.298019461122039	-0.390429078751605	-3.60545259398524	0.983885145690387	-1.760067063886
5.34931668332025	-2.41105528963619	-0.288720621291473	-0.406824914067447	-3.47590561869583	0.871911762060253	-1.5189577302967
5.35931668332025	-2.44509093983169	-0.280646020355521	-0.420808301323706	-3.32886893776546	0.740474495915539	-1.27786156517019
5.36931668332025	-2.47759599238279	-0.273948582596233	-0.432387515454392	-3.17080489380957	0.597770138288841	-1.03836829021085
5.37931668332025	-2.5084894488394	-0.268703915408504	-0.441585524088635	-3.00743675321346	0.451040881939275	-0.801823566389214
5.38931668332025	-2.53774347540872	-0.264920473151297	-0.448437476318953	-2.84366428834456	0.306461891871952	-0.56931717963011
5.39931668332025	-2.56537494722266	-0.26255052468341	-0.452988137759321	-2.68352697567523	0.169091563105867	-0.341683623618273
5.40931668332025	-2.59143683278173	-0.261501343312614	-0.45528938130977	-2.53020756615471	0.042875124964883	-0.119512192020435
5.41931668332025	-2.61600978379147	-0.261646136257837	-0.455397815289393	-2.38606829435678	-0.0693085840960338	0.0968360458377836
5.42015023526812	-2.61799387799158	-0.26170752307687	-0.455309690473474	-2.37452342914223	-0.0779600785898244	0.114600643854391
5.43015023526812	-2.64236212373111	-0.261296503773285	-0.453405512345384	-2.4981711353303	0.159301206015652	0.265965630715641
5.44015023526812	-2.66793877413117	-0.258538376914774	-0.449995456187762	-2.61626314687922	0.391501635719581	0.415807378146708
5.45015023526812	-2.69467014285444	-0.253482425299915	-0.445093809113232	-2.72918385925862	0.618917879921742	0.564315988073587
5.46015023526812	-2.72250667478901	-0.246174841122329	-0.438712930503215	-2.83737305851239	0.841889255484084	0.711686449000773
5.47015023526812	-2.75140343924828	-0.236658162300544	-0.430863216482741	-2.94131388471973	1.06080527114257	0.85811599471317
5.48015023526812	-2.78132050532747	-0.22497083094861	-0.421553090229117	-3.04152124313313	1.27609358625685	1.00380155935455
5.49015023526812	-2.81222320229054	-0.211146871782719	-0.410789017679899	-3.13853034792639	1.48820800361533	1.14893722541908
5.50015023526812	-2.8440822704599	-0.195215684586836	-0.398575550458067	-3.23292623006741	1.69766945873545	1.29370255342338
5.51015023526812	-2.87684112197034	-0.17724444930676	-0.384908253670167	-3.30987670181042	1.8850160993482	1.44162190441279
5.52015023526812	-2.91003873364898	-0.157827057424343	-0.36969270233944	-3.31803331639628	1.98342841024626	1.60388887212934
5.53015023526812	-2.94298669690272	-0.137854673344116	-0.352786620835573	-3.26168059205759	1.99822881900827	1.77931181317638
5.54015023526812	-2.97509255383432	-0.118096060262067	-0.334070889126032	-3.15139355657159	1.94296164845992	1.96541131747961
5.55015023526812	-3.00587032257765	-0.0991832837097263	-0.313450740652247	-2.99782311144839	1.8313304093853	2.15981327069802
5.56015023526812	-3.03493928109766	-0.0816127429355997	-0.290854257717025	-2.81131172711928	1.67668653204093	2.3603329721549
5.57015023526812	-3.06201924281182	-0.0657508874135352	-0.266230203972889	-2.6015773784809	1.49160593526633	2.565024490661
5.58015023526812	-3.08692304537698	-0.0518435892224064	-0.239545783376568	-2.37746665652153	1.28769285714933	2.77176244746641
5.59015023526812	-3.10954466075239	-0.0399954978818063	-0.210900357714219	-2.14600865560443	1.08438163711544	2.94573286378304
5.60015023526812	-3.12983118532182	-0.030100228094957	-0.180863823526035	-1.91092339689211	0.897645699448035	3.05028915908941
5.61015023526812	-3.14775952785295	-0.0219803362370008	-0.150113114973444	-1.67473637872006	0.729546356542625	3.08931662934757
5.62015023526812	-3.16332859189802	-0.0154440079893548	-0.119279509849279	-1.43933560830865	0.581004209899664	3.06776477529314
5.63015023526812	-3.17655346830682	-0.0102949534075097	-0.088940715623583	-1.20608933422079	0.452027363031752	2.99136357923152
5.64015023526812	-3.18746077296176	-0.00634055492063443	-0.0596140934312471	-0.9759503547327	0.341903794018501	2.86641877223968
5.65015023526812	-3.19608493812119	-0.00339819018364417	-0.0317519091248531	-0.749555185025471	0.249172246019622	2.70031617921883
5.66015023526812	-3.20246784969699	-0.00132519154994801	-0.00564631658788107	-0.527958569735311	0.166649843430396	2.52061826454628
5.67015023526812	-3.20666477629445	-3.81877036299243e-05	0.0186565993669303	-0.312545548973609	0.0922100857375505	2.33975898003795
5.68015023526812	-3.20874241796678	0.000549848451418125	0.0411444560305159	-0.104216144596276	0.0270044484682589	2.15757936688697
5.69015023526812	-3.20877440029372	0.000534873610780163	0.0618033244254646	0.096534613295851	-0.0283244689391313	1.97394268587747
5.70015023526812	-3.20683750953503	1.69767708416613e-05	0.0806181522119338	0.289559965753455	-0.0735806091880319	1.78876019033819
5.71015023526812	-3.2030085008485	-0.000903718669394699	0.0975732183680958	0.475003182279034	-0.108940887038835	1.60198599891882
5.72015023526812	-3.19736148708743	-0.00213041962293036	0.112652534586524	0.653240025570351	-0.134882549155777	1.41361160163416
5.73015023526812	-3.18996589179355	-0.00357231590162661	0.125840190875854	0.824823704832752	-0.152113714059663	1.22366023803101
5.74015023526812	-3.18088493451196	-0.00514656133122007	0.137120645411332	0.990433644517157	-0.1615087750896	1.03218141364304
5.75015023526812	-3.17017460530764	-0.0067796383602284	0.146478961340225	1.15082900083413	-0.164049857512239	0.839245816320778
5.76015023526812	-3.15788307777526	-0.00840817087251929	0.153900995737025	1.30680752025761	-0.160775098490805	0.644940865330452
5.77015023526812	-3.14405050536249	-0.00997925575507333	0.159373548020298	1.45917004855898	-0.15273415970063	0.449367081798731
5.78015023526812	-3.12870914396558	-0.0114503863217215	0.162884476771325	1.60869076194928	-0.140951082059659	0.252635416811821
5.79015023526812	-3.1118837440352	-0.0127890405152779	0.164422794986527	1.75609300009998	-0.126394346189298	0.0548656193278037
5.80015023526812	-3.09359215741717	-0.0139720044299112	0.163978754354952	1.90203043064666	-0.109953806989762	-0.143814325750727
5.8069001502906	-3.08042278706552	-0.0146747170465194	0.162554094367507	2.00000000000082	-0.0981964364598159	-0.278367593076202
