=========================== Parameters =====================================
l1 [m]	l2 [m]	l3 [m]	c1 [m]	c2 [m]	c3 [m]	m1 [kg]	m2 [kg]	m3 [kg]
0.1
0.1
0.4858
0.5
0.1
0.7
0.1564
0.23764
0.1564
============================== Data ========================================
t [s]	th1 [rad]	th2 [rad]	th3 [rad]	th1d [rad/s]	th2d [rad/s]	th3d [rad/s]
0	0	0	0	0	0	0
0.01	-0.00113436676308451	-0.000545910474949488	0.00135666394664842	-0.23087963460852	-0.0323061824523016	0.187106973892076
0.02	-0.00459741069330154	-0.000429408815446179	0.00344935009437206	-0.459739212640367	0.053981580356721	0.229859913723323
0.03	-0.0102878959195186	0.000489922011984748	0.00593331391050564	-0.676269157784664	0.127631256353112	0.265935341731176
0.04	-0.0180808883431025	0.00207854242037363	0.00874741723911307	-0.880248037335811	0.188042440425518	0.295660903208143
0.05	-0.0278512744444477	0.00420719663544146	0.0118251852897996	-1.07177809452357	0.235629472886063	0.318733583714838
0.06	-0.0394761920966168	0.00675234697563281	0.015097438528803	-1.2512334489123	0.271535355659312	0.33447051313804
0.07	-0.0528373103800713	0.00959966980582093	0.0184922343493376	-1.41913383035989	0.296366894346261	0.343090958397766
0.08	-0.0678224911577747	0.0126435373897912	0.0219385104633952	-1.57615600551237	0.310766034522203	0.345060386883679
0.09	-0.0843270861115625	0.0157858145802799	0.0253699229171685	-1.72316546022137	0.316246025601266	0.340155577132023
0.1	-0.102255369731974	0.018940540602043	0.0287219562398538	-1.8610375206456	0.313213611248299	0.329500098210762
0.11	-0.121520964370841	0.0220291674161983	0.0319384903672873	-1.99080578970012	0.303328591315324	0.313025569830224
0.12	-0.142047739080732	0.0249858001642315	0.0349673405147871	-2.11345574133179	0.287118959337452	0.291941441719786
0.13	-0.163769772568073	0.0277534940747057	0.037764781260329	-2.23002868215373	0.265697634478566	0.266880680797639
0.14	-0.18663144793586	0.0302854761741786	0.0402944648722373	-2.3415498846046	0.240109627115951	0.238549284981387
0.15	-0.210587236953456	0.0325451095675158	0.0425272935793805	-2.44899837929088	0.211201133651266	0.207829204791913
0.16	-0.235601155858425	0.0345040332910324	0.0444428858974448	-2.55333887036834	0.180281366972315	0.17504919160778
0.17	-0.261646387460842	0.0361447226968011	0.0460260913425868	-2.65539724175376	0.147670742645157	0.14148992910688
0.18	-0.288704219627752	0.0374558168415521	0.0472708940046058	-2.75598914212302	0.114581088945296	0.107378197451213
0.19	-0.316763445191395	0.0384351412596728	0.0481759942335635	-2.85577835948647	0.0813705068336724	0.0737100442976712
0.2	-0.345819158128474	0.0390859040268538	0.0487474366064275	-2.95537512113413	0.048956954991017	0.0407456359946887
0.21	-0.375871877472114	0.0394181855315143	0.04899553187236	-3.05524948554121	0.0177435419965403	0.00913316389129287
0.22	-0.406926344719176	0.0394466917659571	0.048935643236594	-3.15577717223231	-0.0117237944909785	-0.0207911896038656
0.23	-0.438990453990135	0.0391906412351266	0.0485866746621306	-3.25721222999074	-0.039098075229129	-0.0486453874613302
0.24	-0.47207410184224	0.0386726553609745	0.0479706018513361	-3.35969681911383	-0.0641049301252973	-0.0741343282088386
0.25	-0.506188057819173	0.0379177731436644	0.0471118914685665	-3.46326906456717	-0.0864654143715053	-0.0971278273674683
0.254989768265418	-0.523598775598299	0.0374608668327181	0.046600695709697	-3.51533716387575	-0.0965876814172531	-0.107625661513381
0.264989768265418	-0.560868174511079	0.0341948144942253	0.0508446492821924	-3.93790341313274	-0.554053082107141	0.95287652235964
0.274989768265418	-0.602343702631641	0.0264615279932078	0.0655512281151344	-4.35653061222364	-0.986917890231928	1.98117222020268
0.284989768265418	-0.647985171334696	0.0146049657058818	0.0902808764987534	-4.77107676454873	-1.37513281025243	2.95317952103363
0.294989768265418	-0.697753476764681	-0.000775978658485197	0.124290939073305	-5.18431027325107	-1.63870951151829	3.77840012060934
0.304989768265418	-0.751871119167744	-0.0135312823720468	0.160709988681297	-5.64378456439895	-0.788809569043613	3.36782750306681
0.314989768265418	-0.810621304366339	-0.0160323175418836	0.191039721398442	-6.10384561554929	0.277217591739449	2.70862194718814
0.324989768265418	-0.873889263107102	-0.00835892191833238	0.215245488224724	-6.54654559550211	1.23710138694056	2.15231873965991
0.334989768265418	-0.9414855991355	0.00832033911715511	0.234455903382384	-6.96927050821202	2.08037806230823	1.70672600971903
0.344989768265418	-1.01320334555223	0.0329048928638172	0.249686574698955	-7.37059440007746	2.82046669714024	1.35317106954996
0.354989768265418	-1.08882128457369	0.0644269815065189	0.261767439426966	-7.74905672817442	3.4696948595643	1.0741107917198
0.364989768265418	-1.16810285305993	0.102025354406923	0.271371355906253	-8.10261102594054	4.03319715579482	0.859462616004156
0.374989768265418	-1.25045706813705	0.142584119878367	0.281216652942409	-8.34426634740109	3.99467273136714	1.16790377529738
0.38196016715143	-1.30899693899578	0.169966900196282	0.290185127189965	-8.44430267323714	3.85951520289656	1.39485873158975
0.39196016715143	-1.39222558950731	0.208132381842746	0.301769317565278	-8.19768376914276	3.7743397173735	0.916933008873937
0.40196016715143	-1.47287647762304	0.245473754990237	0.308421578212997	-7.92882707105915	3.69516416052171	0.408363891207919
0.41196016715143	-1.55072967351298	0.282063881127428	0.309833515564588	-7.63823505556658	3.62441433702222	-0.131089629304912
0.42196016715143	-1.62557058962759	0.317994447993439	0.30569985384016	-7.32646685950375	3.5633260864324	-0.700462183765145
0.43196016715143	-1.69719034453045	0.353360924849965	0.29573359157604	-6.99409816997172	3.5113122591404	-1.29695583816086
0.44196016715143	-1.7653857475456	0.3882410873079	0.279687645603022	-6.64168636562796	3.46531297867822	-1.91527063868648
0.45196016715143	-1.82995898542714	0.422667092911826	0.25738330687101	-6.26974701054277	3.41916166669327	-2.54691652292593
0.452381254988329	-1.83259571459405	0.424106423276367	0.256305205201969	-6.25366379553548	3.41708225343242	-2.57363771037117
0.462381254988329	-1.89318908404898	0.45800705597864	0.227401041780548	-5.86187438531462	3.36025494059173	-3.20599445201989
0.472381254988329	-1.94977124051084	0.491230273565927	0.192239669810948	-5.45149787273074	3.27891745127241	-3.82189456665841
0.482381254988329	-2.0021587383763	0.523443964019087	0.151088566541481	-5.02303553702675	3.15503084818023	-4.40003436669657
0.492381254988329	-2.05017385696671	0.554118464563689	0.104448024218006	-4.57716287574198	2.96753638994701	-4.91558368062928
0.502381254988329	-2.0935245074335	0.579606883190313	0.0562978049483282	-4.08301680580827	1.93310283678482	-4.49591486007253
0.512381254988329	-2.13176487342871	0.591745263777734	0.0156811909573637	-3.56425192968811	0.503670699883655	-3.63734070430816
0.522381254988329	-2.16480416240495	0.590095727941696	-0.0169058656330945	-3.04352887820376	-0.809930067338822	-2.90601091200599
0.532381254988329	-2.19263532867237	0.575997635353986	-0.042930344406512	-2.52275505360529	-1.98924015768638	-2.32093263860614
0.542381254988329	-2.21526248201331	0.550688310680706	-0.0637260369879558	-2.00294818688046	-3.05577054744662	-1.85580438916028
0.552381254988329	-2.23270307250204	0.51519492304122	-0.080366076720527	-1.48577563439171	-4.0288123211364	-1.48619706882158
0.562381254988329	-2.24499431718418	0.470376652229187	-0.0937046815514155	-0.973497950739828	-4.92275413837576	-1.1926802448671
0.572381254988329	-2.25219839029357	0.416969912898357	-0.104423250606827	-0.468824907534748	-5.74790413758635	-0.959966817435892
0.582381254988329	-2.25440632045217	0.355624939996177	-0.113067266968456	0.025199804087939	-6.51131278644415	-0.776029367155729
0.592381254988329	-2.25174081698993	0.28693490092165	-0.12007523146896	0.505300806506909	-7.21744759284695	-0.631392310289443
0.602381254988329	-2.24438575735255	0.211700031090676	-0.126038734710046	0.945909034672327	-7.68304351077897	-0.699915122568029
0.612381254988329	-2.23354207486732	0.136812991994958	-0.137006920406099	1.19496285246433	-7.26481843300541	-1.48000761829381
0.622381254988329	-2.22098685676167	0.0665225654588658	-0.154904471875621	1.292553432566	-6.79089292623594	-2.06113612854816
0.632381254988329	-2.20813428214772	0.00104952858922017	-0.177517780815475	1.25710107330052	-6.29864776970695	-2.43096875191711
0.642381254988329	-2.19622775846388	-0.0593899860556485	-0.202923522741997	1.10792143617059	-5.79841059438238	-2.610701880049
0.652381254988329	-2.1860264528602	-0.116602415753847	-0.227642809218012	0.933074988345015	-5.6934900877335	-2.27551162550481
0.662381254988329	-2.17759104351289	-0.173362778178886	-0.248259598998827	0.752168911496916	-5.64716262594544	-1.85767757297238
0.672381254988329	-2.17101736255715	-0.229276299210264	-0.265045186926262	0.561074581272944	-5.52207990578492	-1.51223246347139
0.682381254988329	-2.16639378293532	-0.283562222155005	-0.278737376392977	0.362707133473652	-5.32442164743736	-1.23663747910526
0.692381254988329	-2.16377673392776	-0.335577043970738	-0.289964460836132	0.160275133370956	-5.07042880537035	-1.01701608827517
0.702381254988329	-2.16319232650944	-0.384830544660256	-0.299223873910025	-0.0433862446152908	-4.77424876495811	-0.841352615304182
0.712381254988329	-2.16464051311864	-0.430959456640562	-0.306906376025033	-0.245880088331184	-4.44717856876531	-0.700264157768974
0.722381254988329	-2.16809938585446	-0.473701356468615	-0.313319685101568	-0.445226706185321	-4.09816452942194	-0.586445186159616
0.732381254988329	-2.17352918716137	-0.512873438512378	-0.31870684803938	-0.639829608624315	-3.73425078893926	-0.494199492475569
0.742381254988329	-2.18087594468125	-0.548355417298357	-0.323260422991518	-0.828435430823217	-3.36095275643396	-0.419072561334795
0.752381254988329	-2.19007511365034	-0.580067304862148	-0.327142767050656	-1.01031474279223	-2.97804405625457	-0.362532330433125
0.762381254988329	-2.20106205991122	-0.607800550336099	-0.330668258052075	-1.18602704580485	-2.56278608397966	-0.350534532876233
0.772381254988329	-2.21377372796941	-0.631214031976845	-0.334305888877185	-1.35516951773132	-2.11478536350049	-0.384305087392946
0.782381254988329	-2.22814207881823	-0.650000150873697	-0.338494283177955	-1.51730688470031	-1.63794092022389	-0.460055894950352
0.792381254988329	-2.24409567293428	-0.663888648020206	-0.343634540418133	-1.67219247382899	-1.13582116114987	-0.574073982447346
0.802381254988329	-2.26156151777921	-0.672642815638246	-0.350091625551016	-1.81976051148354	-0.611558152775234	-0.722860087547255
0.812381254988329	-2.28046681453681	-0.67605492665809	-0.358196852683183	-1.96011300738561	-0.0678145608393628	-0.903188830471911
0.822381254988329	-2.30074055511292	-0.673941573036951	-0.368250706169825	-2.09350304923411	0.493202618412629	-1.11211699268785
0.832381254988329	-2.32231493668906	-0.666139350294774	-0.380525507950592	-2.22031508081925	1.06968741092266	-1.3469453417396
0.842381254988329	-2.34512656476325	-0.652501273465686	-0.395267491662716	-2.34104230629498	1.66014390916698	-1.60513897510347
0.852381254988329	-2.36911741473335	-0.632894268281814	-0.412697893495291	-2.4562609064266	2.26326277142159	-1.88421120058117
0.862381254988329	-2.39423551693274	-0.607198045116696	-0.43301272321425	-2.56660037421127	2.87776881730782	-2.18157677875038
0.872381254988329	-2.42043532197201	-0.575305623211631	-0.456380945265178	-2.67270909455511	3.5022442779355	-2.49438218843442
0.882381254988329	-2.44767126536028	-0.537183940535465	-0.482883253870536	-2.7689920965933	4.07865511217438	-2.76362738189273
0.892381254988329	-2.47534836851775	-0.497782973862824	-0.507667706352139	-2.75118682837285	3.67545795650808	-2.07046313216438
0.902381254988329	-2.50259062474349	-0.464396480747765	-0.523616540817592	-2.69664191036023	3.00565268531955	-1.12467419466928
0.912381254988329	-2.52929613364023	-0.437381639449191	-0.53047138956954	-2.64581551249659	2.41564923514161	-0.265371084328027
0.922381254988329	-2.55553596509941	-0.415725063868571	-0.529292446207953	-2.60361805411028	1.93260426605554	0.483917264009089
0.932381254988329	-2.58139654448731	-0.398421094336575	-0.521104631020663	-2.56983064900868	1.54215023433378	1.13965488529675
0.942381254988329	-2.60695773939878	-0.384630651007895	-0.5067493599559	-2.54359879865008	1.22724627520461	1.72024900606309
0.946728124460558	-2.61799387799149	-0.379554389156657	-0.498761508725684	-2.53434353602997	1.1101193107877	1.9532481137233
0.956728124460558	-2.64373509741302	-0.365326285785355	-0.480954234855092	-2.61349359754677	1.73391843204511	1.60937663624463
0.966728124460558	-2.67025641929877	-0.344911845529154	-0.466543885130527	-2.69044305864194	2.34697139878312	1.27452649573817
0.976728124460558	-2.69753811624209	-0.318431036728722	-0.455420540612707	-2.76563696418307	2.94676437498139	0.952626724716863
0.986728124460558	-2.72556460756661	-0.286028939928937	-0.447435777144871	-2.83962564128826	3.53229540105466	0.645960479068619
0.996728124460558	-2.75410813084571	-0.249800860502934	-0.440505898701702	-2.84431258411183	3.49031044731236	0.960305700102845
1.00672812446056	-2.78226849641979	-0.21790218809883	-0.426566370880852	-2.78678509389497	2.87737253547547	1.83994993125123
1.01672812446056	-2.80987106051514	-0.192089549438594	-0.403856440185821	-2.73602074535078	2.30122647022427	2.68689869030533
1.02672812446056	-2.8370386247806	-0.171525454624511	-0.373160392237789	-2.69987865948407	1.82827233004432	3.4366555283213
1.03672812446056	-2.8639139527743	-0.155208874120485	-0.335418676251075	-2.67725309167369	1.44928657218381	4.09837879374541
1.04672812446056	-2.89064009847663	-0.141673967996486	-0.292120547825107	-2.67157126661019	1.40988027722145	4.38719934046137
1.05672812446056	-2.91716836248275	-0.125842137893398	-0.249371842771587	-2.61933957501019	1.74259873158567	4.15307493505437
1.06672812446056	-2.94273538306312	-0.107198371588196	-0.209125189632388	-2.48010629646909	1.96752507832954	3.8938280340685
1.07672812446056	-2.96650587922248	-0.0868475368779734	-0.171537679920463	-2.26159522154226	2.08658377916225	3.620974591233
1.08672812446056	-2.98773557037915	-0.0657699039586098	-0.136752129621633	-1.97365557073581	2.11548628418312	3.33338593147251
1.09672812446056	-3.0057821577091	-0.0447938407315418	-0.104910517536357	-1.62671376722807	2.06803204690955	3.03317578720709
1.10672812446056	-3.02011003820794	-0.0246066613055587	-0.0761333338204971	-1.23155001323149	1.95761972634637	2.72349352813736
1.11672812446056	-3.03029106632396	-0.00577334720600646	-0.050496750160513	-0.799333237040668	1.80209453391256	2.40280886965904
1.12672812446056	-3.03600576772838	0.0112922696008619	-0.0280656182912471	-0.33998912405	1.60592822504669	2.08318424141811
1.13672812446056	-3.03703494456645	0.0262636196686963	-0.00883338740577799	0.136156995941101	1.38516121716674	1.76355005397248
1.14672812446056	-3.03325633783862	0.0389318730044392	0.00723488250471703	0.620011324962189	1.14802978522846	1.44984628403276
1.15672812446056	-3.02463563792579	0.0491803869849884	0.0202162397686099	1.10332872635754	0.901594557703969	1.14784573209009
1.16672812446056	-3.01121701500156	0.0569648736569136	0.0302361495978818	1.57848005079981	0.655747396883272	0.858830629273876
1.17586480183958	-2.99485849348445	0.0619501401543168	0.03693166015789	2.00000000000064	0.436155086134615	0.610030216783449
1.18586480183958	-2.97262872322912	0.0651577434243504	0.041743408752704	2.44226475904571	0.207354445636379	0.356168415826152
1.19586480183958	-2.94609482539967	0.0661499536348216	0.0441297731678436	2.86009658416595	-0.00599300344597171	0.125066097355962
1.20586480183958	-2.91552112432278	0.0651026975107796	0.0443262178745373	3.2496624495671	-0.199988188706279	-0.0815396409715031
1.21586480183958	-2.88120570614847	0.0622242832480869	0.0425855088105022	3.60800622148159	-0.371646609256411	-0.262344970865158
1.22586480183958	-2.84347197241558	0.0577481249247525	0.0391717005997452	3.93304117074181	-0.519247513492401	-0.416057990824771
1.23586480183958	-2.80266036380846	0.0519234884423494	0.0343566818575447	4.22345086619365	-0.641536882297265	-0.542182015441028
1.24586480183958	-2.75912062122781	0.0450071598441212	0.0284164407837838	4.47859743547239	-0.737098277387878	-0.641615298694458
1.25586480183958	-2.71320510078068	0.0372631690888436	0.0216194756449613	4.69868895782571	-0.807251805787603	-0.713518242024515
1.26586480183958	-2.66526150162792	0.0289475845586325	0.0142317584139868	4.8843974054111	-0.85173082800942	-0.759787043894174
1.27586480183958	-2.61562743925233	0.0203096962880181	0.0065053745115816	5.03702392337648	-0.871720532024667	-0.781746309380658
1.28586480183958	-2.56462519766161	0.0115868714851204	-0.00132508298704162	5.15841393209816	-0.869643134792904	-0.780259630865329
1.29586480183958	-2.51255672421117	0.00299323374848254	-0.00903838337488591	5.25062685131804	-0.845734538916172	-0.759213093573309
1.30586480183958	-2.45970098278991	-0.00527028790608806	-0.0164437275258323	5.31632654448982	-0.8042455293967	-0.718834543389166
1.31586480183958	-2.40630991362118	-0.0130344659905069	-0.0233662932987008	5.35814326061342	-0.745966589266604	-0.663437526824533
1.32586480183958	-2.3526074888978	-0.0201492704863818	-0.0296640484916001	5.37909734877413	-0.674866603930187	-0.594272331898328
1.33586480183958	-2.29878766236796	-0.0264958649149163	-0.0352172887537806	5.38214103054967	-0.592959402947505	-0.514801046987131
1.34586480183958	-2.24501433866363	-0.0319811343376938	-0.0399352196897552	5.3702923297157	-0.502994456639564	-0.427723937187957
1.35586480183958	-2.19142152569232	-0.0365385177580741	-0.0437545887204434	5.34653077573345	-0.407909289018602	-0.335432230487467
1.36586480183958	-2.13811407159211	-0.0401290916680005	-0.0466368583365689	5.31367006685915	-0.30989838387663	-0.24087728532356
1.37586480183958	-2.08516936263229	-0.042737062983023	-0.0485702139824527	5.27441552111821	-0.211854848126698	-0.145949736786828
1.38586480183958	-2.0326390115007	-0.0443717575261266	-0.049563787180052	5.23118551402857	-0.115584994636652	-0.0532776870300068
1.39586480183958	-1.98055150797596	-0.0450621924652716	-0.049648928402913	5.18618750491915	-0.0233146549662188	0.0354330631359078
1.40586480183958	-1.92891482595857	-0.0448567506429024	-0.0488744613984463	5.14131254907489	0.063314781111945	0.118395071326939
1.41586480183958	-1.87771952520937	-0.0438197291150967	-0.047304763980016	5.09813959456331	0.142892458036798	0.194152383561852
1.42586480183958	-1.82694201670013	-0.0420281274453188	-0.0450172801416385	5.0579343117185	0.214062159912175	0.261790341373358
1.43586480183958	-1.77654783990707	-0.0395697520916736	-0.0420984645979952	5.02160709186684	0.275998365448279	0.320442074699046
1.44586480183958	-1.72649502202852	-0.0365403898746356	-0.0386407135555785	4.98971194485435	0.328449209004234	0.369236791081763
1.45586480183958	-1.67673752535239	-0.033039001490714	-0.0347415180227238	4.96252486103269	0.37083065643438	0.408234790163742
1.46586480183958	-1.62722840594169	-0.029164946517139	-0.03050073784439	4.94006300231185	0.402212480206456	0.438408008877737
1.47586480183958	-1.57792220402224	-0.0250224451762158	-0.0260106557465677	4.92186422346225	0.424588811975855	0.45814283356952
1.48586480183958	-1.52877849562991	-0.0207057903449416	-0.0213668586617998	4.90745535157886	0.43706562518178	0.469316786084466
1.49586480183958	-1.47976339220571	-0.0163074041844463	-0.0166556110740001	4.89603526272121	0.440563248480046	0.472272150656587
1.50586480183958	-1.43085156650607	-0.011913733825481	-0.0119547425268382	4.88659883979728	0.436698531204817	0.466925434508844
1.51586480183958	-1.38202806807371	-0.00759849506334189	-0.00733804934205109	4.87816804976246	0.425266536760635	0.455351543534931
1.52586480183958	-1.33328868380692	-0.00342968026014156	-0.00286590597755585	4.86955392220555	0.407970583680691	0.437774490036649
1.53586480183958	-1.28464101363952	0.000538524309221249	0.00140747155636919	4.85965868437861	0.384946234785921	0.416163686022443
1.54586480183958	-1.23610397100867	0.00425813354375215	0.00544262272156508	4.84723807912135	0.3584371575757	0.390288004277373
1.55586480183958	-1.18770811533785	0.00769573334077555	0.00920593589552044	4.83123096416964	0.328868162551249	0.361798177578151
1.56586480183958	-1.13949463612715	0.0108271895582559	0.0126745839022934	4.81061599858321	0.297152249261976	0.331738761737712
1.57586480183958	-1.0915144091954	0.0136369750628353	0.0158360890829282	4.78443368157668	0.264725328550451	0.300466359375093
1.58586480183958	-1.04382708152514	0.0161207632965524	0.0186840381239853	4.75192441929576	0.231961220168806	0.269285913444226
1.59586480183958	-0.996499418185483	0.0182803714147117	0.0212215516503491	4.7123984709596	0.200078928308215	0.238411598504114
1.60586480183958	-0.949604128924364	0.0201264550333991	0.0234563559572498	4.66537582532693	0.169383456543556	0.208805204425124
1.61586480183958	-0.903218160576565	0.0216747737857608	0.0254025036900144	4.61049783281313	0.140474060589079	0.180892338405428
1.62586480183958	-0.857421216998056	0.0229454899555408	0.027078843954266	4.54754122664932	0.114027734519691	0.154789658157816
1.63586480183958	-0.81229441194094	0.023963649603555	0.028506269332886	4.47646893454001	0.090039180159058	0.131112401224
1.64586480183958	-0.767918717447723	0.024755885035456	0.0297090346693721	4.39734334486809	0.0688455559204064	0.109904835287502
1.65586480183958	-0.724373783682036	0.0253505705832971	0.0307125744102983	4.31035528724246	0.0505769745913843	0.0912362289296098
1.66586480183958	-0.681736805442821	0.02577682738123	0.0315427151719626	4.21580734185739	0.0351891278650616	0.0751862448774494
1.67586480183958	-0.64008153046619	0.0260634396292718	0.0322251919663882	4.11408890935426	0.0225893040857227	0.0617342645743792
1.68586480183958	-0.599477439440887	0.0262379523601341	0.0327852038153018	4.00565281204704	0.0127344404052587	0.0506796249716432
1.69586480183958	-0.559989149688518	0.0263265917950262	0.0332463432232143	3.89101632824501	0.00540436113746489	0.0419049625659255
1.70586480183958	-0.521675924368141	0.0263535097025848	0.0336304759135372	3.77073468094945	0.000347541232341072	0.0352462421919943
1.71586480183958	-0.484591358035461	0.026340341279703	0.0339575255314674	3.64538216972395	-0.00266279010344807	0.030456304396045
1.72586480183958	-0.448783231593997	0.026306153544281	0.0342450649604466	3.5155442751826	-0.00390271049765761	0.0273041608970375
1.73586480183958	-0.414293483804296	0.0262672424055025	0.034508269640695	3.3818022847885	-0.00365328289513966	0.0255474023996215
1.74586480183958	-0.38115830835119	0.0262371015366198	0.0347598700388014	3.24472233236059	-0.00219412049013014	0.0249423011105572
1.75586480183958	-0.349408353325996	0.0262264684953562	0.035010179453369	3.10484604950626	0.000203418257163368	0.025251087195021
1.76586480183958	-0.319069005762718	0.0262434368216753	0.0352671843108041	2.96268290159256	0.00328259832384247	0.0262471933590594
1.77586480183958	-0.290160743639922	0.0262936177870186	0.0355366893430035	2.81870404950779	0.00680883912500679	0.0277168110954637
1.78586480183958	-0.262699540805122	0.0263803678206718	0.0358224765973026	2.6733386548186	0.0105651200376865	0.0294708810788357
1.79586480183958	-0.236697306153637	0.0265050298295287	0.0361265100779895	2.52697110941904	0.0143539962225719	0.0313479072265035
1.80586480183958	-0.212162337799312	0.0266671138477099	0.0364492435015944	2.37993681449811	0.0180360108356708	0.0331763714458186
1.81586480183958	-0.189099806918736	0.026864769995787	0.0367896402269295	2.23252907529003	0.0214354152893249	0.0348753543386674
1.82586480183958	-0.167512198054773	0.0270947274462776	0.0371457597919569	2.08498826108183	0.0244948388191878	0.0362909818989666
1.83586480183958	-0.147399794918897	0.0273529957307952	0.0375145302218681	1.93751879805829	0.0270708099380384	0.0374104615657106
1.84586480183958	-0.128761074164121	0.0276346088601151	0.0378925072317355	1.79027371596002	0.0291697661922147	0.0381103606488852
1.85586480183958	-0.11159315185619	0.0279344069714523	0.0382755077357853	1.64337675169164	0.0306916838522719	0.038423491920808
1.86586480183958	-0.0958921164212383	0.0282467169370869	0.03865936531642	1.49690695622866	0.0316776299686253	0.0382735646036867
1.87586480183958	-0.0816534019449324	0.0285660131592717	0.0390396079340476	1.35091879750329	0.0320889678346145	0.037703493197832
1.88586480183958	-0.0688720625346529	0.0288867440113306	0.0394119678744114	1.2054340266539	0.0319642634203599	0.0367049988892794
1.89586480183958	-0.0575430460778561	0.0292036409090876	0.0397723334711193	1.06045145172601	0.0313390492803283	0.0352982848780864
1.90586480183958	-0.0476614189582957	0.0295118743367088	0.0401168125430481	0.915952229412908	0.0302250755301264	0.0335489878825264
1.91586480183958	-0.0392225302240356	0.0298068961310995	0.0404420780473491	0.771894941445236	0.02872441104511	0.0314430096467106
1.92586480183958	-0.0322221896455908	0.0300849445389219	0.0407449677283929	0.628234639444554	0.0268231095941945	0.0290996231788902
1.93586480183958	-0.0266567339647901	0.0303425210443973	0.0410231242072535	0.484906405274773	0.0246544364735848	0.0264895153249691
1.94586480183958	-0.0225231482258691	0.030577032335593	0.0412743650362334	0.341850324312161	0.0222087189832309	0.0237369711563684
1.95586480183958	-0.0198190649365482	0.030786212209871	0.0414973026987571	0.198994051782398	0.0196040828619227	0.0208307403806579
1.96586480183958	-0.0185428146122143	0.0309686004416871	0.0416908163907966	0.0562728152495893	0.0168562203276075	0.0178638214628063
1.97586480183958	-0.018693385441533	0.0311231537954145	0.0418544105685803	-0.0863807995989361	0.0140466796953022	0.0148532500732729
1.98586480183958	-0.0202704038128765	0.0312494434018902	0.0419879302422684	-0.229026307366364	0.0112118994360975	0.0118549226335408
1.99586480183958	-0.0232740659967053	0.0313474780110184	0.0420916507495844	-0.371717815923719	0.00840234961186022	0.00889938667607561
2.00586480183958	-0.0277050646503052	0.0314177031926254	0.0421661657521544	-0.514500307839646	0.00565599193193596	0.00601843287659982
2.01586480183958	-0.0335644931693097	0.0314609198506714	0.0422123482872887	-0.657408778800794	0.00300678679660599	0.00323510457099804
2.02586480183958	-0.040853738265511	0.0314782322723746	0.0422312723378915	-0.800466414995433	0.000477673373074956	0.000570455645525592
2.03586480183958	-0.0495743576105166	0.0314709563006137	0.0422241717589044	-0.943684293005989	-0.00190876086390167	-0.00196801307493835
2.04586480183958	-0.0597279506242963	0.0314405716102308	0.0421923511356855	-1.08705969263038	-0.00414039564390676	-0.00437567732950481
2.05586480183958	-0.0713160197187843	0.031388659181762	0.0421371137667361	-1.23057512619137	-0.00621830179569952	-0.00664762881379673
2.06586480183958	-0.0843398200313132	0.0313167773003269	0.0420597586964496	-1.37419975158968	-0.00812969651431605	-0.00880666934543904
2.07586480183958	-0.0988002168537063	0.0312265147095116	0.041961397239368	-1.51788481709425	-0.00990201960744389	-0.0108454996083142
2.08586480183958	-0.114697517628625	0.0311192609007255	0.0418430766950534	-1.66156930722771	-0.0115229213760262	-0.0128101811354167
2.09586480183958	-0.13203133016069	0.0309963687237325	0.0417055003335304	-1.80517210819423	-0.0130409730776986	-0.0146927682946004
2.10586480183958	-0.150800383502132	0.0308588471811603	0.0415492550901593	-1.94860096618126	-0.0144443580915018	-0.0165580381976207
2.11586480183958	-0.171002389636659	0.0307076135777781	0.0413744621061752	-2.09174213375274	-0.0157976446881926	-0.0183978253799476
2.12586480183958	-0.192633858838815	0.0305431318612496	0.0411810890928685	-2.23447188250336	-0.0170889176458079	-0.0202908471676603
2.13586480183958	-0.215689967432347	0.0303657403566683	0.040968550192768	-2.37664416371191	-0.0183952977472694	-0.0222265520632015
2.14586480183958	-0.240164372255536	0.0301752504008464	0.0407360906001436	-2.5181041948597	-0.0197048025226972	-0.0242914928947308
2.15586480183958	-0.266049086036249	0.0299713236889171	0.0404823654494782	-2.65867507788722	-0.0210980816308492	-0.0264759899334919
2.16586480183958	-0.293334298044246	0.0297530782122516	0.0402058486249384	-2.79817183752356	-0.0225667062518785	-0.0288642336493679
2.17586480183958	-0.322008256598013	0.029519459851521	0.0399044498725653	-2.93638896200349	-0.0241852086168352	-0.0314511720327951
2.18586480183958	-0.352057104224661	0.0292689146747152	0.039575885596027	-3.07311283945809	-0.0259534192148448	-0.0343072719750554
2.19586480183958	-0.383464766523121	0.0289996896338207	0.039217402318679	-3.20811251718814	-0.0279286314477004	-0.037437538886853
2.20586480183958	-0.416212811350997	0.0287096389906716	0.0388260367241668	-3.34114816385056	-0.0301239377739335	-0.0408872934688568
2.21586480183958	-0.450280343707175	0.028396387042798	0.0383985142795371	-3.47196739347645	-0.0325697155870946	-0.0446758930859074
2.22586480183958	-0.485643898263147	0.0280573257251531	0.0379313357020246	-3.60030773631412	-0.035295176700435	-0.0488148817061062
2.23586480183958	-0.522277342008812	0.0276895924301474	0.037420896882872	-3.72590014042358	-0.0382980470691922	-0.0533387798748008
2.23621925439947	-0.523598775598402	0.0276759875785083	0.0374019719284533	-3.73029819841985	-0.0384061660425989	-0.0535100858097905
2.24621925439947	-0.563022388001127	0.0249905748710342	0.0422023120283488	-4.15375094599506	-0.495861455724613	1.00975436565184
2.25621925439947	-0.606659982768377	0.0178464837241845	0.057483112442004	-4.57306320651305	-0.926912336595817	2.03872278586813
2.26621925439947	-0.654469367016516	0.00660919601303644	0.0827797817919884	-4.98809299344799	-1.31080599618472	3.00847128441088
2.27621925439947	-0.706409515700457	-0.0080905766537339	0.117312420671756	-5.40163894625238	-1.56582782896187	3.82648640464365
2.28621925439947	-0.762701244819649	-0.0200416484066136	0.154137565840966	-5.86111298165267	-0.701898511351139	3.40198193031999
2.29621925439947	-0.823620707810545	-0.0216299528120694	0.184765042212823	-6.32023562751237	0.3722971414209	2.73449471738566
2.30621925439947	-0.889044500042099	-0.0129762340914645	0.209197142120794	-6.76118380118296	1.33766222901121	2.17203318510141
2.31621925439947	-0.958774938013563	0.00472596819447394	0.228581162968803	-7.18131368468724	2.18413990125923	1.72186111469574
2.32621925439947	-1.03259644699179	0.0303547156200594	0.243946380881406	-7.57915635466993	2.9252600175224	1.36507580110927
2.33621925439947	-1.1102788101014	0.0629218927835357	0.256134253749651	-7.95322695211228	3.57363692757011	1.08372257968633
2.34621925439947	-1.19157398291854	0.101527533927669	0.265846269562348	-8.29801679088631	4.10466764685256	0.896857256465471
2.35621925439947	-1.27575155717969	0.142270127386128	0.276489664766831	-8.51650346249092	3.99813662654547	1.25016667586139
2.36010982510556	-1.30899693899575	0.157679088175301	0.281606701661972	-8.57116322627967	3.92224403158343	1.37693760947069
2.37010982510556	-1.39349893656178	0.196575117211026	0.292912386302022	-8.32539205502076	3.85737844347275	0.879389940253094
2.38010982510556	-1.47542859467244	0.23483867123834	0.299098429774976	-8.05676884124957	3.79610092300759	0.353038428026455
2.39010982510556	-1.55455975712897	0.272515021561905	0.299878883286614	-7.76578098782996	3.74015154842638	-0.201556404134889
2.40010982510556	-1.63067150955624	0.309661639318933	0.294978711540254	-7.4529825532073	3.69012393584963	-0.782668524913511
2.41010982510556	-1.70354864262546	0.346333508915815	0.284148632369583	-7.11895417089669	3.64481738092615	-1.38676206387044
2.42010982510556	-1.77298174147379	0.382561893315501	0.267186602793315	-6.7642693199367	3.60058000290608	-2.00780998564093
2.42914677370786	-1.83259571459405	0.414902972583924	0.246477977135417	-6.4265206194257	3.5578526899346	-2.57809082201498
2.43914677370786	-1.89491445306049	0.450180148223123	0.21756378171696	-6.03399526158839	3.49407467182392	-3.20284148029336
2.44914677370786	-1.95321185964489	0.484689332483049	0.182489348246882	-5.62234386023504	3.40162932015986	-3.80699043237721
2.45914677370786	-2.00729951534159	0.51805900595222	0.141561989940503	-5.19215357080413	3.26295971053256	-4.36961143024189
2.46914677370786	-2.05699572048835	0.549727979339031	0.0953146425306959	-4.74425651354068	3.05914850060854	-4.86810046168125
2.47914677370786	-2.10200155370012	0.575930806325338	0.0478582125933144	-4.24750360950209	1.99761182048302	-4.41932659355623
2.48914677370786	-2.14188010923948	0.588756349830933	0.00795534499614411	-3.72738642784852	0.577646515096785	-3.57237698401346
2.49914677370786	-2.17654289888283	0.587901572183065	-0.0240492039220064	-3.20503574290503	-0.725194358137678	-2.8542139245477
2.50914677370786	-2.20597949212199	0.574695317260755	-0.049611252597037	-2.68228445700708	-1.89582474350056	-2.28000108261984
2.51914677370786	-2.23019073354049	0.550354724639054	-0.0700420794753076	-2.16019224082145	-2.95562019733491	-1.82356037650134
2.52914677370786	-2.2491911303896	0.51588937534419	-0.0863952011608499	-1.64044927932328	-3.92350569106501	-1.46089637899979
2.53914677370786	-2.26301503825374	0.47214380123707	-0.0995089707252407	-1.12530985335419	-4.8136585096073	-1.17288232916586
2.54914677370786	-2.27172159364448	0.419841471619845	-0.110051682801354	-0.61745537882296	-5.63625692224516	-0.944479355689046
2.55914677370786	-2.27539841085291	0.359620612673783	-0.118557945864666	-0.119883349209272	-6.39829023683883	-0.763860859589019
2.56914677370786	-2.27416425421505	0.292062722979778	-0.125457206618991	0.364189835371379	-7.1042152133758	-0.621717440444585
2.57914677370786	-2.26817507419168	0.217755205157046	-0.131136054691829	0.824222287503502	-7.69124011166434	-0.57544991233313
2.58914677370786	-2.25838877355748	0.14241573376678	-0.140673813151969	1.10294670866465	-7.31943060976954	-1.34731464436439
2.59914677370786	-2.24662750760107	0.0715717075629001	-0.157431497645642	1.22550514167775	-6.84699121962946	-1.96541963361455
2.60914677370786	-2.2343277135769	0.00552400947419742	-0.179253415275068	1.21339314016286	-6.3594059576535	-2.36580771984572
2.61914677370786	-2.22274959796072	-0.0555543797697536	-0.204137592992741	1.08460070468636	-5.85439148079001	-2.58230506225494
2.62914677370786	-2.21278292529099	-0.112755515939291	-0.22922581234303	0.910723817774383	-5.66740879295279	-2.34183070605004
2.63914677370786	-2.20454590141468	-0.169281425730627	-0.250498259813196	0.735014648955132	-5.62986179489515	-1.91865727726981
2.64914677370786	-2.19811655172114	-0.225093278873812	-0.267837123324223	0.549364268294923	-5.51920098039195	-1.56174894104556
2.65914677370786	-2.1935833264972	-0.279416372260022	-0.281974128077055	0.356327113762111	-5.33446945493202	-1.27638483070573
2.66914677370786	-2.19100393559951	-0.331589082061009	-0.293558035190249	0.159105437241922	-5.09170395480976	-1.04892537220043
2.67914677370786	-2.19040559992095	-0.381105423852616	-0.303104339452161	-0.0394444722211336	-4.80535640778187	-0.867041530683996
2.68914677370786	-2.19178914647405	-0.427589853483597	-0.311018256774871	-0.236903342365973	-4.48705174418671	-0.721013157418247
2.69914677370786	-2.19513333503561	-0.470770711216954	-0.31761884306073	-0.431273022115878	-4.14600843783946	-0.603256788357499
2.70914677370786	-2.200398914708	-0.51045837462056	-0.323158017598121	-0.6209432521336	-3.78948417295006	-0.507858841628692
2.71914677370786	-2.20753230559611	-0.546527604564622	-0.327835313281272	-0.804650517071096	-3.42317506506731	-0.430178878732765
2.72914677370786	-2.21646942478129	-0.578892053681302	-0.331821703710164	-0.981713271347854	-3.04591556712192	-0.372723277649367
2.73914677370786	-2.22714644496967	-0.607330414196648	-0.335447261743501	-1.15264658318961	-2.63594648776731	-0.360375108761131
2.74914677370786	-2.23950052215492	-0.631501668504555	-0.33918255890483	-1.31703610340848	-2.1931753401095	-0.394030823272725
2.75914677370786	-2.25346388527972	-0.651097761724899	-0.343468427203669	-1.47444748015497	-1.72154375569933	-0.469855428696804
2.76914677370786	-2.26896537959802	-0.66584828925195	-0.348707816413283	-1.62463729957911	-1.22462025870184	-0.584132915591518
2.77914677370786	-2.28593233666476	-0.675516269945964	-0.355267640758327	-1.76754438858254	-0.705510939303107	-0.733387229550345
2.78914677370786	-2.30429233455931	-0.679893306105235	-0.363481535420421	-1.90327673372954	-0.166824726700924	-0.914444437307779
2.79914677370786	-2.32397480946074	-0.678794636383547	-0.373652968373066	-2.03209497086229	0.389314453234992	-1.12444263799318
2.80914677370786	-2.34491248780136	-0.672054518326545	-0.386058213933544	-2.15439308230888	0.961214816140521	-1.36079527475983
2.81914677370786	-2.36704261241023	-0.659522322687707	-0.400948747556006	-2.27067648765511	1.54752791745711	-1.62111288020003
2.82914677370786	-2.39030793547002	-0.64105967960483	-0.418552670520005	-2.38153722650424	2.1471276517809	-1.90308814847059
2.83914677370786	-2.41465744587764	-0.616538981687944	-0.439074824355589	-2.48762550754805	2.75896045898898	-2.20434982491717
2.84914677370786	-2.44004678989856	-0.585843512642106	-0.462695316860052	-2.58961664879878	3.38187080988732	-2.52229251539191
2.85914677370786	-2.46643853142376	-0.548867662008451	-0.489568000420288	-2.68748626052117	4.00819969061979	-2.84774824687235
2.86914677370786	-2.49341280183715	-0.508992249025217	-0.516391664797749	-2.68572853256582	3.7828844640073	-2.33685551793785
2.87914677370786	-2.51998735367699	-0.474473243848597	-0.535096310676118	-2.62753399498841	3.11619965346307	-1.40117657725355
2.88914677370786	-2.5459709509469	-0.446434970092001	-0.544673869732789	-2.57041559502152	2.50915233010128	-0.532896516034515
2.89914677370786	-2.57142397688948	-0.423930239058141	-0.546126074409312	-2.52166674144419	2.00914142373592	0.224736271599689
2.90914677370786	-2.59643277484278	-0.405934462208664	-0.540501004892272	-2.48145302100246	1.60443503028342	0.885785874421664
2.91788804227176	-2.6179938779915	-0.393213292683942	-0.530474925450649	-2.45265882016665	1.31521894044478	1.39921982614149
2.92788804227176	-2.6429100730039	-0.376834685682349	-0.518339219585959	-2.53019450404	1.95929211709758	1.0287362377122
2.93788804227176	-2.66859092211894	-0.354055902938966	-0.509876959413962	-2.60567472128208	2.59482723948944	0.665223598804436
2.94788804227176	-2.69501831591032	-0.324975369488455	-0.504997605649021	-2.67957627321349	3.21918321688967	0.312859669827405
2.95788804227176	-2.72217846817823	-0.289719316552507	-0.503568095086418	-2.75191270836389	3.82618649538397	-0.0208388588123503
2.96788804227176	-2.74968114221405	-0.251764211748785	-0.502157107652816	-2.72850387061121	3.58750841528347	0.477143210640606
2.97788804227176	-2.77662006517643	-0.219131565124814	-0.492881496783472	-2.6592432019403	2.9358570001821	1.38142672373959
2.98788804227176	-2.80290103971442	-0.192813859526377	-0.474746572704234	-2.59944072281453	2.34513490322828	2.22913975446531
2.99788804227176	-2.8286611899874	-0.171866119755687	-0.448638407637922	-2.55511678801524	1.86149370628576	2.97661970983591
3.00788804227176	-2.85405148473353	-0.155265799937653	-0.415508016438741	-2.52517273718859	1.47294637685449	3.63628080202682
3.01788804227176	-2.87920592136504	-0.142145978710116	-0.376150959280906	-2.50760863163645	1.16282775347755	4.22440975339849
3.02788804227176	-2.90423813020863	-0.131792890532031	-0.331216602858714	-2.50084796397555	0.926560086199177	4.74372307872065
3.03788804227176	-2.92926653855965	-0.120934960500868	-0.284374943707294	-2.49423154885414	1.2882768901556	4.55469286629673
3.04788804227176	-2.95383270439352	-0.10626020264596	-0.240356906344768	-2.404282697151	1.62553622744022	4.24811122515746
3.05788804227176	-2.97707115085291	-0.0888323159402507	-0.19942220441377	-2.22998312883628	1.83935379507886	3.93982207470921
3.06788804227176	-2.9981847599604	-0.0697977819046749	-0.161609223096948	-1.98080913533963	1.94764683219811	3.62550760646646
3.07788804227176	-3.01647455175487	-0.0501400505333697	-0.126974830343766	-1.66725411485798	1.97032192161641	3.30019875576627
3.08788804227176	-3.03134830848358	-0.0306592358346922	-0.0956040709961238	-1.29942028395748	1.91491678522037	2.97284379146958
3.09788804227176	-3.04231950527288	-0.0120365428562622	-0.0675363918691513	-0.888587237710616	1.8015872448166	2.63939627917442
3.10788804227176	-3.04901061819691	0.0052010315468613	-0.0428026636261876	-0.445283490577214	1.64175178689675	2.30476086388419
3.11788804227176	-3.0511488736132	0.0206540883787245	-0.0214020913465776	0.0204413295969881	1.44508259175586	1.97497026477982
3.12788804227176	-3.04855977899475	0.034025258414759	-0.0032842439713036	0.49874271330704	1.225855101187	1.65013466211901
3.13788804227176	-3.0411616781676	0.0451302010933249	0.0116274229973168	0.980938541053951	0.992117482390674	1.33563344023769
3.14788804227176	-3.02895595939345	0.0538662581681527	0.023454875861686	1.45892517742931	0.754673819932037	1.03249996718433
3.15788804227176	-3.01201960146235	0.060221681834962	0.032340997075774	1.92596208337448	0.517304383264619	0.747677868228398
3.1595049133038	-3.00884563392223	0.0610274023018719	0.0335141428440703	2.00000000000249	0.47968173687527	0.703213073737502
3.1695049133038	-2.98659534100631	0.064676967830335	0.0392180755092841	2.44660955571755	0.252134847567017	0.441117615612048
3.1795049133038	-2.95999027272849	0.0661161624325445	0.0424110045789762	2.87020071646464	0.0383687328254558	0.201367286894992
3.1895049133038	-2.9292816796452	0.0655028134783019	0.0433276609654145	3.26670028850596	-0.157673675854059	-0.0139520027478905
3.1995049133038	-2.89475723315837	0.0630308621810859	0.042220109168398	3.63291714001151	-0.333013276405669	-0.203137597240652
3.2095049133038	-2.85673233392791	0.0589205610017889	0.0393543163228859	3.96646175154112	-0.484977132269875	-0.365514559348127
3.2195049133038	-2.81554207387749	0.0534128176206914	0.0350028672829698	4.2657858131801	-0.612207766389582	-0.500317672997812
3.2295049133038	-2.77153338400778	0.0467607186283703	0.0294412303966809	4.53009839201744	-0.714102658654965	-0.607223302926942
3.2395049133038	-2.72505756144929	0.0392202093498193	0.0229455468866328	4.75922793632376	-0.789611836958718	-0.687549046263736
3.2495049133038	-2.67646398522534	0.0310499206336503	0.0157815079205564	4.95377940005277	-0.840046970546277	-0.741208533733609
3.2595049133038	-2.62609354535581	0.0224994226870008	0.00820634668096266	5.11485790253647	-0.866208181577955	-0.769646944552295
3.2695049133038	-2.57427327581154	0.0138051430784217	0.000463765767774772	5.24403291116506	-0.868788694027352	-0.775303607803027
3.2795049133038	-2.52131206908339	0.00519155171880636	-0.00722552111112444	5.34345791776808	-0.850914445836611	-0.758808210019041
3.2895049133038	-2.46749597632843	-0.00314296536992795	-0.0146557819719751	5.4154241785323	-0.813192102454105	-0.724071231342956
3.2995049133038	-2.41308595936408	-0.0110174761138381	-0.0216509013702699	5.46268423943817	-0.759025336360243	-0.67253251062263
3.3095049133038	-2.35831503100815	-0.0182782006473526	-0.0280582267945376	5.48810640662955	-0.691017625116747	-0.606812482693752
3.3195049133038	-2.30338681329443	-0.0247991911283408	-0.0337504972931056	5.49462130751859	-0.611235870985224	-0.530291050571132
3.3295049133038	-2.24847517526486	-0.0304781713804748	-0.0386314727273991	5.48531650039725	-0.523397277438889	-0.444662441488443
3.3395049133038	-2.19372363082096	-0.0352445479306712	-0.0426273845290898	5.46308618823402	-0.429072225434177	-0.353812802892421
3.3495049133038	-2.1392466633033	-0.0390500799617752	-0.045695445878221	5.43087291110273	-0.331692013755322	-0.259473534030036
3.3595049133038	-2.08513048909187	-0.0418745004240268	-0.0478154744751881	5.39137313940727	-0.233341703793188	-0.164500247559671
3.3695049133038	-2.03143511952481	-0.0437205523415834	-0.0489917001527108	5.34710414437962	-0.136273199991808	-0.0711853112013135
3.3795049133038	-1.97819662295691	-0.0446121758156852	-0.04925040787127	5.30035387280372	-0.042770284062356	0.0186758806452691
3.3895049133038	-1.92542968615112	-0.0445934643300104	-0.0486360961699226	5.25310059249719	0.0454860043795693	0.103175939900213
3.3995049133038	-1.87313066750588	-0.0437249694441806	-0.0472098982345438	5.20702445410503	0.126929790031172	0.180854997326725
3.4095049133038	-1.82128075893791	-0.0420814676634639	-0.0450460759280849	5.16346967959628	0.200385773244373	0.250439339601986
3.4195049133038	-1.76984937678272	-0.0397481701933951	-0.0422299753180321	5.12346675272698	0.264657898551496	0.311288684986496
3.4295049133038	-1.71879746362166	-0.0368189612628593	-0.0388537545549657	5.08769031460766	0.319084663134464	0.362808127235659
3.4395049133038	-1.6680807566238	-0.033394436548048	-0.0350124373142756	5.05643421437968	0.363979389369904	0.403966335826682
3.4495049133038	-1.61765336410448	-0.0295742153909034	-0.030806251225875	5.02979891216071	0.398353029144121	0.435667050507126
3.4595049133038	-1.56747025410184	-0.0254611179529212	-0.0263308167455574	5.00747671285255	0.423087845454977	0.457356434747256
3.4695049133038	-1.51749048198195	-0.021151825029879	-0.0216821041570606	4.98902513745122	0.437703443755839	0.47038056568453
3.4795049133038	-1.46767910231844	-0.0167407161983735	-0.0169480686591699	4.97369380647947	0.443136542107509	0.474988650779549
3.4895049133038	-1.41800930643734	-0.0123155933189001	-0.0122095283079575	4.9605507970963	0.44058660420242	0.471481239139458
3.4995049133038	-1.3684641377636	-0.00795361280529415	-0.00754153556967161	4.94861624193579	0.430296134730422	0.46142366487899
3.5095049133038	-1.31903713732078	-0.00372581979994686	-0.00300641374822777	4.93670814079792	0.414170849610017	0.444806772172359
3.5195049133038	-1.2697335173238	0.000311008931401089	0.00133907152448746	4.92374480447629	0.392309218743528	0.423635811307654
3.5295049133038	-1.22056983078522	0.00410789480104298	0.00545126514709951	4.90854508988624	0.366185362882419	0.398502849459123
3.5395049133038	-1.17157398604516	0.00762679355348001	0.00929637456713438	4.88997335629845	0.337195172832926	0.370057542306671
3.5495049133038	-1.12278482842591	0.010842429693804	0.0128479982080237	4.8670449512447	0.305666908584619	0.339995096681766
3.5595049133038	-1.07425088298078	0.0137367670738895	0.0160919055374876	4.83877765868132	0.273182031746827	0.308560162781342
3.5695049133038	-1.02602960042736	0.0163032218348935	0.0190201114619469	4.80438648150469	0.240250926113612	0.276960944531461
3.5795049133038	-0.97818580695582	0.0185426003708549	0.0216333432205569	4.763188724322	0.207766860185978	0.245806328186822
3.5895049133038	-0.930790341377259	0.0204630369268016	0.0239390481894191	4.71464775536457	0.176538387172285	0.21557975582729
3.5995049133038	-0.883918603342908	0.0220795330583802	0.0259496719189142	4.65840008192382	0.146972839117517	0.186962465353136
3.6095049133038	-0.837648930795938	0.0234113470644319	0.0276831371929239	4.59420331720725	0.119748058882394	0.160122198312975
3.6195049133038	-0.792061262156096	0.0244826734455241	0.0291598633111296	4.5219949078642	0.0949546995314296	0.13562261659167
3.6295049133038	-0.747235607419218	0.0253197731670086	0.0304036067441716	4.44182136972803	0.0729143485827008	0.113570831983576
3.6395049133038	-0.703250837283735	0.0259509091264811	0.031439474593401	4.35386057195613	0.0537234783850051	0.0941140792774481
3.6495049133038	-0.660183493854721	0.0264048380543024	0.0322936352710749	4.25838808299653	0.0375145063180712	0.077183637213001
3.6595049133038	-0.618106850314549	0.0267106508832294	0.0329918143889874	4.15578561233906	0.0241396437829408	0.0628503147315708
3.6695049133038	-0.577090038950749	0.026896419152898	0.0335592802229575	4.04650267661137	0.0134682103490833	0.0510343246389363
3.6795049133038	-0.537197396136551	0.0269886190162648	0.0340202445427751	3.93104113798088	0.00537880029675586	0.0415376917504661
3.6895049133038	-0.498487994092272	0.0270119006349897	0.0343971433273444	3.80994784609717	-0.000350464415646769	0.0341839201301634
3.6995049133038	-0.461015304702063	0.0269886087018764	0.0347104124311174	3.68379519161578	-0.00397981964086604	0.028775429012943
3.7095049133038	-0.424827018373542	0.0269384643077397	0.0349783167721865	3.55316447661832	-0.00576762012030963	0.0250725416580968
3.7195049133038	-0.389965009407341	0.0268784813672823	0.035216736493224	3.41863527107274	-0.00599117475754885	0.0228349733763997
3.7295049133038	-0.356465417035228	0.0268228976609552	0.0354391220203466	3.28077358393241	-0.00493115502014498	0.021822652408556
3.7395049133038	-0.32435883159933	0.0267831952660681	0.0356565155235955	3.14012199323268	-0.00286034170779343	0.0217987056386383
3.7495049133038	-0.293670568053293	0.0267681922214613	0.0358776333904082	2.99719156923911	-3.42773268885615e-05	0.0225319742695934
3.7595049133038	-0.264421011074408	0.0267842139631518	0.0361089759613676	2.85245630843472	0.00330617256727693	0.0238096321200326
3.7695049133038	-0.236626011599491	0.02683528600771	0.0363550020883602	2.70634838610075	0.00694183667785226	0.0254373310205365
3.7795049133038	-0.210297321990759	0.0269233755424617	0.0366183163516971	2.55925550102425	0.0106734417714132	0.0272464273531457
3.7895049133038	-0.18544304913056	0.027048588868733	0.0368999458076876	2.41151729403818	0.0143493871739389	0.0290679883682967
3.7995049133038	-0.162068132646625	0.0272095810648838	0.0371994168910197	2.26343002475453	0.0177989964392584	0.0308047117572286
3.8095049133038	-0.140174792523991	0.0274035836100597	0.0375152420214403	2.11523880120308	0.020944578540745	0.0323126373546744
3.8195049133038	-0.119763007464167	0.0276269827785689	0.0378448180386654	1.96715018408708	0.0236537128148731	0.0335555839804553
3.8295049133038	-0.100830921641868	0.0278751957204302	0.0381850454822922	1.81932125583672	0.0259137165015263	0.0344186041786641
3.8395049133038	-0.0833752877385281	0.028143354357366	0.0385320667380518	1.67187816344304	0.0276214157741998	0.0349264118407075
3.8495049133038	-0.0673918055985013	0.0284259974400598	0.0388820130420163	1.52490097528795	0.028826360373525	0.0349827961291862
3.8595049133038	-0.0528755108727309	0.0287178622951259	0.0392305493911902	1.37844821609464	0.0294502607960008	0.0346621379098308
3.8695049133038	-0.0398210335886664	0.029013421065663	0.0395736972547981	1.23253837363787	0.0295810042601773	0.0338944922212399
3.8795049133038	-0.0282229129516444	0.0293076485756735	0.0399073102319169	1.08717559693003	0.0291801821390622	0.0327692582921659
3.8895049133038	-0.0180757851504219	0.0295955983665722	0.0402277578315381	0.942334451345211	0.0283351000903419	0.0312644523633445
3.8995049133038	-0.00937460473403257	0.0298729119175114	0.0405315768687147	0.797978227860758	0.0270637743373573	0.0294476733297879
3.9095049133038	-0.00211477933184904	0.0301356546192397	0.0408157863667746	0.654054331563699	0.0254231119264291	0.0273574324823632
3.9195049133038	0.00370771066235658	0.0303804088634143	0.041077887197129	0.510499311184775	0.0234867402965378	0.0250222770140032
3.9295049133038	0.00809621936238162	0.0306044437811628	0.0413157398085644	0.367247104435459	0.0212774686723598	0.0225281117723276
3.9395049133038	0.0110534069874934	0.0308054357588142	0.0415278784745102	0.22422194647035	0.0189007817319738	0.0198738173511066
3.9495049133038	0.0125811899578265	0.0309818521379346	0.041713092320736	0.0813549068154986	0.0163610423285151	0.0171619999134554
3.9595049133038	0.0126807800302551	0.0311324949642694	0.0418708631798637	-0.0614287973669986	0.0137630845552528	0.0143835871995016
3.9695049133038	0.0113526834058642	0.0312568912069702	0.0420008850789435	-0.204192583732877	0.0111129559978232	0.0116257287140107
3.9795049133038	0.00859678175105949	0.0313548731562142	0.0421034172652439	-0.346999602159083	0.00849200806638831	0.00888624351269529
3.9895049133038	0.00441238125767003	0.031426835506782	0.0421789062296794	-0.489900023197944	0.00591134542524938	0.00622568409564584
3.9995049133038	-0.00120167957735606	0.0314734298836394	0.0422281885295253	-0.632938084867921	0.00342610533470874	0.00364567432037479
4.0095049133038	-0.00824693994533796	0.0314956895817347	0.0422522303515197	-0.776144093019466	0.00104693885251586	0.00118155969888211
4.0195049133038	-0.0167251897264908	0.0314948264428158	0.042252207551802	-0.919538038830793	-0.00119655207491184	-0.00116491294708318
4.0295049133038	-0.0266383481567532	0.0314722460035585	0.042229352880467	-1.06312569673443	-0.00329468561587216	-0.00338467033093989
4.0395049133038	-0.0379883247179299	0.03142944490765	0.042184928132868	-1.20689903639196	-0.00524130894997925	-0.00547840511389953
4.0495049133038	-0.050776875298501	0.0313679452414354	0.0421201606022666	-1.3508355471953	-0.00703377125769513	-0.00745615074966202
4.0595049133038	-0.0650054538955011	0.031289250845272	0.0420361620104646	-1.49489702587322	-0.0086817550760301	-0.00932728621438801
4.0695049133038	-0.0806750564507539	0.0311947641522654	0.0419338969154049	-1.63903000626148	-0.0101958097550936	-0.0111117592493835
4.0795049133038	-0.0977860636989046	0.0310857400114557	0.0418141216643827	-1.78316516465539	-0.011590911104181	-0.0128352888329075
4.0895049133038	-0.116338082365181	0.0309632551712157	0.0416773179909734	-1.92721646579678	-0.0128947476097788	-0.0145194380610262
4.0995049133038	-0.136329779654477	0.0308281123610951	0.0415237080823568	-2.07108290670514	-0.0141226472093253	-0.0162067649096179
4.1095049133038	-0.157758728093488	0.0306808962404763	0.0413531229151564	-2.21464524631376	-0.0153203231337084	-0.0179143258771568
4.1195049133038	-0.180621233039964	0.0305217996527573	0.0411651273232623	-2.35777111903696	-0.0164962180371587	-0.0197035836212238
4.1295049133038	-0.204912187359919	0.0303508032457959	0.0409587872343458	-2.50030808435059	-0.0177154111078919	-0.0215798042039104
4.1395049133038	-0.230624892824556	0.0301673911397915	0.0407329418777444	-2.64209329533797	-0.0189736325129963	-0.0236234136217126
4.1495049133038	-0.257750929883443	0.0299708787111384	0.0404858459350391	-2.78294204271666	-0.0203534468288821	-0.025823633700646
4.1595049133038	-0.286279976127547	0.0297600129789183	0.0402155949726853	-2.92266217191103	-0.0218376054137193	-0.0282738169004836
4.1695049133038	-0.316199693059555	0.0295334236393566	0.039919669269313	-3.06103902198348	-0.023515863433556	-0.0309516689577346
4.1795049133038	-0.347495550267838	0.029289169429196	0.0395954476806907	-3.19785246320498	-0.025366379797488	-0.0339483359035205
4.1895049133038	-0.380150726348542	0.0290252165106051	0.0392397535116779	-3.33286161033289	-0.0274686732274845	-0.0372422207402122
4.1995049133038	-0.414145952475405	0.028739049940798	0.0388493297010908	-3.46582030969367	-0.0298090227128812	-0.0409028544717099
4.2095049133038	-0.449459422965159	0.0284280521053618	0.0384205189204377	-3.59646608837334	-0.0324406863562508	-0.0449204930387204
4.2195049133038	-0.486066672084911	0.0280892912084544	0.0379495792129406	-3.72453015044963	-0.0353661398958073	-0.0493290972402789
4.22941613666534	-0.523598775598506	0.0277231366355099	0.0374373924733166	-3.84863554771989	-0.0385737117142218	-0.0540903019406054
4.23941613666534	-0.56420488214762	0.0250434140492664	0.0422218450256057	-4.27189187430794	-0.494465285090949	1.00703579022835
4.24941613666534	-0.609022392730758	0.0179243947156746	0.057460547139333	-4.69088508945734	-0.923101335010375	2.03278178392224
4.25941613666534	-0.658007890220225	0.00674307980120897	0.0826745618453988	-5.10547308290355	-1.30313562356928	2.99753104276484
4.26941613666534	-0.711118653283992	-0.00786187196547728	0.117073164501998	-5.5180316735243	-1.56085221093096	3.81752971847159
4.27941613666534	-0.768565671501857	-0.0198303636013432	0.153876498266261	-5.97591209652566	-0.706690923015616	3.40248962331705
4.28941613666534	-0.830626017766629	-0.0214730223897519	0.184508423647356	-6.43357051179688	0.366438351886113	2.73458099617032
4.29941613666534	-0.897174478024081	-0.0128822293462025	0.208936749672184	-6.87271700784901	1.33083256558946	2.17124328369673
4.30941613666534	-0.968009545064531	0.00474427131272461	0.228309655045776	-7.29063463406662	2.17571449440976	1.72048401855615
4.31941613666534	-1.04291137195262	0.0302780206576962	0.243659394073923	-7.68582366823414	2.91457970460989	1.36339810498241
4.32941613666534	-1.12164523421636	0.0627245670515968	0.255829867731993	-8.05678224253744	3.56009545931975	1.08194706149298
4.33941613666534	-1.20395918528918	0.101185407349589	0.265516911373028	-8.39861276172402	4.09264268698693	0.890362034585767
4.34941613666534	-1.28913634525835	0.141854340725827	0.276041570551875	-8.61549820944622	3.99159650858293	1.23693070539928
4.35171673385151	-1.30899693899575	0.150986829783412	0.278977334877162	-8.64916612675952	3.94697841429338	1.3144496682541
4.36171673385151	-1.39428054883076	0.190221222733803	0.289561198695021	-8.40364243504323	3.90015686076123	0.797623925467417
4.37171673385151	-1.47699215791642	0.228997619114418	0.294837220128938	-8.13483358743419	3.85561386250288	0.253038570295143
4.38171673385151	-1.55690111147967	0.267344626093748	0.294533804856659	-7.84319443539491	3.81436959786305	-0.317956504665842
4.39171673385151	-1.63378169945177	0.30529564182853	0.288398407228201	-7.52925222558835	3.77625321157584	-0.912794284301497
4.40171673385151	-1.70741368053056	0.342873650863576	0.276212983435642	-7.19356738412652	3.73924125701663	-1.52702723312847
4.41171673385151	-1.77758244737394	0.380069371641903	0.257816254014083	-6.83670201919642	3.69879624045712	-2.15363425750884
4.41994831140659	-1.83259571459405	0.410349705174419	0.237959881936523	-6.52737318896598	3.65630407256127	-2.67012585963501
4.42994831140659	-1.89591565969346	0.446590315203842	0.208143871159688	-6.13329667060232	3.58740271478574	-3.29022888901649
4.43994831140659	-1.95519622423458	0.481983697769207	0.17224336927896	-5.71959598695208	3.484162729114	-3.88377780584481
4.44994831140659	-2.01024433654096	0.516099945223325	0.130627713705334	-5.28692908566792	3.32874268449306	-4.42939784906255
4.45994831140659	-2.06087415877993	0.548310458609102	0.0839033182282811	-4.83531157522405	3.08109331264257	-4.88087838417153
4.46994831140659	-2.10674431811328	0.573839562328586	0.0373046687243017	-4.33154805469238	1.89187711332475	-4.29146749414
4.47994831140659	-2.14745624374546	0.585633020869227	-0.00135294718203341	-3.81016739751358	0.481593195265443	-3.45634108232876
4.48994831140659	-2.18294176224939	0.583915955898642	-0.0323115598367628	-3.28677304032865	-0.801832464249224	-2.76077577240717
4.49994831140659	-2.21318978895147	0.570027730388467	-0.0570371608672911	-2.76282508096722	-1.95590341628253	-2.20573752332632
4.50994831140659	-2.23820015550858	0.545154692288628	-0.0768036210559358	-2.23948715173475	-3.00227449743542	-1.76460972066344
4.51994831140659	-2.25798746574252	0.51027908960868	-0.0926299043377218	-1.71856172114972	-3.95906970191325	-1.41421399068356
4.52994831140659	-2.27258711346894	0.466225062009888	-0.105326981973045	-1.20237939846378	-4.83989849865536	-1.13601739263778
4.53994831140659	-2.28205989966386	0.413700723257441	-0.115541139308776	-0.693670993542469	-5.65450124748096	-0.915459266448053
4.54994831140659	-2.28649547619097	0.353332744598745	-0.123789246832329	-0.195459571705453	-6.40954143569811	-0.741093009271514
4.55994831140659	-2.28601478822536	0.28569383804187	-0.130486401227735	0.289035211450764	-7.10924429345353	-0.603911120447704
4.56994831140659	-2.28077831786773	0.211385928131881	-0.136028660974104	0.747459636122675	-7.67561423627699	-0.576190770535716
4.57994831140659	-2.27177245103621	0.136246904294804	-0.145588553008396	1.02394812416456	-7.29806778698891	-1.34791469873658
4.58994831140659	-2.26080786300087	0.0656217286203183	-0.162332075242806	1.14534718186465	-6.82531146207614	-1.96145771461787
4.59994831140659	-2.24931266545718	-0.00020107077750954	-0.18410460783067	1.13297104223718	-6.33873154345969	-2.35739172657021
4.60994831140659	-2.23853786725757	-0.0610579239645177	-0.208910101171179	1.0038801380238	-5.82608158246791	-2.57970357218424
4.61994831140659	-2.22937654693712	-0.118000303038473	-0.233933453710825	0.831089202353747	-5.64894536416881	-2.32680626819126
4.62994831140659	-2.22193142905822	-0.174289753475222	-0.255111620509514	0.656444261024969	-5.60338688018455	-1.91234702404198
4.63994831140659	-2.21627946943257	-0.229827913376275	-0.272399349381452	0.472532296283842	-5.49132247025616	-1.55750890395763
4.64994831140659	-2.2125041832657	-0.283871122794892	-0.286500267923321	0.281634442395865	-5.30654011699406	-1.2733193290905
4.65994831140659	-2.21065951106979	-0.335767642439471	-0.298058102109235	0.0869128782436351	-5.06452171389576	-1.04673117098986
4.66994831140659	-2.21076918405294	-0.385018770864822	-0.307585964183774	-0.108799217452664	-4.77960688474719	-0.865514658500697
4.67994831140659	-2.21283077603033	-0.431255439850599	-0.315487302721353	-0.303107594548753	-4.46334971354792	-0.719997714330469
4.68994831140659	-2.21682005313949	-0.474211834255532	-0.322079785741299	-0.494040948519171	-4.12490942135481	-0.602629291927189
4.69994831140659	-2.22269504420537	-0.513703617620945	-0.327614225844162	-0.680016694622125	-3.77149060706508	-0.507520583409315
4.70994831140659	-2.23039972549901	-0.549610345351135	-0.332289255243308	-0.859798761215909	-3.40874503833016	-0.430046805200783
4.71994831140659	-2.23986792690371	-0.58184835116604	-0.336276940392226	-1.0327694063554	-3.03472878343843	-0.373536560281982
4.72994831140659	-2.25103448287783	-0.610188878199953	-0.339919266016209	-1.19947135496648	-2.62759679898473	-0.362940198952101
4.73994831140659	-2.26383502925895	-0.63429160608659	-0.343689520360276	-1.35948238604891	-2.18785228335026	-0.398475293601946
4.74994831140659	-2.27820042813313	-0.653850413277247	-0.348029643659206	-1.51238906805952	-1.71944127366155	-0.476276838611899
4.75994831140659	-2.29405836812689	-0.668596775193394	-0.353343500477462	-1.65796909657534	-1.22591706101749	-0.592620347264379
4.76994831140659	-2.31133523586734	-0.678295336431159	-0.359998947095837	-1.79618252083104	-0.710349977207056	-0.744043840944674
4.77994831140659	-2.32995787723436	-0.682738861581843	-0.368330817559465	-1.92715865846412	-0.175291892660233	-0.927410785454877
4.78994831140659	-2.34985521046686	-0.681743071151222	-0.378644271934171	-2.05117969606378	0.377212441989905	-1.13992062047254
4.79994831140659	-2.37095966167035	-0.675141798274501	-0.391218011932109	-2.16866164428886	0.945573495051629	-1.37907258683808
4.80994831140659	-2.39320839770723	-0.66278284668551	-0.406306922386342	-2.28013285064924	1.52856929603816	-1.64258786843909
4.81994831140659	-2.4165443309399	-0.644524888347934	-0.424143745598802	-2.3862097657112	2.12522571466548	-1.92829483797806
4.82994831140659	-2.44091686490745	-0.620235705110891	-0.444939445233695	-2.4875692068029	2.73466792952544	-2.23398269147347
4.83994831140659	-2.46628234083084	-0.589792044450478	-0.468881975851735	-2.58491607519175	3.35594688443256	-2.55723026238793
4.84994831140659	-2.49260428886152	-0.553079933092574	-0.49613461618074	-2.67850497467505	3.98386778916842	-2.89128389591472
4.85994831140659	-2.51947995017249	-0.513321545710733	-0.523555300589252	-2.67442730693486	3.7790975943936	-2.40816495993266
4.86994831140659	-2.54592080371275	-0.478813262168568	-0.543039066492117	-2.61195850208389	3.11676735641848	-1.48467655092558
4.87994831140659	-2.57172520959325	-0.45076287846749	-0.553498405783874	-2.55011945185694	2.51080691433784	-0.625586437861345
4.88994831140659	-2.59695106716326	-0.428239305315963	-0.555921073659952	-2.49651356470176	2.01119490654432	0.123367969245765
4.89844499829868	-2.6179938779915	-0.412678585707788	-0.552449715035566	-2.45764505644445	1.66209471574223	0.683144215674084
4.90844499829868	-2.64295230236126	-0.392746721286547	-0.547587601795221	-2.53366777113941	2.32366325714089	0.289499276024125
4.91844499829868	-2.66866073637363	-0.36622179519085	-0.546648271967847	-2.60773928934962	2.98028335423142	-0.100704880212442
4.92844499829868	-2.69510230834816	-0.333166438838335	-0.549575793212563	-2.68037314936989	3.62927322937907	-0.483125735555838
4.93844499829868	-2.72225631091704	-0.293744798603959	-0.556198328110826	-2.741903542068	4.18098047099714	-0.768626214206841
4.94844499829868	-2.74944211617862	-0.253832339157018	-0.560763454048439	-2.68296819436453	3.6962701561701	-0.0419661360708761
4.95844499829868	-2.7758515825565	-0.220381362754991	-0.556492073918529	-2.59992810277728	3.00080776903181	0.889637905737127
4.96844499829868	-2.80148410170077	-0.193498450585194	-0.543273518062441	-2.5292452952548	2.39508534621214	1.73580091712338
4.97844499829868	-2.82648991522263	-0.172105652140735	-0.522126545977646	-2.47451560998943	1.90105402504521	2.47728026108099
4.98844499829868	-2.85102368447556	-0.155155546390669	-0.494023579343448	-2.43454871275583	1.50350630175585	3.13009867113809
4.99844499829868	-2.87522418029587	-0.141772075941915	-0.459761670866514	-2.4075645705849	1.18503080738839	3.71173491126039
5.00844499829868	-2.8992124702541	-0.131240549883288	-0.419978171465224	-2.39182513669844	0.930908161120631	4.23653297990118
5.01844499829868	-2.92309265905159	-0.12297898246811	-0.375183280298736	-2.38567050729683	0.729265260296052	4.71563778871491
5.02844499829868	-2.94696335365951	-0.116221725865571	-0.326114011622026	-2.39287846862394	0.744529152613829	4.96103736390231
5.03844499829868	-2.97082637007556	-0.10646312152193	-0.278106206666957	-2.36518646240964	1.19561143417966	4.62865425094269
5.04844499829868	-2.99397124868607	-0.0927374826960276	-0.233553681800806	-2.24953646361611	1.52763273287488	4.28277260113125
5.05844499829868	-3.01554645413079	-0.076326998945985	-0.192431417778584	-2.05288111593211	1.73668714346529	3.9406543845016
5.06844499829868	-3.0347899130312	-0.0583702210761806	-0.154723922167773	-1.78479096091408	1.83875264324683	3.60047210265484
5.07844499829868	-3.05103953449169	-0.0398412690441091	-0.120432502834146	-1.45591447443209	1.85429969573673	3.25686029468749
5.08844499829868	-3.06374006672951	-0.0215357764525925	-0.0895808596555588	-1.07671412930179	1.79587175516586	2.91343941677568
5.09844499829868	-3.07244273565196	-0.00410985732148859	-0.062170437914979	-0.65808755794814	1.68036084778911	2.56933393441068
5.10844499829868	-3.0768053160944	0.0119261815756034	-0.0381887908712328	-0.210423646417167	1.52030291370174	2.227840254017
5.11844499829868	-3.07658764160254	0.0261882901670884	-0.0175953076035213	0.256393640271488	1.32702545444323	1.89269940453198
5.12844499829868	-3.07164511489007	0.0383998712322816	-0.000311272257538077	0.732956527337654	1.11339560960242	1.56489648692014
5.13844499829868	-3.0619225493189	0.0483973928289608	0.0137618286028917	1.21110294695557	0.885207172990402	1.25155262101087
5.14844499829868	-3.04744368003241	0.056091247603369	0.0247697363516329	1.68305540961035	0.653647945135838	0.952661354983786
5.15530928683876	-3.03479880821111	0.0600340189001953	0.0306369535482335	2.00000000000049	0.495831166976527	0.758014632256007
