=========================== Parameters =====================================
l1 [m]	l2 [m]	l3 [m]	c1 [m]	c2 [m]	c3 [m]	m1 [kg]	m2 [kg]	m3 [kg]
0.1
0.1
0.4858
0.5
0.7
0.3
0.1564
0.23764
0.1564
============================== Data ========================================
t [s]	th1 [rad]	th2 [rad]	th3 [rad]	th1d [rad/s]	th2d [rad/s]	th3d [rad/s]
0	0	0	0	0	0	0
0.01	-0.00097915688634586	0.000399100667956299	-0.000303112430697387	-0.193905712380265	0.076447916560391	-0.0562782738664938
0.02	-0.00384068629137645	0.00146448872404294	-0.00104791043544621	-0.376592629662461	0.133567191951943	-0.0892526399169297
0.03	-0.00847638250703217	0.0030126980335772	-0.00202828324218459	-0.548898379451842	0.173369735558791	-0.104246439930968
0.04	-0.0147875081349677	0.0048815582401616	-0.00308909598332837	-0.711864588842625	0.198077269020267	-0.106095687710951
0.05	-0.0226864159609426	0.00693157359251309	-0.00412041060375219	-0.866655188565282	0.209982858654586	-0.0989849685484985
0.06	-0.032097419516431	0.00904608531525681	-0.00505055042408491	-1.01448808176925	0.211345824808349	-0.0863765628060779
0.07	-0.0429570437913287	0.0111305285313511	-0.00583881728920319	-1.15657935301853	0.204314923007084	-0.0710080246429121
0.08	-0.0552137766078869	0.0131110423773742	-0.00646843726524966	-1.29409901032286	0.190875038684038	-0.0549370921960325
0.09	-0.0688274303728592	0.0149326463023646	-0.0069401176564158	-1.42813712226332	0.172813042920786	-0.0396164272990117
0.1	-0.0837682121967697	0.016557154415688	-0.00726644108734785	-1.55967915286942	0.151698945573786	-0.0259842539226263
0.11	-0.100015588328667	0.0179609636974366	-0.00746719996182898	-1.68958929106975	0.128879000232415	-0.0145602848910662
0.12	-0.117557016959964	0.0191328209934401	-0.00756568357749451	-1.81860060428015	0.105477924285799	-0.00553927168838666
0.13	-0.136386612025321	0.0200716477585018	-0.00758586643515287	-1.94731090502818	0.0824078719405168	0.00112298151671642
0.14	-0.156503789890037	0.0207844800639844	-0.00755040531944991	-2.07618329629392	0.0603822240312974	0.00563424873039732
0.15	-0.177911940900879	0.0212845639269918	-0.00747933003549472	-2.20555044869946	0.0399326296967801	0.0083026580268971
0.16	-0.20061715877135	0.0215896319939968	-0.00738930403067332	-2.33562175584578	0.0214280509333492	0.00948590658342975
0.17	-0.224627052711126	0.021720376482434	-0.00729333273007552	-2.46649260934107	0.00509482485706242	0.00955235493148834
0.18	-0.24994966009947	0.0216991245535109	-0.0072008060288524	-2.59815512970905	-0.00896302450375216	0.00885288176906956
0.19	-0.276592471327463	0.0215487155210975	-0.00711777434960781	-2.73050978143381	-0.0207438165946862	0.00770206008188642
0.2	-0.304561573160563	0.0212915741224058	-0.00704737287978571	-2.86337738844883	-0.0303290361586412	0.00636707892687626
0.21	-0.333860912555651	0.0209489701774557	-0.00699032445806273	-2.99651114938821	-0.0378652811327401	0.00506283467090025
0.22	-0.364491679251225	0.0205404520961188	-0.00694546693542205	-3.12960832917919	-0.0435475789184062	0.00395170918597887
0.23	-0.396451802575753	0.0200834396553203	-0.00691026493094452	-3.26232137459539	-0.04760423854385	0.00314670613032249
0.24	-0.42973555572347	0.0195929601092513	-0.00688127827741053	-3.39426826590925	-0.0502833451515667	0.0027168026889576
0.25	-0.464333259163057	0.0190815108910541	-0.00685456989055446	-3.52504197460334	-0.0518409528217107	0.00269357219933625
0.26	-0.50023107380509	0.0185590318207556	-0.00682604426005491	-3.65421894814248	-0.0525309896997194	0.00307832785202857
0.266324771351491	-0.523598775598299	0.0182263549981405	-0.006805247182339	-3.73490031445494	-0.0526304529652188	0.00352315972624224
0.276324771351491	-0.563358333466379	0.0197233688527957	-0.00386507742014582	-4.21625541416295	0.35160516150314	0.58461105280189
0.286324771351491	-0.607906039405088	0.0252470447157846	0.00488614620134024	-4.69225146286305	0.752407721852108	1.16543529566498
0.296324771351491	-0.657179633015638	0.0347537380249271	0.0194360278634419	-5.16112091965803	1.14786332008776	1.74396195168236
0.306324771351491	-0.711098079221509	0.0481790219235406	0.0397492797205452	-5.62086760594573	1.5357190428792	2.31763836932291
0.316324771351491	-0.769559044726697	0.0654340231496233	0.0657623385002852	-6.06922217148439	1.91333215874142	2.88335929287432
0.326324771351491	-0.832436034966694	0.0864013688466528	0.0973779822579386	-6.50361444373528	2.27766696874408	3.43731249395923
0.336324771351491	-0.899558976210917	0.11099668568949	0.133898954277814	-6.91610718569326	2.64566976319172	3.80108711781156
0.346324771351491	-0.970651808224049	0.139366316531841	0.172214447131273	-7.29220222344603	3.02221698130146	3.81354613273748
0.356324771351491	-1.04492714218272	0.170905795001527	0.209438123958527	-7.53764874207958	3.25578689750003	3.60214729307276
0.366324771351491	-1.12093645785106	0.203917148758617	0.243794699660712	-7.64265928746817	3.32006303104247	3.25147693951946
0.376324771351491	-1.19738734555951	0.236819103316833	0.274208662511686	-7.62978531277275	3.23805453690196	2.82264472160436
0.386324771351491	-1.27321541484106	0.268277097140535	0.300146362770004	-7.52186013075625	3.03573986985018	2.36301537377578
0.391105970076001	-1.30899693899577	0.282485475050069	0.310917196273313	-7.44314996791867	2.90438725403286	2.14293365367821
0.401105970076001	-1.38179305803464	0.309332595795845	0.32825661693214	-7.1124846244617	2.46207330480358	1.32466228415465
0.411105970076001	-1.45117417021337	0.331668978127183	0.337409769835001	-6.76008336634593	2.00236845514798	0.506176817717436
0.421105970076	-1.51692117738279	0.349324552604504	0.338388861915122	-6.38562612442354	1.5260424422205	-0.30970387309065
0.431105970076	-1.57881289805833	0.362137217709686	0.331232996131319	-5.98904429335881	1.03394028248647	-1.12039686859714
0.441105970076	-1.63662940236694	0.369954217172803	0.316006475207667	-5.57068320795307	0.527106617232551	-1.9234240463302
0.451105970076001	-1.69015693757456	0.372634763794032	0.292798370011955	-5.13145897937561	0.0069125155722374	-2.71629040793027
0.461105970076001	-1.73919422703067	0.370055288295756	0.261713154348878	-4.67304361936544	-0.525076449020493	-3.49434280708485
0.471105970076001	-1.78358573162964	0.361950343746042	0.224156105299831	-4.20455677263939	-1.10630811660477	-3.94014918118477
0.481105970076001	-1.82328076724796	0.347768358913988	0.18419614357624	-3.73468826610096	-1.73621415080511	-3.99714719972162
0.483640419378235	-1.83259571459405	0.343159720598611	0.174104203486532	-3.61602403318933	-1.90084107788665	-3.96384947249885
0.493640419378235	-1.86630784838475	0.321451499641931	0.130839813825576	-3.12549989150979	-2.44046832332079	-4.68559964521538
0.503640419378235	-1.89509687691726	0.294366766887604	0.0804577191957397	-2.6323423116775	-2.97506985538424	-5.38827700857833
0.513640419378235	-1.91899830131705	0.261864758063157	0.0241932461798758	-2.1521885788964	-3.53370973280583	-5.76625597105985
0.523640419378235	-1.93823317648229	0.223584119297557	-0.0332410451319698	-1.69971011908198	-4.1254426001066	-5.65306569698195
0.533640419378235	-1.95309311332217	0.179335060480298	-0.087762123706672	-1.27730149727544	-4.7236652007364	-5.20727418510081
0.543640419378235	-1.96387851296492	0.129155395497805	-0.13671192257702	-0.883990390135702	-5.3096267533145	-4.55804049189662
0.553640419378235	-1.97089588422513	0.0732773586291544	-0.178601976115432	-0.537831852937298	-5.84054074051432	-3.8143492859913
0.563640419378235	-1.97536896742319	0.0133972990528599	-0.213086832199517	-0.395449169831937	-6.07935148932569	-3.09139001189022
0.573640419378235	-1.97950125220917	-0.0472873770419367	-0.240645096079205	-0.461905265428897	-6.01164908667075	-2.43261129538696
0.583640419378235	-1.98514640073783	-0.106022662827225	-0.262006652450306	-0.689453079890744	-5.70112126839721	-1.85350451784966
0.593640419378235	-1.99347630718212	-0.160993532726493	-0.277946189543599	-0.977377352119047	-5.28911731971966	-1.34508284123787
0.603640419378235	-2.00471178069058	-0.21172088630121	-0.28914578948383	-1.2703001411876	-4.85243677330291	-0.907485488210716
0.613640419378235	-2.01888789270339	-0.25797106458343	-0.296355545879717	-1.56492397185725	-4.39439916331861	-0.547537977287001
0.623640419378235	-2.03600541100006	-0.299552120414731	-0.30035391799034	-1.85811222846021	-3.91933688897394	-0.264635735529357
0.633640419378235	-2.05603678321228	-0.336315460996749	-0.301887110369243	-2.14730893364839	-3.43156802225526	-0.0532873350538538
0.643640419378235	-2.07893120595772	-0.36815508343672	-0.301630131932582	-2.43040262734193	-2.93527161924265	0.0949716070883836
0.653640419378235	-2.10461863769679	-0.395005574641424	-0.300164883998586	-2.70564762481569	-2.43436781430416	0.190081878852498
0.663640419378235	-2.13301322026657	-0.416838997617818	-0.297971275459318	-2.97162109875005	-1.93241710680217	0.24234432011653
0.673640419378235	-2.16401637479668	-0.433660908365858	-0.295427803191363	-3.22719846971718	-1.43254818283379	0.261634308454994
0.683640419378235	-2.19751969346329	-0.445505807596842	-0.292818559384749	-3.47153579031808	-0.937417025545059	0.256892681531815
0.693640419378235	-2.2334076632704	-0.452432331755896	-0.290344176082017	-3.70405311460979	-0.449194970648015	0.235838435928177
0.703640419378235	-2.27156021710238	-0.454518448345638	-0.288134750751167	-3.92441637086187	0.0304194787632494	0.20485161236933
0.713640419378235	-2.31185509319148	-0.451856862747004	-0.28626328759297	-4.13251717032725	0.500171185681054	0.168980070185318
0.723640419378235	-2.35416991582098	-0.444550883787072	-0.284758566582949	-4.32843962683239	0.959191129622349	0.13203266549516
0.733640419378235	-2.39832120385419	-0.432800901347831	-0.283596831596796	-4.48826212053048	1.37227299583866	0.104310151662589
0.743640419378235	-2.44361001550787	-0.417553556148604	-0.282588193542902	-4.55383949970472	1.65564989031527	0.10071810360033
0.753640419378235	-2.48910305986537	-0.400092779110976	-0.281534182390988	-4.53098161018244	1.81762026800772	0.111687154407101
0.763640419378235	-2.5339740397346	-0.381550514236424	-0.280336211704136	-4.43146581227457	1.87481057697765	0.128208017935848
0.773640419378235	-2.57751842850002	-0.362887690431108	-0.278973830008334	-4.26777157181427	1.84466806899836	0.143663057490334
0.783353482692523	-2.61799387799149	-0.345390924263687	-0.277525271189333	-4.05930706068763	1.7484055150325	0.153525562971073
0.793353482692523	-2.65930094044692	-0.326470646944412	-0.272341106837041	-4.20095601791722	2.0345254033329	0.88307635084622
0.803353482692523	-2.70199303355389	-0.304720275577125	-0.259867762770968	-4.33661290329823	2.31468476199389	1.61142154395672
0.813353482692523	-2.74601903627028	-0.280191789997378	-0.240115551600359	-4.46801441453236	2.59038636076071	2.33890018216886
0.823353482692523	-2.79134074170207	-0.252899052880138	-0.213277296551822	-4.59473695388928	2.8731708958877	2.98263763474475
0.833353482692523	-2.83776607065376	-0.222743425680711	-0.181681546503115	-4.67060054263566	3.13842322247237	3.28579682768109
0.843353482692523	-2.88432435565986	-0.190591186120338	-0.148433621706954	-4.6206912355618	3.26946346934391	3.3263590386532
0.853353482692523	-2.92980099095965	-0.157784228753228	-0.115788666190331	-4.45720213927734	3.27166253041858	3.17632028310253
0.863353482692523	-2.97315191934513	-0.125534042071841	-0.0853354046660595	-4.19881447501594	3.16115030484831	2.89748514239947
0.873353482692523	-3.01352754113434	-0.0948715666486361	-0.0580951091526166	-3.8655039891897	2.95759191127821	2.54145939580963
0.883353482692523	-3.05027878825188	-0.0666212575128342	-0.0346249084523068	-3.47719182324976	2.68231877939123	2.14949389346069
0.893353482692523	-3.08295080127748	-0.0413929281036496	-0.0151194864820892	-3.05264288980061	2.35668372179146	1.75295182994916
0.903353482692523	-3.11126729261596	-0.0195881581375169	0.00049456042825235	-2.60870983486908	2.00080726696643	1.37428290489152
0.913353482692523	-3.13510904513039	-0.00141713809384653	0.012475889156943	-2.1599073408701	1.63273928064729	1.02832067951788
0.923353482692523	-3.15448952148144	0.0130779567324533	0.0211993516010559	-1.71824634653852	1.26797814752123	0.723710236053456
0.933353482692523	-3.16952977657044	0.0239962167288768	0.0271011832033378	-1.2932477825545	0.919262004057256	0.464307658881778
0.943353482692523	-3.1804341187271	0.0315501786193924	0.0306375823826801	-0.892069149361876	0.596551443376867	0.250445645771634
0.953353482692523	-3.18746739911916	0.036038521206889	0.032255030609488	-0.51969744355584	0.30714103782012	0.0800106212539384
0.963353482692523	-3.19093443505833	0.0378203305652461	0.0323703642782273	-0.179179307844826	0.055855744484759	-0.0506840803887403
0.973353482692523	-3.1911618447917	0.0372916258577182	0.0313585922877345	0.12812905712194	-0.154697396074268	-0.146219212814878
0.983353482692523	-3.18848243284044	0.0348645908276445	0.0295466257457451	0.402303196065192	-0.323842707577878	-0.21156174141407
0.993353482692523	-3.18322217232489	0.0309497797137118	0.0272113469329387	0.644590896549643	-0.452529838509717	-0.25170010403032
1.00335348269252	-3.17568975773424	0.0259414270374777	0.0245807269083195	0.857158685406126	-0.543021018837276	-0.271394758941846
1.01335348269252	-3.16616863645529	0.0202058706552009	0.0218369673688639	1.04285058093637	-0.598582936452357	-0.275018894473253
1.02335348269252	-3.15491136762018	0.0140729904270382	0.0191208755249157	1.20496475212631	-0.623193299678762	-0.266467862465282
1.03335348269252	-3.1421361046962	0.0078304714960172	0.0165368762410899	1.34705279951992	-0.62127062887221	-0.249119637785041
1.04335348269252	-3.12802495720811	0.00172062495868932	0.0141582254133664	1.4727451035061	-0.59743391761136	-0.225831979980863
1.05335348269252	-3.11272395973869	-0.00406055699660499	0.0120321169509652	1.58560422695617	-0.556296636742448	-0.198964859600119
1.06335348269252	-3.09634436386949	-0.00936246800799193	0.0101844776295301	1.6890068962994	-0.502297339539535	-0.170419135736353
1.07335348269252	-3.07896497019012	-0.0140774451880416	0.00862432374706054	1.78605378098847	-0.439567084373719	-0.141684506955959
1.08335348269252	-3.06063523074964	-0.0181371794868168	0.00734761446318307	1.87950525181255	-0.371832186628977	-0.113891475419637
1.09335348269252	-3.04137887444007	-0.0215083190902676	0.00634058185270309	1.97174056597159	-0.302349528065999	-0.0878635122117387
1.09640957837342	-3.03530988931204	-0.0223999808324722	0.00608359406131628	2.00000000000012	-0.281201944273943	-0.0803540768143826
1.10640957837342	-3.01484381746139	-0.0248710908760962	0.00539678009951232	2.09356202950492	-0.2134997585022	-0.0574492543277001
1.11640957837342	-2.99342948678176	-0.0266827650853185	0.00492539740815278	2.18986026796095	-0.149618351592858	-0.037302919350084
1.12640957837342	-2.97103390679701	-0.0278815091984567	0.00464104880171293	2.28995794904442	-0.0911366129866397	-0.0200542351891588
1.13640957837342	-2.94761529191184	-0.0285272412753888	0.00451459651929094	2.3945553179067	-0.0391637069077456	-0.0057171595665397
1.14640957837342	-2.92312653654908	-0.0286887918919865	0.00451726597412308	2.50402201727051	0.00561934143409966	0.0057904503870775
1.15640957837342	-2.89751833712905	-0.0284398646846651	0.0046214806813257	2.61843455523892	0.0429102281463978	0.0146223467453119
1.16640957837342	-2.87074192299531	-0.0278555170255806	0.00480147311642143	2.73761671931771	0.0727312452454482	0.0209834790145938
1.17640957837342	-2.84275137618882	-0.027009194118308	0.00503370960481362	2.86118111389972	0.0953731345102803	0.0251131228421944
1.18640957837342	-2.8135055367106	-0.0259703250470027	0.00529716202517194	2.9885702948744	0.111339185546795	0.0272710314213781
1.19640957837342	-2.78296950373885	-0.0248024687407859	0.00557345416936539	3.11909626034611	0.121291429630526	0.0277261427739348
1.20640957837342	-2.75111575431062	-0.0235619812956166	0.00584690625096691	3.25197732684296	0.1260003852752	0.026747440850284
1.21640957837342	-2.7179249094074	-0.0222971634123939	0.0061044973724235	3.38637167252641	0.126299441027922	0.0245966358776736
1.22640957837342	-2.68338618339574	-0.0210478375790156	0.006335762736656	3.52140705967536	0.123044621856564	0.0215223925195667
1.23640957837342	-2.64749755659698	-0.0198452987073118	0.00653263995628975	3.65620645541285	0.117080182461754	0.0177558891698425
1.24640957837342	-2.61026571264525	-0.0187125788546469	0.006689276878671	3.78990945020443	0.109210207138245	0.0135075362915463
1.25640957837342	-2.57170578250828	-0.0176649660123447	0.00680181180301196	3.92168952689468	0.100176172925692	0.00896471581201074
1.26640957837342	-2.53184093586683	-0.0167107183203886	0.00686813571517717	4.05076735873662	0.0906402505145959	0.00429042784393219
1.27640957837342	-2.49070185824768	-0.0158519180714716	0.00688764511302026	4.17642041373053	0.081173973988718	-0.000377253377121783
1.28640957837342	-2.44832614914415	-0.0150854141221277	0.0068609930618541	4.29798921613904	0.0722518031029021	-0.00492500394408503
1.29640957837342	-2.40475767257911	-0.0144038064921617	0.00678984524267443	4.41488066640132	0.0642490267640612	-0.00926344167335555
1.30640957837342	-2.3600458873889	-0.0137964327023044	0.00667664688907766	4.52656885031591	0.0574434096860298	-0.013325771713799
1.31640957837342	-2.31424518012611	-0.0132503215109646	0.00652440562294679	4.63259377995405	0.0520199617779403	-0.017065976501634
1.32640957837342	-2.26741421906165	-0.0127510859406811	0.00633649428001092	4.73255850496037	0.0480782078666357	-0.020456643720624
1.33640957837342	-2.21961534345363	-0.0122837336465849	0.00611647686422466	4.82612501623943	0.045641350373963	-0.0234865288446265
1.34640957837342	-2.17091399815861	-0.011833378618674	0.00586795979601244	4.9130093368803	0.0446667465186514	-0.0261579501225147
1.35640957837342	-2.12137821988332	-0.0113858438012259	0.00559446964407795	4.99297615969729	0.0450571618510945	-0.0284841127721912
1.36640957837342	-2.07107817798615	-0.0109281493549917	0.00529935757992747	5.06583334892327	0.0466723111746595	-0.030486455235501
1.37640957837342	-2.02008576979093	-0.0104488859011206	0.00498572989772151	5.13142657717058	0.0493402541493695	-0.032192103454921
1.38640957837342	-1.96847426790983	-0.00993847610931778	0.00465640312895099	5.18963431942314	0.0528682742867441	-0.0336315093804722
1.39640957837342	-1.91631801510722	-0.00938933138352833	0.00431388157878378	5.24036337508986	0.057052934902828	-0.0348363376491765
1.40640957837342	-1.8636921607803	-0.00879591313045412	0.0039603545413401	5.2835450385105	0.0616890722109169	-0.0358376501352559
1.41640957837342	-1.81067243217562	-0.00815471016034828	0.0035977100311422	5.31913198918165	0.0665775524145497	-0.0366644225190134
1.42640957837342	-1.75733493298225	-0.00746414517364723	0.00322756160688317	5.34709592672422	0.0715316847016009	-0.0373424109194969
1.43640957837342	-1.70375596190643	-0.00672442405598104	0.00285128476309587	5.36742593352981	0.0763822437480956	-0.0378933707611066
1.44640957837342	-1.65001184419182	-0.00593734187952141	0.00247005941917974	5.38012751126985	0.0809811120808988	-0.0383346151522035
1.45640957837342	-1.59617876974562	-0.00510605914782296	0.00208491523024516	5.3852222070274	0.0852036029165887	-0.0386788868258204
1.46640957837342	-1.54233263249557	-0.00423486099568448	0.0016967767607802	5.38274772148922	0.0889495665976909	-0.0389345066949416
1.47640957837342	-1.48854886676404	-0.00332891084799873	0.00130650597570298	5.37275837590381	0.0921434174929491	-0.0391057537257129
1.48640957837342	-1.43490227772432	-0.00239400854309788	0.000914939986060842	5.35532580652521	0.0947332425936894	-0.0391934253794995
1.49640957837342	-1.3814668643257	-0.00143636123189611	0.000522922509019196	5.33053975482342	0.0966891678268402	-0.0391955253870261
1.50640957837342	-1.32831563436348	-0.000462373569059553	0.00013132803459818	5.29850882828975	0.0980011635679283	-0.0391080259861345
1.51640957837342	-1.27552041256355	0.000521538093320034	-0.000258921792466448	5.25936111930808	0.0986764676610775	-0.0389256547091478
1.52640957837342	-1.22315164359196	0.00150910453420897	-0.000646849592286299	5.21324458713171	0.0987367935124983	-0.0386426609428906
1.53640957837342	-1.17127819274632	0.00249433413450175	-0.00103142107250319	5.16032712913283	0.0982154739031937	-0.0382535243029169
1.54640957837342	-1.11996714770913	0.00347161501254425	-0.00141155051521994	5.1007962907043	0.0971546696566642	-0.0377535748062674
1.55640957837342	-1.06928362513044	0.00443579001757084	-0.00178611193140633	5.03485858701626	0.0956027478813147	-0.0371395033240721
1.56640957837342	-1.01929058595833	0.00538220669357197	-0.00215395471356734	4.96273843287872	0.0936119088439523	-0.0364097493043001
1.57640957837342	-0.970048663366218	0.00630674498894305	-0.00251392252813857	4.88467669803235	0.0912361151487701	-0.0355647607963878
1.58640957837342	-0.921616006858976	0.00720582590325943	-0.00286487417615842	4.80092892332056	0.0885293531070174	-0.0346071289927776
1.59640957837342	-0.874048145709772	0.00807640445301982	-0.0032057052041584	4.71176324770955	0.0855442350192349	-0.0335416055422204
1.60640957837342	-0.827397874323741	0.00891595033333644	-0.00353536915451393	4.61745810663868	0.0823309332766955	-0.032375015611877
1.61640957837342	-0.781715161484345	0.00972241948809648	-0.00385289749211229	4.51829976860957	0.0789364231284122	-0.0311160830130776
1.62640957837342	-0.737047084753497	0.0104942195154196	-0.00415741741835127	4.41457977942422	0.0754040007669166	-0.0297751856882366
1.63640957837342	-0.693437790604941	0.0112301714664383	-0.00444816697111013	4.30659238243541	0.0717730369174136	-0.028364060591596
1.64640957837342	-0.650928480204774	0.0119294701792016	-0.00472450699875001	4.19463197910853	0.0680789230267667	-0.0268954766499277
1.65640957837342	-0.609557420140574	0.0125916448573146	-0.0049859297775748	4.07899068774082	0.0643531669545607	-0.0253828932633709
1.66640957837342	-0.569359976861844	0.013216521180911	-0.0052320642078105	3.95995605001	0.0606235971988356	-0.0238401199198138
1.67640957837342	-0.530368673143325	0.0138041858459759	-0.00546267766752535	3.83780892578935	0.0569146385458922	-0.0222809901658868
1.68640957837342	-0.492613264526646	0.0143549540812164	-0.00567767472360723	3.71282160698041	0.053247627035919	-0.0207190606056059
1.69640957837342	-0.456120833436543	0.0148693403983805	-0.00587709299242818	3.58525617150969	0.0496411377553179	-0.0191673429605796
1.70640957837342	-0.420915898502488	0.0153480325959761	-0.00606109651026133	3.45536308954715	0.0461113047498744	-0.017638074668733
1.71640957837342	-0.387020536537935	0.0157918688574984	-0.00622996701626248	3.32338008576194	0.0426721179367704	-0.0161425311332809
1.72640957837342	-0.354454514628137	0.0162018176601009	-0.00638409357121954	3.18953125426294	0.0393356870073094	-0.0146908806384904
1.73640957837342	-0.323235429841785	0.0165789601324756	-0.00652396093627526	3.05402641690637	0.0361124667747362	-0.0132920811713851
1.74640957837342	-0.293378854199585	0.0169244744644493	-0.00665013712074217	2.91706071093869	0.0330114421314471	-0.0119538169501966
1.75640957837342	-0.264898482691564	0.01723962196772	-0.00676326048036181	2.77881438845416	0.0300402737036678	-0.0106824713606885
1.76640957837342	-0.237806282322807	0.017525734409445	-0.00686402671022356	2.6394528078085	0.0272054074493846	-0.00948313222344856
1.77640957837342	-0.212112640373135	0.0177842022806622	-0.00695317603313368	2.49912659582613	0.024512152896536	-0.00835962483005671
1.78640957837342	-0.187826510270678	0.0180164637131254	-0.0070314808372637	2.35797195923059	0.0219647355489953	-0.00731456795735479
1.79640957837342	-0.164955553693789	0.0182239938153505	-0.00709973396877446	2.21611112406587	0.0195663292981603	-0.00634944805667056
1.80640957837342	-0.143506277723906	0.0184082942568296	-0.00715873783776561	2.07365288280813	0.0173190745736506	-0.00546470697764977
1.81640957837342	-0.123484166068334	0.0185708829848418	-0.00720929445089073	1.93069323024715	0.0152240875509549	-0.00465983888441828
1.82640957837342	-0.104893803552923	0.018713284008456	-0.00725219644246917	1.7873160709116	0.0132814651026628	-0.00393349241810052
1.83640957837342	-0.0877389932474795	0.0188370172274557	-0.00728821913873165	1.64359398270147	0.0114902894177528	-0.00328357462102877
1.84640957837342	-0.0720228657302987	0.0189435883190709	-0.00731811365745746	1.49958902337448	0.00984863539199821	-0.0027073536354907
1.85640957837342	-0.0577479801217181	0.0190344787223074	-0.00734260101793682	1.35535356852589	0.00835358306996464	-0.00220155769938535
1.86640957837342	-0.044916416620463	0.019111135778516	-0.00736236721393781	1.21093117163464	0.00700123664004055	-0.00176246846304948
1.87640957837342	-0.0335298603615993	0.0191749630982718	-0.00737805918501951	1.06635743857351	0.00578675078087777	-0.00138600713046158
1.88640957837342	-0.0235896764824141	0.0192273112295027	-0.00739028160882045	0.921660910656735	0.00470436455196696	-0.00106781237267252
1.89640957837342	-0.0150969763341373	0.0192694687011564	-0.00739959442848002	0.776863951802143	0.00374744252486157	-0.000803309363820425
1.90640957837342	-0.00805267481492093	0.0193026535116541	-0.0074065110246725	0.631983636698869	0.00290852246918339	-0.000587769645707552
1.91640957837342	-0.00245753882481912	0.0193280051230786	-0.00741149694036727	0.487032637990344	0.0021793686372428	-0.000416361833474647
1.92640957837342	0.00168777314135007	0.0193465770115742	-0.00741496906788161	0.342020111403279	0.0015510295265674	-0.000284193432385943
1.93640957837342	0.00438268024048638	0.0193593298128121	-0.00741729521158189	0.19695257848109	0.00101389893127069	-0.000186344245806162
1.94640957837342	0.00562665734369814	0.0193671250894999	-0.00741879394525284	0.0518348071209365	0.000557779109294671	-0.000117892020093335
1.95640957837342	0.00541922189541643	0.0193707197365677	-0.00741973469027023	-0.0933293095236485	0.000171944980199072	-7.39310972782388e-05
1.96640957837342	0.00375992955647615	0.0193707610294965	-0.00742033794889416	-0.238535875018473	-0.000154791586001555	-4.95849355829634e-05
1.97640957837342	0.000648378626374265	0.0193677823127815	-0.00742077563591557	-0.383780111710489	-0.000434018137709858	-4.00134159329789e-05
1.98640957837342	-0.00391577675260742	0.0193621993191281	-0.00742117146124937	-0.529055482196611	-0.000677659194187503	-4.04158845897992e-05
1.99640957837342	-0.00993280460108105	0.0193543071059229	-0.00742160132563827	-0.674352809772528	-0.0008979152643525	-4.60308927197584e-05
2.00640957837342	-0.0174028643072504	0.0193442775939514	-0.00742209370122135	-0.819659397818545	-0.00110720336256895	-5.21335876506669e-05
2.01640957837342	-0.0263259670218394	0.0193321576942891	-0.00742262997818429	-0.964958148586518	-0.00131809880096211	-5.40316918569032e-05
2.02640957837342	-0.0367019272421452	0.0193178680127132	-0.00742314476793584	-1.11022668247634	-0.00154327779694527	-4.7060977890434e-05
2.03640957837342	-0.0485303055985577	0.0193012021267242	-0.00742352616217128	-1.25543645962407	-0.00179546021243602	-2.65811134496017e-05
2.04640957837342	-0.0618103428792309	0.0192818264381086	-0.00742361595573782	-1.40055190646114	-0.00208735154528362	1.20272872597721e-05
2.05640957837342	-0.0765408853597478	0.0192592806136101	-0.00742320984937746	-1.54552955083647	-0.00243158313079556	7.33636103143559e-05
2.06640957837342	-0.0927203015455973	0.0192329786373501	-0.00742205765616734	-1.69031717031258	-0.0028406493884735	0.000162005433929645
2.07640957837342	-0.110346390486775	0.0192022105107084	-0.00741986354278798	-1.83485295934208	-0.00332684087238024	0.000282503256735009
2.08640957837342	-0.129416281886663	0.0191661446479639	-0.00741628634360349	-1.97906472218861	-0.00390217185877045	0.000439371101055036
2.09640957837342	-0.149926328301944	0.0191238310285422	-0.00741093999189783	-2.12286909965927	-0.00457830123732395	0.00063707238136265
2.10640957837342	-0.171871989817105	0.0190742051786332	-0.0074033941184261	-2.26617083894382	-0.00536644556762569	0.000880000486196637
2.11640957837342	-0.195247711676214	0.0190160930655705	-0.00739317487262823	-2.40886211708242	-0.00627728332503818	0.00117245358925865
2.12640957837342	-0.220046795465844	0.0189482169970143	-0.00737976602630809	-2.55082192977804	-0.00732084959348683	0.00151860328533177
2.13640957837342	-0.246261264565913	0.0188692026229355	-0.00736261042315909	-2.69191555839514	-0.00850642076951058	0.0019224567425887
2.14640957837342	-0.273881724718784	0.0187775871409082	-0.00734111184004285	-2.83199412900017	-0.0098423892229329	0.0023878121783579
2.15640957837342	-0.302897220709966	0.0186718288035571	-0.0073146373271837	-2.9708942781535	-0.0113361283133275	0.00291820760395847
2.16640957837342	-0.333295090304263	0.0185503178204565	-0.00728252009418627	-3.10843794080392	-0.0129938486836489	0.00351686294882205
2.17640957837342	-0.365060816736804	0.018411388734697	-0.00724406300674025	-3.24443227600791	-0.0148204473350913	0.0041866158670882
2.18640957837342	-0.398177881216162	0.0182533343361738	-0.00719854275475678	-3.3786697462376	-0.0168193516182786	0.00492985175237541
2.19640957837342	-0.432627617052983	0.0180744211490056	-0.0071452147461891	-3.51092836569264	-0.0189923609383181	0.00574842873817957
2.20640957837342	-0.468389067178125	0.0178729064991551	-0.00708331877164246	-3.64097213223399	-0.0213394896430726	0.00664359874012989
2.21640957837342	-0.505438846954424	0.0176470571303335	-0.00701208547282598	-3.76855165625906	-0.0238588152177988	0.00761592589763417
2.22119023407772	-0.52359877559837	0.0175299898442818	-0.00697450721152068	-3.82859640975767	-0.0251229706964743	0.00810799388688919
2.23119023407772	-0.564295301348124	0.0193023634484582	-0.00398799636458597	-4.30992788754379	0.379148635938174	0.589293795531628
2.24119023407772	-0.609778929215696	0.0251010609112172	0.00481047081536927	-4.78573227804445	0.779840502630516	1.17019453674538
2.25119023407772	-0.659985530159776	0.0348807484655337	0.0194080865813661	-5.25420386987283	1.17499329813751	1.74873527049134
2.26119023407772	-0.71483180561821	0.048574830489976	0.0397687012079081	-5.71330591887307	1.56230395111386	2.3223147137997
2.27119023407772	-0.774212747595871	0.0660917488249756	0.0658273748875015	-6.16072770492378	1.93907710081925	2.88777380169456
2.28119023407772	-0.837998731418047	0.087311104705557	0.097483372420885	-6.59381023154852	2.30241427438837	3.43961547805257
2.29119023407772	-0.906015679319048	0.112147302043281	0.134016465985797	-7.00467262868761	2.66905083575383	3.80122701966851
2.30119023407772	-0.977978503813784	0.14073356335359	0.172323643509335	-7.37559356749541	3.03922322707822	3.81242088954677
2.31119023407772	-1.05304546013307	0.172388012385691	0.209534649038949	-7.61261304319907	3.26185277033575	3.60066936265689
2.32119023407772	-1.12976608130512	0.20541137999061	0.243873688317978	-7.7101219909969	3.31666343024819	3.24942162045807
2.33119023407772	-1.20685830695399	0.238238722270995	0.274263764838031	-7.69076097329353	3.22680453645333	2.81991639752943
2.34119023407772	-1.28326795171957	0.269551781979226	0.30017081031416	-7.57736699610186	3.01827303875783	2.35962061487898
2.34459807224243	-1.30899693899581	0.279681341982074	0.307943625627108	-7.52120067834345	2.92490919233052	2.20225813999914
2.35459807224243	-1.38256924827364	0.306729328735549	0.325872189726299	-7.18962782803937	2.48167933338139	1.38312304627994
2.36459807224243	-1.45271620834337	0.329256158684191	0.335604705831784	-6.83607112191603	2.02081633204731	0.563560785091446
2.37459807224243	-1.51921639993183	0.347089620883326	0.337151691031811	-6.46024148315281	1.54314537229964	-0.253524108993067
2.38459807224243	-1.58184661275704	0.360066005758807	0.330551339939262	-6.06209800374842	1.04956281267807	-1.06547802991185
2.39459807224243	-1.64038515353685	0.368031443813998	0.315867681054839	-5.64201154233271	0.541160952924918	-1.86976660410474
2.40459807224243	-1.69461675299104	0.37084449273554	0.293190004109892	-5.20092208950546	0.0193547662438017	-2.66385237340378
2.41459807224243	-1.74433882758445	0.368381482996858	0.262622294002019	-4.7404898750576	-0.513990839571459	-3.44504039530069
2.42459807224243	-1.78939229536242	0.360392937522437	0.225446857178406	-4.26945402831963	-1.09415803588198	-3.91299392952539
2.43459807224243	-1.82972275497162	0.346334775351547	0.18566669619884	-3.79685584535077	-1.72372322230042	-3.9874830248156
2.43535832832946	-1.83259571459406	0.345005603577553	0.182637779049796	-3.7610196780254	-1.77294817183741	-3.98038499434589
2.44535832832946	-1.86774656462953	0.324562111880734	0.13918681398465	-3.26810738702457	-2.31554246982114	-4.7063557671536
2.45535832832946	-1.89794609093283	0.298708758530607	0.0885746483248811	-2.77167125230385	-2.85376528138224	-5.41424213505073
2.46535832832946	-1.92321964527781	0.267400676937415	0.0320003948475842	-2.28703106133388	-3.41608303381741	-5.80496979855571
2.47535832832946	-1.94377680979882	0.230273483276809	-0.0258799990900211	-1.82924428210775	-4.01264279135571	-5.70235988108507
2.48535832832946	-1.95990399211084	0.187122609032768	-0.0809195007080674	-1.40117813217836	-4.61700681505659	-5.26073887556012
2.49535832832946	-1.97189781067015	0.137973049986516	-0.13040396942708	-1.00228823233274	-5.2096496110905	-4.61100691978457
2.50535832832946	-1.98005033862878	0.083030633920461	-0.172801273527423	-0.640519484884816	-5.76212766712288	-3.86086260463595
2.51535832832946	-1.9853906264219	0.0237092874680701	-0.207694405290347	-0.467298746485161	-6.04444209964894	-3.12686551199659
2.52535832832946	-1.99011008405501	-0.0368107708796354	-0.235559957523265	-0.508360790409539	-6.0123797879889	-2.45888153606411
2.53535832832946	-1.996116752082	-0.0956971111692442	-0.257145837017561	-0.717316553499534	-5.7276981209815	-1.87274243272065
2.54535832832946	-2.0046950253256	-0.150973024811206	-0.27326034105015	-1.00003088742687	-5.3223625981888	-1.36096165405927
2.55535832832946	-2.01613823815891	-0.202056214727614	-0.284602159558303	-1.28928737936191	-4.89023724091683	-0.920039854843246
2.56535832832946	-2.03048805244079	-0.248704270870633	-0.291921082430889	-1.58075443141099	-4.4360664369613	-0.556853118262119
2.57535832832946	-2.04774988435401	-0.29071877821133	-0.295997633296535	-1.87120835906659	-3.96426614957203	-0.271021064376456
2.58535832832946	-2.06790002566061	-0.327945516589403	-0.297581815191903	-2.15801913679066	-3.47923842738974	-0.0571788338220813
2.59535832832946	-2.09089083390704	-0.360273686177665	-0.297353310190474	-2.43901236858244	-2.98524409223526	0.093085859347677
2.60535832832946	-2.11665484652325	-0.387633875885943	-0.295898930389017	-2.71238862662416	-2.4862810340509	0.1897151049305
2.61535832832946	-2.14510828650882	-0.409994902007481	-0.293703291699195	-2.97667906100366	-1.98598202938251	0.243046484669556
2.62535832832946	-2.17615423013302	-0.427359764058167	-0.291149115300154	-3.23071977172507	-1.48754135615425	0.263013046896741
2.63535832832946	-2.20968556200615	-0.43976102488069	-0.288524084096758	-3.47363349318732	-0.993673007779775	0.258623085193504
2.64535832832946	-2.24558775620797	-0.44725592279696	-0.28603173224618	-3.70481245085248	-0.50659819459036	0.237664743354848
2.65535832832946	-2.28374148012252	-0.449921484162185	-0.283804383212591	-3.92389982402687	-0.0280569251131083	0.206583416664188
2.66535832832946	-2.32402500292751	-0.447849846431819	-0.281916647361965	-4.13076920907443	0.440662503463796	0.170485167806179
2.67535832832946	-2.36631530682408	-0.441145499669161	-0.280398028874838	-4.325063906863	0.898053222699349	0.133363090428264
2.68535832832946	-2.41046936503472	-0.429951104387546	-0.279238178557115	-4.49353645421769	1.32419999120124	0.102342747315342
2.69535832832946	-2.45585944733615	-0.415112202474601	-0.278262458568621	-4.5686748069213	1.62180563997989	0.0963294944963684
2.70535832832946	-2.50154473949411	-0.397924803323027	-0.277259140034837	-4.5544237758085	1.79652686278518	0.106124353009009
2.71535832832946	-2.54668868126075	-0.379536493124021	-0.276118431338432	-4.46242673314126	1.86483132224047	0.12246112963879
2.72535832832946	-2.5905754440874	-0.360925030550877	-0.27481131206608	-4.3050882776604	1.84408607556932	0.138456592044891
2.73182264549467	-2.61799387799153	-0.349159322511374	-0.27388933492258	-4.17453277989394	1.79152643939417	0.146372740890805
2.74182264549467	-2.66045835140415	-0.329799260135425	-0.26877154322993	-4.31716301964952	2.07930756661567	0.876944148946473
2.75182264549467	-2.70431623257467	-0.30759407377028	-0.256354733900709	-4.45351897898535	2.36081528695179	1.60623108033519
2.76182264549467	-2.74951373066098	-0.282598759802603	-0.236650159127777	-4.58536820229354	2.63757517120254	2.33454300922586
2.77182264549467	-2.79600924300244	-0.25482424074984	-0.209897871310534	-4.71201361887239	2.92288221675966	2.9651643509555
2.78182264549467	-2.84359854227692	-0.224169387793261	-0.178549665242557	-4.78558607972314	3.18763705330227	3.25490104724461
2.79182264549467	-2.89128813447244	-0.191541530593333	-0.145652174324944	-4.73182259505261	3.31502327792386	3.28804366980875
2.80182264549467	-2.93785393900389	-0.15830466319856	-0.113407883697964	-4.56383162657861	3.31186431760551	3.13515400550944
2.81182264549467	-2.98224743798036	-0.12568361667444	-0.0833662434336715	-4.30068431443159	3.19501011920586	2.8567861458823
2.82182264549467	-3.02361806119418	-0.0947160836657236	-0.056520791032596	-3.96266404338493	2.98472172659773	2.50348869113624
2.83182264549467	-3.06131844078303	-0.0662279609307264	-0.0334105308649531	-3.56991953691884	2.70279689474831	2.11564669271203
2.84182264549467	-3.09489732809009	-0.0408264673328	-0.0142197586529449	-3.14137198875596	2.37093105389857	1.72393985562917
2.85182264549467	-3.12408329878753	-0.0189077287047094	0.00112933385420149	-2.69397017973912	2.00947650465144	1.35030172408182
2.86182264549467	-3.14876270688443	-0.00067465052591759	0.01289540334182	-2.24227605447964	1.63662045181144	1.00919751255775
2.87182264549467	-3.16895485815817	0.0138388511299362	0.0214502645373978	-1.79830931355454	1.26792169951796	0.709029384736133
2.88182264549467	-3.18478658437003	0.0247404168155801	0.0272252160974851	-1.37157029249041	0.916118885575064	0.45351252610356
2.89182264549467	-3.19646765136385	0.032250904328627	0.0306705252020004	-0.969174432901802	0.591128718540802	0.242917972351792
2.90182264549467	-3.20426786839659	0.0366767102412825	0.0322264335787578	-0.59605193420889	0.300171084088841	0.0751288368417761
2.91182264549467	-3.20849639320507	0.0383837862308331	0.0323037195345912	-0.255183563166282	0.0479769311472336	-0.0535046803281367
2.92182264549467	-3.20948350023246	0.0377740204550117	0.0312718392907147	0.0521447437253182	-0.162950607829371	-0.147501363620749
2.93182264549467	-3.20756494182573	0.0352644091136899	0.0294528455135202	0.326079376002482	-0.332042153803988	-0.211753033663069
2.94182264549467	-3.20306894039707	0.0312692687696703	0.027119540809895	0.56793654694794	-0.460350252937078	-0.251168786985144
2.95182264549467	-3.1963057772711	0.0261856026295566	0.0244966034181602	0.779946530787386	-0.550232372610428	-0.270431919700487
2.96182264549467	-3.18755987944593	0.020381615835794	0.0217636846881653	0.965010832583436	-0.605039858925483	-0.27384482662068
2.97182264549467	-3.17708424638202	0.014188269601924	0.0190597068077051	1.12647787667514	-0.628822743686858	-0.2652408701037
2.98182264549467	-3.16509700747808	0.00789367242527135	0.0164877804895172	1.2679418567475	-0.626058768869152	-0.247945930116863
2.99182264549467	-3.15177986061661	0.0017400321501435	0.0141203181723188	1.3930681135592	-0.601413093939994	-0.224775676088196
3.00182264549467	-3.13727811575141	-0.00407716129974225	0.0120040433133983	1.50544694044327	-0.559532984529036	-0.198057432428575
3.01182264549467	-3.12170205591615	-0.00940808457135198	0.0101646954418571	1.60847625029063	-0.504879570497713	-0.169667876325078
3.02182264549467	-3.10512933040011	-0.0141460334623691	0.00861130806277174	1.70527223485437	-0.441596730432241	-0.141079787406344
3.03182264549467	-3.0876081089479	-0.0182237437777642	0.00733999572811875	1.79860611376053	-0.373415472022992	-0.113412737404337
3.04182264549467	-3.06916074873994	-0.0216089218275622	0.00633723047584829	1.89086434788573	-0.303590916025534	-0.087484013625135
3.05182264549467	-3.04978775451709	-0.0242992925135135	0.00558261885933921	1.98402926787706	-0.234868162066835	-0.06385724053047
3.05351452518522	-3.04641751523562	-0.0246870454811152	0.00547775560766966	2.00000000000027	-0.223516911873274	-0.0601156215310799
3.06351452518521	-3.02593932395494	-0.0265951669638665	0.00498142952779528	2.0961950559044	-0.158868027445478	-0.0396174453801788
3.07351452518522	-3.00448082001953	-0.0278820783176678	0.00467586117431418	2.19621674125485	-0.099505815412323	-0.0219789633147212
3.08351452518521	-2.98199969692098	-0.0286068145548722	0.00453219909429945	2.30081486742088	-0.0465884420699478	-0.00723247942290379
3.09351452518522	-2.95844785162488	-0.0288377863407463	0.0045217864481725	2.41040432203494	-0.00083990766393164	0.00468898543878047
3.10351452518521	-2.93377455308881	-0.0286486759894463	0.0046170276539129	2.5251023506116	0.0374007594707275	0.0139269335039227
3.11351452518522	-2.90792921863259	-0.0281148553919879	0.00479202699184036	2.6447689149878	0.0681253966187992	0.0206766954283851
3.12351452518521	-2.88086377921318	-0.0273103579855718	0.0050230383151317	2.76904827032211	0.0916004232788639	0.0251702601300455
3.13351452518522	-2.85253462942913	-0.0263054146889667	0.00528875857721226	2.89741020802422	0.108310679130574	0.0276621279310592
3.14351452518522	-2.82290417214322	-0.0251645428474103	0.0055704930846126	3.02918970220938	0.118905263481757	0.0284177313628488
3.15351452518522	-2.79194197884815	-0.0239451604485837	0.00585221612288266	3.16362397196954	0.124146856168169	0.0277040284934409
3.16351452518522	-2.75962559548081	-0.0226966849680666	0.00612054697328484	3.29988622762672	0.124865625383029	0.0257819378523862
3.17351452518522	-2.7259410295196	-0.0214600668903155	0.0063646583373047	3.43711560315508	0.121918485166026	0.0229003447308185
3.18351452518522	-2.69088295810833	-0.0202677018869866	0.00657613175650858	3.57444298646534	0.116154159079518	0.0192914616884809
3.19351452518522	-2.65445469889595	-0.0191436624352054	0.0067487726694132	3.71101264219853	0.1083842402054	0.0151673696011962
3.20351452518522	-2.61666798553529	-0.0181041889168802	0.00687839618627758	3.84599967688518	0.0993602125596536	0.0107175991292662
3.21351452518522	-2.57754258862621	-0.0171583815422602	0.00696259338967365	3.97862352356844	0.0897562151708262	0.00610763662785405
3.22351452518522	-2.5371058205954	-0.0163090373821953	0.00700048689448253	4.10815772299196	0.0801571856907242	0.00147825436611835
3.23351452518522	-2.49539195984174	-0.0155535809930261	0.00699248344957038	4.23393635276016	0.0710519125721672	-0.00305442610872158
3.24351452518522	-2.45244162568994	-0.0148850422284722	0.00694003047378471	4.35535750665091	0.062830449818585	-0.00739822497448507
3.25351452518522	-2.40830113150775	-0.014293040546842	0.00684538254584681	4.4718842560525	0.0557853019308278	-0.0114836370971623
3.26351452518522	-2.36302183895071	-0.0137647411739947	0.00671138298158816	4.58304353704491	0.0501157647330162	-0.0152620968324226
3.27351452518522	-2.31665953187103	-0.0132857546487126	0.00654126471788321	4.68842340269508	0.0459348062364021	-0.018703867632126
3.28351452518522	-2.26927382410615	-0.0128409573718756	0.00633847377880781	4.78766906331775	0.0432778869502822	-0.0217956520941459
3.29351452518522	-2.22092761126309	-0.0124152166527315	0.00610651763533327	4.88047811020832	0.0421131478695058	-0.024538019356915
3.30351452518522	-2.17168657283146	-0.0119940092730393	0.00584883980323143	4.96659528289577	0.0423524340093943	-0.0269427458600976
3.31351452518521	-2.12161872756111	-0.0115639276767346	0.00556872107878992	5.04580709828277	0.0438626694794704	-0.0290301620066481
3.32351452518522	-2.07079404208445	-0.0111130724645247	0.00526920691567121	5.11793661392261	0.0464771546792919	-0.0308265909748344
3.33351452518522	-2.01928409028403	-0.010631333873719	0.00495305962671486	5.18283854874768	0.0500064154998487	-0.0323619568981732
3.34351452518522	-1.96716175892348	-0.0101105683146975	0.00462273337789942	5.24039493430239	0.0542482968171014	-0.0336676281341944
3.35351452518521	-1.91450099358099	-0.00954467879332828	0.00428036935054987	5.2905114193425	0.0589970565476951	-0.0347745478391734
3.36351452518522	-1.86137657794165	-0.00892961016504949	0.00392780799937357	5.33311430187432	0.0640512806060457	-0.035711689152636
3.37351452518521	-1.80786393899739	-0.00826327164783959	0.00356661503874693	5.36814831659564	0.06922050176164	-0.0365048566597832
3.38351452518522	-1.75403897063858	-0.00754539988950185	0.00319811765145042	5.39557516347491	0.0743304651495804	-0.0371758401708872
3.39351452518522	-1.69997786845465	-0.00677737617601565	0.00282344742905558	5.41537272598516	0.0792270385677146	-0.0377419119574063
3.40351452518522	-1.64575696923746	-0.0059620111329344	0.00244358671068119	5.427534896279	0.0837788153120967	-0.0382156450877576
3.41351452518522	-1.59145258963647	-0.00510330957490457	0.00205941526983581	5.43207190014782	0.0878784999217464	-0.0386050189930529
3.42351452518522	-1.53714085957794	-0.00420622707458865	0.00167175468530568	5.42901099750575	0.0914432018162693	-0.0389137693210598
3.43351452518522	-1.48289754735712	-0.00327642843546432	0.00128140819546877	5.4183974246339	0.0944137877140844	-0.0391419328102951
3.44351452518522	-1.42879787466589	-0.00232005665221401	0.000889194347723856	5.40029544243892	0.0967534605809077	-0.0392865344736126
3.45351452518522	-1.37491632115591	-0.00134351921813143	0.000495973287107026	5.3747893600999	0.0984457407499039	-0.0393423637889355
3.46351452518522	-1.32132641939108	-0.000353296878755817	0.000102665052965153	5.34198441494085	0.0994920242623139	-0.0393027886581123
3.47351452518522	-1.26810054215511	0.000644221784406844	-0.000289740255195561	5.30200740611942	0.0999088852733216	-0.0391605602747665
3.48351452518522	-1.21530968500264	0.0016428781563657	-0.000680180142860978	5.25500700048098	0.0997252747538996	-0.0389085682874412
3.49351452518522	-1.16302324764424	0.00263685342151637	-0.00106752454773796	5.20115365226195	0.098979748139455	-0.0385405132295049
3.50351452518522	-1.11130881821643	0.0036207512849285	-0.00145058687126599	5.14063910275799	0.0977178316133005	-0.0380514715529035
3.51351452518522	-1.06023196470569	0.00458965541409679	-0.00182814005298988	5.07367545017572	0.0959896119778423	-0.0374383371976519
3.52351452518522	-1.0098560377788	0.00553916415745419	-0.00219893640770593	5.0004938023723	0.0938476100897228	-0.0367001319471475
3.53351452518522	-0.960241989043368	0.0064654055749668	-0.00256172990659612	4.92134254498821	0.09134497397458	-0.0358381844311997
3.54351452518522	-0.911448208352325	0.00736503606688417	-0.00291529961602602	4.83648527379078	0.0885340061053887	-0.0348561842117164
3.55351452518522	-0.863530383213297	0.00823522593585119	-0.00325847309969871	4.74619845236624	0.0854650207484903	-0.0337601226964573
3.56351452518521	-0.816541382707975	0.009073635098463	-0.00359014872814783	4.65076886441556	0.0821855122692589	-0.0325581365599971
3.57351452518522	-0.770531167610996	0.00987838191195725	-0.0039093160102057	4.55049093389273	0.078739604062759	-0.031260271895845
3.58351452518522	-0.725546727661554	0.0106480077379098	-0.00421507325052078	4.44566398637587	0.0751677402843115	-0.0298781885546136
3.59351452518522	-0.681632046220556	0.0113814394637014	-0.00450664203295098	4.33658952186735	0.0715065785308702	-0.0284248241834041
3.60351452518521	-0.638828091871766	0.0120779517767581	-0.00478337822093858	4.22356856329166	0.0677890406325249	-0.0269140365611486
3.61351452518522	-0.597172835921239	0.0127371305638369	-0.00504477934403669	4.10689913697419	0.064044480215138	-0.0253602411391425
3.62351452518522	-0.556701294232383	0.0133588384099298	-0.00529048839806893	3.98687393203213	0.0602989291020072	-0.0237780584675347
3.63351452518522	-0.517445591414671	0.0139431828148022	-0.00552029422060902	3.86377817554313	0.0565753893468511	-0.0221819836297468
3.64351452518522	-0.479435045066436	0.0144904874401449	-0.00573412871124084	3.73788775016759	0.0528941431844548	-0.0205860871088609
3.65351452518522	-0.442696267555052	0.0150012664520365	-0.00593206124684553	3.60946757107808	0.0492730589692748	-0.0190037538347405
3.66351452518522	-0.407253282695307	0.015476201832745	-0.00611429069685874	3.47877022998425	0.0457278768519975	-0.017447464636397
3.67351452518522	-0.373127654649999	0.0159161234002036	-0.00628113547405607	3.34603490601322	0.04227246321796	-0.0159286220450444
3.68351452518522	-0.340338626414377	0.0163219911876032	-0.00643302206574453	3.21148653639014	0.038919027569753	-0.0144574204211183
3.69351452518522	-0.308903265345186	0.0166948797926081	-0.00657047248151913	3.07533523434404	0.0356782994537569	-0.0130427587461531
3.70351452518522	-0.2788366133431	0.0170359642979797	-0.00669409103044413	2.9377759374451	0.0325596661542476	-0.011692193136522
3.71351452518522	-0.250151839481065	0.0173465073849569	-0.00680455080608637	2.79898826660209	0.0295712742154003	-0.0104119251901898
3.72351452518522	-0.222860393078927	0.0176278472999294	-0.00690258021552963	2.65913657410833	0.0267200994519506	-0.00920682164533286
3.73351452518522	-0.196972155445786	0.0178813863867815	-0.00698894984130687	2.51837015828554	0.02401199105495	-0.00808046047691235
3.74351452518522	-0.17249558873663	0.0181085799557213	-0.00706445987570166	2.37682362228444	0.0214516957898344	-0.00703519844461713
3.75351452518522	-0.149437880591206	0.0183109253194263	-0.00712992831728521	2.23461735530047	0.0190428682274033	-0.00607225519134154
3.76351452518522	-0.127805083434744	0.0184899508849981	-0.00718618007164732	2.09185811569759	0.0167880725514891	-0.0051918092342426
3.77351452518521	-0.107602247517326	0.0186472052426355	-0.00723403705342144	1.94863969715631	0.0146887808505813	-0.00439310155132119
3.78351452518522	-0.0888335469483278	0.0187842462371676	-0.00727430934589538	1.80504366084563	0.0127453720144448	-0.00367454290977863
3.79351452518522	-0.0715023981422746	0.018902630045533	-0.00730778743840235	1.66114011864544	0.0109571344976948	-0.0030338215766999
3.80351452518522	-0.0556115702318143	0.0190039003115567	-0.00733523553067479	1.51698855452361	0.00932227534332035	-0.0024680085710762
3.81351452518521	-0.0411632871221753	0.0190895774091026	-0.00735738586754216	1.37263867322083	0.00783793702924547	-0.00197365813661609
3.82351452518522	-0.0281593209600492	0.0191611479164635	-0.00737493404669116	1.22813126735728	0.00650022294613524	-0.00154690161947041
3.83351452518522	-0.016601076869432	0.0192200543895663	-0.00738853522645381	1.08349909590166	0.00530423165902919	-0.00118353341036169
3.84351452518522	-0.00648966886909346	0.0192676855202825	-0.00739880114940096	0.938767768605288	0.00424409956314554	-0.000879088046876119
3.85351452518521	0.0021740130672168	0.0193053667600269	-0.00740629789046976	0.79395663248011	0.00331305112117024	-0.000628907962368298
3.86351452518522	0.00938924481407786	0.0193343514790776	-0.00741154423496738	0.649079657679902	0.00250345556466478	-0.000428201709458965
3.87351452518522	0.0151554187466343	0.019355812719825	-0.007415010591571	0.504146321224171	0.00180688875002415	-0.00027209277725504
3.88351452518522	0.0194720032161483	0.0193708355885387	-0.00741711834788339	0.359162487887391	0.00121419877017993	-0.000155659362956619
3.89351452518522	0.0223385108200883	0.0193804103161854	-0.00741823958071947	0.214131288267388	0.0007155739250758	-7.39656527316892e-05
3.90351452518522	0.0237544754408068	0.0193854260052064	-0.00741869703963472	0.0690539945548957	0.000300611733605291	-2.20853171224354e-05
3.91351452518522	0.0237194380338945	0.0193866650666575	-0.00741876432984405	-0.0760691051388441	-4.16121866277314e-05	4.88196292412378e-06
3.92351452518522	0.0222329411568576	0.0193847983413111	-0.00741866622924822	-0.221237832867392	-0.000322476351406714	1.18000472020246e-05
3.93351452518522	0.0192945322392785	0.019380380889656	-0.00741857908346139	-0.366451246298392	-0.000553747502481046	3.49102593020452e-06
3.94351452518522	0.0149037756056063	0.0193738484295042	-0.00741863123224777	-0.511706762601376	-0.000747517053450108	-1.52659125286107e-05
3.95351452518522	0.0090602732698051	0.0193655143963268	-0.00741890343040569	-0.656999280105573	-0.000916140112583429	-3.9732398619971e-05
3.96351452518522	0.00176369452594825	0.0193555676005672	-0.00741942923571057	-0.802320297443344	-0.00107217703390796	-6.52065330307971e-05
3.97351452518522	-0.00698618564071733	0.0193440704580069	-0.00742019534591509	-0.947657030397998	-0.00122833718167564	-8.70171985313393e-05
3.98351452518522	-0.0171894393029108	0.0193309577736808	-0.0074211418759116	-1.09299152729251	-0.00139742434144728	-0.000100517926797976
3.99351452518522	-0.0288459294932207	0.0193160360666805	-0.00742216257493112	-1.23829978448094	-0.00159228298089939	-0.000101081178829914
4.00351452518522	-0.0419552452710335	0.0192989834321865	-0.00742310499204843	-1.38355086433353	-0.00182574436175852	-8.40938591592404e-05
4.01351452518522	-0.0565166279951801	0.0192793499479226	-0.00742377060626791	-1.52870601903142	-0.00211057133719126	-4.49548445866467e-05
4.02351452518521	-0.072528888881192	0.019256558644553	-0.00742391494507301	-1.67371782450324	-0.00245940054231108	2.09247317280804e-05
4.03351452518521	-0.089990317970766	0.0192299070729096	-0.00742324772252871	-1.81852932993143	-0.00288468060480322	0.000118117740468908
4.04351452518522	-0.108898584701119	0.019198569514857	-0.00742143303482213	-1.96307322942238	-0.0033986049733408	0.000251173202271247
4.05351452518522	-0.129250630333894	0.0191615998985415	-0.00741808965748793	-2.10727106365446	-0.00401303798878907	0.000424603706426818
4.06351452518521	-0.151042552587714	0.0191179354921265	-0.00741279149445198	-2.25103246057373	-0.00473943291217984	0.000642867539366384
4.07351452518522	-0.174269482915464	0.0190664014622586	-0.00740506823436866	-2.39425442547362	-0.00558874077880051	0.000910345018892843
4.08351452518522	-0.198925456977043	0.0190057163937456	-0.00739440627442687	-2.53682069204439	-0.00657130917358567	0.00123130860059701
4.09351452518522	-0.225003278980266	0.0189344988745407	-0.00738024997572045	-2.67860114717402	-0.00769677032247788	0.00160988640872731
4.10351452518521	-0.252494380695931	0.0188512752543702	-0.00736200331724813	-2.81945134338323	-0.00897391826920354	0.00205001894887671
4.11351452518521	-0.281388676096901	0.01875448868546	-0.00733903201741483	-2.95921211373664	-0.0104105753567139	0.00255540888800797
4.12351452518522	-0.311674412723452	0.0186425095490709	-0.00731066619230033	-3.09770930483642	-0.0120134487543096	0.00312946394203855
4.13351452518522	-0.343338021035978	0.0185136473612615	-0.00727620361866448	-3.23475364401473	-0.0137879783588095	0.00377523309529359
4.14351452518522	-0.376363963178616	0.0183661642348356	-0.00723491366636499	-3.37014075703816	-0.0157381780404893	0.00449533659141813
4.15351452518522	-0.410734582739856	0.018198289951345	-0.0071860419592592	-3.50365135245462	-0.0178664728865499	0.00529189038225187
4.16351452518522	-0.446429957254841	0.0180082386669886	-0.00712881581543498	-3.63505158809212	-0.0201735357960075	0.00616642599828116
4.17351452518522	-0.483427755343998	0.0177942272392194	-0.00706245050648114	-3.76409363409844	-0.0226581274738986	0.0071198071079449
4.18351452518522	-0.52170310051859	0.0175544951170735	-0.00698615636122909	-3.89051644524153	-0.0253169445279415	0.00815214435697544
4.1840013998314	-0.5235987755983	0.0175421363777576	-0.00698217456827528	-3.89660006870439	-0.0254507568633283	0.00820441288666615
4.1940013998314	-0.564974919881068	0.0193107476329068	-0.00399461448063718	-4.37783415496099	0.378716214167649	0.589409429213343
4.2040013998314	-0.611136730359631	0.0251043561078194	0.00480511836680625	-4.8534438609758	0.779242495440924	1.17032984649844
4.2140013998314	-0.662018957130855	0.0348768682617666	0.0194040789794794	-5.3215937979626	1.17413838739726	1.74886137673873
4.2240013998314	-0.717536882766762	0.0485606175546587	0.0397656599449789	-5.78021745552879	1.56106916330656	2.32236821251116
4.2340013998314	-0.777583786586615	0.0660626576223823	0.0658240990904211	-6.22697530900404	1.93730792295211	2.88765319230473
4.2440013998314	-0.842028057581942	0.0872608771357119	0.0974775930242967	-6.65918151267876	2.29992777975276	3.43916924180365
4.2540013998314	-0.910693350464423	0.112067799037833	0.1340034784809	-7.06893412290386	2.66562396824235	3.8003775897756
4.2640013998314	-0.983292963574466	0.14061499972262	0.17230074774049	-7.43884633042394	3.03508206726947	3.81122627061588
4.2740013998314	-1.05898941589872	0.172227815964074	0.209497265570608	-7.67522281944309	3.2576331208854	3.5989741615963
4.2840013998314	-1.13633216648147	0.205207989444404	0.243817062380084	-7.77191082612658	3.31222537276094	3.24727954303824
4.2940013998314	-1.21403751358852	0.237989436936178	0.274183817593981	-7.75157147568784	3.22205028155004	2.81741055511119
4.3040013998314	-1.29104978391931	0.269253112923853	0.300064434402274	-7.63706053077771	3.01314491279042	2.35686073367955
4.30635721118027	-1.3089969389959	0.276277600793135	0.30548837128732	-7.5987935219495	2.94958360455189	2.24790964946568
4.31635721118027	-1.38334151147144	0.303569345483267	0.323868920832248	-7.26644067245818	2.50570607356547	1.42783071178587
4.32635721118027	-1.45425158319224	0.326332042182673	0.334043005549919	-6.91183923935529	2.04392224280457	0.607144386893254
4.33635721118027	-1.52150324999975	0.344391034528562	0.336019781358367	-6.53473215900765	1.56511395123593	-0.211158877437406
4.34635721118027	-1.58487112503	0.357580717532054	0.329836871827662	-6.13510837538758	1.0702309727982	-1.02435335619202
4.35635721118027	-1.64413163067137	0.365745845615545	0.315558387795342	-5.71336748323217	0.560416081947022	-1.82984603830352
4.36635721118027	-1.6990678975365	0.368744090235869	0.293274222339571	-5.27047761445777	0.0371316889633587	-2.62505383050551
4.37635721118027	-1.74947603421596	0.366451259574187	0.263090079033288	-4.80811820019255	-0.497646237122695	-3.40776004875189
4.38635721118027	-1.79519439784648	0.358627829101687	0.226211964134772	-4.3347651600616	-1.07746344242383	-3.89103017385765
4.39543745627474	-1.83259571459405	0.346279417557397	0.190247731658564	-3.90332135069907	-1.64773660413793	-3.98339130693912
4.40543745627474	-1.86916007238639	0.327075848235982	0.146747250186884	-3.40837342330828	-2.19288985421798	-4.71323362880081
4.41543745627474	-1.90074872731876	0.302432758299465	0.0960503971021467	-2.90914130601654	-2.73471547009905	-5.42242893208951
4.42543745627474	-1.92737726431531	0.272301122258403	0.0393233371911714	-2.42028363037454	-3.2996181052172	-5.83073023739604
4.43543745627474	-1.94924205288236	0.236320668837215	-0.0188945800472324	-1.95742868278908	-3.90004416207011	-5.74278414946801
4.44543745627474	-1.9666240342144	0.194270217251748	-0.0743814438863131	-1.52391053555546	-4.5097212849547	-5.30874673128608
4.45543745627474	-1.97981712183568	0.146162611986726	-0.124360607754667	-1.119390275985	-5.10868223825907	-4.66116447611314
4.46543745627474	-1.98910107800307	0.0921793822958621	-0.167250189332065	-0.744198684650118	-5.67923793665696	-3.9071755577431
4.47543745627474	-1.99531436408503	0.0334568880249144	-0.202555679932293	-0.539691024999663	-6.00545044681577	-3.1634041099161
4.48543745627474	-2.00062502355028	-0.0268587641277281	-0.230743920456493	-0.555056855736556	-6.00927772737848	-2.48709889899844
4.49543745627474	-2.00699051283922	-0.0858644694089409	-0.252575627162401	-0.742847508347902	-5.75401482166658	-1.89381373463265
4.50543745627474	-2.01578239489706	-0.141458661960617	-0.268883178145167	-1.01917640969273	-5.35691938955461	-1.37893315795371
4.51543745627474	-2.02739848504409	-0.192910120834828	-0.280389931461173	-1.30481127562935	-4.92921954748634	-0.934999706249975
4.52543745627474	-2.04188761418465	-0.239967380415394	-0.287842631954697	-1.59317146785282	-4.47882231803594	-0.568651574841451
4.53543745627474	-2.05925989065493	-0.282425878197711	-0.292021853482666	-1.88094460815083	-4.01021851803298	-0.279798230842634
4.54543745627474	-2.07949548146672	-0.320126003131609	-0.293679994166091	-2.16542571360614	-3.52788613364608	-0.0632576697718938
4.55543745627474	-2.10254993017449	-0.352952318850747	-0.293500518530617	-2.44437711928377	-3.03616061449012	0.089284079054156
4.56543745627474	-2.12835837690622	-0.380831510620247	-0.292074671011135	-2.71594568139197	-2.53911155912959	0.187734088894915
4.57543745627474	-2.15683915080905	-0.403729187756035	-0.289891612699653	-2.97861672455698	-2.04043914955078	0.242439522788876
4.58543745627474	-2.18789701052649	-0.421645790123778	-0.287338357501772	-3.23118726411335	-1.54339953503309	0.26337200692547
4.59543745627474	-2.22142616255483	-0.434611907675123	-0.284706403285484	-3.47274691491709	-1.05076204653018	0.259595001068177
4.60543745627474	-2.25731309913461	-0.442683323494427	-0.282202504910066	-3.70266019784856	-0.564795996982539	0.238959002154543
4.61543745627474	-2.29543925403078	-0.445936051792559	-0.279961576157593	-3.9205475769354	-0.0872818694811402	0.207972206118019
4.62543745627474	-2.3356834591054	-0.44446158386401	-0.278060207028797	-4.12626457083486	0.380459319070408	0.171799425286864
4.63543745627474	-2.37792384319416	-0.438362982178258	-0.2765296055852	-4.31997976140355	0.837669468273339	0.134309491527944
4.64543745627474	-2.42202547869078	-0.427771561658633	-0.275362787219405	-4.49182120173959	1.26927283401127	0.101591287055809
4.65543745627474	-2.46745476786667	-0.413398440691712	-0.274412014215816	-4.57806475470459	1.5833117731365	0.0923688712818385
4.66543745627474	-2.51328496924808	-0.396520860203434	-0.273457876244498	-4.57381659896482	1.77275300596368	0.100478226249093
4.67543745627474	-2.55866765032237	-0.378304550035025	-0.272376847934211	-4.49056235460987	1.85387808058076	0.116347526174585
4.68543745627474	-2.60287388246677	-0.359746808413427	-0.271129321828418	-4.34061762373106	1.84395935814365	0.1327756291325
4.68894712158728	-2.61799387799174	-0.353310855552223	-0.270654503851636	-4.27452108551245	1.82215384435049	0.137700042544666
4.69894712158728	-2.66146312114749	-0.33363635198458	-0.265619019147087	-4.41808131641205	2.11151706933933	0.869145133752892
4.70894712158728	-2.70633369911812	-0.311102407472024	-0.253276134398874	-4.55509757511186	2.39430979526937	1.59923050446976
4.71894712158728	-2.7525492766278	-0.285766871967642	-0.233637978140208	-4.68736849245964	2.67208164399273	2.3282415372161
4.72894712158728	-2.80006445206851	-0.257638725494713	-0.206988939779025	-4.81401062564236	2.95967048532578	2.94776299940633
4.73894712158728	-2.84868258102913	-0.226590819211563	-0.175878800892458	-4.88921793066683	3.22910998623029	3.22570968717469
4.74894712158728	-2.89740934201939	-0.193538870087443	-0.143307963954903	-4.83540160659171	3.35792335362806	3.25270730185147
4.75894712158728	-2.94500553548641	-0.159876140214771	-0.111429751319041	-4.66615518388703	3.35378437945335	3.09786808774301
4.76894712158728	-2.99041218018832	-0.126848538752629	-0.0817578145010482	-4.40086982494246	3.23415243529374	2.82053833284353
4.77894712158728	-3.03277145481766	-0.0955087543931016	-0.0552610658114819	-4.06013587365062	3.01987133172335	2.47025023702648
4.78894712158728	-3.07143156759256	-0.0666922720922193	-0.0324630444430836	-3.66436042349759	2.7332363489751	2.0865717065742
4.79894712158728	-3.10593918842411	-0.0410113711518116	-0.013539809462152	-3.23267506816333	2.39635068282736	1.69955097375659
4.80894712158728	-3.13602268508175	-0.0188636064789141	0.00158921609251346	-2.78219340277212	2.02988574364201	1.33065577109866
4.81894712158728	-3.16156963852729	-0.00045054250168532	0.0131815313012884	-2.32760022119461	1.65226493403809	0.99402783031555
4.82894712158728	-3.18260161892377	0.014197230208855	0.0216051685576967	-1.88100068979451	1.27920948262863	0.697863803560837
4.83894712158728	-3.19924841170891	0.0251919789298137	0.027286079308558	-1.45194843763764	0.92355779023592	0.445767566753676
4.84894712158728	-3.21172313117295	0.0327599214995058	0.0306684484850407	-1.04758547407753	0.595275417379891	0.23797095978495
4.85894712158728	-3.22029908934335	0.0372130961542396	0.0321863209499845	-0.672847154459236	0.30159154005898	0.0723703090428713
4.86894712158728	-3.22528891190755	0.0389230347188057	0.0322446005916373	-0.330702900992186	0.0472171160294873	-0.0546354856599219
4.87894712158728	-3.22702616371186	0.0382968967963094	0.0312074741535605	-0.0224151607395445	-0.16538511571109	-0.147495005223917
4.88894712158728	-3.2258496077458	0.0357564755016119	0.029392487035961	0.252194345632552	-0.335699178495104	-0.211019444934155
4.89894712158728	-3.22209012949575	0.0317203106863032	0.0270687570111857	0.494478980253371	-0.464838058024479	-0.25003522349286
4.90894712158728	-3.2160602865357	0.0265890092818303	0.0244580888187818	0.706708848667396	-0.555222013111987	-0.269146855719391
4.91894712158728	-3.20804637917122	0.0207337557244002	0.0217380116990609	0.891825910418857	-0.610263978171513	-0.272585734943395
4.92894712158728	-3.19830287931286	0.0144878917614196	0.0190459870905985	1.05321807901605	-0.634071793034124	-0.26412419859097
4.93894712158728	-3.1870490037503	0.00814135481039799	0.0164842211882829	1.19451691052778	-0.631175487030846	-0.247037962013996
4.94894712158728	-3.17446717815734	0.00193769093627809	0.0141246692865691	1.31942220309391	-0.60628595203276	-0.224103306747424
4.95894712158728	-3.16070311219747	-0.00392669417265239	0.0120139406035849	1.43155536080912	-0.564089179411425	-0.197618198287442
4.96894712158728	-3.14586719499438	-0.00930141351216963	0.0101779085866867	1.53434190467779	-0.50907803069601	-0.169438825390897
4.97894712158728	-3.13003692312905	-0.0140794829748093	0.00862590684540951	1.63092220673564	-0.445421486361769	-0.141024982371785
4.98894712158728	-3.11326008799298	-0.0181935788005136	0.00735444831333203	1.72408848847614	-0.376869637574191	-0.11348933531907
4.99894712158728	-3.09555847278465	-0.0216115116215414	0.00635044782268232	1.81624540342598	-0.306691434827318	-0.0876469749063369
5.00894712158728	-3.07693183857253	-0.0243312261688431	0.00559395840048723	1.90939110408697	-0.237641391411882	-0.0640627915660525
5.01842161266794	-3.05841437266685	-0.0262843564584318	0.00508336959127821	2.00000000000019	-0.175289544160554	-0.0441281569850596
