=========================== Parameters =====================================
l1 [m]	l2 [m]	l3 [m]	c1 [m]	c2 [m]	c3 [m]	m1 [kg]	m2 [kg]	m3 [kg]
0.1
0.14
0.4458
0.7
0.9
0.7
0.1564
0.23764
0.1564
============================== Data ========================================
t [s]	th1 [rad]	th2 [rad]	th3 [rad]	th1d [rad/s]	th2d [rad/s]	th3d [rad/s]
0	0	0	0	0	0	0
0.01	-0.000696014920065764	0.000225681432073106	-1.98442218609123e-05	-0.138615006788964	0.0442513335170649	-0.00365299912626861
0.02	-0.0027601621954992	0.000866837712984423	-6.67957632754634e-05	-0.273591842028796	0.0830510579429375	-0.00542920111719238
0.03	-0.00615517792433379	0.00186788262123192	-0.000122436469638033	-0.404769461698654	0.11620940129997	-0.00540996559573284
0.04	-0.0108426345869161	0.00317203448222701	-0.000169483928184279	-0.532074654696274	0.143674456792818	-0.00373908316024391
0.05	-0.0167837723889324	0.00472261567151897	-0.000192355389824216	-0.655512554617834	0.165516225142673	-0.000610670811293589
0.06	-0.0239402333331314	0.00646418930934872	-0.000177610348896604	-0.775156709552314	0.181910073295707	0.00374294120394904
0.07	-0.0322746948493284	0.00834352945795102	-0.000114273319441983	-0.89113896838914	0.193120051648389	0.00906300256693758
0.08	-0.0417514023282656	0.0103104254095424	5.95853876655993e-06	-1.00363941041948	0.199482454247604	0.0150755374574846
0.09	-0.0523366019930759	0.0123183241777777	0.000188615772157736	-1.1128765130667	0.201389949032162	0.0215017115415861
0.1	-0.0639988773313322	0.0143248182916215	0.000436455747569668	-1.2190977208469	0.199276548486476	0.0280671914656319
0.11	-0.0767093937862837	0.0162919884175434	0.000749549752404922	-1.32257054777498	0.193603636091254	0.0345103642708666
0.12	-0.0904420575793554	0.0181866122254116	0.00112544620445579	-1.42357431597827	0.18484721158574	0.0405893288143917
0.13	-0.105173595424176	0.0199802522956514	0.00155939742545234	-1.52239260575056	0.173486469091268	0.0460876125570218
0.14	-0.120883562516622	0.0216492367775793	0.00204463715601138	-1.61930646707119	0.159993777237815	0.0508186043828296
0.15	-0.137554286570309	0.0231745469945007	0.002572696064757	-1.71458842000781	0.144826090078661	0.0546287270516901
0.16	-0.155170755839687	0.0245416262974779	0.00313374288595783	-1.80849725159589	0.128417782103273	0.0573994012198304
0.17	-0.173720459061545	0.0257401242464061	0.00371693946151017	-1.90127359981544	0.111174870233676	0.0590478766090021
0.18	-0.19319318507894	0.0267635896949195	0.00431079881773686	-1.99313630114825	0.0934705603329319	0.0595270249079492
0.19	-0.213580789617204	0.0276091256248663	0.00490353642953857	-2.08427946680774	0.0756420353525207	0.0588242035060333
0.2	-0.234876936286517	0.028277017665193	0.00548340597021536	-2.17487024393688	0.0579883865757554	0.0569593094326803
0.21	-0.257076818414632	0.028770347184874	0.0060390120738643	-2.26504721167579	0.0407695781686284	0.0539821492204331
0.22	-0.280176867789557	0.0290945987124688	0.00655959391113002	-2.35491935778866	0.0242063280567651	0.0499692531856274
0.23	-0.304174455836022	0.0292572702444522	0.00703527466451203	-2.44456557926984	0.0084807845942375	0.045020262222899
0.24	-0.329067592179603	0.0292674937948891	0.00745727325671928	-2.53403464977381	-0.00626212186094843	0.0392540120487861
0.25	-0.354854624984042	0.0291356723400757	0.00781807590915485	-2.62334559758307	-0.0199127709468148	0.0328044343207874
0.26	-0.381533946893878	0.0288731381487665	0.00811156626608573	-2.71248843989259	-0.0323945016444111	0.0258163866099556
0.27	-0.409103709886693	0.0284918363824144	0.00833311389599025	-2.80142522220681	-0.0436609261611894	0.0184415142104943
0.28	-0.437561551845403	0.0280040368170994	0.00847962196139011	-2.89009131538022	-0.0536930075038609	0.0108342365990975
0.29	-0.466904337207146	0.0274220755920448	0.00854953572213723	-2.97839692706029	-0.0624959907973227	0.0031479403517788
0.3	-0.497127913635313	0.0267581280375758	0.00854281429787153	-3.06622878880146	-0.0700962686144038	-0.00446855120387719
0.308529386756399	-0.523598775598299	0.0261359291607065	0.00847754467636876	-3.14066878346295	-0.0756613761365214	-0.0108035067569556
0.318529386756399	-0.556325265768568	0.0263184086282845	0.00903896826450166	-3.40421619298764	0.111982233719089	0.12307756950933
0.328529386756399	-0.591673977204784	0.028371339459545	0.0109385824070663	-3.66502537114843	0.298353606795202	0.256803496818133
0.338529386756399	-0.629614819692961	0.0322796432741019	0.014173849192101	-3.922546931348	0.482971735340954	0.390171630068588
0.348529386756399	-0.670111974823517	0.0380231345383028	0.0187400417585615	-4.17618464363821	0.665295955098944	0.522946678115056
0.358529386756399	-0.713123430169007	0.0455759194392779	0.0246299145561378	-4.42529615729119	0.844725310194029	0.654860162612451
0.368529386756399	-0.758600526985596	0.0549057971468968	0.031833371842111	-4.6691950099538	1.02059970752879	0.785610628106688
0.378529386756399	-0.806487535071082	0.0659736825762178	0.040337142595009	-4.90715407389148	1.19220310104172	0.914864737902215
0.388529386756399	-0.856721269840655	0.0787330720554338	0.0501244713735323	-5.13841057368851	1.35876892136539	1.04225938872903
0.398529386756399	-0.909230767890364	0.0931295752501282	0.0611748359245812	-5.36217278029361	1.51948792064995	1.16740496401898
0.408529386756399	-0.963937038153285	0.109100538061872	0.0734637034153413	-5.57762844066163	1.67351853191583	1.28988981750346
0.418529386756399	-1.02075290604417	0.12657478175104	0.0869623378702139	-5.78395493890022	1.8199997455183	1.409286033613
0.428529386756399	-1.07958296755692	0.145472482967865	0.101637671557446	-5.98033110391332	1.95806638294278	1.52515644808733
0.438529386756399	-1.14032357155653	0.165705074361706	0.117452294152045	-6.16601074108136	2.08695506748515	1.63703708659425
0.448529386756399	-1.2028511560518	0.187158018160715	0.134369571430849	-6.33378134144225	2.19639457800076	1.74725234574758
0.458529386756399	-1.26684039784343	0.209423778246861	0.152432003117503	-6.45603190078639	2.24619483402177	1.86696465527438
0.465030216579685	-1.30899693899577	0.22403787898274	0.164836402579864	-6.51036907377704	2.24572655570102	1.94996941001347
0.475030216579685	-1.37337923770495	0.245460858919925	0.183436263994983	-6.36401440878088	2.03728007435378	1.76933234038289
0.485030216579685	-1.43623609685692	0.2647527710813	0.20021036848681	-6.20532315768632	1.8196229720593	1.58489118817507
0.495030216579685	-1.49744553498118	0.281824913224481	0.215122877872359	-6.03458459994994	1.59344620770127	1.39708716401461
0.505030216579685	-1.55688883275534	0.296595781914881	0.228142382469237	-5.85216160993597	1.35949701705502	1.20636439037018
0.515030216579685	-1.61445126028332	0.308991588741613	0.239241921079822	-5.65848888037352	1.11856965244725	1.0131682545734
0.525030216579685	-1.67002278521667	0.318946685682863	0.248398989488033	-5.45407085645613	0.871496497623764	0.817944715520723
0.535030216579685	-1.72349875854609	0.326403904118296	0.2555955456654	-5.2394793301531	0.619139707505767	0.621140291395988
0.545030216579685	-1.77478057455266	0.331314813494023	0.260818017065248	-5.01535067774998	0.362383523916725	0.423202442183861
0.555030216579685	-1.82377630139743	0.33363990713368	0.264057312564677	-4.78238275450504	0.10212741211346	0.224580073388515
0.556882890641428	-1.83259571459405	0.333784175351616	0.264439263421491	-4.73831042532552	0.0535987433609842	0.187742681779631
0.566882890641428	-1.8787727922451	0.333005665275975	0.265322377719026	-4.49584898186693	-0.209628379208332	-0.011107138141924
0.576882890641428	-1.92248896457521	0.329586579145966	0.264218130192937	-4.24627029824153	-0.474364098054929	-0.209654046973014
0.586882890641428	-1.96367736811591	0.32351640040471	0.2611318210796	-3.990444113338	-0.739694770983075	-0.407443646937887
0.596882890641428	-2.00228006851822	0.314793738271533	0.25607329789736	-3.72928581469774	-1.00470921265109	-0.604021084997567
0.606882890641428	-2.03824849564379	0.303426294672512	0.249056952962377	-3.46375211759642	-1.26850025537842	-0.798932545521488
0.616882890641428	-2.07154383419361	0.289430819603219	0.240101703502369	-3.19483648494199	-1.53016553124562	-0.991727229102334
0.626882890641428	-2.10213736682699	0.272833061484944	0.229230949804394	-2.92356418401052	-1.7888077426548	-1.18195975533162
0.636882890641428	-2.13001076541483	0.253667715957386	0.216472507507294	-2.650986827116	-2.04353476869228	-1.36919291992191
0.646882890641428	-2.15515632431035	0.231978372710678	0.201858510801007	-2.37817619806491	-2.29346002581499	-1.55300074855741
0.656882890641428	-2.17757712735226	0.20781745548597	0.185425283739328	-2.10621713118748	-2.53770355551918	-1.73297181867272
0.666882890641428	-2.1972871378767	0.181246145480431	0.16721317696544	-1.83619919197151	-2.77539433988985	-1.90871286074757
0.676882890641428	-2.21431119851792	0.15233427338758	0.147266366813119	-1.56920691587792	-3.00567433826375	-2.07985269459278
0.686882890641428	-2.22868492531831	0.121160160598917	0.125632612996217	-1.3063084032754	-3.22770468415738	-2.24604659310939
0.696882890641428	-2.24045447902575	0.0878103862018753	0.102362970061369	-1.04854215147501	-3.44067437149779	-2.40698118451747
0.706882890641428	-2.24967611237489	0.0523793312283286	0.0775114819952159	-0.796888351809836	-3.64383183699566	-2.56237417286335
0.716882890641428	-2.25646802461629	0.0150456875129774	0.0511126588920016	-0.572146084807133	-3.80726730873576	-2.72038075837008
0.726882890641428	-2.26135425302744	-0.0234217806784715	0.0230356156286426	-0.416480245226655	-3.86961635951532	-2.89824375970791
0.736882890641428	-2.26501490122548	-0.0620359303200743	-0.00689381570160916	-0.325998440687257	-3.84027329924247	-3.08366690264335
0.746882890641428	-2.26807187011799	-0.10001867386311	-0.038438088812218	-0.294782382108949	-3.7466301332333	-3.21488499434837
0.756882890641428	-2.27108740812514	-0.136789441585822	-0.0709887770544038	-0.316603828690705	-3.5992787359489	-3.28529219779245
0.766882890641428	-2.2745572600007	-0.171854244958382	-0.103949783746929	-0.384212483374067	-3.40721250045977	-3.29740974169834
0.776882890641428	-2.27883795693745	-0.204903933342033	-0.136729700974572	-0.472548027767572	-3.2049611646658	-3.24777884643821
0.786882890641428	-2.28401889963634	-0.235995667304369	-0.168704132259966	-0.564059041513506	-3.01540597847767	-3.1377787493093
0.796882890641428	-2.29012486109499	-0.265250257782056	-0.199316069974424	-0.657298244331524	-2.83667889354134	-2.97902517358964
0.806882890641428	-2.29716625348171	-0.292728292773944	-0.228259265473699	-0.75095748733193	-2.65866420792495	-2.80941967204827
0.816882890641428	-2.30514182441577	-0.318420191305451	-0.255501400930065	-0.843965801450043	-2.47962874114513	-2.63892706130245
0.826882890641428	-2.31404026820984	-0.342320672930598	-0.28103734216479	-0.935388583129378	-2.30053026412066	-2.46829181570334
0.836882890641428	-2.32384166498171	-0.364433363589848	-0.304868830152246	-1.02443665184544	-2.12219753585212	-2.29813127839988
0.846882890641428	-2.33451890143847	-0.384769517544769	-0.327003302109513	-1.1104590669372	-1.94532895857123	-2.12896805703125
0.856882890641428	-2.34603900640813	-0.403346761904577	-0.347452967719514	-1.19293342066868	-1.77050247901852	-1.96123496968964
0.866882890641428	-2.35836438097887	-0.420187946969779	-0.366233940754978	-1.27145462724211	-1.59818669218341	-1.79528108686759
0.876882890641428	-2.37145391264031	-0.435320110079327	-0.383365434518319	-1.34572305709913	-1.42875232051775	-1.63137838227286
0.886882890641428	-2.38526397021845	-0.448773553553433	-0.398869025269605	-1.41553265037205	-1.26248347194009	-1.46972862816119
0.896882890641428	-2.39974928176914	-0.460581032371796	-0.412767984705751	-1.48075945554922	-1.09958827663753	-1.31047027427802
0.906882890641428	-2.4148637012531	-0.470777044052032	-0.425086680375154	-1.54135088449283	-0.940208661290888	-1.1536851321068
0.916882890641428	-2.43056087209001	-0.479397211416851	-0.435850041460108	-1.59731585288658	-0.784429140958242	-0.999404749349908
0.926882890641428	-2.44679479689592	-0.486477748209761	-0.445083086454759	-1.64871588299233	-0.632284597583178	-0.847616406316659
0.936882890641428	-2.4635203231239	-0.492054997535767	-0.452810508760629	-1.69565717884452	-0.483767075409861	-0.698268699488862
0.946882890641428	-2.48069355418372	-0.496165033620072	-0.459056315999598	-1.73828363792089	-0.338831663167445	-0.551276701139677
0.956882890641428	-2.49827219509476	-0.498843318203655	-0.463843518819691	-1.776770733339	-0.197401555987919	-0.406526700203446
0.966882890641428	-2.51621584096909	-0.500124403888299	-0.467193865080496	-1.81132018272466	-0.0593724011735609	-0.263880540792139
0.976882890641428	-2.53448621573103	-0.500041677804846	-0.469127615509879	-1.84215531071897	0.075383965161251	-0.123179582462844
0.986882890641428	-2.55304736752927	-0.498627140040071	-0.469663357193271	-1.86951700893075	0.207016285972002	0.0157516882550622
0.996882890641428	-2.57186582633713	-0.495911212277649	-0.468817851572481	-1.89366019789533	0.335691056635421	0.153102361637157
1.00688289064143	-2.59091072829578	-0.491922573064687	-0.466605913980984	-1.91485069867663	0.461590011773231	0.289072087400833
1.01688289064143	-2.61015391045282	-0.486688016998059	-0.463040322119694	-1.93336242598272	0.584907840982978	0.423868297301273
1.02093080454909	-2.61799387799152	-0.484220590728944	-0.461214630602307	-1.94015773155589	0.634138480403598	0.478147326515499
1.03093080454909	-2.63747334883786	-0.477277181768222	-0.455764981230754	-1.9553791353208	0.754179566410168	0.611654869945739
1.04093080454909	-2.65709478721587	-0.469143908595741	-0.448983726501444	-1.96859848870589	0.872148088054606	0.744504409267565
1.05093080454909	-2.67683958873046	-0.459840385153705	-0.440876367976673	-1.9800987955957	0.988267192269531	0.876911379693201
1.06093080454909	-2.69669196860191	-0.449383973253422	-0.431446264402474	-1.99016058234383	1.10276379713341	1.00908853775808
1.07093080454909	-2.71663892490896	-0.43778975599531	-0.420694669660756	-1.99905948076783	1.21586633706648	1.14124372403104
1.08093080454909	-2.73667017695021	-0.42507053463582	-0.408620793313555	-2.00706365857621	1.32780232094253	1.27357757322109
1.09093080454909	-2.75677807687483	-0.411236851038208	-0.395221884519495	-2.01443103215498	1.43879564823426	1.40628112123493
1.10093080454909	-2.77695749209134	-0.39629703839246	-0.380493340603936	-2.02140619925968	1.54906363045238	1.53953325910966
1.11093080454909	-2.79720565535579	-0.380257303403281	-0.364428842059238	-2.02821703276952	1.65881366814217	1.67349798514097
1.12093080454909	-2.8175219788781	-0.363121843619713	-0.347020516224467	-2.03507088233075	1.76823953865177	1.80832140964898
1.13093080454909	-2.83790782829469	-0.344893003990823	-0.32825913232415	-2.04215033952733	1.8775172578996	1.94412847234704
1.14093080454909	-2.85836625197387	-0.325571477041853	-0.308134330905324	-2.04960853546254	1.98680049177013	2.081019341037
1.15093080454909	-2.8789016608994	-0.305156551223054	-0.286634890964002	-2.05756395879554	2.09621551107259	2.21906547332206
1.16093080454909	-2.89951945438471	-0.283646411921743	-0.263749038148864	-2.06609480896441	2.20585570984438	2.3583053412806
1.17093080454909	-2.92022558936561	-0.261038327730871	-0.239465345267804	-2.07523382304194	2.31585652927762	2.49848141753143
1.18093080454909	-2.94102557304869	-0.237325541153853	-0.21378680585809	-2.08471711467978	2.428501212807	2.63111757780368
1.19093080454909	-2.96192327899176	-0.212402284911203	-0.187043403303054	-2.09091529164392	2.55349116625774	2.70924535293897
1.20093080454909	-2.98270157144868	-0.186404217303267	-0.15973669930495	-2.05745917015971	2.63839442640983	2.7456173073659
1.21093080454909	-3.00292971242117	-0.159785955837722	-0.13225743134243	-1.98119886082272	2.67785352792572	2.74409079444156
1.22093080454909	-3.02219008504594	-0.132991089496431	-0.104973931985768	-1.86431838894889	2.67415111616125	2.70686245516
1.23093080454909	-3.04008977690435	-0.106437149417743	-0.0782306423782523	-1.70956322112322	2.63020203711334	2.63650719720551
1.24093080454909	-3.05626581780237	-0.0805097478933403	-0.0523445587315678	-1.5201616513056	2.54945749954988	2.53592978450331
1.25093080454909	-3.07038954282812	-0.0555578412277184	-0.0276020112710335	-1.29973047951406	2.43575824581532	2.40841353665883
1.26093080454909	-3.0821700185983	-0.031892543283686	-0.00424819929150892	-1.05220384638218	2.29194397856534	2.26178394621964
1.27093080454909	-3.09135841157269	-0.00982676244072021	0.0176589133552761	-0.782119509531247	2.11636153508963	2.12090190569295
1.28093080454909	-3.09775993285727	0.0103590999753919	0.0381889488402465	-0.497195275198005	1.91942919939851	1.98537123885287
1.29093080454909	-3.10129829012383	0.0285572612798018	0.0573649835258046	-0.210347458272316	1.72007709728625	1.84973520751174
1.30093080454909	-3.10196442732488	0.0447581945469887	0.0751815262699724	0.0772372248358276	1.5199897521021	1.71346065443813
1.31093080454909	-3.09975130155387	0.0589546851220795	0.0916318026379835	0.365495371483223	1.31919031936044	1.5764675333195
1.32093080454909	-3.09465246233407	0.0711396332129509	0.106708178238649	0.654370807474625	1.11768015399322	1.43866456188237
1.33093080454909	-3.08666201227542	0.081305882377126	0.120402066378778	0.943807980362278	0.915448141259603	1.29995323529342
1.34093080454909	-3.07577463421318	0.089446142146444	0.132703876052923	1.23374528262935	0.712480180330051	1.16023186940441
1.35093080454909	-3.0619856851892	0.0955530059773436	0.143603000313006	1.5241083685895	0.508768757691352	1.01939962872479
1.36093080454909	-3.04529135711307	0.099619065215298	0.153087844770392	1.81480350710664	0.304322571489277	0.877360524765946
1.36729750971713	-3.03314752909428	0.101141211319389	0.158384016934924	2.00000000000041	0.1737893495578	0.786259226614378
1.37729750971713	-3.01169273282615	0.101851829834203	0.165526774256722	2.29096572537592	-0.0317689764682991	0.64206251507413
1.38729750971713	-2.98735268234191	0.100539644432013	0.171210229497641	2.57436454272092	-0.226850384044075	0.493259310414952
1.39729750971713	-2.96026132375476	0.0973942632450854	0.175363715544398	2.84102390704702	-0.398136670263023	0.335995199192889
1.40729750971713	-2.9305912469763	0.0926604285660223	0.177900903027618	3.08998354459946	-0.544387398741287	0.1699696087524
1.41729750971713	-2.89852254958838	0.0865921439113163	0.178733655276226	3.32068628747819	-0.664967902663646	-0.00488435742728699
1.42729750971713	-2.86423906552178	0.0794469821346555	0.177774274061397	3.53293676852253	-0.759791782851347	-0.188413922070353
1.43729750971713	-2.82792491030304	0.0714808267451116	0.174937636888386	3.72686825990581	-0.829275322613818	-0.380259026122598
1.44729750971713	-2.78976137223325	0.062943091688147	0.170143196261023	3.90290675134098	-0.874287484827353	-0.579867442174798
1.45729750971713	-2.74992417387001	0.0540724603181004	0.163316816788998	4.06173292603495	-0.896096209969416	-0.7865119864671
1.46729750971713	-2.7085811213369	0.0450931763361012	0.15439243231094	4.20424273904811	-0.896311879344379	-0.999309201287577
1.47729750971713	-2.6658903790237	0.0362014251183224	0.143348391262019	4.33140278229482	-0.880766766162786	-1.20405557363113
1.48729750971713	-2.62200275311535	0.0274967368773212	0.130438912989974	4.44365871354072	-0.859281191442032	-1.3714134353469
1.49729750971713	-2.57706602531908	0.0190327067324582	0.116048680940707	4.54126996730487	-0.832718553484664	-1.50022958383775
1.50729750971713	-2.53122515548429	0.0108578509494536	0.100561166134838	4.62454268872086	-0.801506347303908	-1.59101564187636
1.51729750971713	-2.48462175703829	0.00301704452752771	0.0843511762143209	4.69384210801744	-0.765951940688306	-1.64498009282234
1.52729750971713	-2.43739344909741	-0.00444746953694736	0.0677782703792362	4.74960338995515	-0.726280419740031	-1.66395074925646
1.53729750971713	-2.38967311707003	-0.0114954340985416	0.0511809796022739	4.79233904522616	-0.682669396347284	-1.65029095269954
1.54729750971713	-2.34158811720349	-0.0180882626127514	0.0348718939557355	4.82264273275977	-0.635280251771529	-1.6068103458066
1.55729750971713	-2.29325946058139	-0.0241890158032659	0.019133659154117	4.84118961650834	-0.584285197984572	-1.53667267965878
1.56729750971713	-2.24480100925885	-0.0297626264699673	0.00421589924003658	4.84873365520923	-0.52988980354278	-1.44330319865456
1.57729750971713	-2.19631871289432	-0.0347763261316698	-0.00966694273616649	4.84610229268393	-0.472350819215854	-1.33029804718586
1.58729750971713	-2.14790990956189	-0.0392002262146765	-0.0223368774706404	4.83418900148768	-0.411989262265813	-1.20133788615582
1.59729750971713	-2.09966271027402	-0.0430080065089646	-0.0336528071168789	4.81394404983418	-0.349198797000978	-1.06010753523248
1.60729750971713	-2.0516554835922	-0.0461776642804817	-0.043510195486671	4.78636375104848	-0.284449505348139	-0.910223020983415
1.61729750971713	-2.00395645463964	-0.0486922786282951	-0.0518400498305216	4.75247835313616	-0.218287194726572	-0.755166964080773
1.62729750971713	-1.95662343161908	-0.0505407464606863	-0.0586073005051282	4.71333866065642	-0.15132845577877	-0.598232824451947
1.63729750971713	-1.9097036721347	-0.0517184489932275	-0.0638086682063821	4.67000146670567	-0.0842517664948924	-0.442478171901485
1.64729750971713	-1.86323390068677	-0.0522278111357813	-0.0674701086885206	4.62351391157299	-0.0177850416815387	-0.29068687667846
1.65729750971713	-1.81724048715733	-0.0520787206914754	-0.0696439228052533	4.57489696797635	0.0473098586971854	-0.145339921419078
1.66729750971713	-1.77173979356168	-0.0512887800114141	-0.0704056160601846	4.52512836471355	0.110255032389769	-0.00859441405778588
1.67729750971713	-1.72673869261828	-0.0498833695912996	-0.0698505872803521	4.47512538114226	0.170276113198887	0.117729684790991
1.68729750971713	-1.68223525680329	-0.0478955108914955	-0.068090720994847	4.42572805366729	0.226622706287285	0.232155635175948
1.69729750971713	-1.63821961071944	-0.0453655241230737	-0.0652509528926692	4.37768341415333	0.278588813211039	0.333549316402529
1.70729750971713	-1.59467493319369	-0.0423404854849651	-0.0614658724644164	4.33163141508268	0.325532372931998	0.421112480641915
1.71729750971713	-1.5515785890107	-0.0388734969137516	-0.0568764215831983	4.28809317930968	0.366893085193777	0.494370403427602
1.72729750971713	-1.50890336411858	-0.0350227893472582	-0.0516267422487927	4.24746214182897	0.402207769508331	0.553154497789611
1.73729750971713	-1.46661877302836	-0.030850687356985	-0.0458612208695068	4.20999853181637	0.431122642189456	0.597580497284751
1.74729750971713	-1.42469240340744	-0.026422468388849	-0.0397217701665215	4.175827485589	0.453402056835157	0.628022861802355
1.75729750971713	-1.38309126085585	-0.0218051534858943	-0.0333453829861084	4.14494089942492	0.468933438561744	0.645086112034165
1.76729750971713	-1.34178307671201	-0.0170662680993116	-0.0268619850035479	4.11720294192615	0.477728335300158	0.64957384545435
1.77729750971713	-1.30073754345275	-0.0122726114157698	-0.0203926055927756	4.0923589654312	0.479919696348613	0.642456219992405
1.78729750971713	-1.25992744566439	-0.00748907066757051	-0.0140478781917713	4.07004739958439	0.475755656132637	0.624836704047657
1.79729750971713	-1.21932965937051	-0.00277751339332082	-0.00792687355076585	4.04981408872011	0.46559023938844	0.597918878256398
1.80729750971713	-1.1789259983209	0.00180421408737545	-0.00211626157711761	4.03112845486547	0.449871505994319	0.562974033674356
1.81729750971713	-1.13870389224587	0.00620315925147799	0.00331020964163253	4.0134008317645	0.429127716651797	0.521310244071823
1.82729750971713	-1.09865688863547	0.0103719902357696	0.00829193540229072	3.99600031987245	0.403952125575376	0.474243500840662
1.83729750971713	-1.05878497593186	0.0142695662620049	0.012781399672109	3.97827255183474	0.374986997400088	0.423071393500245
1.84729750971713	-1.01909473181429	0.0178613467091912	0.0167438714906475	3.95955682446019	0.342907408884234	0.3690497038863
1.85729750971713	-0.979599305284755	0.0211196392526399	0.0201568829751897	3.93920213766672	0.308405338923632	0.313372164817568
1.86729750971713	-0.940318245393436	0.0240236921816519	0.0230095213530368	3.91658177464571	0.272174480195598	0.257153520674299
1.87729750971713	-0.901277192621335	0.0265596399600814	0.025301568287378	3.89110615301983	0.23489612898519	0.201415922978854
1.88729750971713	-0.862507451177752	0.0287203142688712	0.0270425196240805	3.86223376815178	0.197226431786503	0.147078602337453
1.89729750971713	-0.82404546183463	0.0305049351761251	0.0282505177023929	3.82948013289152	0.159785192106778	0.0949506810600174
1.90729750971713	-0.785932195505244	0.0319186987606373	0.0289512266947252	3.79242469051672	0.123146371179728	0.045726929140468
1.91729750971713	-0.748212487693234	0.0329722785318501	0.0291766792223765	3.75071573843175	0.0878303535269662	-1.37803109687973e-05
1.92729750971713	-0.710934333306829	0.033681258416344	0.0289641198806518	3.70407344940808	0.0542979931427127	-0.0418075927632879
1.93729750971713	-0.674148160264814	0.0340655149949766	0.028354868429817	3.65229111552073	0.0229464085946065	-0.0793026679929533
1.94729750971713	-0.637906098918428	0.034148566151429	0.0273932223825256	3.59523476857805	-0.00589354471328161	-0.112254356487103
1.95729750971713	-0.602261262668106	0.0339569024047095	0.0261254156407702	3.53284135098791	-0.0319582298634897	-0.14051886406228
1.96729750971713	-0.56726705334475	0.033519316013558	0.0245986467862405	3.46511562384847	-0.0550507424305028	-0.164045705913343
1.97729750971713	-0.532976503019393	0.0328662415242686	0.0228601876721658	3.39212600566289	-0.0750391343432572	-0.182869239178008
1.98729750971713	-0.499441661960684	0.0320291198461317	0.0209565801540883	3.31399953637452	-0.0918535129324989	-0.197099546386221
1.99729750971713	-0.466713040525226	0.0310397962380926	0.0189329261720875	3.23091615818252	-0.105482189053333	-0.206912921893977
2.00729750971713	-0.434839110883806	0.0299299608304538	0.0168322739887829	3.14310249751099	-0.115967051509002	-0.212542190466173
2.01729750971713	-0.403865872691876	0.028730638536711	0.0146951012186109	3.0508253221856	-0.123398343536125	-0.214267062355907
2.02729750971713	-0.37383648513504	0.0274717334784667	0.0125588933696538	2.95438483491305	-0.127909011352513	-0.212404703238567
2.03729750971713	-0.344790966242842	0.02618163139082	0.0104578149680531	2.8541079491436	-0.12966878531299	-0.207300670857952
2.04729750971713	-0.316765958984926	0.0248868619303535	0.00842246894879024	2.75034167690768	-0.128878141738919	-0.199320343844424
2.05729750971713	-0.289794562454056	0.0236118213994723	0.00647973887141167	2.64344674082872	-0.125762278706759	-0.188840942441642
2.06729750971713	-0.26390622540714	0.0223785551487135	0.0046527076457929	2.5337915047782	-0.120565222739109	-0.176244216340438
2.07729750971713	-0.239126698578911	0.0212065978347154	0.00296064581711915	2.42174630006524	-0.11354416615648	-0.161909851906024
2.08729750971713	-0.2154780414995	0.0201128688008984	0.00141906204284163	2.30767820709215	-0.104964117480733	-0.14620963015217
2.09729750971713	-0.192978679028626	0.0191116191094012	3.98081762425469e-05	2.19194633643121	-0.0950929303081144	-0.129502348122177
2.10729750971713	-0.171643502454286	0.0182144261800694	-0.00116876867183585	2.07489763857473	-0.0841967599621113	-0.112129500041081
2.11729750971713	-0.151484009778736	0.0174302315747491	-0.00220163461396572	1.95686325837658	-0.0725359823506709	-0.0944117007692855
2.12729750971713	-0.132508479713967	0.0167654171892989	-0.00305684529698875	1.83815543855207	-0.060361596030586	-0.0766458226890115
2.13729750971713	-0.114722173916754	0.0162239149661769	-0.00373529699403437	1.71906496656903	-0.0479121166595498	-0.0591028080905882
2.14729750971713	-0.0981275620935192	0.015807345200921	-0.00424045901346862	1.59985915081834	-0.0354109628366752	-0.042026112234909
2.15729750971713	-0.0827245647822809	0.0155151785699878	-0.00457809348615592	1.48078030501794	-0.0230643237636912	-0.0256307273486503
2.16729750971713	-0.0685108088581799	0.015344917139538	-0.00475596807774284	1.36204471426946	-0.0110594921145627	-0.0101027346316152
2.17729750971713	-0.0554818910972523	0.0152922898102108	-0.00478356663394521	1.24384205191642	0.000436360143075722	0.00440067031795642
2.18729750971713	-0.0436316454582244	0.0153514578984218	-0.00467180221788637	1.12633521320797	0.0112769896201442	0.0177507336607398
2.19729750971713	-0.0329524100936387	0.0155152268384554	-0.004432736450928	1.00966052960883	0.0213375030024347	0.0298463354211878
2.20729750971713	-0.023435290470436	0.0157752603013121	-0.00407930853152834	0.893928326283004	0.0305144244308127	0.0406128704329456
2.21729750971713	-0.0150704153583386	0.0161222933570545	-0.00362507678787982	0.779223784691708	0.0387254425369386	0.0500008688937557
2.22729750971713	-0.00784718282529888	0.0165463416497332	-0.00308397512512229	0.665608072276258	0.0459088717243142	0.0579844046819772
2.23729750971713	-0.0017544937572014	0.0170369039014824	-0.00247008626102883	0.553119701747844	0.0520228625169733	0.0645593366129708
2.24729750971713	0.00321902921081284	0.0175831554096718	-0.00179743320820554	0.441776083493992	0.0570443955374748	0.0697414245959254
2.25729750971713	0.00708483910561039	0.0181741305435543	-0.0010797900579916	0.33157523596334	0.0609680930004365	0.073564359283381
2.26729750971713	0.00985427978078171	0.0187988925808639	-0.000330512752502765	0.222497620540319	0.0638048805842853	0.0760777403626326
2.27729750971713	0.0115384199200546	0.0194466895470849	0.000437609802934787	0.1145080693126	0.0655805312291239	0.0773450351816114
2.28729750971713	0.0121479066589476	0.0201070950280015	0.00121248423449013	0.00755777621267666	0.0663341208525349	0.0774415459811423
2.29729750971713	0.0116928393200037	0.0207701332174307	0.00198282101511632	-0.0984136757668496	0.0661164242220974	0.0764524106603231
2.30729750971713	0.0101826634954454	0.0214263877349994	0.00273822304684603	-0.203476276273501	0.0649882773139948	0.0744706587641395
2.31729750971713	0.0076260854729824	0.0220670940020635	0.00346925515776449	-0.307707560836939	0.0630189304589493	0.0715953412779374
2.32729750971713	0.00403100678612017	0.0226842151963753	0.00416749533228837	-0.411190615905066	0.0602844144651056	0.0679297498625221
2.33729750971713	-0.000595521520421897	0.0232705020172208	0.00482556863566278	-0.514012133576626	0.0568659397454917	0.063579738382528
2.34729750971713	-0.00624732548708046	0.0238195366821223	0.0054371649089647	-0.616260531640832	0.0528483462961202	0.058652156981556
2.35729750971713	-0.0129191164194921	0.0243257617437792	0.00599704140123171	-0.718024152328504	0.0483186201980343	0.0532534065492521
2.36729750971713	-0.0206064814975697	0.0247844944619214	0.0065010115725623	-0.819389551084519	0.0433644901782365	0.0474881192136081
2.37729750971713	-0.0293058577621336	0.0251919275896387	0.00694592134813713	-0.920439884707836	0.0380731156830871	0.0414579684790338
2.38729750971713	-0.0390144905118724	0.0255451175381881	0.00732961413008222	-1.02125340638898	0.0325298759128099	0.0352606108171561
2.39729750971713	-0.0497303772102779	0.025841960969122	0.00765088588391802	-1.12190207351696	0.0268172673533071	0.0289887589003083
2.40729750971713	-0.0614521980533231	0.026081160928816	0.00790943161095451	-1.22245027263562	0.0210139155343515	0.0227293852425395
2.41729750971713	-0.0741792343856967	0.0262621836892038	0.0081057844992902	-1.32295366460628	0.0151937050509917	0.0165630537729363
2.42729750971713	-0.0879112761780597	0.02638520749094	0.0082412490158599	-1.42345815187918	0.009425030314233	0.0105633758026758
2.43729750971713	-0.102648519791734	0.0264510644025354	0.00831782916197354	-1.52399896878699	0.00377016805145493	0.00479658595066814
2.44729750971713	-0.118391457262085	0.0264611765125187	0.00833815306660782	-1.6245998949433	-0.00171522874221697	-0.000678767148102399
2.45729750971713	-0.135140758329176	0.0264174876626098	0.00830539503685494	-1.72527259114842	-0.00698251689445435	-0.00581202112421842
2.46729750971713	-0.152897146435457	0.0263223919095075	0.00822319612477483	-1.8260160566631	-0.0119903317531733	-0.0105604973834927
2.47729750971713	-0.171661269896695	0.0261786598723676	0.008095584205689	-1.92681620629481	-0.0167047420111412	-0.0148895024296086
2.48729750971713	-0.191433569435172	0.0259893640835358	0.00792689449581404	-2.027645565436	-0.0210992950230869	-0.0187722398264329
2.49729750971713	-0.212214143244472	0.0257578044126457	0.00772169136804497	-2.12846308098342	-0.0251549577236472	-0.0221896397766885
2.50729750971713	-0.234002610733712	0.0254874345797889	0.00748469225451336	-2.22921404593343	-0.0288599589046606	-0.0251301133653659
2.51729750971713	-0.256797976076621	0.025181790712972	0.00722069435397951	-2.32983013537154	-0.0322095391778689	-0.0275892385230168
2.52729750971713	-0.280598492667824	0.0248444228392864	0.00693450479175341	-2.43022955153552	-0.0352056154448586	-0.0295693847190467
2.53729750971713	-0.305401529565375	0.0244788301287717	0.00663087481013098	-2.53031727560773	-0.0378563671312032	-0.0310792833110922
2.54729750971713	-0.331203440974971	0.0240884006354226	0.00631443849860825	-2.62998542386345	-0.0401757518273072	-0.0321335503657743
2.55729750971713	-0.357999439807366	0.0236763562016031	0.00598965650560447	-2.72911370574584	-0.0421829583248793	-0.0327521686400862
2.56729750971713	-0.385783476315648	0.0232457031106359	0.00566076510718737	-2.82756998133319	-0.0439018053545998	-0.0329599352818918
2.57729750971713	-0.414548122792964	0.0227991889877946	0.00533173094334713	-2.92521091549016	-0.0453600946250889	-0.0327858816817336
2.58729750971713	-0.444284465282952	0.0223392663625196	0.00500621166862728	-3.02188272573452	-0.0465889270409868	-0.0322626717940005
2.59729750971713	-0.474982003223709	0.0218680632145761	0.00468752270123859	-3.11742202048735	-0.0476219912412407	-0.0314259851491705
2.60729750971713	-0.506628557910535	0.021387360734207	0.00437861019295892	-3.21165672389756	-0.0484948338463391	-0.0303138907037463
2.61254152817847	-0.5235987755983	0.0211319747313103	0.00422139931076363	-3.260491951714	-0.0489008217911976	-0.0296339686221392
2.62254152817847	-0.5575253917357	0.021585457793982	0.00459713547678424	-3.52440296389547	0.139416651405654	0.104779843767528
2.63254152817847	-0.594077374266027	0.0239159291013035	0.00631666455560529	-3.7854741844482	0.326418519073733	0.23909307220721
2.64254152817847	-0.633223513764325	0.028107782388669	0.00937797932324922	-4.04313530575264	0.511604592828672	0.373099895019799
2.65254152817847	-0.674926658133756	0.0341401029909553	0.0137768465226531	-4.29676818709129	0.694413209671262	0.506560794994248
2.66254152817847	-0.719143238718858	0.0419860505700729	0.019506466970877	-4.54570794664044	0.874221009690645	0.639202085796246
2.67254152817848	-0.765822813887729	0.0516122487520553	0.026557134679559	-4.7892453969409	1.05034459103905	0.77071621522635
2.68254152817847	-0.814907644317835	0.062978201721295	0.0349159034677109	-5.02663097397715	1.22204428497984	0.90076298358895
2.69254152817848	-0.866332315598884	0.0760357600719491	0.0445662709039584	-5.25708029111576	1.38853026426043	1.02897181307822
2.70254152817847	-0.920023424927032	0.0907286601113309	0.0554878907131809	-5.47978141622583	1.54897114645269	1.15494518949526
2.71254152817848	-0.975899349414061	0.106992162062002	0.0676563258588417	-5.6939039205342	1.70250517650537	1.27826336741934
2.72254152817847	-1.03387011369594	0.124752812951288	0.0810428551988179	-5.89860967979021	1.84825396815481	1.39849038194024
2.73254152817848	-1.09383737391645	0.14392835914137	0.095614346726634	-6.09306532257645	1.98533865341557	1.51518134366309
2.74254152817847	-1.15569453361719	0.164427831203218	0.111333209774572	-6.27645612001684	2.11289813812481	1.62789091073199
2.75254152817848	-1.21930848099473	0.186124613989612	0.128165356733576	-6.43987084606261	2.21816913436343	1.73966070479716
2.76254152817847	-1.28432843882537	0.208575797986613	0.146162551048498	-6.55607292050776	2.2615217523598	1.86148668335642
2.76629492000133	-1.30899693899593	0.217067487560256	0.153239544568187	-6.5874965164439	2.26189495403497	1.90970713063705
2.77629492000133	-1.37415104104636	0.238655975174893	0.171446282941955	-6.44121167311568	2.05417911514422	1.73096961503594
2.78629492000133	-1.43777933724465	0.258119699472965	0.187846260663922	-6.28237891403794	1.83705449499594	1.54842949268408
2.79629492000133	-1.49975778675885	0.275368050242008	0.202403697298142	-6.11129896463479	1.61122742047185	1.36253686527659
2.80629492000133	-1.55996574428765	0.290317787804477	0.215087337772251	-5.92834984415215	1.3774639847432	1.17374625177595
2.81629492000133	-1.61828672171228	0.302893590512073	0.225870484858883	-5.73398456191634	1.13658006319391	0.982514430039752
2.82629492000133	-1.67460912521638	0.313028504171444	0.234731015083679	-5.52872850545557	0.889431711949016	0.789299240308562
2.83629492000133	-1.72882696456138	0.320664298066206	0.241651386407954	-5.31317647897586	0.636906116102753	0.594559091009476
2.84629492000133	-1.78084053093461	0.325751733885653	0.246618643324652	-5.08798937976747	0.379913248951902	0.398752889349063
2.85629492000133	-1.83055703980427	0.328250755428766	0.249624422255686	-4.85389052772144	0.119378391064467	0.202340128290694
2.85671536253202	-1.83259571459405	0.328298631194331	0.249707757295284	-4.84386425274682	0.108360716046633	0.194075671692243
2.86671536253202	-1.87982799892713	0.328067828970402	0.25066565157035	-4.60131153678727	-0.154871159177877	-0.00247963719792574
2.87671536253202	-1.92459774735668	0.325195771567913	0.249659275575402	-4.35150105102707	-0.419734026392259	-0.198701648827274
2.88671536253202	-1.96683678124271	0.319670833766756	0.246694263218773	-4.09532045447308	-0.685291436653649	-0.394130320380235
2.89671536253202	-2.0064860266182	0.311490735750325	0.241780842347133	-3.83370224765641	-0.950611184587059	-0.588307140683389
2.90671536253202	-2.04349593842731	0.300662489066921	0.234933811586608	-3.56761887747841	-1.21476749184977	-0.780776779734607
2.91671536253202	-2.07782687449019	0.287202324932754	0.226172498342731	-3.29807758898568	-1.47684237589942	-0.971089199059155
2.92671536253202	-2.10944941636091	0.271135611876755	0.215520693623348	-3.02611493357904	-1.73592646217669	-1.15880216568958
2.93671536253202	-2.13834463300917	0.252496766690185	0.203006559988655	-2.75279079961471	-1.99111957229262	-1.34348410148943
2.94671536253202	-2.16450428170688	0.231329158977578	0.188662509590707	-2.47918179070609	-2.24153148669058	-1.52471720745608
2.95671536253202	-2.18793093858942	0.207685005359816	0.172525049759097	-2.20637374631558	-2.48628332893268	-1.70210082688374
2.96671536253202	-2.20863804921929	0.181625244767217	0.154634593779286	-1.93545318501382	-2.72451004210456	-1.87525504690073
2.97671536253202	-2.22664988730879	0.153219381577913	0.135035234316976	-1.66749746032168	-2.95536441686719	-2.04382457735835
2.98671536253202	-2.24200140783192	0.122545278993953	0.113774476374738	-1.40356345981191	-3.17802307620536	-2.20748297970041
2.99671536253202	-2.25473797942223	0.0896888814819697	0.0909029258366291	-1.14467475685083	-3.3916947157785	-2.36593733562685
3.00671536253202	-2.26491498061599	0.0547438428824595	0.066473928779482	-0.891808182162059	-3.59562935934523	-2.5189338317984
3.01671536253202	-2.27261131434462	0.017831709116898	0.0405372151958778	-0.654258190206833	-3.77681779078298	-2.6698016013825
3.02671536253202	-2.27822748656484	-0.0204596498168721	0.0130123209528628	-0.480606082313899	-3.86446854909729	-2.83853207358743
3.03671536253202	-2.28244607127397	-0.0591382511839883	-0.0162800630989754	-0.373742941439524	-3.85776841193485	-3.01650701663531
3.04671536253202	-2.28590575499747	-0.0973934667749457	-0.0471353486411724	-0.32787329928218	-3.78311205913225	-3.14466283085427
3.05671536253202	-2.28918640628899	-0.134610927742378	-0.0789786261583504	-0.336839106992134	-3.65160507894219	-3.21444462593151
3.06671536253202	-2.29280223418533	-0.170264640343588	-0.111238058403463	-0.393656121968012	-3.47188764586117	-3.22838906112988
3.07671536253202	-2.29716341987005	-0.203962598464902	-0.143359083283002	-0.479841398199664	-3.26896281373256	-3.18543747124432
3.08671536253202	-2.30241007399893	-0.235684994618327	-0.17474816467982	-0.569912915336566	-3.07750558835617	-3.08315496327863
3.09671536253202	-2.30856748434722	-0.265551519785302	-0.204851203246393	-0.661731625741978	-2.89754246887971	-2.93003757166639
3.10671536253202	-2.315646011349	-0.293641720756314	-0.233302216392645	-0.753948499816292	-2.72021671736052	-2.76006015619403
3.11671536253202	-2.32364420667632	-0.319952524360817	-0.260050025843951	-0.84549620314626	-2.5418594345628	-2.58945469140838
3.12671536253202	-2.33255055886514	-0.344478779185912	-0.285091494413082	-0.935435862381702	-2.3634583869561	-2.41890116692973
3.13671536253202	-2.34234490987857	-0.367224359533179	-0.308430252872608	-1.02297597281096	-2.18585315075502	-2.24900555767175
3.14671536253202	-2.35299989286244	-0.388200865749947	-0.330075509968361	-1.10746477111925	-2.00975090336991	-2.08027825726408
3.15671536253202	-2.36448228079844	-0.407426349739058	-0.350041122217128	-1.18838015718863	-1.83573660292569	-1.91313941881183
3.16671536253202	-2.37675422628853	-0.424924148975801	-0.368344722707535	-1.26531816001387	-1.66428435017331	-1.74792532306389
3.17671536253202	-2.38977438236509	-0.440721836479252	-0.385006916654494	-1.33798079992605	-1.49576909900461	-1.58489529149782
3.18671536253202	-2.40349890162448	-0.454850287046718	-0.400050547271245	-1.40616397955156	-1.33047811652496	-1.42423878645387
3.19671536253202	-2.41788231632611	-0.467342855099207	-0.413500032483158	-1.46974584557904	-1.16862179315478	-1.26608244459345
3.20671536253202	-2.43287830571056	-0.478234656324327	-0.425380770900627	-1.52867590724398	-1.01034356341224	-1.11049687251877
3.21671536253202	-2.44844035901009	-0.487561943550854	-0.435718614085739	-1.5829650750684	-0.855728820289177	-0.957503096139076
3.22671536253202	-2.4645223437774	-0.495361566587855	-0.444539401306083	-1.63267669148389	-0.704812794904754	-0.807078601422423
3.23671536253202	-2.48107898952473	-0.501670505803686	-0.451868552519126	-1.67791855885288	-0.557587434112459	-0.65916293699983
3.24671536253202	-2.49806629647864	-0.506525469758208	-0.457730715156597	-1.71883592511599	-0.41400734780055	-0.513662871933465
3.25671536253202	-2.51544187870103	-0.509962548043304	-0.462149460294527	-1.7556053581525	-0.273994920143054	-0.370457117571398
3.26671536253202	-2.53316525004353	-0.51201691149045	-0.465147023940016	-1.78842942285567	-0.137444689630335	-0.229400632962032
3.27671536253202	-2.55119806049455	-0.512722552969774	-0.466744089398471	-1.81753206649104	-0.00422710508557197	-0.0903285404289086
3.28671536253202	-2.56950428951736	-0.51211206306601	-0.466959606976967	-1.84315461540188	0.125808238014108	0.0469403172116411
3.29671536253202	-2.58805040201226	-0.510216435932076	-0.465810647612405	-1.865552287441	0.252829782531363	0.182600142850382
3.30671536253202	-2.60680547159622	-0.507064901568525	-0.463312287375992	-1.88499112805381	0.377021524974432	0.316855237180736
3.31263459394245	-2.61799387799155	-0.50461892179211	-0.461203060286671	-1.89521471230011	0.449280062962418	0.395748039696128
3.32263459394245	-2.6370244906513	-0.499523623928612	-0.456582494264467	-1.9105112888738	0.569378708951843	0.528205748368557
3.33263459394245	-2.65619664487707	-0.493239001767006	-0.45064176838046	-1.92357026340718	0.687181377143219	0.659816580247022
3.34263459394245	-2.67548938402545	-0.485786908898422	-0.443388253380633	-1.93467566503581	0.802910499046217	0.790800164341202
3.35263459394245	-2.69488459278634	-0.477186941955327	-0.434827126576472	-1.9441113720544	0.916794711361648	0.921375201446415
3.36263459394245	-2.71436698481613	-0.467456388449668	-0.424961391776475	-1.95215893173895	1.02906686114525	1.05175733815758
3.37263459394245	-2.73392406823408	-0.456610195099772	-0.413791920456328	-1.95909530331465	1.13996189587631	1.18215703639931
3.38263459394245	-2.7535460878895	-0.444660958063366	-0.401317514461207	-1.9651904583379	1.24971458303972	1.31277738921378
3.39263459394245	-2.7732259426517	-0.431618937053854	-0.387534991026143	-1.97070477428718	1.35855700491673	1.44381183304369
3.40263459394245	-2.79295907534053	-0.417492095855117	-0.372439291398418	-1.97588615884836	1.46671577533198	1.57544170681825
3.41263459394245	-2.81274333230215	-0.40228617227453	-0.356023614838289	-1.98096684500077	1.57440892690312	1.7078336092709
3.42263459394245	-2.83257878905594	-0.386004781073296	-0.338279580248304	-1.98615980137114	1.68184242072099	1.84113650857757
3.43263459394245	-2.85246753791553	-0.368649553866526	-0.319197418118494	-1.99165470943728	1.78920623638961	1.97547856324224
3.44263459394245	-2.87241343305467	-0.350220320360696	-0.298766195849309	-1.99761347025854	1.89667001022567	2.11096362096252
3.45263459394245	-2.89242178819282	-0.330715335547161	-0.276974079791869	-2.00416521992071	2.00437820462062	2.24766737392871
3.46263459394245	-2.91249902197798	-0.310131557536109	-0.253808637481754	-2.01140085640973	2.11244481373413	2.38563316570768
3.47263459394245	-2.93265224337579	-0.288465174513151	-0.229256565893583	-2.01936656489373	2.22091082685787	2.52498470454701
3.48263459394245	-2.95288911067676	-0.265684672310316	-0.203391371317552	-2.02814909298805	2.33825542623388	2.6386748718772
3.49263459394245	-2.97321730913535	-0.241636007374298	-0.176682032452159	-2.03764724946226	2.4746776061086	2.69352209680341
3.50263459394245	-2.99363364895488	-0.216146136855343	-0.149701954971079	-2.04221542306299	2.62105662804951	2.69509308616251
3.51263459394245	-3.01391915831574	-0.189370544511366	-0.122890734519806	-2.00714650474217	2.72529499151138	2.66213677599341
3.52263459394245	-3.0336251724255	-0.161812247343122	-0.0965556200308437	-1.92667911445614	2.77796003514028	2.60026622676205
3.53263459394245	-3.05230971761347	-0.133974676354138	-0.0709736361065517	-1.80332551127231	2.78165147753735	2.51193317326402
3.54263459394245	-3.06955909141098	-0.106331282141378	-0.0463964816033421	-1.64021173516656	2.7397453279232	2.39974691828813
3.55263459394245	-3.08499349304022	-0.0793184196632637	-0.0230490964836994	-1.44097346905087	2.6562609486025	2.26644403504188
3.56263459394245	-3.098271559789	-0.0533303168302133	-0.00112635674241311	-1.20965071332321	2.53519382286226	2.11657087229214
3.57263459394245	-3.10909483954252	-0.0287430339194063	0.0193033143268002	-0.9508389402827	2.37620639867988	1.9710213428429
3.58263459394245	-3.11721425980998	-0.00591357557123625	0.038322712498235	-0.670304101690623	2.18572876697162	1.83388348883557
3.59263459394245	-3.12248497985565	0.014949483149934	0.0559850632084824	-0.383753814401367	1.98682164641898	1.6984886589157
3.60263459394245	-3.12488688936515	0.0338204909618123	0.0722907684377476	-0.0965094467370319	1.78726288180999	1.56256107046248
3.61263459394245	-3.12441287165249	0.0506924158608244	0.0872343301699827	0.19142442914637	1.58700567495262	1.4260468023383
3.62263459394245	-3.12105623261118	0.0655582481360265	0.100809471620493	0.4800089023523	1.38604091567497	1.28886246289728
3.63263459394245	-3.11481063982	0.0784107809902387	0.11300904695458	0.769209432984943	1.18433986210517	1.15091830367163
3.64263459394245	-3.10567011237522	0.0892424614494076	0.123824997840856	1.05898913305638	0.981863610529047	1.01212224440246
3.65263459394245	-3.09362907812844	0.0980453366030308	0.133248350204468	1.34930201407647	0.778572682296662	0.872383881829403
3.66263459394245	-3.07868249841365	0.104811096109825	0.141269250882258	1.64008624759392	0.574436684850335	0.731618459835665
3.67263459394245	-3.06082605998093	0.109531211584512	0.147877043788047	1.93125746692167	0.36944402422773	0.589750803474863
3.67499395329152	-3.05618843826649	0.110345670539183	0.149228806922254	2.00000000000082	0.320955104501658	0.556111383210388
3.68499395329152	-3.0347311353618	0.112525772919803	0.154074353618099	2.29148887265981	0.114931050557496	0.412798029196019
3.69499395329152	-3.01035837920442	0.112641736779511	0.15748071297176	2.58306076289561	-0.0918577475566171	0.268269062805833
3.70499395329152	-2.98307084981947	0.110687238801611	0.159435393601498	2.87362964325782	-0.297996508164195	0.122130768042445
3.71499395329152	-2.9529405388628	0.106758897190668	0.159896450577916	3.14916676420935	-0.483056697501424	-0.0314744198587329
3.72499395329152	-2.92015394500761	0.101119722309896	0.158774678476273	3.40476831614437	-0.640022695626029	-0.19444796326943
3.73499395329152	-2.88491354270494	0.0940542289522191	0.155976306009274	3.63987207928385	-0.768273090632103	-0.366768975362972
3.74499395329152	-2.84742535824322	0.0858500149919477	0.151409021499585	3.85433145372174	-0.867815594193297	-0.548165625645315
3.75499395329152	-2.80789505378207	0.076791804270044	0.144984380649678	4.04835953344029	-0.939208580640959	-0.738139146889722
3.76499395329152	-2.76652458507353	0.0671530243351457	0.136630542927424	4.22245674505412	-0.985123873056675	-0.930610332016693
3.77499395329152	-2.72351129322543	0.057141001899768	0.126465404465255	4.37693986221307	-1.01482810956986	-1.09739604562596
3.78499395329152	-2.67905065984038	0.0469044373455969	0.114784205858816	4.51196436299747	-1.03014341873908	-1.23370949638522
3.79499395329152	-2.63333587271877	0.0365838203356488	0.101894227288367	4.62783397656404	-1.03175419971097	-1.33913850052977
3.80499395329152	-2.58655632422075	0.0263126473623323	0.0881037716710032	4.72500548447639	-1.02037861436843	-1.41388486041962
3.81499395329152	-2.53889607971486	0.0162169661307032	0.0737163881078024	4.80408687799117	-0.996789683061568	-1.45869035186491
3.82499395329152	-2.49053238971185	0.00641478866689495	0.0590257013802359	4.86583195715114	-0.961822480982046	-1.47478954782699
3.83499395329152	-2.44163427284686	-0.00298455273291298	0.0443107510216156	4.91113155535883	-0.916378301457189	-1.46385530094021
3.84499395329152	-2.3923612030475	-0.0118810748391722	0.029831906180631	4.94100152868205	-0.86142553735431	-1.42793837643225
3.85499395329152	-2.34286193126952	-0.0201848054008979	0.0158274061777465	4.95656794412167	-0.797997347146777	-1.36940298809532
3.86499395329152	-2.29327346683712	-0.0278164067652401	0.00251055834632587	4.95905008153104	-0.727186390726553	-1.2908601234523
3.87499395329152	-2.24372023687084	-0.0347077338617859	-0.0099323941955166	4.94974192659098	-0.650137038868815	-1.19510053809193
3.88499395329152	-2.19431343562996	-0.0408023034725682	-0.0213437404172323	4.92999279399905	-0.568035492596682	-1.08502916377192
3.89499395329152	-2.14515056970383	-0.04605565596219	-0.0315951268010161	4.90118761157101	-0.482098218902137	-0.96360243868292
3.90499395329152	-2.09631520037636	-0.0504355944080713	-0.0405877758556094	4.86472725410655	-0.393559046407196	-0.833769770034756
3.91499395329152	-2.04787688131393	-0.0539222891594501	-0.0482521437611684	4.82200917589007	-0.303655196233088	-0.698420019882433
3.92499395329152	-1.9998912878234	-0.0565082383254288	-0.0545470705509763	4.77440848035882	-0.213612471215747	-0.56033360103569
3.93499395329152	-1.95240053290313	-0.0581980767822571	-0.0594584807499879	4.7232595017626	-0.124629803813372	-0.422140507632858
3.94499395329152	-1.90543366466258	-0.0590082283198864	-0.0629976945585323	4.66983796201455	-0.0378633738420286	-0.286284399591016
3.95499395329152	-1.85900733891067	-0.0589663978414794	-0.0651994100889042	4.61534380159112	0.0455894519962565	-0.15499271551573
3.96499395329152	-1.81312665939512	-0.0581109033446281	-0.066119416419967	4.56088485376922	0.124706045286655	-0.0302526993483184
3.97499395329152	-1.7677861760482	-0.0564898508946657	-0.0658320958283861	4.50746161952449	0.198553922795235	0.0862068197908316
3.98499395329152	-1.72297102857868	-0.0541601599581891	-0.0644277718451234	4.45595348727656	0.266305188676873	0.192928072640566
3.99499395329152	-1.67865821894502	-0.0511864511708736	-0.062009957975818	4.40710680965663	0.327249521412784	0.288731602804039
4.00499395329152	-1.63481799191755	-0.0476398136188902	-0.0586925600666819	4.36152528415427	0.380805200740068	0.372718317286394
4.01499395329152	-1.59141529847132	-0.0435964736785136	-0.0545970833225684	4.31966307630605	0.426527692804757	0.444266542657692
4.02499395329152	-1.54841131259998	-0.0391363919956913	-0.0498498927357966	4.28182106927268	0.464115374448674	0.503024331657925
4.03499395329152	-1.50576496876374	-0.034341818906576	-0.0445795729702065	4.24814652455461	0.493412077675233	0.548897321386907
4.04499395329152	-1.46343448498846	-0.0292958411574423	-0.038914430380518	4.2186363031852	0.514406266081778	0.582032517125288
4.05499395329152	-1.42137883592196	-0.0240809539222811	-0.032980175696964	4.19314363744904	0.527226805793337	0.60279845873288
4.06499395329152	-1.3795591410926	-0.0187776917023484	-0.0268978209124447	4.17138827518534	0.532135451188688	0.611762310614238
4.07499395329152	-1.33793993621106	-0.0134633497225198	-0.0207818181106862	4.15296965793973	0.529516316789035	0.609664491815907
4.08499395329152	-1.29649029946238	-0.00821082404588792	-0.014738461499421	4.13738265514602	0.519862738478468	0.59739152104606
4.09499395329152	-1.25518481007455	-0.00308759405600629	-0.00886456697235253	4.12403527055758	0.503762029769411	0.575947785401771
4.10499395329152	-1.21400432265177	0.00184513446713082	-0.00324643638284253	4.11226767140899	0.481878705834449	0.546426947302076
4.11499395329152	-1.17293654740667	0.00653311335632357	0.00204089333931031	4.10137186761302	0.454936777344399	0.509983680668221
4.12499395329152	-1.13197643309836	0.0109295568461902	0.00693412277535837	4.09061138553838	0.423701709539917	0.467806376858681
4.13499395329152	-1.09112635580402	0.0149954666258787	0.011381896912655	4.07924033278823	0.388962604341971	0.421091387738942
4.14499395329152	-1.05039612231414	0.0186997819260319	0.0153447641869624	4.06652132873302	0.351515101679369	0.371019283579407
4.15499395329152	-1.00980280172664	0.0220193639938273	0.0187949097962406	4.05174187110786	0.312145418486106	0.318733503900673
4.16499395329152	-0.969370402596776	0.0249388280679661	0.0217156886767425	4.03422881269749	0.271615857739757	0.26532167640618
4.17499395329152	-0.929129415737101	0.0274502388497311	0.0241009857760801	4.01336072603863	0.230652032242543	0.211799778415356
4.18499395329152	-0.889116244486305	0.0295526874886151	0.0259544325248434	3.98857803189799	0.18993196389951	0.159099221184012
4.19499395329152	-0.849372545061019	0.0312517693185917	0.0272885087819596	3.95939085467591	0.150077142709873	0.108056853266252
4.20499395329152	-0.809944499589678	0.0325589820798732	0.0281235591172227	3.92538464232604	0.111645562711921	0.0594078064308141
4.21499395329152	-0.770882043737309	0.0334910642419559	0.0284867512174917	3.88622364892632	0.0751266955917876	0.0137810472917877
4.22499395329152	-0.732238069603152	0.0340692924117216	0.0284110025837462	3.84165242493575	0.0409383165323254	-0.0283025503897847
4.23499395329152	-0.694067622941286	0.0343187557664823	0.027933899642849	3.79149549446317	0.00942506050253016	-0.0664298345253799
4.24499395329152	-0.65642711183686	0.0342676240891676	0.0270966310402043	3.73565542203672	-0.0191414403636139	-0.100292952730819
4.25499395329152	-0.619373541869984	0.0339464243845425	0.0259429543064154	3.674109485019	-0.0445610073917118	-0.129685144637066
4.26499395329152	-0.58296379060331	0.0333873392946196	0.024518212390147	3.60690517355086	-0.0667021359803157	-0.154495022314894
4.27499395329152	-0.547253932009375	0.0326235386724339	0.0228684137974677	3.53415473915661	-0.0854981750801616	-0.174699614252383
4.28499395329152	-0.512298619268474	0.0316885537723599	0.0210393873418069	3.45602900714464	-0.100942656037404	-0.190356443712468
4.29499395329152	-0.478150532264511	0.0306157016216089	0.0190760198460876	3.37275065773767	-0.113083958289491	-0.201594902335981
4.30499395329152	-0.444859894121922	0.0294375652947708	0.0170215825989849	3.28458716735512	-0.122019492354968	-0.208607165355245
4.31499395329152	-0.412474059291098	0.0281855340587293	0.0149171499920832	3.1918435854183	-0.127889570057162	-0.211638876529083
4.32499395329152	-0.381037174024166	0.026889405720518	0.0128011115875754	3.09485530414641	-0.130871118570389	-0.210979809682716
4.33499395329152	-0.350589908603245	0.0255770520210642	0.010708776912904	2.99398095969366	-0.131171379309854	-0.206954690319848
4.34499395329152	-0.321169259398125	0.024274146592158	0.00867207056732786	2.88959558323763	-0.12902171556158	-0.199914335952099
4.35499395329152	-0.292808417743464	0.0230039538446417	0.00671931376604051	2.78208410082041	-0.124671634730124	-0.190227248328087
4.36499395329152	-0.26553670173497	0.0217871761884363	0.00487508724289562	2.6718352613694	-0.118383112811275	-0.178271765363856
4.37499395329152	-0.239379546343226	0.0206418561991228	0.00316016947886276	2.55923605382667	-0.110425290763922	-0.164428855933834
4.38499395329152	-0.214358546721879	0.0195833297353734	0.00159154350973367	2.44466665706099	-0.101069595370549	-0.149075617340977
4.39499395329152	-0.190491549230271	0.0186242255659488	0.000182465077954968	2.32849595050677	-0.0905853213507175	-0.13257951370183
4.40499395329152	-0.167792784482609	0.0177745067700552	-0.00105741538960005	2.21107759946009	-0.0792356972268955	-0.115293373993414
4.41499395329152	-0.146273036659089	0.0170415490139556	-0.00212188459569979	2.09274671676816	-0.0672744449248825	-0.097551151331561
4.42499395329152	-0.125939843350219	0.0164302507618734	-0.00300795953630533	1.97381709229369	-0.054942832403027	-0.0796644302885492
4.43499395329152	-0.106797720336101	0.0159431705321325	-0.00371564937561877	1.85457897297232	-0.0424672097338871	-0.0619196567162529
4.44499395329152	-0.0888484059099858	0.0155806864423265	-0.00424769308740643	1.73529736940495	-0.0300570119221518	-0.0445760545411733
4.45499395329152	-0.072091119623823	0.015341173483481	-0.0046092795212784	1.61621085959286	-0.0179032061916499	-0.0278641861977712
4.46499395329152	-0.0565228306484074	0.0152211942076382	-0.00480775608874635	1.49753085646667	-0.00617715733528225	-0.011985107580638
4.47499395329152	-0.0421385312888431	0.0152156987928921	-0.00485233175135685	1.37944130310119	0.00497011819924246	0.00288993558851137
4.48499395329152	-0.0289315115666095	0.0153182307534363	-0.00475377944890244	1.26209875777418	0.0154083407132477	0.0166193254897894
4.49499395329152	-0.0168936311629913	0.0155211348803706	-0.00452414254430713	1.14563283015147	0.0250280304368105	0.029090460592489
4.50499395329152	-0.00601558540712421	0.0158157643243265	-0.00417644929574472	1.03014692971538	0.0337402781615912	0.0402187711728372
4.51499395329152	0.00371283762086653	0.0161926840574507	-0.00372443880629629	0.915719287966859	0.0414762558693832	0.0499464173983431
4.52499395329152	0.0123025114205251	0.0166418682753116	-0.00318230135553696	0.802404216813817	0.0481864993592052	0.058240723611719
4.53499395329152	0.0197647390145553	0.0171528896152998	-0.00256443549272892	0.690233566813316	0.0538399940275475	0.0650924000342419
4.54499395329152	0.0261110363283712	0.0177150983744026	-0.00188522377318665	0.57921835048935	0.0584230938750506	0.0705136002229381
4.55499395329152	0.0313529324899417	0.018317790203808	-0.0011588285519794	0.469350497733391	0.0619383025559162	0.0745358593772095
4.56499395329152	0.0355017882139167	0.0189503610391	-0.000399008815459354	0.360604712261002	0.0644029438964309	0.0772079551007147
4.57499395329152	0.0385686331341697	0.0196024482916929	0.000381041366793289	0.252940400196925	0.0658477478181725	0.0785937285713122
4.58499395329152	0.0405640226705061	0.0202640575787245	0.00116883254788346	0.146303644054864	0.0663153760338333	0.0787699003309165
4.59499395329152	0.0414979147591878	0.0209256745042203	0.00195269786894175	0.0406291976295329	0.0658589102582797	0.0778239111428389
4.60499395329152	0.0413795665434696	0.0215783612234619	0.00272188967122696	-0.0641575204036322	0.0645403240103239	0.0758518146319791
4.61499395329152	0.040217450909682	0.0222138377247919	0.00346665539113336	-0.168138454112709	0.0624289573859562	0.0729562447705458
4.62499395329152	0.0380191925663236	0.0228245479483529	0.00417829358709024	-0.27140097684727	0.0596000124747873	0.0692444777391474
4.63499395329152	0.0347915231977057	0.0234037110294237	0.00484919112560632	-0.374036012195989	0.056133085381029	0.0648266043139399
4.64499395329152	0.0305402550792347	0.0239453581051162	0.00547284269906675	-0.47613622276497	0.0521107491110115	0.0598138257329037
4.65499395329152	0.0252702724175131	0.0244443552574112	0.00604385396227614	-0.577794278173288	0.0476171999130071	0.0543168830004258
4.66499395329152	0.0189855395740346	0.024896413283126	0.00655792966027441	-0.679101211773206	0.0427369780133883	0.0484446268160683
4.67499395329152	0.0116891252450668	0.0252980850828252	0.00701184817891145	-0.780144873843963	0.0375537720963332	0.0423027327724654
4.68499395329152	0.00338324160105361	0.0256467515463916	0.00740342398440608	-0.881008487388729	0.0321493153318006	0.0359925641658726
4.69499395329152	-0.00593070266494519	0.0259405968835707	0.00773145943105256	-0.981769311192027	0.0266023792764474	0.0296101827037294
4.70499395329152	-0.0162520364701077	0.0261785744039316	0.00799568740979236	-1.08249741347358	0.0209878705613766	0.0232455055755431
4.71499395329152	-0.0275807487736907	0.0263603637930838	0.00819670628692887	-1.18325455830464	0.0153760339446095	0.0169816057718811
4.72499395329152	-0.0399174004420106	0.0264863209614149	0.00833590854416155	-1.28409320593404	0.00983176404912671	0.0108941511836045
4.73499395329152	-0.0532630266877173	0.0265574215588781	0.00841540448059001	-1.38505562729987	0.00441402693223054	0.00505097687958734
4.74499395329152	-0.0676190312234779	0.0265751992552888	0.00843794227651745	-1.48617313227239	-0.000824608459376914	-0.000488215966144757
4.75499395329152	-0.0829870732625963	0.0265416798810295	0.0084068256497653	-1.58746541058007	-0.00583832990137912	-0.00567204176156295
4.76499395329152	-0.0993689484861554	0.0264593125088497	0.0083258302596467	-1.68893998390255	-0.010588334446039	-0.0104575006187782
4.77499395329152	-0.116766465079258	0.0263308985344246	0.00819911993343498	-1.79059176726444	-0.0150429766348095	-0.0148099451273005
4.78499395329152	-0.135181315919008	0.0261595197823056	0.00803116370663573	-1.89240273761967	-0.01917781584588	-0.0187029522450003
4.79499395329152	-0.154614947974895	0.0259484666256515	0.00782665458299342	-1.99434170736653	-0.0229755669373167	-0.0221181088958435
4.80499395329152	-0.175068429959295	0.0257011670633989	0.00759043083412901	-2.09636420046439	-0.0264259589589816	-0.0250447198751965
4.81499395329152	-0.196542319242425	0.0254211176480149	0.00732740057303561	-2.19841242882032	-0.0295255072529682	-0.0274794465815472
4.82499395329152	-0.21903652902295	0.0251118171012966	0.00704247025120778	-2.30041536666004	-0.0322772047495634	-0.0294258849348015
4.83499395329152	-0.242550196722994	0.0247767033953921	0.00674047764662867	-2.40228892067674	-0.0346901387011797	-0.0308940906224461
4.84499395329152	-0.267081554554684	0.0244190950118037	0.00642612982971213	-2.50393619384392	-0.0367790394882493	-0.0319000595517573
4.85499395329152	-0.292627803184663	0.0240421370229882	0.00610394651695724	-2.60524784086488	-0.0385637684869395	-0.0324651710940902
4.86499395329152	-0.319184989403066	0.0236487525696106	0.00577820914774106	-2.70610251329193	-0.0400687523167211	-0.032615601400255
4.87499395329152	-0.346747888683923	0.0232416002317719	0.00545291594843319	-2.80636739236276	-0.0413223710935074	-0.0323817137569901
4.88499395329152	-0.375309893504192	0.0228230377148029	0.00513174317982667	-2.90589880754916	-0.0423563086072241	-0.0317974326548624
4.89499395329152	-0.404862908267994	0.0223950921896018	0.00481801269859959	-3.00454293867687	-0.0432048726252181	-0.0308996079570224
4.90499395329152	-0.435397251660145	0.0219594375441094	0.0045146659009258	-3.10213659923789	-0.0439042937962195	-0.0297273753032897
4.91499395329152	-0.466901567227544	0.0215173787164425	0.00422424405615789	-3.19850809816462	-0.0444920118917711	-0.0283215186597513
4.92499395329152	-0.499362742957507	0.0210698431915964	0.0039488749803884	-3.29347817685997	-0.0450059583675366	-0.0267238407322286
4.93227719891244	-0.523598775598489	0.0207407737627259	0.00375878463906748	-3.36165904053937	-0.0453554615741988	-0.025463641820268
4.94227719891244	-0.558536790234874	0.0212295209383672	0.00417644953840676	-3.62550194498267	0.14291818063196	0.108994960053594
4.95227719891244	-0.596099053576072	0.0235946185461158	0.00593833752343821	-3.88641493308772	0.329834120657629	0.243348543034209
4.96227719891244	-0.636253369414362	0.0278199713150248	0.00904236889608954	-4.14381044998394	0.514878352423595	0.37738552142414
4.97227719891244	-0.678961422594197	0.0338840315225017	0.0134841762508979	-4.39705239466075	0.697474271197496	0.510859825165564
4.98227719891244	-0.724178299658703	0.0417591722940286	0.0192567573678727	-4.64545756047374	0.876982833948751	0.643490570359206
4.99227719891244	-0.771852030743643	0.0514110720359984	0.0263501287422633	-4.88829846905809	1.05270466636066	0.774962538567979
5.00227719891244	-0.821923167393215	0.0627981306787791	0.0347509885276078	-5.1248077451029	1.22388435720779	0.904927604061062
5.01227719891244	-0.874324412365195	0.0758709406835946	0.0444423990591579	-5.3541841578848	1.38971714728631	1.03300724421079
5.02227719891244	-0.928980318577328	0.0905718375675495	0.0554035004006129	-5.57560041894902	1.54935816301253	1.15879625122367
5.03227719891244	-0.985807074986987	0.106834555807741	0.0676092673876579	-5.78821277158842	1.70193426134179	1.28186773024026
5.04227719891244	-1.04471239720768	0.12458401612014	0.0810303232511607	-5.99117233569329	1.84655844178921	1.40177941752007
5.05227719891244	-1.10559553986732	0.143736269004679	0.0956328229061791	-6.18363808196713	1.98234664504728	1.51808128269132
5.06227719891244	-1.16834744594438	0.164198616876187	0.111378418214994	-6.36479120584657	2.10843660176874	1.6303242931379
5.07227719891244	-1.23283428272933	0.185845312869752	0.128231482747505	-6.52618164672161	2.21274560096976	1.74135078459208
5.08227719891244	-1.29870626337386	0.20823684991901	0.146241498879896	-6.64016307617086	2.25504343107521	1.86233185134281
5.08382537833581	-1.30899693899612	0.211729031601168	0.149139861878225	-6.65355921023276	2.25605928329381	1.88192430704581
5.09382537833581	-1.37481076215983	0.233261112540086	0.167070580648839	-6.50706272069087	2.04871037140155	1.70354592670542
5.10382537833581	-1.43909575974333	0.252671425133552	0.18319806581153	-6.3478389067161	1.83181974543736	1.52135347395638
5.11382537833581	-1.50172614035949	0.269868093326207	0.19748646664757	-6.17619780871682	1.60610697945551	1.33580616360094
5.12382537833581	-1.56257961898487	0.284766759676227	0.209904555536721	-5.99253023830661	1.3723544443446	1.1473688933617
5.13382537833581	-1.62153821153309	0.297291160384491	0.220425771424198	-5.79730509703212	1.13139676583558	0.956509749879245
5.14382537833581	-1.67848900092832	0.307373596598141	0.229028243329547	-5.59106635029113	0.884110652982432	0.763698472260651
5.15382537833581	-1.73332487104975	0.314955306626746	0.235694802238761	-5.37442962441999	0.631405282279736	0.569405620462561
5.16382537833581	-1.7859452047283	0.319986745509741	0.240412987067821	-5.14807842138956	0.374213411648607	0.374102175543475
5.17308155884069	-1.83259571459405	0.322336117875901	0.243037034187994	-4.93055462536067	0.132977673307148	0.192834639499358
5.18308155884069	-1.88069325810462	0.322351943906915	0.243985658771914	-4.68765342759224	-0.130174618480875	-0.0030877195117166
5.19308155884069	-1.92632422577559	0.319726982668749	0.242976503520538	-4.43738664749673	-0.395019840421894	-0.198643009913076
5.20308155884069	-1.96941945744214	0.31444909764323	0.240015585550642	-4.18066128002602	-0.660600078614998	-0.393362300036608
5.21308155884069	-2.0099190906993	0.30651570689292	0.235113598163824	-3.9184290261136	-0.92596284691437	-0.586779551177635
5.22308155884069	-2.04777298124222	0.295933714554151	0.228285873119346	-3.65168088389223	-1.19016379063092	-0.778433455301705
5.23308155884069	-2.08294106775062	0.282719419597727	0.21955232225972	-3.38144148259249	-1.45226855068671	-0.967869719030486
5.24308155884069	-2.11539367849741	0.266898409108743	0.208937354288725	-3.10876307636128	-1.7113540444209	-1.15464373818746
5.25308155884069	-2.14511177569791	0.248505440336699	0.19646976313741	-2.83471907466001	-1.96650949102415	-1.3383235941252
5.26308155884069	-2.17208713218945	0.227584312163729	0.182182585027721	-2.56039694849618	-2.21683757187198	-1.51849330873293
5.27308155884069	-2.1963224332772	0.20418772249701	0.166112921877483	-2.28689032461693	-2.4614561602069	-1.69475631677032
5.28308155884069	-2.21783129463368	0.178377103630373	0.148301728945867	-2.01529006925745	-2.69950107292345	-1.86673914710832
5.29308155884069	-2.23663818519759	0.150222423140192	0.128793564518629	-1.74667417587866	-2.93013028128312	-2.03409534117474
5.30308155884069	-2.2527782423489	0.119801933765903	0.10763629898465	-1.48209631433714	-3.15252995892776	-2.19650966808139
5.31308155884069	-2.26629696557486	0.0872018524383874	0.0848807799659516	-1.22257297795058	-3.36592263756011	-2.35370271139078
5.32308155884069	-2.27725001401002	0.0525162982257112	0.0605803483970036	-0.969001143371484	-3.56967771089782	-2.50540710291387
5.33308155884069	-2.28571258238995	0.0158614077236502	0.0347861953859903	-0.729402985582233	-3.75265609874468	-2.65443802871233
5.34308155884069	-2.29205740528559	-0.0222159407706827	0.00742994421784213	-0.551201395407331	-3.84576755026677	-2.82032847656811
5.35308155884069	-2.29695950251308	-0.0607346560500958	-0.021665729564656	-0.439876619993852	-3.84470103082814	-2.9945932261843
5.36308155884069	-2.30105891713618	-0.0988868855270107	-0.0522821592635191	-0.389715587509099	-3.77548930098973	-3.11898883869637
5.37308155884069	-2.30493731525541	-0.136052998527614	-0.0838543834307438	-0.394579228417278	-3.6488624361332	-3.1860859775865
5.38308155884069	-2.30911095199653	-0.171701171854127	-0.115821237790421	-0.447532413921028	-3.47339711446601	-3.19841208130351
5.39308155884069	-2.31399934608683	-0.205423007091466	-0.147641460486069	-0.531930884685789	-3.27142154559884	-3.15560959039158
5.40308155884069	-2.31976131854253	-0.237168944266074	-0.178737514777519	-0.620869469145557	-3.07974971371481	-3.05448345872155
5.41308155884069	-2.32642219137696	-0.267056715620566	-0.208562246453142	-0.711448785425286	-2.89964545299111	-2.90282543276783
5.42308155884069	-2.33399121247035	-0.295171017516414	-0.23673861640436	-0.802313109762308	-2.72290607225264	-2.73252334773231
5.43308155884069	-2.34246586127557	-0.321511803275087	-0.263211195723314	-0.892405442587914	-2.54518670639879	-2.56197068170938
5.44308155884069	-2.35183361742881	-0.346075023390759	-0.287978707292889	-0.980791568434101	-2.36754413437605	-2.39161783937519
5.45308155884069	-2.36207337302352	-0.368865748737024	-0.311046224788114	-1.06668649899163	-2.19081594455309	-2.2220634653173
5.46308155884069	-2.37315688073785	-0.389896751371541	-0.33242432280371	-1.14944576789524	-2.01570638379424	-2.05380992777175
5.47308155884069	-2.3850501084206	-0.409187222109922	-0.352128141247266	-1.22855499162366	-1.84279682278504	-1.887268958456
5.48308155884069	-2.39771448159564	-0.426761599109036	-0.370176511432788	-1.30361805236964	-1.67255733434547	-1.72276826225877
5.49308155884069	-2.4111080045107	-0.442648514268861	-0.386591151085579	-1.37434474517831	-1.50535856237709	-1.56055862161114
5.50308155884069	-2.42518625765212	-0.456879857242123	-0.401395931357346	-1.44053851067346	-1.3414832944066	-1.4008211450541
5.51308155884069	-2.43990327488152	-0.469489951997081	-0.41461621598163	-1.50208468456505	-1.18113734938698	-1.2436744130198
5.52308155884069	-2.45521230685718	-0.48051483782169	-0.426278270655553	-1.55893954004269	-1.02445955102149	-1.08918135546486
5.53308155884069	-2.47106647953259	-0.489991644992051	-0.436408739404407	-1.61112027828027	-0.871530677243972	-0.937355757751116
5.54308155884069	-2.48741935760154	-0.497958054694238	-0.445034183887628	-1.65869603198275	-0.722381363353542	-0.788168336322432
5.55308155884069	-2.50422542306652	-0.504451832880299	-0.452180681190072	-1.70177988235498	-0.576998995537907	-0.641552357795006
5.56308155884069	-2.52144047887645	-0.509510428309969	-0.457873475496766	-1.74052184599378	-0.435333669069279	-0.497408797317305
5.57308155884069	-2.53902198699355	-0.513170625890365	-0.462136679088548	-1.77510276027798	-0.29730330672365	-0.355611047188895
5.58308155884069	-2.55692934944624	-0.515468247437405	-0.464993018260115	-1.80572897975676	-0.162798042555104	-0.216009196903499
5.59308155884069	-2.5751241400061	-0.516437893047372	-0.466463620010064	-1.83262778842397	-0.0316839777712763	-0.0784339126040027
5.60308155884069	-2.59357029316267	-0.516112717320449	-0.466567835656894	-1.85604343091577	0.0961935879992618	0.0573000514392885
5.61308155884069	-2.61223425610703	-0.514524235680901	-0.465323097878144	-1.87623366749659	0.22100735310878	0.191390673492823
5.61614673893647	-2.6179938779916	-0.513789003105379	-0.46467388164713	-1.8818175647908	0.258680141555853	0.232194588010882
5.62614673893647	-2.63689624138271	-0.510594456600591	-0.461689593987851	-1.89819923014907	0.379776720633108	0.364452473115601
5.63614673893647	-2.65594921134179	-0.506202169485827	-0.457388677625654	-1.91198567730242	0.498263418896615	0.495556863994764
5.64614673893647	-2.67512824642742	-0.500637169030652	-0.451781565726745	-1.92345965976493	0.614356169018603	0.62572861130482
5.65614673893647	-2.69441164735205	-0.49392227754099	-0.444876471738082	-1.93290650350204	0.728279721162221	0.755190449415328
5.66614673893647	-2.713780572288	-0.486078033450752	-0.436679381110937	-1.94061203315034	0.840265790636434	0.88416490060103
5.67614673893647	-2.73321903162414	-0.477122631004571	-0.427194063611764	-1.94686052492631	0.950551182596339	1.0128722439671
5.68614673893647	-2.75271386211005	-0.467071879038381	-0.416422105815979	-1.95193262036401	1.05937583871634	1.14152850196141
5.69614673893647	-2.77225467967262	-0.455939179907978	-0.404362963849885	-1.95610313640589	1.1669807520271	1.27034339609135
5.70614673893647	-2.79183380955076	-0.443735530149907	-0.391014036934137	-1.95963870846146	1.27360569679221	1.39951822265378
5.71614673893647	-2.81144619176524	-0.43046954498822	-0.376370762776258	-1.96279520408741	1.37948672071247	1.52924359894519
5.72614673893647	-2.83108925932412	-0.416147509324823	-0.360426736353761	-1.96581484644716	1.48485334742767	1.65969703083362
5.73614673893647	-2.85076278596758	-0.400773458364344	-0.34317385411391	-1.96892298935113	1.58992543893249	1.79104025414259
5.74614673893647	-2.87046869969524	-0.384349291512801	-0.324602486077071	-1.97232449032024	1.69490967100872	1.92341630555075
5.75614673893647	-2.89021085781896	-0.366874923629275	-0.304701678747767	-1.9761996358171	1.7999955811793	2.05694628432901
5.76614673893647	-2.90999477888145	-0.348348478065731	-0.283459392083274	-1.9806995848294	1.9053511593047	2.19172577505682
5.77614673893647	-2.92982732652668	-0.328766526152756	-0.260862774007124	-1.98594131484744	2.01111796726977	2.32782091446269
5.78614673893647	-2.94971634036816	-0.308124377812823	-0.236898476036861	-1.99200207957907	2.11740579790722	2.46526410380775
5.79614673893647	-2.96967030542657	-0.286409637677548	-0.21157465820334	-1.99895755013658	2.22760443042404	2.59346464414219
5.80614673893647	-2.98969864402699	-0.263508597776031	-0.185222866754426	-2.00683679802821	2.35579710101482	2.6670880537911
5.81614673893647	-3.00980892374645	-0.239232810779743	-0.158421349785446	-2.01528169566443	2.50225659829361	2.68417261078314
5.82614673893647	-3.02998825199026	-0.213433188956288	-0.131704864935575	-2.01578321770741	2.65319642784129	2.65294878803506
5.83614673893647	-3.04997217433765	-0.186342854700938	-0.105456181111307	-1.97319711733328	2.7558199607614	2.59243795363371
5.84614673893647	-3.06930007417374	-0.158493767477387	-0.0799390975814073	-1.88498058334241	2.80535560171506	2.50703702137037
5.85614673893647	-3.0875285919658	-0.130403405280348	-0.0553900810085188	-1.7538262510891	2.80461925414947	2.39924645051107
5.86614673893647	-3.10424447320581	-0.102556901763111	-0.0320202598025141	-1.58305075567193	2.75724897392032	2.27163018888426
5.87614673893647	-3.11907019268861	-0.0753996259445549	-0.0100149007954222	-1.3764632424924	2.66754636385314	2.12675043384256
5.88614673893647	-3.13166841159008	-0.0493366791499335	0.0104842572782041	-1.13830732836642	2.53824457477531	1.97410090043217
5.89614673893647	-3.14174724605628	-0.0247637217662466	0.0295010754353415	-0.873424356290912	2.37048948478857	1.83085877250367
5.90614673893647	-3.1490700144492	-0.00202375458958876	0.0471274997323992	-0.589541354897865	2.17523976224345	1.69498689775073
5.91614673893647	-3.15353263686386	0.0187344274868652	0.0634008663606678	-0.302875912909945	1.97630377473785	1.55961593201581
5.92614673893647	-3.15512524846193	0.0375001962426766	0.0783183722359366	-0.0155384778207897	1.77674947036061	1.42380488704848
5.93614673893647	-3.15384128439736	0.0542673771552702	0.0918752183582547	0.2724358696028	1.57658234662453	1.287469851426
5.94614673893647	-3.14967446412443	0.0690296860374577	0.104065729548021	0.56103038184717	1.37576749730385	1.15052276715914
5.95614673893647	-3.14261865678686	0.0817803941667054	0.114883326646085	0.85023074091316	1.17425250144984	1.0128715663746
5.96614673893647	-3.13266789082933	0.0925122007389962	0.124320506489153	1.1400182710188	0.971976962259702	0.874424182249331
5.97614673893647	-3.11981643158139	0.101217201197612	0.132368861831789	1.43036313859488	0.768882136820627	0.735092523800548
5.98614673893647	-3.1040589267607	0.107886952196421	0.139019140789131	1.72121757236558	0.56492063070466	0.594796405761725
5.99571756715235	-3.08625164742984	0.112356212966723	0.144065423622972	2	0.368876331104511	0.459554867273544
