=========================== Parameters =====================================
l1 [m]	l2 [m]	l3 [m]	c1 [m]	c2 [m]	c3 [m]	m1 [kg]	m2 [kg]	m3 [kg]
0.1
0.14
0.4458
0.7
0.9
0.5
0.1564
0.23764
0.1564
============================== Data ========================================
t [s]	th1 [rad]	th2 [rad]	th3 [rad]	th1d [rad/s]	th2d [rad/s]	th3d [rad/s]
0	0	0	0	0	0	0
0.01	-0.000698018512054022	0.000224809214867032	-0.000183790432304909	-0.139039748443567	0.0439124915275632	-0.0354680398001416
0.02	-0.00276926313710951	0.000856952640255465	-0.000683750586664569	-0.274623199095174	0.0814421630486698	-0.0632617410955467
0.03	-0.00617866705477583	0.00183216532768318	-0.00142438025022463	-0.406664887635128	0.112531167861902	-0.0836689811082157
0.04	-0.010890747725179	0.00308644396337398	-0.00233414859153305	-0.535165092126828	0.137285152069808	-0.0971870987474054
0.05	-0.0168704027186	0.00455754625713424	-0.00334733241607969	-0.660197497983054	0.155946211948718	-0.104472035954932
0.06	-0.0240835821330652	0.00618622281709855	-0.00440536008023666	-0.781896893102714	0.168866527089145	-0.106290500102801
0.07	-0.0324978393113422	0.00791719128013297	-0.00545769655531721	-0.900447179980483	0.176483276780648	-0.103476194814481
0.08	-0.0420827642460327	0.00969986802766183	-0.00646231436533032	-1.01606993510462	0.179295307800122	-0.0968908647131407
0.09	-0.052810306076175	0.0114888768061687	-0.00738580112313257	-1.12901369327437	0.17784189428915	-0.087390628214107
0.1	-0.0646549926081857	0.0132443563880687	-0.00820315789266794	-1.23954408585047	0.172683814403984	-0.0757978300188589
0.11	-0.0775940558612568	0.0149320911295542	-0.0088973438422714	-1.34793491825565	0.164386865506722	-0.0628784346033436
0.12	-0.0916074732945808	0.0165234890431154	-0.00945862195393228	-1.45446023379785	0.153507850722825	-0.049324804993519
0.13	-0.106677934677048	0.0179954319456582	-0.0098837582509389	-1.55938737835783	0.140582995075036	-0.0357435675617686
0.14	-0.122790744566712	0.019330021511445	-0.0101751234317798	-1.6629710536719	0.126118688971011	-0.0226481524808563
0.15	-0.139933670133659	0.0205142437916843	-0.0103397412675626	-1.76544832563666	0.110584409983775	-0.0104555189843255
0.16	-0.158096743639216	0.0215395730909762	-0.0103883229274643	-1.86703453788416	0.0944076396770804	0.000513477823697704
0.17	-0.177272028325516	0.0224015341356649	-0.0103343208079687	-1.9679200693218	0.0779705694906385	0.010030649191213
0.18	-0.197453355815783	0.0230992393382377	-0.0101930296914247	-2.06826786683758	0.0616083770499881	0.0179545400871111
0.19	-0.218636042414943	0.023634915748941	-0.00998075734868051	-2.16821168034865	0.0456088502629394	0.0242225649802363
0.2	-0.240816590964116	0.0240134340699924	-0.00971408119595905	-2.26785492624305	0.030213139763033	0.028841747464872
0.21	-0.263992384167414	0.0242418499540954	-0.00940920245096448	-2.36727010648356	0.0156174292599277	0.031878559646534
0.22	-0.288161374596136	0.0243289657687646	-0.00908140450877579	-2.46649871370703	0.00197532683917572	0.0334483090710161
0.23	-0.313321775900059	0.0242849191199093	-0.00874461804609985	-2.56555155710495	-0.0105992029924986	0.033704467066416
0.24	-0.339471759129903	0.0241208027193533	-0.00841109170786101	-2.66440944930309	-0.0220285277879472	0.0328282751987829
0.25	-0.366609157507053	0.0238483186683368	-0.00809116415416468	-2.76302420050257	-0.0322677972927654	0.0310189083186692
0.26	-0.394731182470826	0.0234794689203877	-0.00779313074932448	-2.86131987247643	-0.0413012758364159	0.0284844152638072
0.27	-0.42383415339124	0.0230262825823753	-0.00752319624184459	-2.95919425134778	-0.049138657398899	0.0254336032126422
0.28	-0.453913242955245	0.0225005798057151	-0.007285503385294	-3.05652050415707	-0.0558114444980825	0.0220689801602242
0.29	-0.484962239913014	0.0219137712990368	-0.00708222654467829	-3.15314898984699	-0.0613694541462791	0.0185808229122151
0.3	-0.516973330602671	0.0212766919435685	-0.00691371887340924	-3.24890920028101	-0.0658774979478248	0.0151423959849577
0.302033226637695	-0.523598775598299	0.0211419332384481	-0.00688362268264151	-3.26825650663788	-0.0666723533882877	0.0144634831919097
0.312033226637695	-0.557633105537821	0.0214315893378279	-0.0055857517593771	-3.5381798190709	0.124426399005548	0.245191177240171
0.322033226637695	-0.594352862464156	0.0236261511531271	-0.00197885054193179	-3.80524870384658	0.314230140471295	0.476200769720791
0.332033226637695	-0.63372662681034	0.0277102080816006	0.00393770114657108	-4.06888012230415	0.502236565639013	0.707038823483594
0.342033226637695	-0.675716906948895	0.0336630155364703	0.0121595738395551	-4.32844250825729	0.687880756998611	0.937168396302505
0.352033226637695	-0.720279650178112	0.041457858866308	0.0226766428251591	-4.58325524130872	0.870533495837193	1.16596725073472
0.362033226637695	-0.767363755640254	0.0510614101934458	0.0354721351579205	-4.83258960914965	1.04950159888571	1.39272825161246
0.372033226637695	-0.816910605421263	0.0624331001929206	0.0505217936202977	-5.07567152672194	1.22403062708331	1.61666244220541
0.382033226637695	-0.868853632744286	0.07552453021519	0.0677930869259642	-5.31168627901994	1.39331029808136	1.83690529794115
0.392033226637695	-0.923117948731273	0.0902789532693516	0.0872445002916219	-5.53978552813899	1.55648288735224	2.05252661629496
0.402033226637695	-0.97962005134283	0.10663085482872	0.108824944627133	-5.75909676479119	1.71265481448582	2.26254439699793
0.412033226637695	-1.03826764143747	0.124505665746442	0.132473325299735	-5.96873528299654	1.86091147492802	2.46594288631942
0.422033226637695	-1.09895919341364	0.143823939099188	0.158095003313581	-6.16760925323941	2.00273841621248	2.64867566899405
0.432033226637695	-1.16157651900655	0.164589007712192	0.185087679962958	-6.35355366889161	2.15157081682073	2.73165174858389
0.442033226637695	-1.22592993448962	0.186796431232909	0.212411532521862	-6.50815627561995	2.2809369032874	2.72005552613068
0.452033226637695	-1.29155970431235	0.210023429034077	0.23924994417898	-6.60904841556409	2.35540376789875	2.63672465465581
0.454667916749464	-1.30899693899575	0.2162440258743	0.246155213635417	-6.6270185956051	2.36605633624064	2.60442075982941
0.464667916749464	-1.3745319448006	0.238877193634	0.27039127086791	-6.47792252568625	2.15899261547593	2.24185611887005
0.474667916749464	-1.43851440478034	0.259393128665675	0.290975658472208	-6.31653236796472	1.94270527629602	1.87428711570614
0.484667916749464	-1.50082213779219	0.277702520396976	0.307864286060327	-6.14300757731248	1.71778550368901	1.5028989063117
0.494667916749464	-1.56133479988428	0.293722149994463	0.321024753371613	-5.9575578791556	1.4848602659222	1.12884479836207
0.504667916749464	-1.61993443903254	0.307375242481052	0.330436049754056	-5.76045363439149	1.24459117845526	0.753250284748185
0.514667916749464	-1.67650615149617	0.318591807563457	0.336088305174602	-5.5520357266995	0.99767337545541	0.377219116080338
0.524667916749464	-1.7309388332269	0.327308969387523	0.337982607321702	-5.33272464863319	0.744834449311436	0.00184026519782005
0.534667916749464	-1.78312601747129	0.333471286898909	0.336130888519415	-5.1030286418346	0.486833678501458	-0.371805231071821
0.544591634361002	-1.83259571459407	0.337013869806627	0.330612419686108	-4.86541297648392	0.226477781114215	-0.739822956242226
0.554591634361002	-1.88001464812939	0.337951778022362	0.321375633424021	-4.6169240182787	-0.0394182221024309	-1.10679645009431
0.564591634361002	-1.92490660446662	0.336216509204799	0.308493059057682	-4.36016160365459	-0.308011837741711	-1.46879928058924
0.574591634361002	-1.96719335704501	0.331785524447241	0.292019848401417	-4.09604603103901	-0.578409124253234	-1.82474187082687
0.584591634361002	-2.00680644727569	0.324645426538858	0.272022059575409	-3.82561094392046	-0.849674928411421	-2.1735331895068
0.594591634361002	-2.04368832525802	0.314792395564287	0.248576647808543	-3.55000444891606	-1.12082812889513	-2.51408591106573
0.604591634361002	-2.0777934905499	0.30223267259672	0.221771392399378	-3.27048789377424	-1.39083691119758	-2.8453240145119
0.614591634361002	-2.10908960584125	0.286983086582125	0.191704735630986	-2.98843152743844	-1.65861503666348	-3.1661927949267
0.624591634361002	-2.13755854788524	0.269071608631577	0.158485509308233	-2.70530613226852	-1.92302030916613	-3.47567134731694
0.634591634361002	-2.16319735057797	0.248537904993697	0.122232523371629	-2.42266966064178	-2.18285660896563	-3.77278770998219
0.644591634361002	-2.18601909272046	0.225432668296656	0.0830803847892532	-2.14222911715213	-2.43776952767219	-4.05180822754913
0.654591634361002	-2.20606257016399	0.199724676511535	0.0416890417985185	-1.86775250156593	-2.70728382232494	-4.19784062752808
0.664591634361002	-2.22340247655955	0.171228167724591	-0.000343358524736256	-1.60175146800841	-2.99445733956548	-4.18399757114903
0.674591634361002	-2.23812942631522	0.139796404763159	-0.0415397238839091	-1.34527446680682	-3.29338323609181	-4.03483245151806
0.684591634361002	-2.2503409220104	0.105339574261024	-0.080673832885632	-1.09866504930078	-3.59860653845596	-3.77581254740663
0.694591634361002	-2.26014662296028	0.0678368509778611	-0.116779084128048	-0.868529088491639	-3.89521235396168	-3.4349849540052
0.704591634361002	-2.26795928424769	0.0277634209863587	-0.149254478255389	-0.707598125774675	-4.10095494496127	-3.05621799572179
0.714591634361002	-2.2745592635345	-0.0138199921010427	-0.17786034098964	-0.624778522347647	-4.19770391577462	-2.66666905552878
0.724591634361002	-2.28068867754569	-0.055843061302838	-0.202651271714868	-0.612094123163915	-4.19047489703159	-2.29477609618485
0.734591634361002	-2.28700615931882	-0.0973214517187836	-0.223819470272879	-0.660892744791611	-4.09086672821944	-1.94195319127453
0.744591634361002	-2.29402725244386	-0.137474272801334	-0.24152774766536	-0.744319566192459	-3.93776066979269	-1.59967262763893
0.754591634361002	-2.30189931476236	-0.176056488736394	-0.255809960963136	-0.830318744813811	-3.77780729772196	-1.25671769045718
0.764591634361002	-2.31063619428906	-0.213015266713606	-0.266662799824581	-0.917094440930734	-3.61330264208203	-0.913965309480201
0.774591634361002	-2.32024029285758	-0.24831118306249	-0.274095658207177	-1.00359392802742	-3.44521143077773	-0.574034136705446
0.784591634361002	-2.33070348902677	-0.281893812220593	-0.278246581370433	-1.08875317081593	-3.26986426222235	-0.262620540561477
0.794591634361002	-2.34200861679961	-0.313679836726447	-0.279483447385987	-1.17189485841525	-3.08593482831375	0.00824177647899738
0.804591634361002	-2.3541331337935	-0.343585138355533	-0.278224741097518	-1.25256389085407	-2.89380177098387	0.236263598542399
0.814591634361002	-2.3670504383751	-0.371530502872991	-0.274903020443708	-1.33039825416574	-2.6940644939035	0.420881183473356
0.824591634361002	-2.38073066141645	-0.397443707362442	-0.269948919160206	-1.40510307649478	-2.48751625651644	0.56299867634925
0.834591634361002	-2.39514125258863	-0.421261276969504	-0.263777797979123	-1.47643515992692	-2.27510655876195	0.664722644146228
0.844591634361002	-2.41024745400015	-0.442929834306898	-0.256779022565064	-1.54419544279144	-2.05789792601042	0.729103300164269
0.854591634361002	-2.42601272626354	-0.46240700430622	-0.249307769944338	-1.60822656793791	-1.83702080134596	0.759888506092
0.864591634361002	-2.44239916515142	-0.47966187222177	-0.241679209638582	-1.66841306120576	-1.61362976288783	0.761295579674644
0.874591634361002	-2.45936792488475	-0.494675021092574	-0.234164860707107	-1.72468221777908	-1.3888635429676	0.737804876686565
0.884591634361002	-2.47687964838858	-0.507438195659593	-0.22699089164863	-1.77700445601445	-1.16381050991664	0.693978024413826
0.894591634361002	-2.4948948955443	-0.517953652428339	-0.220338106862329	-1.82539250050861	-0.939480506207712	0.634302581315508
0.904591634361002	-2.51337455657479	-0.526233261168062	-0.214343351001874	-1.86989922963272	-0.716783294091988	0.563063832236048
0.914591634361002	-2.53228023778548	-0.532297423092757	-0.209102060431159	-1.91061434408289	-0.496513375890153	0.484243454040062
0.924591634361002	-2.55157460944541	-0.536173866899196	-0.204671697965602	-1.94766018994181	-0.279340633673065	0.401443947175043
0.934591634361002	-2.57122170930547	-0.537896377281656	-0.201075821652081	-1.98118712821029	-0.0658060541799196	0.317837052361865
0.944591634361002	-2.59118719909403	-0.537503502795999	-0.198308558808074	-2.01136881627068	0.143678260028516	0.236133868577773
0.954591634361002	-2.61143857462545	-0.535037281982041	-0.196339281187518	-2.0383976888851	0.348825576167211	0.158574053784047
0.957801175030693	-2.61799387799151	-0.533813448824375	-0.195868554990041	-2.04643799641175	0.413718406524825	0.134862815150163
0.967801175030693	-2.63858934185786	-0.529040305200809	-0.193004633744136	-2.07218035766399	0.540415494561434	0.437782580777376
0.977801175030693	-2.65942869384047	-0.523014426664342	-0.187115332828505	-2.09528547316088	0.664326541800632	0.739974290979468
0.987801175030693	-2.68048766043989	-0.515761827321076	-0.178206833997068	-2.11617320693058	0.785821830656687	1.04166052512893
0.997801175030693	-2.70174616771555	-0.507305045222862	-0.166281731563242	-2.13525920573599	0.905290699505804	1.34299534286189
1.00780117503069	-2.72318658032351	-0.497629755238078	-0.151512984647536	-2.15247169404005	1.03225144697117	1.59645250094923
1.01780117503069	-2.74478870870625	-0.486610717045195	-0.13463604583693	-2.16761800594878	1.1739112676921	1.76536014560148
1.02780117503069	-2.76653236008864	-0.474106989216612	-0.116463759164874	-2.18078977271046	1.32892533652373	1.85691260795708
1.03780117503069	-2.78839819153098	-0.459993277932846	-0.0977263119973022	-2.1920685281901	1.49561513207832	1.87993361092625
1.04780117503069	-2.81036775883422	-0.44416175187096	-0.0790618101315927	-2.20155719671203	1.67218456763279	1.84394891173074
1.05780117503069	-2.83242384541715	-0.426522719098602	-0.0610111967550746	-2.20940049636342	1.85681592932368	1.7588052389091
1.06780117503069	-2.85455092056663	-0.407004458693831	-0.0440167677623739	-2.21579077536314	2.04774308771308	1.63433306121537
1.07780117503069	-2.87673559471088	-0.385552428602467	-0.0284238189658614	-2.22096215064773	2.243303403181	1.4800580819444
1.08780117503069	-2.89896697272081	-0.362128050031292	-0.0144849225277544	-2.22517660664996	2.44197103905409	1.30496415427792
1.09780117503069	-2.92123684349588	-0.336707237749257	-0.00236631463343344	-2.22870573751889	2.64237505168188	1.11730799383658
1.10780117503069	-2.94353967873475	-0.309278811070971	0.00784411648466248	-2.23181131081363	2.84330572615316	0.924483949857876
1.11780117503069	-2.96587244176003	-0.279842886883328	0.0161277267808569	-2.23472703985804	3.04371231781423	0.732935397251953
1.12780117503069	-2.98822966459221	-0.248416009893385	0.0225271276017911	-2.23420255108142	3.23764944810766	0.549482664660085
1.13780117503069	-3.01039465821227	-0.215334596212407	0.0272162021470372	-2.18922992928837	3.36422670418946	0.393862384443868
1.14780117503069	-3.03183248246438	-0.181405554976044	0.0305101996223239	-2.0896303283544	3.40845227209338	0.269996743815898
1.15780117503069	-3.05202156124407	-0.147415479661008	0.0327120332247946	-1.9403390828874	3.37773176482113	0.174880607175061
1.16780117503069	-3.07049159483386	-0.114073432680106	0.0340919082262655	-1.74676069063259	3.2802797833419	0.104982060150317
1.17780117503069	-3.08682847383576	-0.0820027897152741	0.0348828766781143	-1.51469981712935	3.12496848378243	0.0564399102371493
1.18780117503069	-3.10067774355601	-0.0517356898817728	0.035278488923505	-1.2502646935495	2.92113865847769	0.0252461085026079
1.19780117503069	-3.11175271688127	-0.0237011069934355	0.0354299131404522	-0.963917572399777	2.68450250562072	0.00576284942843731
1.20780117503069	-3.11995486950182	0.00195091558241843	0.0354024358733085	-0.676457381111259	2.44573729167028	-0.0108140045729878
1.21780117503069	-3.12528077806103	0.0252103660794671	0.0352226256296677	-0.388670685387784	2.20598942162443	-0.0246965951113952
1.22780117503069	-3.12772720988043	0.0460674197444484	0.0349174738462843	-0.100561632318789	1.96525567493266	-0.0358911499430266
1.23780117503069	-3.12729091468299	0.0645121238578646	0.0345134593448918	0.187876370520646	1.72351485547459	-0.0444910371479372
1.24780117503069	-3.12396854954225	0.0805342535979463	0.0340357642474006	0.476654177317424	1.48073494748309	-0.0506593676065375
1.25780117503069	-3.11775666877029	0.0941232404249383	0.0335076611177477	0.765780403660426	1.23688046474408	-0.0546122200366386
1.26780117503069	-3.1086517787222	0.105268174990323	0.0329500630909127	1.05525494939121	0.991920011066565	-0.0566028745458715
1.27780117503069	-3.09665045713973	0.1139578868451	0.0323812253779501	1.34506257111709	0.745834086020657	-0.0569073447755188
1.28780117503069	-3.08174953645783	0.120181103593998	0.0318165840711945	1.63516651889935	0.49862317465225	-0.0558114132705703
1.29780117503069	-3.06394635038334	0.123926692507909	0.0312687165101179	1.92550224670191	0.250316153789953	-0.05359929996232
1.30036618800099	-3.05891186995988	0.12448686929022	0.0311321376999732	2.00000000000041	0.186455477879679	-0.0528854914406044
1.31036618800099	-3.03745948646338	0.125104291728366	0.0306188917296599	2.29048252989354	-0.0631298397372469	-0.0496557824754704
1.32036618800099	-3.0131023778109	0.123221335605798	0.0301407775136369	2.5809251356921	-0.313607823252944	-0.0458947035801276
1.33036618800099	-2.98584974952603	0.11884147427342	0.0296988598594109	2.86733525912954	-0.559228689941156	-0.0433164325593972
1.34036618800099	-2.95583488178327	0.112148654804627	0.0292462618446117	3.13133988884549	-0.773280914030236	-0.0486152801650138
1.35036618800099	-2.92330997109307	0.103497724388727	0.0287007114338701	3.36925584309184	-0.950798129290004	-0.061658375682661
1.36036618800099	-2.88853771319474	0.093254385373367	0.0279925871946208	3.58080299958948	-1.09183036480049	-0.0808486268854927
1.37036618800099	-2.85178122924027	0.0817803547496807	0.0270690491095949	3.76616884726079	-1.19711163198139	-0.104444139507656
1.38036618800099	-2.81329962122576	0.0694269194879896	0.02589498444833	3.92596169327785	-1.26798048837876	-0.130656888973715
1.39036618800099	-2.77334400893754	0.0565292973114278	0.0244530234080512	4.06116125182019	-1.3062985000962	-0.157739743969594
1.40036618800099	-2.73215407141049	0.0434018200869272	0.022742750336608	4.17306727369373	-1.31436741187846	-0.184060095422935
1.410366188001	-2.68995510867037	0.0303339476828832	0.020779250219367	4.26324699902494	-1.29484607718155	-0.208159062411769
1.42036618800099	-2.64695563123167	0.0175871086145972	0.0185911368958025	4.33348230319682	-1.25066838818713	-0.228795939393397
1.430366188001	-2.60334547589596	0.00539235084878234	0.0162182096073144	4.38571744161386	-1.18496353782697	-0.244978179945746
1.44036618800099	-2.55929443740628	-0.00605122718043607	0.0137088787531203	4.42200827593606	-1.10097992693575	-0.25597774886844
1.45036618800099	-2.51495139702984	-0.0165773078838643	0.0111174912078686	4.44447378764525	-1.00201390588808	-0.261335094860858
1.46036618800099	-2.47044392164601	-0.0260525016181056	0.0085016714540717	4.45525056665896	-0.89134433428578	-0.260852290622674
1.47036618800099	-2.42587830073843	-0.0343758716204871	0.00591977835521758	4.45645082029892	-0.772173686864072	-0.25457705947737
1.48036618800099	-2.38133998398181	-0.0414779047528698	0.00342855980257203	4.4501242994845	-0.647576163634656	-0.242779471533511
1.49036618800099	-2.33689437885071	-0.0473189993156599	0.00108106969260206	4.43822440077373	-0.520453008484757	-0.225923068996037
1.50036618800099	-2.29258796569372	-0.0518875421238014	-0.00107510551268443	4.4225785867473	-0.39349502608034	-0.204632093342684
1.51036618800099	-2.24844968675473	-0.0551976460789475	-0.00299927950470601	4.40486317968913	-0.269152124983585	-0.179656359508264
1.52036618800099	-2.2044925653868	-0.0572866171733831	-0.00465874170559632	4.38658252545619	-0.149609608347914	-0.151835173003483
1.53036618800099	-2.16071551191664	-0.0582122167541383	-0.00602947245888075	4.36905249194333	-0.0367708769010075	-0.122061528783607
1.54036618800099	-2.11710527305649	-0.0580497814056213	-0.00709650619045164	4.35338825226046	0.0677538092662472	-0.0912476738851074
1.55036618800099	-2.07363848228904	-0.0568892592894041	-0.00785396094801762	4.34049629742107	0.16265285784003	-0.0602929627580352
1.56036618800099	-2.03028376922787	-0.0548322183746924	-0.00830476126676266	4.33107061753036	0.246913493305283	-0.0300547847492968
1.57036618800099	-1.98700388662878	-0.0519888787253202	-0.00846008836395697	4.32559297591416	0.319816850024711	-0.00132319534645738
1.58036618800099	-1.94375781461487	-0.0484752177875023	-0.0083385972398425	4.32433717143761	0.380928334360893	0.0252002658061783
1.59036618800099	-1.90050280294433	-0.0444101942812443	-0.00796544433991188	4.3273771375789	0.430083602451431	0.0489192380068434
1.60036618800099	-1.85719631396962	-0.039913132641955	-0.00737117199049187	4.33459866311165	0.467370541379146	0.0693545047294822
1.61036618800099	-1.8137978314652	-0.0351013058062371	-0.00659049684140328	4.34571444208625	0.493107698730765	0.0861512353717862
1.62036618800099	-1.77027050384326	-0.0300877493563082	-0.00566104905170556	4.36028207625229	0.507819672394373	0.0990816277023071
1.63036618800099	-1.72658259447107	-0.0249793345758083	-0.00462210699735701	4.37772456875715	0.51221004055181	0.108043216351591
1.64036618800099	-1.68270871680512	-0.0198751218575895	-0.00351336897757737	4.39735277198074	0.507132472377571	0.113053239557446
1.65036618800099	-1.6386308377452	-0.0148650092578688	-0.00237379892039551	4.41838919218449	0.493560705017964	0.114239563515471
1.660366188001	-1.59433903879771	-0.010028683998017	-0.00124057765800691	4.43999251517975	0.472558095926117	0.111828746619111
1.67036618800099	-1.54983203108221	-0.00543487761094134	-0.000148185217648379	4.46128220419186	0.445247457993939	0.106131881593545
1.680366188001	-1.50511742665732	-0.00114091847160518	0.000872366966418058	4.48136253480525	0.412781857241976	0.0975288807922955
1.69036618800099	-1.46021177481674	0.00280743110464746	0.00179414168626943	4.49934547125116	0.376317000635735	0.0864518692803095
1.700366188001	-1.41514037767059	0.00637587193748719	0.00259471373988053	4.51437185028505	0.336985768354492	0.0733683239130778
1.71036618800099	-1.3699369042775	0.00954122307907863	0.00325644031283888	4.52563041900305	0.295875355269613	0.0587645478296012
1.72036618800099	-1.32464282667288	0.0122908629335709	0.00376656999087758	4.53237436586394	0.254007385798225	0.0431300028372898
1.73036618800099	-1.27930670424921	0.0146219875112582	0.00411720126377628	4.53393508439392	0.212321259984928	0.0269429417375318
1.74036618800099	-1.23398334503753	0.0165407189716228	0.00430510536109739	4.52973301129505	0.171660881498331	0.0106576934541076
1.75036618800099	-1.18873287352037	0.0180610985928716	0.00433143132352072	4.51928548029517	0.132764814401006	-0.00530613958219169
1.76036618800099	-1.14361973472032	0.0192039982819475	0.00420131333912695	4.50221162620054	0.0962598184778204	-0.0205724058198585
1.77036618800099	-1.09871166353698	0.0199959837897892	0.00392340157984946	4.47823445723896	0.0626576252499741	-0.0348149746705334
1.78036618800099	-1.0540786467537	0.0204681610264236	0.00350933811122152	4.44718028575126	0.032354740542113	-0.0477621594433906
1.79036618800099	-1.00979190292915	0.020655034400708	0.00297319899822759	4.40897576621997	0.00563499600123174	-0.05919907433507
1.80036618800099	-0.965922902661415	0.0205934030729037	0.00233092259324825	4.36364283481318	-0.0173254778304439	-0.068968069663755
1.81036618800099	-0.922542448602138	0.0203213175439517	0.00159974228636848	4.31129187596122	-0.0364512199949512	-0.0769674401702442
1.82036618800099	-0.879719831242927	0.0198771152544244	0.000797639851042671	4.25211345936791	-0.051758733904504	-0.0831486388248449
1.83036618800099	-0.837522073025841	0.019298549967319	-5.71669396922519e-05	4.18636899611393	-0.0633465012361723	-0.0875122531044268
1.84036618800099	-0.796013269865062	0.0186220257940497	-0.000946691390689965	4.11438065632153	-0.0713841030711337	-0.0901030126287423
1.85036618800099	-0.755254035815444	0.0178819429132428	-0.00185359131970239	4.03652087468864	-0.0761008203125814	-0.0910040973612445
1.86036618800099	-0.715301053476603	0.0171101584337514	-0.00276152316422782	3.95320174574837	-0.07777405950103	-0.0903310056964378
1.87036618800099	-0.676206729852671	0.016335562555573	-0.00365543358220067	3.86486457977784	-0.0767179163002973	-0.0882252233926792
1.88036618800099	-0.638018954853338	0.0155837672542448	-0.00452178765809365	3.7719698547215	-0.0732721491957126	-0.0848479093743855
1.89036618800099	-0.600780957458375	0.0148769022042142	-0.00534873484158424	3.67498776112163	-0.0677917924192069	-0.080373784892324
1.90036618800099	-0.564531252795105	0.0142335105923466	-0.00612621545120213	3.57438949755884	-0.0606375918193051	-0.0749853803119961
1.910366188001	-0.52930367199959	0.0136685358623822	-0.0068460119524624	3.47063943501207	-0.0521674021865554	-0.0688677606592684
1.92036618800099	-0.495127465737216	0.0131933892655875	-0.00750175026753604	3.36418823113636	-0.0427286410391376	-0.0622038185177765
1.930366188001	-0.46202747162438	0.0128160873482344	-0.00808885710406109	3.25546694075721	-0.0326518533818329	-0.0551701921901351
1.94036618800099	-0.430024335489383	0.0125414481475153	-0.0086044797277332	3.14488213765615	-0.0222454054614677	-0.0479338391462774
1.950366188001	-0.399134776399447	0.0123713348504835	-0.00904737477822186	3.0328120354777	-0.0117912937153397	-0.0406492703271856
1.96036618800099	-0.369371885621155	0.0123049359469298	-0.00941777267709245	2.919603572594	-0.00154202830482765	-0.0334564302118243
1.970366188001	-0.34074545013014	0.0123390714258639	-0.0097172239385013	2.80557040708031	0.00828147106312906	-0.0264791908074817
1.98036618800099	-0.313262291900194	0.0124685152758136	-0.0099484333073418	2.69099175347834	0.017491046025604	-0.0198244148091402
1.990366188001	-0.286926614940879	0.012686325402939	-0.0101150871525391	2.57611198251302	0.025931628173678	-0.0135815338607741
2.00036618800099	-0.261740352878377	0.0129841730331049	-0.0102216789697203	2.46114089804947	0.0334808241286753	-0.00782258180371639
2.01036618800099	-0.237703510752132	0.0133526646742218	-0.0102733372282054	2.34625460193097	0.0400478597865778	-0.0026026196122694
2.02036618800099	-0.214814495599869	0.0137816507482067	-0.0102756591586517	2.23159685649612	0.0455719871399538	0.00203951203823123
2.030366188001	-0.193070431299745	0.0142605160280307	-0.0102345534418433	2.11728085608999	0.0500204550847679	0.00608017538696238
2.04036618800099	-0.172467454009443	0.0147784480100694	-0.010156094143882	2.00339132232638	0.0533861414314521	0.00950971338956594
2.05036618800099	-0.153000985370828	0.015324680295966	-0.0100463876621677	1.88998684281284	0.0556849374564722	0.0123310787094617
2.06036618800099	-0.134665981421983	0.0158887089367926	-0.00991145391015496	1.7771023791349	0.0569529691996764	0.0145583650629058
2.070366188001	-0.117457155866679	0.016460480494997	-0.00975712248376604	1.66475187676609	0.0572437317315854	0.0162152867080658
2.08036618800099	-0.101369176988169	0.0170305512997273	-0.00958894412256555	1.5529309169228	0.0566252041286926	0.0173336462159376
2.09036618800099	-0.0863968380562535	0.0175902180050828	-0.00941211740603513	1.44161935795561	0.0551770041967609	0.0179518249424908
2.10036618800099	-0.0725352015626791	0.0181316201077879	-0.00923143030931365	1.33078392144267	0.0529876333146782	0.0181133250071416
2.110366188001	-0.0597797180311021	0.0186478155420497	-0.00905121598185056	1.22038068554559	0.0501518533303756	0.0178653862041851
2.12036618800099	-0.0481263204865355	0.019132830847995	-0.0088753219036902	1.1103574552634	0.0467682293784304	0.0172576962286321
2.13036618800099	-0.0375714959392331	0.019581687710488	-0.00870709141386643	1.00065598586669	0.0429368649208906	0.0163412079537547
2.14036618800099	-0.0281123354439829	0.0199904078926755	-0.00854935648939849	0.891214041935903	0.0387573483196199	0.0151670732970509
2.15036618800099	-0.0197465644431281	0.0203559987493204	-0.00840444057708099	0.781967280013934	0.0343269238824991	0.0137856994758816
2.160366188001	-0.0124725551960298	0.0206764216053027	-0.00827417023896642	0.672850947885713	0.0297388946153647	0.0122459301883003
2.17036618800099	-0.00628932314502271	0.0209505453312043	-0.00815989436148476	0.563801397908085	0.0250812588651306	0.0105943514499037
2.180366188001	-0.00119650907406164	0.0211780874472545	-0.00806250969300764	0.454757415636644	0.0204355786497481	0.00887471945500438
2.19036618800099	0.00280565111292723	0.0213595450455884	-0.00798249151104779	0.345661368251397	0.0158760737179293	0.00712750588396919
2.200366188001	0.0057163672260147	0.0214961177449854	-0.00791992827418105	0.236460179995111	0.0114689322370289	0.00538955451703219
2.21036618800099	0.00753434455112533	0.0215896247879155	-0.00787455918150577	0.127106144040586	0.00727182643586721	0.00369384180426044
2.220366188001	0.00825784095854603	0.0216424182623734	-0.00784581364068176	0.0175575819310408	0.00333361949081685	0.00206933314613479
2.23036618800099	0.00788472989509275	0.0216572942857327	-0.00783285173134176	-0.0922206369692711	-0.000305751604112402	0.000540926023842231
2.240366188001	0.00641256792611347	0.0216374038294056	-0.0078346048413189	-0.202256702681199	-0.00361523354269178	-0.000870529251951271
2.25036618800099	0.00383866562980808	0.0215861646956947	-0.00784981574640215	-0.312571584601823	-0.00657247164350234	-0.00214814056364301
2.26036618800099	0.000160160786405626	0.021507175985702	-0.00787707749825817	-0.423178850190759	-0.0091634996108031	-0.00327882614852207
2.27036618800099	-0.00462590705446595	0.0214041362229003	-0.00791487057808667	-0.534084568327231	-0.0113823215291179	-0.00425311709472237
2.280366188001	-0.0105225214060231	0.0212807661239575	-0.00796159786412959	-0.64528728362916	-0.0132304032412357	-0.00506491906841405
2.29036618800099	-0.0175326137193989	0.0211407368392238	-0.00801561704820928	-0.75677804855856	-0.0147160897602216	-0.0057112417712635
2.30036618800099	-0.0256589888164604	0.0209876043221312	-0.00807527021913488	-0.868540500857974	-0.015853964665164	-0.00619190415056868
2.31036618800099	-0.0349042512750083	0.0208247503314759	-0.00813891040840341	-0.980550974742321	-0.0166641665630503	-0.00650922284873251
2.320366188001	-0.0452707330502069	0.0206553304246301	-0.00820492496562873	-1.09277863528291	-0.0171716766986901	-0.00666769080105929
2.33036618800099	-0.0567604225159795	0.0204822291643509	-0.00827175569721467	-1.20518562654076	-0.0174055906924626	-0.00667365228622768
2.34036618800099	-0.0693748950216404	0.020308022637881	-0.0083379157617464	-1.31772722521157	-0.0173983862112167	-0.00653498011521084
2.35036618800099	-0.0831152449829523	0.020134948275051	-0.00840200336932228	-1.43035199281298	-0.0171851971583485	-0.00626076002292052
2.360366188001	-0.0979820194636374	0.0199648818524218	-0.00846271237960712	-1.54300192075565	-0.016803103730163	-0.00586098671174917
2.37036618800099	-0.113975153153442	0.0197993214832229	-0.0085188399348596	-1.65561256397358	-0.0162904464502549	-0.00534627539507511
2.38036618800099	-0.131093904612304	0.0196393783178092	-0.00856929129974312	-1.76811316012777	-0.0156861710826931	-0.00472759210775987
2.39036618800099	-0.149336793626959	0.019485773616233	-0.00861308210959567	-1.88042673272249	-0.0150292101568292	-0.00401600549433438
2.400366188001	-0.168701539516216	0.0193388418027989	-0.00864933825327569	-1.99247017776947	-0.0143579057277318	-0.00322246225725985
2.410366188001	-0.189185000223806	0.0191985390714771	-0.00867729363600786	-2.10415433488426	-0.0137094769602549	-0.00235758794947194
2.42036618800099	-0.210783112052503	0.0190644570800002	-0.00869628608213363	-2.21538404488646	-0.0131195351726855	-0.00143151432839285
2.430366188001	-0.23349082991959	0.0189358412484928	-0.00870575164763846	-2.32605819708563	-0.0126216481162837	-0.000453734052782536
2.440366188001	-0.257302068050704	0.018811613164607	-0.00870521761808952	-2.43606977045244	-0.0122469545056527	0.000567016901588402
2.450366188001	-0.282209641075779	0.0186903965903718	-0.00869429446947187	-2.54530587378625	-0.0120238291548795	0.00162284910789696
2.46036618800099	-0.308205205545935	0.0185705465652944	-0.00867266706763775	-2.65364779078099	-0.0119775985161977	0.0027067821858208
2.47036618800099	-0.335279201952615	0.0184501811046535	-0.00864008537693951	-2.76097103654814	-0.0121303059593077	0.0038127806056362
2.48036618800099	-0.363420797398511	0.0183272150004428	-0.0085963549403347	-2.86714543266591	-0.0125005257655766	0.00493576377687795
2.490366188001	-0.392617829142436	0.0181993952441301	-0.00854132738203808	-2.9720352081746	-0.0131032245348232	0.0060715916833312
2.50036618800099	-0.422856749315524	0.018064337604476	-0.00847489116982985	-3.07549913412025	-0.0139496685036112	0.00721702759297786
2.51036618800099	-0.454122571182339	0.0179195639093793	-0.00839696285757195	-3.17739069924991	-0.015047375141223	0.00836967962346863
2.52036618800099	-0.486398817395729	0.0177625395974933	-0.00830747900947552	-3.27755833427741	-0.016400107309312	0.0095279231821013
2.530366188001	-0.519667470766737	0.0175907111227354	-0.00820638898633486	-3.37584569175929	-0.0180079082288369	0.0106908065246971
2.53152878111284	-0.523598775598299	0.0175696573826068	-0.00819388117471799	-3.38714318795868	-0.0182112524823433	0.0108262810675332
2.54152878111284	-0.558823075994967	0.0183462105062648	-0.00693062487464614	-3.65726737648633	0.173330850521936	0.24191069046354
2.55152878111284	-0.596734183912604	0.0210316543752336	-0.00335463119506915	-3.92440818147718	0.363484878696162	0.473303184948538
2.56152878111284	-0.63729928886721	0.0256095430976374	0.00253492394851473	-4.18796210260838	0.551727254711146	0.704538352913315
2.57152878111284	-0.680479298636154	0.0320578745959345	0.0107337843012691	-4.4472761627454	0.737469969488379	0.935065136872153
2.58152878111284	-0.726228342702515	0.040348438736213	0.0212317477910915	-4.7016477807301	0.920059388987993	1.16424536140016
2.59152878111284	-0.774493281963385	0.0504461638562395	0.0340117973258271	-4.95032620333337	1.09877719481624	1.3913545513703
2.60152878111284	-0.825213241679488	0.0623084848333529	0.0490492533102955	-5.19251576689861	1.27284380910173	1.61558554283068
2.61152878111284	-0.878319187304328	0.0758847592115077	0.0663109783468917	-5.42738125415803	1.44142463291447	1.83605539053596
2.62152878111284	-0.933733565352551	0.091115760954968	0.0857546694247692	-5.6540555797375	1.60363937198324	2.05181602632178
2.63152878111284	-0.991370033495647	0.107933283676778	0.107328276919335	-5.87164996984803	1.75857462415536	2.26186900508639
2.64152878111284	-1.0511333052122	0.126259886232136	0.130969592179221	-6.07926669107054	1.90529975404212	2.46518447906681
2.65152878111284	-1.11291890653592	0.146011412171233	0.156591956907025	-6.2758498694328	2.04477822548006	2.65047490903301
2.66152878111284	-1.17660529125731	0.16718378570383	0.183611329518632	-6.45851752471796	2.1901297213548	2.73537959833984
2.67152878111284	-1.24195894323154	0.1897119171518	0.210993076330275	-6.60305645959373	2.30631081215514	2.72780208660262
2.68152878111284	-1.30848770524504	0.213128683053014	0.237924594811486	-6.69400679964973	2.36813103636956	2.64741286616888
2.68160485140432	-1.30899693899594	0.213308837497876	0.238125951587277	-6.69450084451783	2.36839769205089	2.6465546482368
2.69160485140432	-1.37520528597563	0.235964783977525	0.262789372027279	-6.54507941630894	2.16118428509957	2.28515744918317
2.70160485140432	-1.43985698137013	0.256501347081434	0.283811721815396	-6.38319559663887	1.94461934762104	1.91854557227445
2.71160485140432	-1.50282822787272	0.274828025563654	0.301146952396429	-6.20902249189723	1.7193120445511	1.54793331139027
2.72160485140432	-1.56399720949248	0.290860597514426	0.314760999025624	-6.02278493391458	1.48590879474197	1.1745033905284
2.73160485140432	-1.62324465895992	0.304521484638072	0.32463147792076	-5.82476948096012	1.24509163720516	0.799410009799726
2.74160485140432	-1.68045452342213	0.315740100575569	0.330747426082551	-5.61533399785897	0.997576663795554	0.423784128950225
2.75160485140432	-1.73551472227345	0.324453183975146	0.333109100187767	-5.39491646070857	0.744112558273023	0.0487398114706838
2.76160485140432	-1.78831798837957	0.330605118277493	0.331727839792328	-5.16404281450297	0.485479443679716	-0.324619419230736
2.7703561111514	-1.83259571459419	0.333849771098453	0.32746534014611	-4.95390589416145	0.255538751092579	-0.649109383726325
2.7803561111514	-1.88089848686326	0.335077244995207	0.319134472236498	-4.7051781495704	-0.0105762154176537	-1.01634875146053
2.7903561111514	-1.92667127870225	0.33362906973151	0.307154504528157	-4.44805438197057	-0.279443140152091	-1.37874625968876
2.8003561111514	-1.9698346503218	0.329482223588324	0.291579348517184	-4.18345708723699	-0.550156361042325	-1.73520337833402
2.8103561111514	-2.0103189426667	0.322622930668749	0.272473893923052	-3.91242021679379	-0.821771703691982	-2.08462362972728
2.8203561111514	-2.04806539794273	0.313047067059929	0.249913965008115	-3.63609004745406	-1.09330220312839	-2.42591762487517
2.8303561111514	-2.08302727807693	0.300760610741834	0.223986214469925	-3.35572379008787	-1.36371376080972	-2.75801050242536
2.8403561111514	-2.11517095497816	0.285780131546556	0.194787931162888	-3.07268520633064	-1.63192165108491	-3.0798517196088
2.8503561111514	-2.14447693845519	0.268133307086758	0.162426738114246	-2.78843637211165	-1.89678902976276	-3.39042721445267
2.8603561111514	-2.17094079866158	0.247859438129115	0.127020156548447	-2.50452466559458	-2.1571287654042	-3.68877407544576
2.8703561111514	-2.19457388433158	0.225010447217347	0.0886921681121618	-2.22252196599145	-2.41125002109942	-3.97649817738883
2.8803561111514	-2.21540909422953	0.199596904361765	0.0478691733166966	-1.94577551215763	-2.67515323932933	-4.15838764826803
2.8903561111514	-2.23351718699307	0.171445147424033	0.00607253608728884	-1.67734672028146	-2.95779399692752	-4.17558886291763
2.9003561111514	-2.2489876641584	0.140398789370847	-0.0351766358013779	-1.4183841142731	-3.25311891737769	-4.05304071141717
2.9103561111514	-2.26191797141102	0.106358845108608	-0.0746066257122899	-1.16933187016994	-3.55563921867726	-3.81600119078684
2.9203561111514	-2.27241264091251	0.0692870478280648	-0.111201932788605	-0.934418139537091	-3.85397859256612	-3.49155503607898
2.9303561111514	-2.28083531309802	0.0295766343997867	-0.1442971659508	-0.763848193291175	-4.06953340640551	-3.12301180085102
2.9403561111514	-2.28795201091711	-0.0117431007708917	-0.173600396751143	-0.671998536394452	-4.1767214948655	-2.73696317491071
2.9503561111514	-2.2945114588501	-0.0536106546376651	-0.199082943141511	-0.650993763523108	-4.18020169412831	-2.36283462850216
2.9603561111514	-2.3011793121387	-0.0950359144083917	-0.220920843592034	-0.692194293534439	-4.09034474627614	-2.00784669522031
2.9703561111514	-2.308496946278	-0.135201049890409	-0.239285209518126	-0.773151468202187	-3.93954640721772	-1.66531126237807
2.9803561111514	-2.3166502859792	-0.17380518003935	-0.254224160324372	-0.857758484225349	-3.78039172828025	-1.32241518253909
2.9903561111514	-2.32565493940311	-0.210793551191884	-0.265734026771979	-0.943216665514956	-3.61663488127527	-0.979665010603711
3.0003561111514	-2.33551382717264	-0.246126812937222	-0.273822179349802	-1.02843843593926	-3.44945917659724	-0.638816674770695
3.0103561111514	-2.34621929263433	-0.279760372124649	-0.278596480802872	-1.11236127155082	-3.27583712187277	-0.322368500856094
3.0203561111514	-2.35775427250009	-0.311615708264405	-0.280401675359545	-1.19425413620719	-3.09386065470937	-0.0455342466907233
3.0303561111514	-2.37009604796492	-0.341610851439456	-0.279647881747308	-1.27365206394922	-2.90387157694935	0.189144424740839
3.0403561111514	-2.38321776812605	-0.369668228737418	-0.276762381428703	-1.35018864110889	-2.70641584638062	0.380795244742734
3.0503561111514	-2.39708929377808	-0.395716737633289	-0.272173432309155	-1.42356889161402	-2.50223637040989	0.530051163395608
3.0603561111514	-2.4116778170106	-0.419693544335677	-0.266296536598188	-1.49355194523405	-2.29223742187452	0.638786673520775
3.0703561111514	-2.42694835168331	-0.441545491943232	-0.259523323725096	-1.55994208303083	-2.0774428150988	0.709859605656004
3.0803561111514	-2.44286416454021	-0.461230074725289	-0.252212961594914	-1.62258536119806	-1.85895154934795	0.746864610267423
3.0903561111514	-2.45938718963583	-0.478715970136204	-0.244685952692502	-1.68136926544147	-1.63789420708668	0.753903477650802
3.1003561111514	-2.4764784458779	-0.493983149692879	-0.23722012525743	-1.73622340114246	-1.4153926933903	0.735376399257435
3.1103561111514	-2.49409846077984	-0.507022611724659	-0.230048594058934	-1.78711987463346	-1.19252510189184	0.69579720055373
3.1203561111514	-2.51220769319265	-0.517835792940174	-0.223359440444386	-1.83407263061648	-0.970296722262548	0.639634487044322
3.1303561111514	-2.53076694301279	-0.526433722499068	-0.217296847264013	-1.87713550278049	-0.749617546078842	0.571179585067364
3.1403561111514	-2.54973773528058	-0.532835983181033	-0.211963420443612	-1.91639907895077	-0.531286121937941	0.494441179548135
3.1503561111514	-2.56908266820753	-0.537069540892322	-0.207423434342423	-1.95198668161946	-0.315979264451344	0.413065697510562
3.1603561111514	-2.58876571815713	-0.539167497679918	-0.203706751168458	-1.98404984238591	-0.104246920644059	0.330281789203919
3.1703561111514	-2.60875249838869	-0.539167815957085	-0.200813183984358	-2.01276363675043	0.103488586073991	0.24886673131462
3.1749336409529	-2.61799387799155	-0.538479351833302	-0.199757091301284	-2.02484242294953	0.197160782745897	0.212704621645254
3.1849336409529	-2.63837815034056	-0.53586692248605	-0.196114472175083	-2.05150765256809	0.324798903973139	0.515662312520807
3.1949336409529	-2.65901463255838	-0.531993309823853	-0.189446619063196	-2.07535360039611	0.449456626229763	0.817788658178209
3.2049336409529	-2.67987721719401	-0.526886523513922	-0.179760691701053	-2.09679800364647	0.571494556255162	1.1193176259416
3.2149336409529	-2.70094397665964	-0.520570828731868	-0.167061921201835	-2.11624989902203	0.691475834664089	1.41948853491614
3.2249336409529	-2.72219504038992	-0.513024025716203	-0.151575580052765	-2.13357787077738	0.820437334448255	1.66293591784118
3.2349336409529	-2.74360804753574	-0.504113132312008	-0.134088540403403	-2.14865811098949	0.96406728565979	1.82085650177594
3.2449336409529	-2.76516103846446	-0.49369884897408	-0.11541658328316	-2.16158885106521	1.12083920241947	1.90137327963174
3.2549336409529	-2.78683295170709	-0.481658336533288	-0.0962885788932775	-2.17245868108432	1.28901127321753	1.91366087177685
3.2649336409529	-2.80860371993298	-0.467886758570083	-0.0773381050931835	-2.1813824677456	1.46674266695862	1.86753590045261
3.2749336409529	-2.83045464494633	-0.452297773480827	-0.0590989745687379	-2.18852118633335	1.6521892415398	1.77307473628145
3.2849336409529	-2.8523688960318	-0.434823186310547	-0.0420043588455493	-2.19408715836836	1.8435760127828	1.64027733587893
3.2949336409529	-2.87433199992823	-0.415411985957029	-0.0263890231238224	-2.19833773051682	2.03924800682304	1.47878182926338
3.3049336409529	-2.89633222530165	-0.394028970289108	-0.0124941507967465	-2.20156113415498	2.23770237387464	1.29763217946157
3.3149336409529	-2.91836080226918	-0.37065312940413	-0.000474225355472766	-2.20405821623412	2.43760524595386	1.10509884502891
3.3249336409529	-2.94041195196195	-0.345275921776508	0.00959455098176188	-2.20612317463406	2.63779686969896	0.908550253095504
3.3349336409529	-2.96248272847533	-0.317899544235131	0.0177047919276287	-2.20802561219974	2.83728819391119	0.714371231672909
3.3449336409529	-2.98457269430429	-0.28853526767813	0.023907860491444	-2.20999535023203	3.03525151457311	0.527923422763746
3.3549336409529	-3.00668323180762	-0.257202222506373	0.0283036806779736	-2.21167190317792	3.23021649068007	0.353760560785297
3.3649336409529	-3.02868361462727	-0.224121325266475	0.0310824558797049	-2.17884288667636	3.37140271990942	0.208310118072835
3.3749336409529	-3.05007531915506	-0.190055410734129	0.0325905735099499	-2.09064892527517	3.42831890145476	0.0990224146442963
3.3849336409529	-3.07032786550838	-0.155811338459239	0.0331700123317552	-1.95185673051547	3.40835088316296	0.0218493656564534
3.3949336409529	-3.08896153736739	-0.122116974350251	0.0331194446622204	-1.76780391658555	3.31983137067806	-0.0277674317881106
3.4049336409529	-3.10555223828859	-0.0896132456833263	0.0326904774689395	-1.54424796115343	3.17176418221338	-0.0546412437494063
3.4149336409529	-3.11973491679581	-0.0588488208155172	0.0320862498409003	-1.28724543826943	2.97359673980055	-0.0636296520890941
3.4249336409529	-3.13120725638164	-0.0302748723004545	0.0314613951161385	-1.0045386676907	2.73721202730063	-0.0600552651288653
3.4349336409529	-3.13981801981202	-0.00411628066212347	0.0308910203053607	-0.717560792971384	2.49441519768546	-0.053889549901955
3.4449336409529	-3.14555740535951	0.0196117423056801	0.0303856639992423	-0.430262342920953	2.25110993677409	-0.0471051850136736
3.4549336409529	-3.14842216233253	0.0409043843834263	0.0299499429609576	-0.142632283477268	2.00734322906412	-0.0400119771420256
3.4649336409529	-3.14840887848775	0.0597570948428501	0.0295855114876906	0.145349641230797	1.76312187335611	-0.0328915375536957
3.4749336409529	-3.14551391851085	0.0761652279732488	0.0292913724501161	0.433706762213771	1.51842163889027	-0.0259917777307616
3.4849336409529	-3.13973342409605	0.0901237803856702	0.0290642342442386	0.722459319326854	1.27319684914143	-0.019523205124678
3.4949336409529	-3.13106337564844	0.101627225955593	0.0288988964907052	1.01161830682405	1.02739031513256	-0.0136568469765188
3.5049336409529	-3.11949971539915	0.110669451620375	0.0287886491610241	1.30117934696306	0.78094356605611	-0.00852360732850816
3.5149336409529	-3.10503853161372	0.117243796817291	0.0287256718273717	1.59111659841155	0.533807341764207	-0.00421485031964307
3.5249336409529	-3.08767630352922	0.121343199037859	0.0287014218226713	1.88137670260885	0.285952318925168	-0.000784000096612218
3.52901788179024	-3.07975007719086	0.122303989847643	0.0287006059221307	2.00000000000083	0.184514663801062	0.000359461191430613
3.53901788179024	-3.05829738913813	0.122905428108699	0.0287157968358582	2.2905585408248	-0.0643408097022354	0.00253110959136406
3.54901788179024	-3.03393875015973	0.121015029411464	0.0287483361501988	2.58116235483773	-0.313837630721994	0.00383608050665805
3.55901788179024	-3.00668643157774	0.1166442586642	0.0287851307676395	2.8662601341164	-0.555994606983561	0.00222628181305914
3.56901788179024	-2.97669449834882	0.110010368045444	0.0287616245057358	3.12792257193027	-0.764833218792779	-0.00839771102979965
3.57901788179024	-2.94421305594405	0.101467230755998	0.0285905488198819	3.36407884756781	-0.937805437131722	-0.0270025341687492
3.58901788179024	-2.90949885493934	0.0913734826834452	0.0282009563677241	3.57447021708666	-1.07503266198569	-0.0517887327725299
3.59901788179024	-2.87280893511095	0.0800832000553338	0.0275405362338641	3.7592901702108	-1.17729254763797	-0.0808457377873405
3.60901788179024	-2.83439633004286	0.0679397263842515	0.0265762256518127	3.91913860687275	-1.2459408078769	-0.112249831113937
3.61901788179024	-2.79450624208946	0.0552702892702561	0.0252939030490719	4.05497368523806	-1.28283154679466	-0.144149598267101
3.62901788179024	-2.7533727079232	0.0423814182268214	0.0236972958931602	4.1680619707795	-1.2902368663464	-0.174837315663403
3.63901788179024	-2.71121576807043	0.0295551661372073	0.0218062488181765	4.25992761896621	-1.27076670746625	-0.202805423489403
3.64901788179024	-2.66823914611567	0.0170461265330591	0.0196545025826824	4.33230139690559	-1.22729003939405	-0.226787911270655
3.65901788179024	-2.62462843502298	0.00507922728837262	0.0172871330093785	4.38707037669168	-1.16285858665515	-0.245787055616662
3.66901788179024	-2.58054977976958	-0.00615173054251118	0.0147577919852809	4.42622910998513	-1.08063426086122	-0.259086467077104
3.67901788179024	-2.53614903770735	-0.0164848311849641	0.0121258809227209	4.45183302304182	-0.983821350278755	-0.266251804363099
3.68901788179024	-2.49155139118571	-0.025790151990782	0.00945377201281711	4.46595466450611	-0.875604333684032	-0.267120790526832
3.69901788179024	-2.44686138127812	-0.0339692802978218	0.00680417538542877	4.47064330951116	-0.759091954818744	-0.261784320721583
3.70901788179024	-2.40216332709427	-0.040954304074712	0.00423773207301867	4.46788828898212	-0.637267950628907	-0.250560498960652
3.71901788179024	-2.35752209211313	-0.0467063438909792	0.00181089443201697	4.45958628704385	-0.512948598224475	-0.233963402798322
3.72901788179024	-2.31298415709476	-0.0512136944037044	-0.000425861850943896	4.44751274305932	-0.388747053014009	-0.212668273807057
3.73901788179024	-2.26857895818908	-0.0544896425103077	-0.00242946633980287	4.43329741428246	-0.267044305727159	-0.187474690946555
3.74901788179024	-2.22432044858906	-0.0565700270826133	-0.0041653099634122	4.41840410160472	-0.149966491969644	-0.159269122570255
3.75901788179024	-2.18020884221732	-0.0575106022581603	-0.00560792872888541	4.40411451114744	-0.0393682397393239	-0.128988084871967
3.76901788179024	-2.13623249828112	-0.0573842630309943	-0.00674132654343046	4.39151621189454	0.0631782724308842	-0.0975829685286405
3.77901788179024	-2.09236990595206	-0.0562781886447241	-0.00755895846413843	4.3814946456398	0.156388864768145	-0.0659874348018185
3.78901788179024	-2.04859172888101	-0.0542909561954925	-0.00806340392951855	4.37472914129312	0.239267813719887	-0.035088127517835
3.79901788179024	-2.00486286979164	-0.0515296739183511	-0.0082657662331369	4.37169287307239	0.311103505288758	-0.00569929623241307
3.80901788179024	-1.96114451612013	-0.0481071807647636	-0.00818483970343879	4.37265667541718	0.371459572515801	0.0214582239514368
3.81901788179024	-1.91739612874531	-0.0441393559161084	-0.00784608975772684	4.37769658356244	0.420161824749702	0.0457733807571068
3.82901788179024	-1.87357733745547	-0.0397425786219451	-0.00728049319485724	4.38670490773832	0.457281315430301	0.0667564771806698
3.83901788179024	-1.82964970908319	-0.0350313750173003	-0.00652328677977479	4.3994045740957	0.483113950915237	0.0840459540356412
3.84901788179024	-1.78557835732014	-0.0301162842216063	-0.00561267137801574	4.41536638237816	0.498157109282007	0.0974105344967215
3.85901788179024	-1.74133336714569	-0.0251019709862018	-0.00458851668508972	4.43402874639317	0.503083807029384	0.106747019455584
3.86901788179024	-1.69689101153687	-0.0200856064546648	-0.00349110808023142	4.45471940639581	0.498715014583863	0.112074145132172
3.87901788179024	-1.6522347435628	-0.0151555323314033	-0.00235997248553033	4.47667854003293	0.485990770566106	0.113523017554007
3.88901788179024	-1.60735595292949	-0.0103902170911618	-0.00123281454713736	4.49908265655441	0.465940773654409	0.111324717894855
3.89901788179024	-1.56225448230201	-0.00585750602865403	-0.000144588229019367	4.52106864158531	0.439655135694174	0.105795725313221
3.90901788179024	-1.51693890503652	-0.00161416019298553	0.000873277703388049	4.54175732851042	0.408255959099803	0.0973218286009543
3.91901788179024	-1.47142657204301	0.00229432717343209	0.00179348855355471	4.56027600677041	0.372870356632394	0.0863411951325554
3.92901788179024	-1.42574344112898	0.00583365393713116	0.00259332172581735	4.57577933442007	0.334605465314453	0.073327237357882
3.93901788179024	-1.3799237071358	0.00898039447569152	0.00325489489388777	4.58746819797868	0.294525922893456	0.058771866716015
3.94901788179024	-1.33400925531201	0.0117214737535459	0.00376527085113202	4.59460615184531	0.253634179906525	0.0431696565309145
3.95901788179024	-1.28804896356281	0.0140534598683181	0.00411641040432982	4.59653316697321	0.21285391815734	0.0270033537969519
3.96901788179024	-1.24209788141602	0.015981707050937	0.00430498862559082	4.59267651888754	0.17301674210688	0.010731089490991
3.97901788179024	-1.19621631474808	0.0175193822536725	0.0043320928033129	4.58255874379245	0.13485220753142	-0.00522445730317361
3.98901788179024	-1.15046884555456	0.0186864086154591	0.00420282251292971	4.56580268448896	0.0989811553456421	-0.0204847804333373
3.99901788179024	-1.10492331540359	0.0195083583250646	0.00392581338144053	4.54213373197126	0.0659122305476282	-0.0347220823510469
4.00901788179024	-1.05964979977683	0.0200153258062754	0.00351270640005507	4.51137944157491	0.0360413889826272	-0.0476636375038511
4.01901788179024	-1.01471959840113	0.0202408098405242	0.00297758412859781	4.47346676287043	0.0096541296255889	-0.0590940707560628
4.02901788179024	-0.970204264036765	0.0202206303495975	0.00233639393754042	4.42841716928168	-0.0130698615922735	-0.0688557010781433
4.03901788179024	-0.926174689151991	0.0199919022207217	0.00160637666844251	4.37634000642001	-0.0320500081660437	-0.0768471511158856
4.04901788179024	-0.88270026661478	0.0195920849083349	0.000805516890539603	4.31742439765108	-0.0472964551367897	-0.0830204604139413
4.05901788179024	-0.839848137103669	0.019058122729834	-4.79715770080501e-05	4.25193005219594	-0.0589003826012209	-0.0873769639832614
4.06901788179024	-0.797682532501482	0.0184256869194186	-0.000936113890798773	4.18017731623894	-0.0670234035407477	-0.0899622090964747
4.07901788179024	-0.756264221198185	0.0177285267375353	-0.0018415879059681	4.10253679250821	-0.0718864145488187	-0.0908601827029154
4.08901788179024	-0.715650058085728	0.0169979333619723	-0.00274807782333898	4.01941883027669	-0.0737582436416202	-0.0901871111273294
4.09901788179024	-0.67589263915457	0.0162623170016892	-0.00364056471511141	3.93126315751401	-0.0729444067649371	-0.088085074512717
4.10901788179024	-0.637040058056232	0.0155468947476432	-0.00450555318379713	3.83852889186702	-0.0697762458999655	-0.0847156527322638
4.11901788179024	-0.59913575981797	0.0148734841570894	-0.00533123542797309	3.74168512909569	-0.0646006789237766	-0.0802537892295147
4.12901788179024	-0.562218485105642	0.0142603954891265	-0.00610759569012632	3.64120226826386	-0.0577707466409808	-0.0748820263903571
4.13901788179024	-0.526322297033933	0.0137224138799633	-0.00682645942955592	3.53754419392432	-0.0496370975572882	-0.0687852323825834
4.14901788179024	-0.491476681509923	0.0132708615591074	-0.0074814925967705	3.43116139806426	-0.0405405076563762	-0.0621459064566596
4.15901788179024	-0.457706711445018	0.0129137294400817	-0.00806815709883475	3.32248508974544	-0.0308054920137764	-0.0551401187334494
4.16901788179024	-0.425033264851029	0.0126558670371571	-0.00858362896236282	3.2119223089762	-0.0207350285546085	-0.0479341124494834
4.17901788179024	-0.393473286811454	0.0124992196202268	-0.00902668585486968	3.09985203391601	-0.0106063823276457	-0.0406815721195483
4.18901788179024	-0.363040085547575	0.0124431017752394	-0.00939757055337772	2.98662224732566	-0.0006679917113848	-0.0335215404586163
4.19901788179024	-0.333743653237711	0.0124844970370044	-0.00969783669117317	2.87254790931274	0.00886264389721679	-0.0265769502835412
4.20901788179024	-0.305591002854151	0.0126183739541497	-0.00993018270903399	2.75790976878578	0.0178001522437927	-0.0199537248928514
4.21901788179024	-0.27858651301448	0.0128380097840194	-0.0100982794239708	2.64295393538632	0.0259916417454979	-0.0137403913515975
4.22901788179024	-0.252732273664288	0.0131353139533521	-0.0102065960413375	2.52789212668393	0.0333163178033272	-0.00800814533335625
4.23901788179024	-0.22802842628139	0.0135011444181704	-0.0102602288059914	2.412902501695	0.0396844634119751	-0.00281130327466519
4.24901788179024	-0.20447349318787	0.0139256110781084	-0.0102647358415682	2.29813099088833	0.0450358864116795	0.00181192286902398
4.25901788179024	-0.182064691448925	0.0143983614164074	-0.0102259810859364	2.18369303432208	0.0493379338287705	0.00583839146111842
4.26901788179024	-0.16079822770545	0.0149088445224007	-0.0101499896131644	2.06967564297843	0.0525831696517238	0.00925879774230303
4.27901788179024	-0.140669571112959	0.0154465505889674	-0.0100428160513775	1.95613970330571	0.0547868065815119	0.0120762970110909
4.28901788179024	-0.121673702329774	0.0160012238483651	-0.00991042727148512	1.84312245105737	0.0559839752297566	0.0143050352983033
4.29901788179024	-0.10380533720271	0.0165630477055437	-0.00975860004037542	1.73064004738386	0.0562269063164968	0.0159686328792849
4.30901788179024	-0.0870591244324369	0.0171228015416975	-0.00959283390747546	1.6186901974808	0.0555820929893266	0.0170986601992576
4.31901788179024	-0.071429817059963	0.0176719892888863	-0.00941827922686121	1.50725475966194	0.0541274917423537	0.0177331399896309
4.32901788179024	-0.0569124180991026	0.0182029404181628	-0.00923967990779168	1.3963023002865	0.0519498118010123	0.01791510369404
4.33901788179024	-0.0435023010483425	0.0187088844401181	-0.009061330232583	1.28579055734866	0.0491419344537478	0.0176912249304805
4.34901788179024	-0.0311953063519317	0.0191840003911764	-0.00888704487896698	1.17566878258993	0.0458004958070761	0.017110547683453
4.35901788179024	-0.0199878151478482	0.0196234430757345	-0.00872014113055823	1.06587993861616	0.042023658930858	0.0162233223106655
4.36901788179024	-0.00987680184449762	0.0200233480587342	-0.00856343214934452	0.956362733613834	0.0379090944263859	0.0150799583004165
4.37901788179024	-0.00085986721379476	0.0203808175615094	-0.0084192301135073	0.847053481815603	0.0335521821426737	0.0137300990452776
4.38901788179024	0.00706474621858951	0.020693889512186	-0.00828935798757877	0.737887782836309	0.0290444411135794	0.0122218207054672
4.39901788179024	0.013898154658602	0.020961492047139	-0.00817516868522134	0.628802017380293	0.0244721897977021	0.0106009545087717
4.40901788179024	0.0196408475720804	0.0211833857586035	-0.00807757040321978	0.519734660614739	0.0199154343661824	0.00891052955082695
4.41901788179024	0.0242927144527328	0.0213600959419604	-0.00799705694431306	0.410627417732078	0.015446979080319	0.00719033129107311
4.42901788179024	0.0278530820857548	0.0214928370206463	-0.00793374190227924	0.301426188912872	0.0111317497018538	0.00547656945234092
4.43901788179024	0.0303207606464326	0.02158343122296	-0.00788739565159018	0.192081873083378	0.00702631834815228	0.00380164789003025
4.44901788179024	0.0316940970759796	0.0216342234587223	-0.00785748416270128	0.0825510215744912	0.00317861620227902	0.002194028163468
4.45901788179024	0.0319710342946601	0.0216479941998799	-0.00784320874973389	-0.0272036459290398	-0.000372181028257605	0.000678177980899068
4.46901788179024	0.0311491749409113	0.021627872012363	-0.00784354594739692	-0.137212849870331	-0.00359561108410378	-0.00072540463455743
4.47901788179024	0.0292258484609232	0.0215772472210145	-0.00785728680627993	-0.247500469916747	-0.00646974341291078	-0.00200010073114445
4.48901788179024	0.0261981805126542	0.0214996880189886	-0.00788307498825288	-0.358083360633452	-0.00898087488831449	-0.0031330225881049
4.49901788179024	0.0220631637885679	0.0213988601610088	-0.0079194431350502	-0.468971249754508	-0.0111231201676298	-0.00411481767424177
4.50901788179024	0.0168177294998333	0.0212784512092212	-0.00796484707189323	-0.580166705376293	-0.012897913597568	-0.00493943311766205
4.51901788179024	0.0104588188990716	0.0211421001336344	-0.0080176974931607	-0.691665158915853	-0.0143134390724425	-0.00560384899171393
4.52901788179024	0.00298345434692274	0.0209933329084549	-0.00807638885781886	-0.803454971379996	-0.0153840035456246	-0.00610778824197878
4.53901788179024	-0.00561119045192812	0.0208355045928394	-0.00813932529793777	-0.915517531350406	-0.0161293690271696	-0.00645341054480515
4.54901788179024	-0.0153277213065253	0.0206717482411547	-0.00820494341368912	-1.02782737408109	-0.0165740569013616	-0.00664499681568896
4.55901788179024	-0.0261684556538754	0.0205049308549229	-0.00827173189244007	-1.14035231220297	-0.0167466372983419	-0.00668863049009947
4.56901788179024	-0.0381353560030672	0.0203376164671007	-0.00833824794775336	-1.25305356971359	-0.0166790150828149	-0.00659188109240773
4.57901788179024	-0.0512299647057054	0.0201720363397579	-0.00840313062621859	-1.36588591217784	-0.016405722807032	-0.00636349500086015
4.58901788179024	-0.065453339984778	0.0200100661589246	-0.00846511107611084	-1.47879776735799	-0.0159632297396394	-0.00601309771679022
4.59901788179024	-0.0808059931028124	0.0198532100254323	-0.00852301991201582	-1.59173133181013	-0.0153892748493193	-0.00555091136163166
4.60901788179024	-0.0972878265122168	0.0197025909678604	-0.00857579184395849	-1.70462266031186	-0.0147222304130798	-0.00498749056148907
4.61901788179024	-0.114898072805949	0.0195589476428752	-0.00862246776845354	-1.81740173630666	-0.0140005017519366	-0.00433347934037558
4.62901788179024	-0.133635234275017	0.0194226368388245	-0.0086621945425311	-1.92999252284694	-0.0132619674877286	-0.00359939113283324
4.63901788179024	-0.153497022880491	0.0192936413597613	-0.00869422268047143	-2.04231299477691	-0.0125434636777104	-0.0027954135464853
4.64901788179024	-0.174480300461158	0.0191715828383469	-0.00871790222701657	-2.15427515410104	-0.0118803142297482	-0.00193123905603536
4.65901788179024	-0.196581019023176	0.0190557390064446	-0.00873267707052708	-2.26578503162208	-0.0113059091393814	-0.00101592239234513
4.66901788179024	-0.219794160994315	0.0189450649406975	-0.00873807796522562	-2.37674267898875	-0.0108513313271364	-5.77650026589655e-05
4.67901788179024	-0.24411367937158	0.0188382177959944	-0.00873371453361297	-2.48704215625361	-0.0105450321942319	0.000935773400693424
4.68901788179024	-0.269532437746452	0.0187335845414051	-0.00871926651863415	-2.59657152089371	-0.010412555458585	0.00195813651777144
4.69901788179024	-0.296042150255219	0.0186293122199086	-0.00869447455046799	-2.70521282497551	-0.0104763083796598	0.00300370698704653
4.70901788179024	-0.323633321571787	0.0185233402639939	-0.00865913068514215	-2.81284212773948	-0.0107553791265815	0.00406781666852565
4.71901788179024	-0.352295187135443	0.018413434413057	-0.00861306896173843	-2.91932953132506	-0.0112653987829516	0.00514673285999956
4.72901788179024	-0.382015653884882	0.0182972217945234	-0.00855615621192303	-3.02453924764141	-0.0120184463055879	0.00623762187390722
4.73901788179024	-0.41278124185047	0.0181722267480258	-0.00848828334006203	-3.12832970450289	-0.0130229946524139	0.00733849164016797
4.74901788179024	-0.444577027037814	0.0180359069900584	-0.00840935727438898	-3.23055369907896	-0.0142838962544599	0.0084481152264604
4.75901788179024	-0.477386586115041	0.0178856897347763	-0.00831929376969026	-3.3310586064496	-0.0158024060143593	0.00956593738295886
4.76901788179024	-0.511191943491935	0.017719007404608	-0.0082180112198696	-3.42968665060046	-0.0175762400534763	0.0106919664236597
4.77261697316103	-0.523598775598379	0.0176544990523855	-0.00817879714308502	-3.4646933161786	-0.0182761433358096	0.0110993189737771
4.78261697316103	-0.559598255816259	0.0184300176499759	-0.00691272380282719	-3.73474286697502	0.17318442937517	0.242203056292558
4.79261697316103	-0.598283464843357	0.0211134631394458	-0.00333367211160213	-4.00174034768968	0.363225548621385	0.473623143211256
4.80261697316103	-0.639620837731214	0.0256880242302295	0.00255922374064359	-4.26506864570255	0.551313167707378	0.704885720945185
4.81261697316103	-0.683570389330171	0.0321312248012785	0.0107616572265569	-4.52406074826299	0.73684806502517	0.935429818604645
4.82261697316103	-0.730085214899068	0.0404142660943033	0.0212632706123391	-4.77799990125	0.919164958605799	1.16460614566597
4.83261697316103	-0.779111000029595	0.0505013706481823	0.0340467753277098	-5.02612136533329	1.0975338076448	1.39167823920708
4.84261697316103	-0.830585557239033	0.0623491516436892	0.0490870976796833	-5.26761603831729	1.27116365001054	1.61582647066186
4.85261697316103	-0.884438409214578	0.0759060346714943	0.0663505810367082	-5.50163620466157	1.43920929956615	1.83615541402792
4.86261697316103	-0.940590441152453	0.0911117619062491	0.0857942804010263	-5.7273036377299	1.60078116668478	2.05170502153609
4.87261697316103	-0.998953646563662	0.107897010818728	0.107365389185487	-5.94372020825651	1.75495836042214	2.26146592788225
4.88261697316103	-1.05943099191618	0.126183160411238	0.131000840268905	-6.14998103765982	1.90080507602404	2.46439899977691
4.89261697316103	-1.12191618937447	0.145884927055087	0.156612542194342	-6.34502468202605	2.03929334758716	2.64915007150602
4.90261697316103	-1.18628597216204	0.166996874183062	0.183616901648562	-6.52607533215307	2.18362957616363	2.73366441716779
4.91261697316103	-1.252309717985	0.189459277213424	0.210978245623605	-6.66950997492969	2.29967405866191	2.72543863722712
4.92106233129318	-1.30899693899613	0.209142488342232	0.233758586995798	-6.74872276621727	2.35526018468848	2.66130015475754
4.93106233129318	-1.3757465022412	0.231668320320053	0.258571459798302	-6.59907562098357	2.14828274389546	2.3002783115818
4.94106233129318	-1.44093641772212	0.252076663746015	0.279746330958282	-6.43681985498347	1.93186285082704	1.93390881153954
4.95106233129318	-1.50444147748003	0.270276173523278	0.297235943315344	-6.26213933739332	1.70662312669994	1.56343047988303
4.96106233129318	-1.56613857494898	0.286181929146821	0.311005276144151	-6.07527209506973	1.47322550696844	1.1900518856665
4.97106233129318	-1.62590729501431	0.299715817305736	0.321031251167079	-5.87651998507762	1.23236915862625	0.814953550203926
4.98106233129318	-1.68363059921693	0.310806894241224	0.327302473379441	-5.66625797215478	0.984788503444134	0.439292495487339
4.99106233129318	-1.7391956001308	0.319391728933398	0.32981902405853	-5.44494264080874	0.731251381366332	0.064207943021601
5.00106233129318	-1.79249441618633	0.325414729378483	0.328592312009347	-5.21311975318209	0.472557546999365	-0.309172902333024
5.00889561029975	-1.83259571459433	0.328312325768337	0.325031134982586	-5.02459943149419	0.26685094078276	-0.599736526423973
5.01889561029975	-1.88160460634901	0.329654475040505	0.31719239776215	-4.77569556419418	0.00104289608655211	-0.967301495198249
5.02889561029975	-1.92808138714661	0.328323957639144	0.305701150599404	-4.51832369931132	-0.267531844549866	-1.33005287504666
5.03889561029975	-1.97194595287114	0.324297680553499	0.290611093665916	-4.25341728988847	-0.537952632351676	-1.68687839726316
5.04889561029975	-2.01312808522309	0.317561938773982	0.271987026278951	-3.98202027643743	-0.809261925402891	-2.03667116950757
5.05889561029975	-2.05156856043598	0.308112802738112	0.249904769117206	-3.70528752889524	-1.08046151834395	-2.3783348800127
5.06889561029975	-2.08722025160005	0.295956544456125	0.22445102243455	-3.42448302035403	-1.35050869841412	-2.71079138478568
5.07889561029975	-2.12004919851098	0.281110098832534	0.195723136766472	-3.14097502933472	-1.61831321962331	-3.03299061413089
5.08889561029975	-2.15003561127821	0.263601546557826	0.163828773038606	-2.85622754462159	-1.88273621786268	-3.34392279259796
5.09889561029975	-2.17717476532243	0.243470592836266	0.128885428540968	-2.57178699169223	-2.14259235072069	-3.6426330726914
5.10889561029975	-2.20147770604636	0.220769343555646	0.0910179546029993	-2.28925114508014	-2.39652574646893	-3.92895103231858
5.11889561029975	-2.22297589291935	0.195519710770005	0.0505921354384807	-2.01160189441147	-2.65685869575058	-4.12783339335755
5.12889561029975	-2.24173728484168	0.16756904322874	0.00901328955197452	-1.74217314930667	-2.93594229091916	-4.16223795836696
5.13889561029975	-2.25785092180493	0.136757153709051	-0.0321793341500974	-1.4821895558855	-3.22815217182467	-4.05470066442485
5.14889561029975	-2.27141423565951	0.102980559191589	-0.0716912523433913	-1.23213316616168	-3.52801199663815	-3.83032991572837
5.15889561029975	-2.28253144933819	0.0661955364775036	-0.108483011194385	-0.996299797233902	-3.82408246545748	-3.51618850501381
5.16889561029975	-2.2915699638756	0.0267956123896088	-0.141866824716643	-0.825030198299412	-4.03757256286227	-3.15566550030097
5.17889561029975	-2.29929266143048	-0.0142000518425656	-0.171524790049287	-0.73195176833681	-4.14422816074692	-2.7739854202338
5.18889561029975	-2.30644392837145	-0.0557472211089753	-0.197375833006207	-0.709332665102256	-4.14872279811301	-2.39951136336915
5.19889561029975	-2.31368539335094	-0.0968653428900141	-0.219578354578018	-0.748514939517003	-4.06049356909974	-2.04406676614819
5.20889561029975	-2.32155889164151	-0.136736181698854	-0.238303770252865	-0.828235967886409	-3.91020055780291	-1.7013995718448
5.21889561029975	-2.33025832507968	-0.175047362460774	-0.253603634114627	-0.911879714966897	-3.75116959746426	-1.35850994925411
5.22889561029975	-2.33979906547746	-0.211744646140522	-0.265474525685199	-0.996299489425025	-3.58766114766757	-1.01577811356452
5.23889561029975	-2.35018325262662	-0.246790056674296	-0.273923482921103	-1.08040399968932	-3.42093439073371	-0.674609274730307
5.24889561029975	-2.36140251762244	-0.280143041475154	-0.279044465430065	-1.16314125337575	-3.24829167314353	-0.355805713915027
5.25889561029975	-2.37343901056484	-0.311728900123605	-0.281169782537686	-1.2437625208898	-3.06755131247188	-0.0760351808893242
5.26889561029975	-2.38626916065068	-0.341468086201722	-0.280704451895521	-1.32180496320762	-2.87902401575682	0.162010237832506
5.27889561029975	-2.39986530127872	-0.369285098469038	-0.278072289692371	-1.39690725793117	-2.68321884020502	0.357293188314811
5.28889561029975	-2.41419654024282	-0.395110542718235	-0.273699652540436	-1.46878169739219	-2.48084313684471	0.510299183532715
5.29889561029975	-2.42922939598752	-0.418882949510796	-0.268001521739859	-1.53719586500528	-2.27276810717784	0.62277424292662
5.30889561029975	-2.44492829584068	-0.440550211609336	-0.261370192565251	-1.60196290014612	-2.05998781088274	0.697467387648124
5.31889561029975	-2.46125600824194	-0.460070594252246	-0.254166487757432	-1.66293757365676	-1.84357532284624	0.737884257008676
5.32889561029975	-2.47817405389982	-0.477413306796289	-0.24671335716125	-1.72001560869059	-1.62463935078761	0.748057042679829
5.33889561029975	-2.49564311764481	-0.492558654127347	-0.239291678670247	-1.77313421266687	-1.40428394503599	0.73233489852269
5.34889561029975	-2.51362346558678	-0.505497808633667	-0.232138039343631	-1.82227242744831	-1.18357314187771	0.695197922607163
5.35889561029975	-2.53207536137704	-0.516232258048222	-0.225444249981712	-1.86745051547284	-0.963501613538729	0.641096730785873
5.36889561029975	-2.55095947016073	-0.524772991772824	-0.219358331558413	-1.90872809860563	-0.744971735216225	0.57431858819987
5.37889561029975	-2.57023723786915	-0.53113948969584	-0.213986707218623	-1.94620112078286	-0.528776964918497	0.49888008715399
5.38889561029975	-2.58987123537631	-0.535358574559866	-0.209397338066394	-1.97999791569772	-0.315591075028054	0.418445502523958
5.39889561029975	-2.60982546038382	-0.537463183154317	-0.20562355331936	-2.01027474812135	-0.105962562660622	0.336269250748394
5.40294745917767	-2.61799387799161	-0.537722479102566	-0.204328261825679	-2.02158069988898	-0.0221375521263666	0.303133573192009
5.41294745917767	-2.63835270734532	-0.537295436289119	-0.199779305291126	-2.0496488266794	0.106988165694091	0.606479776771148
5.42294745917767	-2.65897680333181	-0.535593319320762	-0.192201848438888	-2.07470198795407	0.232933405319987	0.908872284637099
5.43294745917767	-2.67983807068455	-0.532646222484676	-0.181604227961285	-2.09715234775496	0.35604278084388	1.21055479704582
5.44294745917767	-2.70091252384493	-0.528479867655125	-0.167996699250479	-2.11738995926661	0.477262169885261	1.50873892675067
5.45294745917767	-2.72217766364567	-0.523060788815941	-0.151675820887904	-2.13521648560138	0.609100564083288	1.74039519054698
5.46294745917767	-2.74360863605271	-0.516249419884518	-0.13347613950435	-2.15057576471435	0.755464994319346	1.88586454734255
5.47294745917767	-2.76518128116166	-0.507908497583321	-0.114217124416194	-2.1635656723843	0.91472017986996	1.95378965344042
5.48294745917767	-2.78687236203471	-0.497918107974514	-0.0946269420533059	-2.17428048045484	1.08504520050576	1.95375586880668
5.49294745917767	-2.80865972236356	-0.486177025328475	-0.0753346926978605	-2.18284652975535	1.26454122409596	1.89592328205678
5.50294745917767	-2.83052271472226	-0.472602995000032	-0.0568666224756995	-2.18944109929381	1.4513267127023	1.79064249371438
5.51294745917767	-2.85244274213755	-0.45713218438265	-0.0396459383772396	-2.19429664480383	1.64360877792972	1.64811915263868
5.52294745917767	-2.87440378206539	-0.439718032310564	-0.0239957148367865	-2.19769366040803	1.83973257256221	1.47813163707418
5.53294745917767	-2.8963927981357	-0.420329701783691	-0.01014434882275	-2.1999460207439	2.0382118147862	1.2898037743021
5.54294745917767	-2.91839998341967	-0.398950306696414	0.00176698599664606	-2.20138252186853	2.23774408280929	1.09143201699839
5.55294745917767	-2.94041881333285	-0.375575046556482	0.0116754185794704	-2.20232771540663	2.43721450085931	0.890364360894228
5.56294745917767	-2.9624459130444	-0.350209348760379	0.0195864902040532	-2.20308427285541	2.63569102963699	0.69292667486686
5.57294745917767	-2.984480762151	-0.322867088849808	0.0255637424115399	-2.2039182293218	2.83241395562034	0.504391065101715
5.58294745917767	-3.00652526883834	-0.293568936598528	0.0297181742140139	-2.20504767615012	3.02678150222982	0.32898035619096
5.59294745917767	-3.02858331104355	-0.262340767547284	0.0321978738400786	-2.20654006373201	3.21819360966993	0.169941761825279
5.60294745917767	-3.05056999933813	-0.229344419462956	0.0332134245769892	-2.18126535822703	3.36644667740325	0.0400205650973879
5.61294745917767	-3.07202341104125	-0.195295611658057	0.0331284260419942	-2.10052965908333	3.429720093853	-0.0509151191260453
5.62294745917767	-3.09241099469922	-0.161008902447062	0.0323086007983195	-1.96893473457878	3.41536075856554	-0.107822417358316
5.63294745917767	-3.11125011338862	-0.127219151250329	0.0310673197512812	-1.79175651982456	3.33179741072064	-0.136132844818864
5.64294745917767	-3.12811314918058	-0.0945733898457802	0.0296626209654567	-1.5746942007664	3.18811561832163	-0.141437767597248
5.65294745917767	-3.14263087847228	-0.0636257762898148	0.0282968539950336	-1.32369939648446	2.9937553170621	-0.129246695589183
5.66294745917767	-3.15449440504874	-0.0348351476370747	0.0271184447409267	-1.04505981453152	2.7585896729819	-0.10488593292951
5.67294745917767	-3.16351247899543	-0.00848180273429609	0.0262034820752042	-0.758518816791812	2.51209207028838	-0.0783390965130447
5.68294745917767	-3.1696638241588	0.0154068514885108	0.0255461040828828	-0.471699143979272	2.2656526579474	-0.0534593264026859
5.69294745917767	-3.17294539171436	0.0368316216248928	0.0251270639152346	-0.184558151291483	2.01932260621104	-0.030744691788793
5.70294745917767	-3.17335380351683	0.055793727620318	0.0249227295160436	0.102938016654749	1.77311813698945	-0.010570157980506
5.71294745917767	-3.17088532671707	0.0722942995861574	0.0249063410276559	0.390825462212692	1.52700701176945	0.00681225820087995
5.72294745917767	-3.16553588076331	0.0863339524872689	0.0250491939034811	0.679136643147643	1.28092046321731	0.0212638640552757
5.73294745917767	-3.15730110321729	0.0979124821002305	0.0253217163453026	0.967894502859877	1.03476549483328	0.0327478851544927
5.74294745917767	-3.14617647414198	0.107028685300784	0.0256944263041749	1.2571066253006	0.78843743034199	0.041316879331155
5.75294745917767	-3.13215749884274	0.113680306720592	0.0261387590019743	1.54675940782441	0.541832625669816	0.047099511645739
5.76294745917767	-3.11523994883117	0.117864113052529	0.0266277610157523	1.83681224224492	0.294861276629512	0.0502871654473846
5.76856843991286	-3.10445666973372	0.119130907157538	0.0269128451996396	2.00000000000001	0.155853099510652	0.0510283502092739
