=========================== Parameters =====================================
l1 [m]	l2 [m]	l3 [m]	c1 [m]	c2 [m]	c3 [m]	m1 [kg]	m2 [kg]	m3 [kg]
0.1
0.18
0.4058
0.1
0.9
0.1
0.1564
0.23764
0.1564
============================== Data ========================================
t [s]	th1 [rad]	th2 [rad]	th3 [rad]	th1d [rad/s]	th2d [rad/s]	th3d [rad/s]
0	0	0	0	0	0	0
0.01	-0.00245793694818167	0.00214285241904161	-0.000332724187407638	-0.37288861729669	0.294015909976479	-0.0700185395144587
0.02	-0.00669407219423891	0.00500741988476034	-0.00121559058406768	-0.465686379279642	0.268769624276344	-0.0975753836077986
0.03	-0.0117241825459528	0.00746049165212108	-0.00217229184307619	-0.540478379975961	0.22190614767196	-0.0908620969036161
0.04	-0.0175187329710731	0.00946170463996665	-0.00300484802352329	-0.619472968817524	0.17950446084951	-0.0752444723509481
0.05	-0.0241344238380552	0.0110742058354518	-0.00367794027246854	-0.704692361201075	0.144172877604906	-0.0596708015935213
0.06	-0.0316316283641943	0.0123671001943032	-0.00420654798848011	-0.795630592640881	0.115424665644178	-0.046493020317423
0.07	-0.0400629045540061	0.0134010770337136	-0.00461663594356897	-0.891349101547514	0.0922111387108848	-0.0359356919477311
0.08	-0.0494714526955646	0.0142262635593676	-0.00493288996460003	-0.990944718617261	0.073507201665292	-0.0276548538465356
0.09	-0.0598920464873472	0.0148832173617634	-0.00517588917609567	-1.09364063357797	0.0584315831183287	-0.0212138552166364
0.1	-0.071352361630754	0.0154044697047086	-0.00536200608814633	-1.19879226778158	0.04625870231298	-0.0162182938473855
0.11	-0.0838742203208823	0.0158160032031161	-0.00550401518897675	-1.3058700814065	0.0364006538833029	-0.0123439463840234
0.12	-0.097474636870306	0.0161385121379954	-0.00561178983665029	-1.41443865032737	0.0283838657486893	-0.00933327921204393
0.13	-0.112166661075363	0.0163884355671507	-0.00569291641645078	-1.52413756628143	0.0218275590189692	-0.00698449332767906
0.14	-0.127960045455847	0.0165787917110777	-0.00575319472218768	-1.63466536097733	0.0164256195898694	-0.0051403205406495
0.15	-0.144861769822383	0.0167198517318951	-0.00579703271358233	-1.74576549436049	0.0119308653568556	-0.003678761770224
0.16	-0.16287644117382	0.0168196739181083	-0.0058277569892512	-1.8572165073533	0.00814406473840464	-0.00250507668267793
0.17	-0.182006588597367	0.0168845210550908	-0.00584785764115931	-1.96882671793975	0.0049081144467372	-0.00154450229929016
0.18	-0.202252916881632	0.0169192330161017	-0.005859167055152	-2.08042085131299	0.00209320965311403	-0.00073985935463306
0.19	-0.22361444670089	0.0169274738639939	-0.00586301378785382	-2.19184189271586	-0.000400881198797043	-4.52086967731399e-05
0.2	-0.246088671395199	0.0169119996613892	-0.00586032212695564	-2.30293600835221	-0.00266153474594299	0.000573177125540696
0.21	-0.269671596919043	0.0168747971172784	-0.00585171211655962	-2.41355904527531	-0.0047557869256645	0.00114271111826401
0.22	-0.29435780115417	0.0168172457913597	-0.00583756230749968	-2.52356976382397	-0.00673775293690854	0.00168474180819078
0.23	-0.320140466886759	0.0167402523969894	-0.00581805867980663	-2.63282384085011	-0.00865521981350517	0.00221458515081211
0.24	-0.347011328417655	0.0166442891776381	-0.00579325214673311	-2.7411860700995	-0.0105358594103625	0.00274747493161681
0.25	-0.374960720661174	0.016529548170184	-0.00576307015423937	-2.84851109696762	-0.0124088123611029	0.00329297397184515
0.26	-0.403977534828162	0.0163959905824003	-0.00572734770213616	-2.95464635166989	-0.0143014278658499	0.00385704316790834
0.27	-0.434049148624406	0.016243366846575	-0.00568585752263437	-3.05943963559908	-0.0162308540406815	0.00444542282134468
0.28	-0.465161385074334	0.0160712673637477	-0.00563832565461317	-3.16273756563237	-0.0182059747759956	0.00506359760814472
0.29	-0.497298470578837	0.0158791700328595	-0.00558444303366246	-3.26438338069571	-0.0202301557590249	0.00571636395474306
0.297959438659056	-0.523598775598299	0.0157116255074604	-0.00553678237602699	-3.34398944303855	-0.0218875935225207	0.00625962230626771
0.307959438659056	-0.589066298577583	0.0505706914483433	0.01432487940764	-9.09706164218805	6.25763987381311	3.83421825229461
0.317959438659056	-0.681930730119642	0.11429264836843	0.064605293904477	-8.96363477712967	5.92384886252129	5.69021460092206
0.327959438659056	-0.765970738407902	0.16663028388067	0.120470892630205	-7.88117607538904	4.59168388937058	5.31513580977873
0.337959438659056	-0.840522979891803	0.207287461712169	0.169417346340206	-7.07253675738877	3.5901497167683	4.45318040981781
0.347959438659056	-0.908128682779459	0.239246200629668	0.209596611031205	-6.47643253187907	2.83330989518617	3.59830344938721
0.357959438659056	-0.970523988336578	0.264489149655821	0.241808712671487	-6.02210326652117	2.23733385421388	2.86684537985619
0.367959438659056	-1.02891840803937	0.284386899032357	0.267389191991489	-5.67158647612883	1.75906218362914	2.27061354392979
0.377959438659056	-1.08422740513999	0.299980858549964	0.287619776315187	-5.40195217948652	1.37323990542323	1.79350799564994
0.387959438659056	-1.13717452557461	0.312103107636592	0.303587298201493	-5.19690912991256	1.06224530561118	1.41461054571205
0.397959438659056	-1.18833965162656	0.321430969082991	0.316175575765609	-5.04369709691454	0.812374594667325	1.11473906465055
0.407959438659056	-1.23818733079845	0.32851806412672	0.326092076090737	-4.93188142074999	0.612446489219972	0.877865638573479
0.417959438659056	-1.28708699214647	0.333816141201349	0.333899596082522	-4.85281123396025	0.453200600850186	0.691024048089206
0.422487329046301	-1.30899693899575	0.335727972954856	0.336864804793884	-4.82583062355603	0.392394309211793	0.620018575676288
0.432487329046301	-1.33021762932287	0.309449620433685	0.324018887206753	0.388056989311825	-5.42760190941201	-3.1679531344374
0.442487329046301	-1.32063638548022	0.248951520323063	0.278289118207207	0.856498875478775	-5.93244632312723	-5.36209768508456
0.452487329046301	-1.31777336728997	0.195830502663344	0.225279564132266	-0.30390002381271	-4.6748450965584	-5.05312917351202
0.462487329046301	-1.3260944700005	0.154707491771161	0.178836429236004	-1.31491268535661	-3.60143940349194	-4.21486225407225
0.472487329046301	-1.34323345469492	0.122864677719158	0.140909358464375	-2.07792163206284	-2.80558959706179	-3.38753131700837
0.482487329046301	-1.36703786526872	0.0979261208186177	0.110658139160524	-2.65817237506794	-2.20873764133904	-2.68524588256116
0.492487329046301	-1.39595804171809	0.0782231331189414	0.0867554716438447	-3.10752991830202	-1.75111380458607	-2.11610301744237
0.502487329046301	-1.42886083393951	0.0625627923944399	0.0679494806599149	-3.45893735317498	-1.39544123030287	-1.66249721778708
0.512487329046301	-1.46488377256058	0.050056672018424	0.0531902754527253	-3.73455992289057	-1.11692957206603	-1.30339449354542
0.522487329046301	-1.5033523433245	0.0400257434043246	0.0416296231360144	-3.95029301467083	-0.897936758124355	-1.0199272662046
0.532487329046301	-1.54372968721992	0.0319433580345359	0.0325919288085398	-4.11801912382657	-0.725343503417756	-0.796474717667623
0.542487329046301	-1.58558318125339	0.0253977224457233	0.025542213468818	-4.24684799247515	-0.589133035994884	-0.620469721939795
0.552487329046301	-1.62856073404271	0.0200654295500535	0.0200579081614938	-4.34387059071697	-0.481538756371424	-0.481915231626881
0.562487329046301	-1.67237323802012	0.0156919153901392	0.0158056272673726	-4.41465897209766	-0.396484817472487	-0.372896437428487
0.572487329046301	-1.71678123354825	0.012076612615244	0.0125225064397815	-4.46361952718965	-0.329193637630417	-0.28716094762827
0.582487329046301	-1.76158461424068	0.00906147446950726	0.0100013544849376	-4.49425362980244	-0.275897731352921	-0.219775493527393
0.592487329046301	-1.80661460741326	0.00652201021964038	0.00807889015407768	-4.50935533489567	-0.233621789247278	-0.166850524328022
0.598246858497778	-1.83259571459405	0.00523616262865223	0.00719200728812273	-4.5118987878119	-0.213332921994337	-0.141707046618217
0.608246858497778	-1.84769418223742	-0.0300879156739802	-0.0142336596158223	1.0324758267556	-6.33241073409481	-4.04824290588224
0.618246858497778	-1.83538001360027	-0.0950683514287825	-0.0664762045176366	0.860797523335237	-6.03807037519892	-5.79997717859438
0.62706110133448	-1.83259571459405	-0.142721605025055	-0.116531252272513	-0.200107970954077	-4.8116493038276	-5.42920427034138
0.63706110133448	-1.83166829689112	-0.193857319586914	-0.173260538170047	-0.103568654113221	-4.87365835750024	-5.54037993745764
0.640676998055934	-1.83259571459405	-0.210840937131492	-0.192794753132028	-0.411920796579423	-4.51761071308766	-5.25431797860777
0.650676998055934	-1.83616641078943	-0.256416661080634	-0.2448481434874	-0.587312135707581	-4.281592855928	-4.94118957464086
0.660676998055934	-1.84563176555983	-0.295051649660484	-0.290081630822197	-1.29333785037236	-3.45908099060487	-4.09275965788022
0.670676998055934	-1.86156319495003	-0.326106480039406	-0.32686846231223	-1.86785622528717	-2.77867467340219	-3.28363837717368
0.680676998055934	-1.88253708743426	-0.351101895938385	-0.356192906806547	-2.3068605453778	-2.24134638744044	-2.6040528852758
0.690676998055934	-1.90734418155066	-0.371301951196882	-0.379387715992193	-2.63873240873234	-1.81490698792468	-2.0553612553327
0.700676998055934	-1.93502839181205	-0.387688869417476	-0.397675745630901	-2.88540712516674	-1.47534450483912	-1.61923271513663
0.710676998055934	-1.96482374806661	-0.401039042835655	-0.412078564203949	-3.06338537971737	-1.20498189900178	-1.27502284856752
0.720676998055934	-1.99611083755425	-0.411972936379695	-0.42342107801828	-3.18570149598594	-0.990039808800778	-1.00437371400437
0.730676998055934	-2.02838764700089	-0.420987463884668	-0.432360159250175	-3.26291546135455	-0.81945306017618	-0.792055404527674
0.740676998055934	-2.06124769758085	-0.428479784032143	-0.439415351646803	-3.30364396690752	-0.684256467149042	-0.625767735262872
0.750676998055934	-2.09436246984211	-0.434766206794674	-0.444996007762709	-3.31491324795296	-0.577188923343231	-0.495694712458873
0.760676998055934	-2.12746691696518	-0.440097672930344	-0.449423832315433	-3.30243313442498	-0.492392415247998	-0.394051302594396
0.770676998055934	-2.1603474759873	-0.444672508153786	-0.452951153256775	-3.27082570787981	-0.425163987286522	-0.314686712283196
0.780676998055934	-2.1928321890362	-0.448646896815985	-0.455775559886303	-3.22381977025319	-0.371746218569065	-0.252754387578092
0.790676998055934	-2.22478261816714	-0.452143427009018	-0.458051554510779	-3.16441567702811	-0.329150294510656	-0.204443364402871
0.800676998055934	-2.25608727300421	-0.455258013699993	-0.459899787157244	-3.0950235545904	-0.295007963091066	-0.166761982954666
0.810676998055934	-2.28665629955989	-0.458065471909042	-0.461414351406619	-3.01757782089321	-0.26744902414324	-0.137364969922543
0.820676998055934	-2.31641720837891	-0.460623978482701	-0.462668534059792	-2.9336310414609	-0.245000999705902	-0.114415889228974
0.830676998055934	-2.34531145056154	-0.4629786277365	-0.463719337309607	-2.84443014441071	-0.226507703018798	-0.0964781573455479
0.840676998055934	-2.37329167974078	-0.46516425435512	-0.464611029859279	-2.75097785213742	-0.211063632026356	-0.0824289632250066
0.850676998055934	-2.40031956534928	-0.467207667687886	-0.465377932033749	-2.65408191124199	-0.197961423442468	-0.0713914506218937
0.860676998055934	-2.42636404670425	-0.469129415711387	-0.466046597999544	-2.55439437307174	-0.18664996198317	-0.0626813949113005
0.870676998055934	-2.45139993826352	-0.470945174706513	-0.466637524316044	-2.45244283877893	-0.176701103338533	-0.0557653414135374
0.880676998055934	-2.47540681392216	-0.472666842018383	-0.467166486850091	-2.34865526294025	-0.167783311293469	-0.0502277801167721
0.890676998055934	-2.49836811269576	-0.474303393831659	-0.467645586403468	-2.24337962325705	-0.159640814601781	-0.0457454282456357
0.900676998055934	-2.5202704199408	-0.475861557301059	-0.468084066197571	-2.13689951637654	-0.152077152354712	-0.0420670936908165
0.910676998055934	-2.54110288778982	-0.477346336204577	-0.468488950760494	-2.02944653156366	-0.144942197882267	-0.0389979144598444
0.920676998055934	-2.56085676610766	-0.478761421131337	-0.468865545046316	-1.92121008188191	-0.138121933979028	-0.0363870260829038
0.930676998055934	-2.57952502134584	-0.480109508714508	-0.469217824193548	-1.8123452323827	-0.13153040114216	-0.0341179125313302
0.940676998055934	-2.59710202548202	-0.48139254925892	-0.469548737721174	-1.70297895183735	-0.125103360595046	-0.0321008570318114
0.950676998055934	-2.61358330102785	-0.482611938029409	-0.469860446783069	-1.5932151242298	-0.118793309980953	-0.0302670357811846
0.953472332929887	-2.61799387799149	-0.482941595818628	-0.469944374269761	-1.56247928807599	-0.117038703674302	-0.029778869281677
0.963472332929887	-2.64954826543617	-0.466066399381577	-0.454351460177664	-4.76728444833667	3.51508390755528	3.16226854234089
0.973472332929887	-2.71419660062675	-0.411630368873125	-0.406160618211893	-8.05223067828619	7.25152828737125	6.49514849707268
0.983472332929887	-2.79613161720757	-0.336945807861591	-0.334870305818198	-7.8385115302873	7.14251949504929	7.21516656075041
0.993472332929887	-2.86747650789694	-0.272583994133106	-0.267193763832092	-6.41793941428325	5.71704186143307	6.22170430018749
1.00347233292989	-2.92517045473586	-0.221847387875572	-0.21095916815343	-5.16936162920965	4.48371148150084	5.03804420718958
1.01347233292989	-2.97178672256045	-0.181898094315481	-0.165888662039027	-4.19457227226868	3.55058431245904	4.00878545071406
1.02347233292989	-3.00971627947007	-0.15012424592414	-0.130131797188212	-3.42103535183513	2.83647573113567	3.17422071706774
1.03347233292989	-3.04066884642203	-0.124669160459999	-0.101838750274861	-2.79129502100278	2.27821478620349	2.51068665504008
1.04347233292989	-3.0658860819436	-0.104188178725002	-0.07945939618729	-2.26855590538693	1.83577118021642	1.98614234458976
1.05347233292989	-3.08630542142895	-0.0876666322476591	-0.0617514900855723	-1.8279058430644	1.48219960580141	1.57194024066606
1.06347233292989	-3.10265324560985	-0.074317828564712	-0.0477327918607836	-1.45148089896961	1.19822309960438	1.24476120220473
1.07347233292989	-3.11550152843323	-0.0635216453278341	-0.0366292208282038	-1.12592208317053	0.969430119536797	0.986142071500456
1.08347233292989	-3.12530514078771	-0.0547843185111418	-0.0278307546353083	-0.840957955776253	0.784732280063243	0.781572715962957
1.09347233292989	-3.13242806855672	-0.0477102421064411	-0.0208562216318011	-0.588548860401847	0.635441180009498	0.619658386139137
1.10347233292989	-3.13716272132836	-0.0419812028461831	-0.0153256938481804	-0.362329688809411	0.514670023323804	0.491439848115392
1.11347233292989	-3.13974461164029	-0.0373405810930818	-0.0109389124995678	-0.157223901501806	0.416919747833839	0.38986160031032
1.12347233292989	-3.14036375310326	-0.0335810699183529	-0.00745840696963616	0.0308366024381484	0.337778488403364	0.309359332171606
1.13347233292989	-3.13917363577638	-0.0305349950016669	-0.00469625549304722	0.205121731635129	0.273695636503979	0.245539566767537
1.14347233292989	-3.13629836045603	-0.0280666149250992	-0.00250367867290863	0.368264732849899	0.221807861565829	0.194930023565567
1.15347233292989	-3.13183834609818	-0.026065960025736	-0.000762844635383487	0.522388293924221	0.179802947075757	0.154784390900312
1.16347233292989	-3.12587491662122	-0.0244438827598525	0.000619593434139122	0.669204058898491	0.145812048441329	0.122929190093952
1.17347233292989	-3.1184739997507	-0.0231280706865323	0.00171759917389023	0.810091732586797	0.118323809097766	0.0976433762319769
1.18347233292989	-3.10968911808376	-0.0220598289536603	0.00258978419470069	0.94616226584239	0.0961155575805428	0.0775635114485172
1.19347233292989	-3.09956381377002	-0.0211914804436891	0.0032825953223301	1.07830848741205	0.0781979992464589	0.0616089813976536
1.20347233292989	-3.08813361878435	-0.020484263107879	0.00383283595569405	1.20724576183451	0.0637706491192994	0.0489229603012763
1.21347233292989	-3.07542766001846	-0.0199066283202534	0.00426966155822586	1.33354468200912	0.052185857827643	0.0388257729156349
1.22347233292989	-3.06146997059093	-0.0194328631604818	0.00461615958179064	1.45765737831687	0.0429197363087653	0.0307780284040725
1.23347233292989	-3.04628056467244	-0.0190419746490078	0.00489060081495198	1.57993870004767	0.0355486325895399	0.0243514649093244
1.24347233292989	-3.02987632189182	-0.018716786007064	0.00510743082717443	1.70066327166237	0.0297300846103047	0.0192058832876495
1.25347233292989	-3.01227171840166	-0.018443204662072	0.00527805575738884	1.82003922757396	0.0251873861599333	0.0150708925860642
1.26347233292989	-2.99347943446513	-0.0182096294674348	0.0054114653267291	1.93821927176102	0.0216970720994613	0.0117314598888594
1.26873666211317	-2.98311329890581	-0.0180993867984907	0.00546921281981642	2.00000000000001	0.0202089955489017	0.010230187705699
1.27873666211317	-2.96252976193948	-0.0179089497564125	0.00555891187127425	2.11654579484159	0.017989277423244	0.00778730549496376
1.28873666211317	-2.940785792886	-0.0177373148913213	0.00562640891974725	2.23208965129338	0.0164315500781656	0.00577242600474837
1.29873666211317	-2.91789129213039	-0.0175784136101778	0.0056754812612537	2.34664809722829	0.0154320808880041	0.004089694253714
1.30873666211317	-2.89385614600692	-0.0174270940033126	0.00570905308689049	2.4602173367208	0.014900099188359	0.00266023806658136
1.31873666211317	-2.86869041011176	-0.0172790146180482	0.00572934618533264	2.57275841739786	0.0147742473834268	0.00142495027949934
1.32873666211317	-2.84240459564976	-0.0171304242452941	0.00573804077282699	2.68421776608706	0.0149993864602556	0.000334897730749163
1.33873666211317	-2.81500986554676	-0.0169780442748298	0.00573638593762891	2.79452967618978	0.0155236959915336	-0.000651170061567198
1.34873666211317	-2.78651814226001	-0.0168190510676319	0.00572526740495926	2.90360028195996	0.0163166118252866	-0.00156243532896707
1.35873666211317	-2.75694233140508	-0.0166509283562603	0.00570530017589111	3.01132697338721	0.0173470589691225	-0.00242397613761485
1.36873666211317	-2.7262964571825	-0.0164714180402632	0.005676882531106	3.11759784368153	0.0185841653766921	-0.00325718661591108
1.37873666211317	-2.69459573057544	-0.0162785452205092	0.00564022410417724	3.22227647008682	0.0200145323585013	-0.0040750134501046
1.38873666211317	-2.66185673485921	-0.0160705089944775	0.00559540443722468	3.32522113426471	0.0216209445454036	-0.0048891016122202
1.39873666211317	-2.62809752936759	-0.0158456617346629	0.0055424029239824	3.42628495418753	0.0233826097156562	-0.00571006596094129
1.40873666211317	-2.59333773346871	-0.0156025061738505	0.00548112045446338	3.52531343231235	0.0252784106112511	-0.00654672424831447
1.41873666211317	-2.55759857953458	-0.0153397217384223	0.00541139018124703	3.62213639597938	0.0272965682171712	-0.00740321677922298
1.42873666211317	-2.52090301157352	-0.0150561327577279	0.00533300329238863	3.71657496966857	0.0294275603733944	-0.00828146896725155
1.43873666211317	-2.48327576491754	-0.0147506898891053	0.00524572873145616	3.80844626377934	0.0316597259578182	-0.00918267435018244
1.44873666211317	-2.44474341864679	-0.0144224728556109	0.0051493260119066	3.8975637202569	0.0339798714748365	-0.010107200728992
1.45873666211317	-2.40533443739528	-0.0140706945247918	0.00504355667832144	3.9837377095966	0.0363737216901037	-0.0110545342163751
1.46873666211317	-2.36507920173439	-0.0136947059831853	0.00492819461126665	4.06677631724476	0.0388262804299151	-0.0120232433708039
1.47873666211317	-2.32401002596263	-0.0132940027218461	0.00480303523434897	4.14648616428822	0.0413222698802633	-0.01301091820005
1.48873666211317	-2.28216116546266	-0.0128682283698529	0.00466790453454307	4.22267399002763	0.0438458229116264	-0.0140143383958046
1.49873666211317	-2.2395688079164	-0.0124171813696752	0.00452266659184653	4.29514761353744	0.0463809701639018	-0.0150294117791893
1.50873666211317	-2.19627105255636	-0.0119408189833262	0.00436723087354585	4.36371750145613	0.0489115295674711	-0.0160512973052838
1.51873666211317	-2.15230787462123	-0.0114392610655345	0.00420155868192555	4.42819827761355	0.0514211278913564	-0.0170744999609983
1.52873666211317	-2.10772107527937	-0.0109127927341119	0.00402566888212925	4.48841029794721	0.0538931964868512	-0.0180929860085966
1.53873666211317	-2.0625542174452	-0.0103618650940952	0.00383964311802258	4.54418141973199	0.0563107752132592	-0.0191003799997812
1.54873666211317	-2.0168525435057	-0.0097870983352643	0.00364362885157356	4.5953478571625	0.058657343079623	-0.0200898155322917
1.55873666211317	-1.97066288151951	-0.00918927994612539	0.0034378426313923	4.64175581216458	0.0609167569879421	-0.0210541020471886
1.56873666211317	-1.92403353814458	-0.00856936035692486	0.00322257273197069	4.68326327645149	0.0630729497559511	-0.0219859850419434
1.57873666211317	-1.87701417592941	-0.0079284492845099	0.00299817996101532	4.71974118001262	0.0651102855107968	-0.0228781873539232
1.58873666211317	-1.82965567834504	-0.00726780988019297	0.00276509757633581	4.75107455555302	0.0670137951425081	-0.0237234962545478
1.59873666211317	-1.78201000331108	-0.00658885098678951	0.00252383017045008	4.777163627731	0.0687693680993445	-0.0245148655293602
1.60873666211317	-1.73413002633092	-0.00589311765776283	0.00227495148326131	4.79792478471739	0.0703639237081919	-0.0252455219341904
1.61873666211317	-1.68606937458724	-0.00518228006184632	0.00201910114236869	4.81329140741669	0.0717855672780367	-0.0259090711153792
1.62873666211317	-1.63788225352541	-0.0044581209092837	0.00175698035802796	4.82321453911388	0.0730237306039033	-0.0264995998950157
1.63873666211317	-1.58962326759315	-0.0037225215596695	0.00148934662370086	4.82766338258952	0.0740692949410149	-0.0270117724149507
1.64873666211317	-1.54134723691342	-0.00297744699559258	0.00121700749562945	4.82662561522335	0.0749146943522731	-0.0274409178850568
1.65873666211317	-1.4931090117444	-0.00222492986709022	0.000940813546035745	4.82010751599772	0.0755539976414254	-0.027783107879134
1.66873666211317	-1.44496328662382	-0.00146705382789787	0.0006616506038501	4.80813390178539	0.075982967560145	-0.0280352213556668
1.67873666211317	-1.39696441610304	-0.000705936395127216	0.000380431413637742	4.79074787384645	0.076199096506457	-0.0281949958725269
1.68873666211317	-1.34916623394935	5.6288430782539e-05	9.80868569811515e-05	4.76801037898702	0.0762016184666273	-0.0282610638127527
1.69873666211317	-1.30162187763324	0.000817487549074815	-0.000184443109538976	4.73999959324869	0.0759914974675505	-0.0282329728311709
1.70873666211317	-1.25438361982241	0.00157554591296	-0.000466218639817968	4.70681013920193	0.0755713932858041	-0.0281111901531903
1.71873666211317	-1.20750270847869	0.00232838323313289	-0.00074630914569136	4.66855215081355	0.074945605591312	-0.0278970907901891
1.72873666211317	-1.16102921700154	0.00307397002218247	-0.00102380224771769	4.6253502023652	0.074119998080146	-0.02759293016274
1.73873666211317	-1.11501190568633	0.00381034278872446	-0.00129781237756651	4.5773421199511	0.0731019044670077	-0.0272018020265491
1.74873666211317	-1.06949809557213	0.00453561821010881	-0.00156748889111018	4.52467769562996	0.0719000184610422	-0.0267275829610149
1.75873666211317	-1.02453355554745	0.00524800613479254	-0.00183202356553169	4.46751732532153	0.0705242700381278	-0.0261748649939052
1.76873666211317	-0.980162403368771	0.00594582128929268	-0.00209065737080884	4.40603059201594	0.0689856904503418	-0.0255488781877281
1.77873666211317	-0.936427021030611	0.00662749358943757	-0.00234268642516675	4.34039481581599	0.0672962684816932	-0.0248554051972733
1.78873666211317	-0.893367984713169	0.00729157698084546	-0.00258746706480413	4.27079359179209	0.0654688004723882	-0.0241006899202092
1.79873666211317	-0.85102400932837	0.00793675675864683	-0.00282441997967788	4.19741533564129	0.0635167365969422	-0.0232913424034772
1.80873666211317	-0.809431907491726	0.00856185534095695	-0.00305303338867093	4.12045185576789	0.061454025799137	-0.0224342421407693
1.81873666211317	-0.768626562569571	0.00916583649407037	-0.00327286524841626	4.04009696870988	0.0592949616653252	-0.0215364418061604
1.82873666211317	-0.728640915291474	0.00974780802942741	-0.00348354450981292	3.95654517289826	0.057054031361921	-0.0206050733241384
1.83873666211317	-0.689505963278223	0.0103070230127796	-0.00368477145435098	3.86999039362965	0.0547457695797657	-0.0196472579859742
1.84873666211317	-0.651250771822518	0.0108428785415937	-0.00387631754802228	3.78062456624786	0.0523848922505837	-0.0186699228794868
1.85873666211317	-0.613902500106992	0.0113549178213036	-0.00405802275893895	3.68863743692022	0.0499851751981838	-0.0176800737731766
1.86873666211317	-0.577486430933918	0.0118428233131711	-0.00422979486378047	3.59421460809433	0.047560418274583	-0.0166843502148227
1.87873666211317	-0.542026013275138	0.0123064125979924	-0.00439160675103357	3.49753662060723	0.0451243708478952	-0.0156889518640904
1.88873666211317	-0.507542914468736	0.0127456346524265	-0.00454349266550249	3.39877849204067	0.0426902725479434	-0.0146997085118747
1.89873666211317	-0.474057078871265	0.0131605642345372	-0.00468554430275504	3.29810912864519	0.0402706636265379	-0.0137220702729513
1.90873666211317	-0.441586793312077	0.0135513960423474	-0.00481790633649931	3.19569098108115	0.0378770487479237	-0.0127611587165977
1.91873666211317	-0.410148756948761	0.0139184372111794	-0.00494077197542589	3.09167956662953	0.0355198346691087	-0.0118217373556585
1.92873666211317	-0.379758153934697	0.0142620975862761	-0.00505437878583865	2.98622269104335	0.0332087249439537	-0.010908048073561
1.93873666211317	-0.350428731531924	0.0145828818986686	-0.00515900364379903	2.8794603268426	0.0309524928034494	-0.0100238658200538
1.94873666211317	-0.322172879946899	0.0148813807830509	-0.00525495790135662	2.77152437862246	0.0287589887709144	-0.00917248560345676
1.95873666211317	-0.295001713787599	0.0151582615682407	-0.0053425825695152	2.66253852641007	0.0266351615853724	-0.00835671533397485
1.96873666211317	-0.26892515439719	0.0154142589752868	-0.00542224357114251	2.55261814790626	0.0245870838076146	-0.00757887621065768
1.97873666211317	-0.243952012354735	0.0156501658193713	-0.00549432711806313	2.44187031282111	0.0226199817502154	-0.00684080962189597
1.98873666211317	-0.220090069711145	0.0158668240431404	-0.00555923519045403	2.33039390002984	0.0207382047214185	-0.00614391004250368
1.99873666211317	-0.19734616073624	0.0160651154378827	-0.00561738135593273	2.21827965809769	0.0189453269502691	-0.00548912183454648
2.00873666211317	-0.175726250842022	0.0162459523290542	-0.00566918690665356	2.10561025193455	0.0172443263458454	-0.00487691578304024
2.01873666211317	-0.155235514865288	0.0164102701314481	-0.00571507682617521	1.99246073170482	0.0156373430961431	-0.00430740075947621
2.02873666211317	-0.135878411331626	0.0165590184791363	-0.00575547649293416	1.87889861895456	0.0141259145935189	-0.00378029090254522
2.03873666211317	-0.117658754526683	0.0166931534165467	-0.00579080849584309	1.7649841882535	0.0127110308292033	-0.0032949290614879
2.04873666211317	-0.100579783612098	0.0168136301620492	-0.00582148969243375	1.65077081607265	0.0113931481295609	-0.00285032399100028
2.05873666211317	-0.084644230231716	0.0169213983740536	-0.00584792792133943	1.53630585215701	0.0101716449344274	-0.00244536992695943
2.06873666211317	-0.0698543854906013	0.0170174011724716	-0.00587051808807785	1.42163230481654	0.00904338720867079	-0.00207934434246419
2.07873666211317	-0.0562121503422803	0.0171025601998917	-0.00588964274622258	1.30678707857376	0.0080051808025597	-0.00175115225023376
2.08873666211317	-0.0437190899968048	0.0171777700150459	-0.00590567017651347	1.19180136410532	0.00705382432882062	-0.00145935981638721
2.09873666211317	-0.0323764844563905	0.017243893109975	-0.0059189527460623	1.07670107860854	0.00618611639224314	-0.00120222955989007
2.10873666211317	-0.0221853748931335	0.017301755320681	-0.00592982550610304	0.961507304922078	0.00539887266030344	-0.000977749387636578
2.11873666211317	-0.0131466058713791	0.0173521417063678	-0.00593860498100085	0.846236749436051	0.00468892790793789	-0.000783663529681842
2.12873666211317	-0.00526086537782739	0.0173957951494864	-0.00594558744858569	0.73090276444889	0.00405250893187073	-0.000617704650188171
2.13873666211317	0.0014712762568242	0.0174334189280963	-0.00595104638092564	0.615517239723527	0.00348363461067781	-0.000478129892335701
2.14873666211317	0.00704934577723009	0.0174656639329106	-0.0059552345702087	0.500088718198384	0.00297675427392719	-0.000362898075822269
2.15873666211317	0.0114729411580501	0.0174931270398818	-0.00595838317326433	0.384623119011331	0.00252646139162564	-0.000269789997795709
2.16873666211317	0.0147417098523536	0.0175163501440416	-0.00596070084089189	0.269124546563156	0.00212711034940242	-0.000196547385526872
2.17873666211317	0.0168553339959402	0.0175358166296874	-0.0059623737521849	0.153595416528263	0.0017731994774291	-0.000140765476021684
2.18873666211317	0.0178135172637009	0.0175519512323388	-0.00596356480635823	0.0380373383225841	0.00145890487089361	-0.000100056389041263
2.19873666211317	0.017615978891578	0.0175651170953207	-0.00596441375252296	-0.0775487334002577	0.0011784340669003	-7.19486054475554e-05
2.20873666211317	0.0162624489201631	0.0175756166920456	-0.00596503623918379	-0.193161465142183	0.000925389973336616	-5.4110098252421e-05
2.21873666211317	0.013752669893751	0.0175836907387204	-0.00596552362312824	-0.308798645099485	0.000692733673189029	-4.43688018963137e-05
2.22873666211317	0.0100864062341707	0.0175895137301799	-0.00596594392192018	-0.42445754494251	0.000473713580339321	-4.04130567869158e-05
2.23873666211317	0.00526345590169353	0.0175931921440495	-0.00596634199301309	-0.540134677903529	0.000262117643625299	-3.97162215638562e-05
2.24873666211317	-0.000716334940117649	0.0175947645090794	-0.0059667391538354	-0.655825145667858	5.20648280468433e-05	-3.96181187915553e-05
2.25873666211317	-0.00785305953991197	0.0175942092858747	-0.00596713054558099	-0.771520145858913	-0.000164266715203592	-3.80744443901093e-05
2.26873666211317	-0.0161467170606505	0.0175914342998296	-0.00596748826532907	-0.887208973323193	-0.000393870142254525	-3.27480539118052e-05
2.27873666211317	-0.0255971807120912	0.0175862732328619	-0.00596776220155424	-1.00287935399636	-0.000642010606696641	-2.07361673861838e-05
2.28873666211317	-0.0362041795915838	0.017578502766831	-0.00596787487901655	-1.11851286242434	-0.00091684302057808	-7.75234509942717e-08
2.29873666211317	-0.0479672457786815	0.0175678259524867	-0.00596772656116046	-1.23408852508779	-0.00122484766789519	3.17304800981337e-05
2.30873666211317	-0.0608856747633014	0.0175538757257725	-0.00596719414465861	-1.34958162337547	-0.0015716538399907	7.7431507938e-05
2.31873666211317	-0.0749584922111139	0.0175362307559829	-0.00596612701175643	-1.46495962281967	-0.00196609422979406	0.000138719626686438
2.32873666211317	-0.0901843763819304	0.0175143865680189	-0.00596435562575249	-1.58018890409947	-0.00241214404898749	0.00021879569348973
2.33873666211317	-0.10656162931366	0.0174877864723302	-0.00596168304427053	-1.69522722789508	-0.00291687817408569	0.00031979128712188
2.34873666211317	-0.124088112460592	0.0174558175310004	-0.00595788705321968	-1.81002470876543	-0.00348889356740278	0.000443286275143729
2.35873666211317	-0.142761159096485	0.0174177851651213	-0.00595272812764212	-1.92453000038794	-0.00413089774534906	0.000592631732206376
2.36873666211317	-0.162577536297944	0.0173729480697254	-0.00594594037343289	-2.03868214679282	-0.00484840256937834	0.000770125123432222
2.37873666211317	-0.183533378478753	0.0173205256017044	-0.00593723132722046	-2.1524092097901	-0.00565084130256242	0.000976684924883683
2.38873666211317	-0.205624071346306	0.0172596535259787	-0.00592629578974056	-2.26563938178778	-0.00653870062200577	0.00121587106962137
2.39873666211317	-0.228844221702728	0.0171894399946539	-0.00591280186208704	-2.37828827112396	-0.00751742931603038	0.00148941001970594
2.40873666211317	-0.253187572102967	0.0171089630317348	-0.00589639460123818	-2.49026041696175	-0.00859542268868418	0.00179786368958097
2.41873666211317	-0.278646875674868	0.0170172261177339	-0.00587671071795545	-2.60146097672925	-0.00977063506519989	0.00214477502635764
2.42873666211317	-0.305213861293369	0.0169132177398124	-0.00585336487716894	-2.71178276261779	-0.0110449149489216	0.00253205782025313
2.43873666211317	-0.332879159871416	0.0167959291150636	-0.00582594897781856	-2.82110355053757	-0.0124268784706815	0.00295910978781334
2.44873666211317	-0.361632174223443	0.0166643096103336	-0.00579404841088337	-2.92929847406073	-0.0139179210307869	0.00342716007939594
2.45873666211317	-0.39146099588493	0.0165172752864396	-0.00575724415352674	-3.03623995469044	-0.0155122973668738	0.00393918180377723
2.46873666211317	-0.422352356855234	0.0163537562582547	-0.0057151043024513	-3.1417885900836	-0.0172074364844497	0.00449653615312636
2.47873666211317	-0.454291563119488	0.016172722223493	-0.00566718309876255	-3.2457895454462	-0.0190081796141242	0.00509764271235016
2.48873666211317	-0.487262377841391	0.0159731490470304	-0.00561303624516927	-3.34808322631015	-0.0209150907641614	0.00574161857181313
2.49873666211317	-0.521246946792547	0.0157540293537196	-0.00555222437571279	-3.44850565398979	-0.022924434120547	0.00642822042260677
2.49941797529917	-0.523598775598389	0.0157383737962608	-0.00554782518262461	-3.45527305303432	-0.023067391462461	0.00647576132444294
2.50941797529917	-0.590185034553045	0.0505923355391202	0.014316923326382	-9.21180749170604	6.26037332456049	3.83500411708211
2.51941797529917	-0.684168718153696	0.114307379983727	0.0646661355998222	-9.07132714544766	5.9183979893508	5.69542073566639
2.52941797529917	-0.769276247708653	0.166581114130822	0.120545819957844	-7.98703489124741	4.58438048007385	5.31385884377917
2.53941797529917	-0.844883563102421	0.207162105811985	0.169466276638013	-7.17816424871867	3.58271458471029	4.45083446513489
2.54941797529917	-0.913538514255087	0.239039707992132	0.209616268860223	-6.58127395681263	2.82521592382921	3.59556606003577
2.55941797529917	-0.976975941606384	0.264196326152129	0.241799604830772	-6.12632554069681	2.22890121670429	2.86411734533986
2.56941797529917	-1.03640715456923	0.284006053331363	0.267353073598066	-5.77525982213156	1.75051820766167	2.26813705837758
2.57941797529917	-1.09274838731946	0.299512720187833	0.287559798684279	-5.50512798518148	1.3648032252608	1.79134721580869
2.58941797529917	-1.14672351371913	0.311550414778219	0.303506891708698	-5.2996138678697	1.05411209418454	1.41277479309913
2.59941797529917	-1.1989123389888	0.320798052865082	0.316078098963812	-5.14591622504474	0.804697620060201	1.11321855023105
2.60941797529917	-1.24977892655385	0.327810410728399	0.325980705245017	-5.03355849532354	0.605332784402671	0.876643770527311
2.61941797529917	-1.299691863319	0.333039998809126	0.333777297047946	-4.95385436337765	0.446717949272988	0.69008224977459
2.62129860311603	-1.30899693899576	0.333855654261565	0.335046323588788	-4.94187964352882	0.420762259557388	0.659694894006033
2.63129860311603	-1.33121812319242	0.307682035095832	0.322541164005755	0.289868110330868	-5.41902628352913	-3.13719125322928
2.64129860311603	-1.32269170956115	0.247355520986568	0.277107813882481	0.747218016383271	-5.91058201408975	-5.33453606605132
2.65129860311603	-1.32091962235189	0.194455512702766	0.22434470271204	-0.411906027461292	-4.65353058791611	-5.03134915657539
2.66129860311603	-1.33030406931704	0.153531039809717	0.178094904080889	-1.41945259466519	-3.58318345055474	-4.19786930641342
2.67129860311603	-1.34847211533121	0.121856643478932	0.140319651036138	-2.17912353138004	-2.79023165558418	-3.37408761802894
2.68129860311603	-1.37327365374412	0.0970594354071886	0.110189237164537	-2.75644122414074	-2.19576226571182	-2.67440982855055
2.69129860311603	-1.40316232057732	0.0774751662826008	0.086384291295995	-3.20302816419594	-1.74025235653527	-2.1072964072551
2.70129860311603	-1.43700672714759	0.0619138236402324	0.0676580050578775	-3.55181713716952	-1.38642399746987	-1.65528911182506
2.71129860311603	-1.47394581287636	0.0494895876905378	0.0529642419545519	-3.82494818303144	-1.10950872042946	-1.2974597840072
2.72129860311603	-1.51330619188685	0.0395257647716512	0.0414576152244382	-4.03829271021881	-0.89188893950694	-1.01501630668449
2.73129860311603	-1.55455191225744	0.0314978028228976	0.0324647314116826	-4.20371281184855	-0.720468557401685	-0.792392750221996
2.74129860311603	-1.59725107659851	0.02499578787905	0.0254523403752702	-4.33030104972032	-0.585252354209065	-0.617062944719814
2.75129860311603	-1.64105216599549	0.0196979898231653	0.0199992455012994	-4.42513388614571	-0.47849381489358	-0.479061126052072
2.76129860311603	-1.68566651526612	0.0153513312517944	0.015773158358211	-4.49377119695415	-0.394135801842587	-0.370496835795694
2.77129860311603	-1.73085499802612	0.0117565531471804	0.012512095805942	-4.54060934533113	-0.327418063072411	-0.28513690712106
2.78129860311603	-1.7764177521022	0.00875675191164917	0.0100095762907031	-4.5691417200316	-0.274589023372102	-0.218063400387477
2.79129860311603	-1.82218617945505	0.0062284286201782	0.00810289083897093	-4.58215633639164	-0.232687836038497	-0.165399065613454
2.79357007372431	-1.83259571459405	0.00570933287461285	0.00773898216698749	-4.58319200021264	-0.224438900167375	-0.155114179174289
2.80357007372431	-1.84839579492086	-0.029738547085597	-0.0138251997205157	0.959294413839897	-6.34137268496674	-4.06164982910093
2.81357007372431	-1.83687373423031	-0.0947415467427665	-0.0661588093377728	0.778144417150673	-6.0365744479962	-5.80417901611792
2.82357007372431	-1.835237791555	-0.147988755893247	-0.122617325640528	-0.409850266651285	-4.66428592909749	-5.3363345264995
2.83357007372431	-1.84399217613006	-0.189282996233109	-0.171591274565862	-1.29241473411735	-3.64944974760962	-4.44349018851718
2.84357007372431	-1.86029012015418	-0.221859408199174	-0.211600145518432	-1.93518914376237	-2.90055960943686	-3.57632870061457
2.85357007372431	-1.8821558101835	-0.247872246600367	-0.243560371606308	-2.4152426364899	-2.32595910772337	-2.83936447836859
2.86357007372431	-1.9082015454225	-0.268788887735091	-0.268853718283315	-2.77668011225533	-1.87515759292941	-2.24125962496068
2.87357007372431	-1.93738485598055	-0.285687253751695	-0.288791315011236	-3.04642174339143	-1.51829616205444	-1.76469332098746
2.88357007372431	-1.96888761899815	-0.299399343495281	-0.304480596927979	-3.2432734753931	-1.23500080502916	-1.38808009473351
2.89357007372431	-2.00205527849527	-0.310581365874819	-0.316819952000803	-3.38150563800001	-1.01005148992742	-1.09167830521157
2.90357007372431	-2.03636014274248	-0.319754955758533	-0.326526106122717	-3.47239460933615	-0.831549344274831	-0.85895841636154
2.91357007372431	-2.07137571858632	-0.327335406343421	-0.334166482890026	-3.52500218950003	-0.690012303052444	-0.676531418162009
2.92357007372431	-2.10675710335924	-0.333652956492339	-0.340188507310829	-3.54665056332431	-0.577837937482861	-0.533704603147187
2.93357007372431	-2.14222535894126	-0.338969620233336	-0.344944122397031	-3.5432600092638	-0.488929226616375	-0.421996735251075
2.94357007372431	-2.17755485827838	-0.343492745002082	-0.34870968758546	-3.51961205120193	-0.418406775367973	-0.334706230861988
2.95357007372431	-2.2125630021415	-0.347385988417771	-0.351701913570026	-3.47956310852654	-0.362376969041138	-0.266550682659806
2.96357007372431	-2.24710187545603	-0.350778195215948	-0.354090535664849	-3.42622020355747	-0.317742134890194	-0.213373652376235
2.97357007372431	-2.28105149987507	-0.353770551801507	-0.356008351819496	-3.36208546493246	-0.282044794990572	-0.171909092675461
2.98357007372431	-2.31431439629483	-0.356442329909382	-0.357559150905844	-3.28917437870902	-0.253340376221667	-0.139593377910001
2.99357007372431	-2.34681121611223	-0.358855480209399	-0.358823961566988	-3.20911194547885	-0.230093763936504	-0.11441600770534
3.00357007372431	-2.37847723893975	-0.36105829388283	-0.359865969417551	-3.12321039257008	-0.211095715078751	-0.0948014263456952
3.01357007372431	-2.4092595687245	-0.363088313009957	-0.360734381512994	-3.03253164446799	-0.195395666182828	-0.0795157178857461
3.02357007372431	-2.43911489007251	-0.364974638411212	-0.361467460534212	-2.93793732227868	-0.182247955562254	-0.0675930931304878
3.03357007372431	-2.4680076721864	-0.366739756083384	-0.362094905338161	-2.8401286275082	-0.171068933797347	-0.0582780640736434
3.04357007372431	-2.49590872941772	-0.368400980235307	-0.362639717679962	-2.73967808003991	-0.161402853285035	-0.0509800148292088
3.05357007372431	-2.52279406537164	-0.369971591728706	-0.363119665449301	-2.63705473534711	-0.152894797845924	-0.0452375447086334
3.06357007372431	-2.54864394221535	-0.37146173498397	-0.363548429320968	-2.53264420646356	-0.145269233642897	-0.0406904999124577
3.07357007372431	-2.57344212878895	-0.372879123618782	-0.363936501140473	-2.42676456213598	-0.138313033719876	-0.03705804556851
3.08357007372431	-2.59717529073925	-0.374229594774348	-0.364291887688983	-2.31967896092367	-0.131862053961221	-0.0341214779114767
3.09274041058651	-2.61799387799156	-0.375412969754122	-0.364594275580005	-2.22060333325601	-0.126284284650227	-0.0318946042346068
3.10274041058651	-2.65972857441744	-0.354569449093051	-0.347478022371851	-6.16171283495781	4.3373651658257	3.46847229853911
3.11274041058651	-2.73334767494	-0.297414576448174	-0.297690742915209	-7.65847149913437	6.09673431447917	5.8191663010691
3.12274041058651	-2.80497909690043	-0.241289614552579	-0.240376633120756	-6.58192128016631	5.03641872215348	5.44325525327131
3.13274041058651	-2.8650864192002	-0.196540323939606	-0.190478687123789	-5.47697816560795	3.95554751461005	4.51889026290472
3.14274041058651	-2.91529363703421	-0.16131854697231	-0.149850105147832	-4.59852924828914	3.12624571017719	3.62760452211664
3.15274041058651	-2.95766269405	-0.13335250811979	-0.117432154190023	-3.89935268740492	2.49314618761761	2.88107163403923
3.16274041058651	-2.99371374320174	-0.110985210609422	-0.0917357715873719	-3.32843722220991	1.99934209151885	2.28060123193826
3.17274041058651	-3.02455188446602	-0.0930186085425633	-0.0714055701108925	-2.85257909675929	1.60845023252022	1.80383372323488
3.18274041058651	-3.0510106981418	-0.078550609859059	-0.055325624046989	-2.44963619373254	1.29645195854478	1.42685305536269
3.19274041058651	-3.07373634822091	-0.0668819313448905	-0.0426042254038848	-2.1037691229087	1.04624022429118	1.12906164163515
3.20274041058651	-3.09323771738635	-0.0574614616496759	-0.032535888277636	-1.80310789061284	0.845007946555348	0.893791161960467
3.21274041058651	-3.10991930119358	-0.0498507405951045	-0.0245640422906966	-1.53850194144702	0.68287673971547	0.707826808706773
3.22274041058651	-3.12410442100778	-0.0436989844845945	-0.0182497355253926	-1.30277677979653	0.552092963912631	0.560757354778579
3.23274041058651	-3.13605241942057	-0.0387245925904689	-0.0132466012448223	-1.09024916022679	0.446507515499496	0.444390360360176
3.24274041058651	-3.14597179375831	-0.0347010051545016	-0.00928113610004891	-0.896388093904239	0.361213103856303	0.352276225765965
3.25274041058651	-3.15403042006374	-0.0314456745790355	-0.00613722329634949	-0.717566132040191	0.292278052171321	0.27933267040794
3.26274041058651	-3.16036360805853	-0.0288113600569581	-0.00364398714369489	-0.550871006561221	0.236544323642294	0.221551014644871
3.27274041058651	-3.16508049644903	-0.0266792039920914	-0.00166625091157018	-0.393960025987439	0.191470993269187	0.175766672245489
3.28274041058651	-3.16826915678655	-0.0249531986600083	-9.70299647724452e-05	-0.244946024613002	0.155011291959937	0.139479557717632
3.29274041058651	-3.17000068142753	-0.0235557496557948	0.00114838105242656	-0.102307260119221	0.125515181344962	0.110713279325262
3.30274041058651	-3.17033246668999	-0.0224241108346321	0.00213707016778506	0.0351841665780167	0.101651719155896	0.0879045424778544
3.31274041058651	-3.16931085549312	-0.0215075150145055	0.00292218682946384	0.168519384413062	0.0823469595732044	0.0698161516479554
3.32274041058651	-3.16697326869099	-0.0207648619331189	0.00354584678800962	0.298498366565308	0.066734149419472	0.0554684932177788
3.33274041058651	-3.16334992744826	-0.0201628535326101	0.00404142721711815	0.425766441978799	0.0541137103270105	0.0440855215306142
3.34274041058651	-3.15846524812217	-0.0196744889231402	0.00443538096007626	0.550843546838117	0.0439210386091123	0.0350521451345389
3.35274041058651	-3.1523389747116	-0.0192778489158098	0.00474867127634108	0.674147669588178	0.035700566807736	0.0278805855395787
3.36274041058651	-3.14498710095933	-0.0189551139183311	0.00499790691445786	0.796013642688005	0.0290848500493018	0.0221838049164186
3.37274041058651	-3.13642262387918	-0.0186917700586156	0.00519624042708431	0.91670819972689	0.0237776903118286	0.0176545075714135
3.38274041058651	-3.12665616225155	-0.0184759672471458	0.00535407935295718	1.03644203189724	0.0195405090375619	0.0140485392723187
3.39274041058651	-3.11569646704865	-0.0182979999728247	0.00547964943223466	1.15537943167792	0.0161813351446394	0.0111717586265052
3.40274041058651	-3.10355084547444	-0.0181498873098572	0.00557944078450696	1.27364599546467	0.0135459002700916	0.00886965103998001
3.41274041058651	-3.09022551606603	-0.0180250331784496	0.00565856148628109	1.39133476437368	0.0115104327600349	0.00701911009407496
3.42274041058651	-3.07572590889415	-0.0179179515735983	0.00572101786424168	1.50851110860357	0.00997582172189218	0.00552193258898876
3.43274041058651	-3.06005691611588	-0.0178240512110199	0.00576993477753379	1.62521497972981	0.00886470641362357	0.00430025611867804
3.44274041058651	-3.04322313109254	-0.0177394369093124	0.00580773760549003	1.74146855555099	0.00811249681312989	0.00329082969507813
3.45274041058651	-3.02522902762386	-0.0176607822725969	0.00583628725761191	1.85727449150589	0.00766892623349218	0.00244327168802936
3.46274041058651	-3.00607914013143	-0.0175852053776279	0.00585699349476701	1.97261964620706	0.00749345968658186	0.00171687429655186
3.46512006750326	-3.00135240662362	-0.0175673780702234	0.00586089057861539	2	0.00748433943580598	0.00155709212951209
3.47512006750326	-2.98077831641054	-0.0174921374474086	0.0058733032506939	2.1147350225427	0.0075961541729615	0.000935726753830664
3.48512006750326	-2.95905955587462	-0.0174147239183292	0.00587980679261084	2.22892048535613	0.00792097372129674	0.000373036384015517
3.49512006750326	-2.93620188976623	-0.0173331167442784	0.00588087731075315	2.3425068631944	0.00843052385462099	-0.00015430908872764
3.50512006750326	-2.91221167373653	-0.017245518210043	0.00587679194675989	2.45541809156236	0.00911675503172611	-0.000660734039214404
3.51512006750326	-2.88709604843369	-0.0171502327821221	0.00586768695032616	2.56757271219817	0.00996782328278848	-0.00115978191604964
3.52512006750326	-2.86086304069834	-0.0170456532154077	0.0058535810375815	2.67888128543769	0.0109707533650732	-0.00166352427323099
3.53512006750326	-2.83352162293318	-0.0169302958748836	0.00583438364612249	2.78923367633133	0.0121255310498248	-0.00217848278252875
3.54512006750326	-2.80508189791835	-0.0168026964841544	0.00580993794398796	2.89852094108137	0.0134204219010685	-0.00271355285364395
3.55512006750326	-2.77555515049574	-0.0166614562641725	0.0057800205539186	3.0066224018939	0.0148464356273059	-0.0032755397640676
3.56512006750326	-2.74495391493121	-0.0165052705114731	0.00574434579034362	3.11339792360447	0.0164060390819288	-0.00386657584016148
3.57512006750326	-2.71329212491947	-0.0163328633900343	0.00570259417705492	3.21870337637647	0.018095935076806	-0.00448960160440492
3.58512006750326	-2.68058520279831	-0.0161429891797118	0.00565442200701045	3.32239093280918	0.019906962306762	-0.0051484243637754
3.59512006750326	-2.64685013494699	-0.0159344461867862	0.00559946704142698	3.4243069582687	0.0218268043166378	-0.00584687378840122
3.60512006750326	-2.6121055123684	-0.0157061258032671	0.00553734404816062	3.52428204063918	0.0238516348375642	-0.00658509707422351
3.61512006750326	-2.57637162658101	-0.0154569942425405	0.00546765987771425	3.62213758750192	0.0259792934491621	-0.00736179170939765
3.62512006750326	-2.53967055385722	-0.0151860809447384	0.00539002571030745	3.71769116555677	0.0282039950330808	-0.00817584045850364
3.63512006750326	-2.50202621160207	-0.0148924906027653	0.00530406300497492	3.8107565298483	0.0305171292160267	-0.00902605092149753
3.64512006750326	-2.46346440650753	-0.014575415444188	0.00520940941596653	3.90114384432521	0.032907976091264	-0.00991092899084652
3.65512006750326	-2.42401287349902	-0.014234147562255	0.0051057246560172	3.9886600754473	0.0353643582038443	-0.0108284778798712
3.66512006750326	-2.38370130474211	-0.0138680908230398	0.00499269638525173	4.07310960593572	0.0378731733304381	-0.0117760438937223
3.67512006750326	-2.34256136825956	-0.013476771596374	0.00487004623093213	4.15429518040807	0.0404206774315341	-0.0127502502932217
3.68512006750326	-2.30062671410554	-0.0130598494258074	0.00473753551205541	4.23201884953886	0.0429928840833509	-0.0137469038959906
3.69512006750326	-2.25793296733234	-0.0126171273978754	0.00459497064156059	4.30608290356919	0.0455760802678111	-0.0147608790736158
3.70512006750326	-2.21451771025753	-0.012148558415741	0.00444220921611263	4.37629163598341	0.0481565017398828	-0.0157862929650004
3.71512006750326	-2.17042045369819	-0.0116542469175139	0.00427916670020238	4.44245397650366	0.0507191076094505	-0.0168169824313063
3.72512006750326	-2.12568258780414	-0.0111344559027796	0.00410582064447455	4.50438457538741	0.0532481484849538	-0.0178464103549574
3.73512006750326	-2.08034731862844	-0.0105896119232941	0.0039222145682256	4.56190503885622	0.0557275999169514	-0.0188676377194277
3.74512006750326	-2.03445959769585	-0.0100202996465403	0.00372846376752411	4.61484725853762	0.0581392574199952	-0.0198740657979757
3.75512006750326	-1.9880660178614	-0.00942727601060191	0.00352475410964999	4.66305162802248	0.060466554376678	-0.0208583417344039
3.76512006750326	-1.94121471157535	-0.00881146367019967	0.00331134550496042	4.70636971393843	0.0626933409291826	-0.0218129014890628
3.77512006750326	-1.89395523173959	-0.00817394653745427	0.00308857329498318	4.74466591033063	0.0648037356626473	-0.0227301751259062
3.78512006750326	-1.8463384179969	-0.00751596504457708	0.00285684817517867	4.77781861735447	0.0667824155324081	-0.0236026559888665
3.79512006750326	-1.79841625108457	-0.00683890926409329	0.00261665515814337	4.80572137356473	0.068614835415394	-0.0244229952438407
3.80512006750326	-1.75024169625787	-0.00614431011284908	0.00236855149911523	4.82828388264409	0.0702874179453651	-0.0251841053777559
3.81512006750326	-1.70186853707653	-0.00543382879137556	0.0021131635598377	4.84543290347427	0.0717877247144663	-0.0258792656734813
3.82512006750326	-1.6533512010509	-0.00470924460768387	0.00185118262077321	4.85711298323631	0.0731046103925261	-0.0265022257298778
3.83512006750326	-1.60474457880304	-0.00397244135338547	0.00158335967920323	4.86328701860872	0.0742283584517503	-0.0270473040997237
3.84512006750326	-1.55610383852277	-0.00322539242290225	0.00131049929591445	4.86393663398921	0.0751507965610129	-0.0275094795058005
3.85512006750326	-1.50748423758978	-0.00247014488737724	0.00103345257668118	4.85906236921888	0.0758653898588027	-0.0278844723382616
3.86512006750326	-1.45894093328958	-0.00170880275148337	0.000753109396292781	4.84868367287552	0.0763673107293291	-0.0281688143861651
3.87512006750326	-1.41052879457239	-0.000943509632794336	0.000470389991815742	4.83283870086272	0.0766534842158177	-0.0283599050564286
3.88512006750326	-1.36230221678778	-0.000176431109464945	0.000186236067480969	4.81158392369162	0.0767226087385072	-0.0284560526902474
3.89512006750326	-1.31431494127626	0.000590263017305955	-9.83984345161855e-05	4.78499354943597	0.0765751523085474	-0.0284564999916323
3.90512006750326	-1.26661988161181	0.00135441630394394	-0.000382556735336065	4.75315877273333	0.0762133249227929	-0.0283614330204869
3.91512006750326	-1.21926895816998	0.00211390285534163	-0.00066528862775966	4.71618686330578	0.0756410282744323	-0.0281719736562972
3.92512006750326	-1.17231294254724	0.00286664390628601	-0.000945659727551462	4.67420011019375	0.0748637843109905	-0.0278901558898038
3.93512006750326	-1.12580131318386	0.00361062359092663	-0.00122276040982919	4.62733464015998	0.0738886445078213	-0.0275188867312257
3.94512006750326	-1.07978212334874	0.00434390371783567	-0.00149571428224514	4.57573913047536	0.0727240819981849	-0.0270618929183749
3.95512006750326	-1.03430188243578	0.00506463739071826	-0.00176368606038603	4.51957343750661	0.0713798689094235	-0.0265236549521116
3.96512006750326	-0.989405451303828	0.00577108133910026	-0.00202588872753868	4.45900716317715	0.0698669413989816	-0.0259093302690576
3.97512006750326	-0.945135952170247	0.00646160684872827	-0.00228158988019104	4.39421818147339	0.0681972549673777	-0.0252246675741256
3.98512006750326	-0.901534693348299	0.00713470920736597	-0.00253011718161823	4.32539114674747	0.0663836326506889	-0.0244759144941742
3.99512006750326	-0.858641108905078	0.00778901560760871	-0.00277086286789505	4.25271600466937	0.0644396086681653	-0.0236697207778324
4.00512006750326	-0.816492713114515	0.00842329147376543	-0.00300328727294015	4.17638652536396	0.0623792700258321	-0.0228130392579071
4.01512006750326	-0.775125069392647	0.00903644520432464	-0.00322692136103281	4.09659887660198	0.0602170984607408	-0.0219130267169108
4.02512006750326	-0.734571773233227	0.00962753134464019	-0.00344136827601583	4.01355025297389	0.0579678149579166	-0.0209769466610636
4.03512006750326	-0.694864448973122	0.0101957527428183	-0.00364630378518041	3.92743769839544	0.0556460902556607	-0.0200121204249104
4.04512006750326	-0.656032753476558	0.0107404548331668	-0.00384147769151828	3.8384554809356	0.0532679773302489	-0.0190253295687343
4.05512006750326	-0.618104406287214	0.0112611350421818	-0.00402670951990859	3.74679651017906	0.0508479179770577	-0.01802365978904
4.06512006750326	-0.581105218704413	0.0117574375314084	-0.00420188738885064	3.65265066180538	0.0483993381784935	-0.0170141911380081
4.07512006750326	-0.545059130669527	0.0122291444795979	-0.00436696683521367	3.55620266660586	0.0459358575855831	-0.0160035033761781
4.08512006750326	-0.509988262188716	0.0126761727344192	-0.00452196710148177	3.4576316539141	0.043470772191194	-0.0149977551992862
4.09512006750326	-0.475912972307685	0.0130985692955222	-0.004666966984546	3.35711075744005	0.0410165977767898	-0.0140027542983949
4.10512006750326	-0.442851923358568	0.01349650437633	-0.00480210071986098	3.25480645398321	0.0385850433839538	-0.0130239020049118
4.11512006750326	-0.410822150668135	0.0138702635503729	-0.00492755358102845	3.15087796279551	0.0361870446430894	-0.0120661328755182
4.12512006750326	-0.379839137140482	0.0142202395841832	-0.00504355715486301	3.04547681548956	0.0338327295679987	-0.0111338888548614
4.13512006750326	-0.349916891529928	0.0145469238401161	-0.00515038444957086	2.93874653409208	0.0315313814365391	-0.0102311064099583
4.14512006750326	-0.321068029382048	0.0148508972549359	-0.00524834494672077	2.83082238425852	0.0292914293242056	-0.00936120633117787
4.15512006750326	-0.293303855820693	0.0151328210558941	-0.00533777965663513	2.72183120848788	0.0271204536009125	-0.00852708934930478
4.16512006750326	-0.266634449413304	0.0153934273614282	-0.00541905623234936	2.61189134184402	0.0250251957496362	-0.00773113984117759
4.17512006750326	-0.241068746381915	0.0156335097728793	-0.00549256419777268	2.50111260462015	0.0230115705794087	-0.00697523712311338
4.18512006750326	-0.216614624489585	0.0158539140508959	-0.00555871033818826	2.38959636536466	0.0210846799018386	-0.00626077349868722
4.19512006750326	-0.193278986183332	0.0160555291696702	-0.00561791424683178	2.27743571734416	0.0192487709885669	-0.00558869438454906
4.20512006750326	-0.17106783923158	0.0162392774490575	-0.00567060438598954	2.16471543502392	0.0175075061000417	-0.0049594502917543
4.21512006750326	-0.149986376845325	0.0164061066043623	-0.00571721402321943	2.05151236495244	0.0158638004278014	-0.00437308125030018
4.22512006750326	-0.13003905543547	0.0165569821571071	-0.00575817736301999	1.93789586561873	0.0143196541550283	-0.00382931503013997
4.23512006750326	-0.111229675128544	0.0166928864142302	-0.00579392419672506	1.82392976690447	0.0128743211373169	-0.00332819822082509
4.24512006750326	-0.0935614440847054	0.0168148031286075	-0.00582487928191198	1.70967081619423	0.0115264544449562	-0.00286943342920565
4.25512006750326	-0.0770370452477372	0.0169237090513443	-0.00585145988631436	1.59516870667001	0.0102745071578707	-0.0024523067322754
4.26512006750326	-0.0616587008802346	0.017020567454033	-0.00587407326835145	1.48046648679126	0.00911672923075033	-0.00207573377701979
4.27512006750326	-0.0474282331022131	0.0171063218314703	-0.0058931145308987	1.36560091851505	0.00805124125155318	-0.00173827843709942
4.28512006750326	-0.0343471206103658	0.0171818901562237	-0.00590896471518861	1.25060287049396	0.00707608423394346	-0.00143817734327307
4.29512006750326	-0.0224165514438814	0.017248159669264	-0.00592198912256574	1.13549774102268	0.00618924772044412	-0.00117336910089376
4.30512006750326	-0.0116374739097775	0.0173059846777934	-0.0059325351075292	1.02030650595656	0.00538800535801881	-0.000941745168276112
4.31512006750326	-0.0020106483247593	0.0173561904199786	-0.00594092850766519	0.905048127934135	0.00466672885966673	-0.00074187849602101
4.32512006750326	0.00646332374073089	0.0173995568683603	-0.00594747620090009	0.789737047763735	0.00402022423362185	-0.000571979675831485
4.33512006750326	0.013783963168219	0.0174368156740213	-0.00595246500687376	0.674383748691107	0.00344362301820495	-0.000429970372457578
4.34512006750326	0.0199508819447268	0.0174686468152008	-0.00595616100164192	0.558995162434343	0.00293245185422573	-0.000313488462786262
4.35512006750326	0.0249637534097657	0.0174956787138001	-0.00595880812636182	0.443575827695749	0.0024818577199529	-0.000220152908211119
4.36512006750326	0.0288222897315685	0.0175184854865148	-0.00596062779363366	0.328128287557602	0.00208668707446901	-0.000147556630960499
4.37512006750326	0.0315262215035738	0.0175375870640956	-0.00596181774156342	0.212654112365668	0.001740862925851	-9.34937551159926e-05
4.38512006750326	0.0330752855433013	0.0175534453508183	-0.00596255232440345	0.0971539033641439	0.0014379042015607	-5.58027140199008e-05
4.39512006750326	0.0334692171589348	0.0175664606002529	-0.00596298284404811	-0.0183727085866564	0.00117145016693593	-3.22096404008353e-05
4.40512006750326	0.0327077449420605	0.0175769701869745	-0.00596323728646176	-0.13392653865927	0.000935194531571695	-2.03606371962916e-05
4.41512006750326	0.0307905908345453	0.0175852466832645	-0.0059634203818877	-0.249508538918879	0.000723060632345191	-1.7772136243024e-05
4.42512006750326	0.0277174741092123	0.0175914967631964	-0.00596361346669754	-0.365119331644581	0.000529200004164681	-2.1841142148285e-05
4.43512006750326	0.0234881146787934	0.0175958660867799	-0.00596387255380996	-0.4807573382945	0.000346416040541793	-3.0373984393167e-05
4.44512006750326	0.0181022502420151	0.0175984338865997	-0.00596422974473641	-0.596419438589212	0.000167426117857729	-4.11708950744466e-05
4.45512006750326	0.0115596574447428	0.0175992082815065	-0.00596469439379237	-0.71210148752077	-1.40346216771875e-05	-5.16711250855582e-05
4.46512006750326	0.00386017186141363	0.0175981281500013	-0.00596525225004019	-0.827797284936628	-0.00020384457610257	-5.91742219951421e-05
4.47512006750326	-0.00499629442086159	0.0175950729602565	-0.00596586238427341	-0.943495675107921	-0.000410224760428171	-6.17306769816793e-05
4.48512006750326	-0.0150097082156215	0.017589847540967	-0.00596646174804233	-1.05918372590716	-0.000639646942565239	-5.68090763927876e-05
4.49512006750326	-0.0261798828493505	0.0175821857782951	-0.00596696387940895	-1.17484538715793	-0.000897813682456614	-4.16409581879841e-05
4.50512006750326	-0.0385064504237951	0.017571764814624	-0.0059672549344201	-1.29045769316856	-0.00119339645871096	-1.44188541362486e-05
4.51512006750326	-0.051988793993658	0.017558179431454	-0.00596720122558017	-1.40599658394474	-0.00153098303581355	2.7953198749267e-05
4.52512006750326	-0.0666260248188471	0.0175409722465822	-0.00596664072211179	-1.52142939233776	-0.00191899194825971	8.73066706163297e-05
4.53512006750326	-0.0824169093527702	0.0175196126101285	-0.00596538963603137	-1.63671973343889	-0.00236367717669048	0.000166127999896561
4.54512006750326	-0.0993598116485134	0.0174934978205042	-0.00596324233275299	-1.75182710859861	-0.00286907196591129	0.000267527894193751
4.55512006750326	-0.11745265854513	0.0174619849232953	-0.00595996323128765	-1.86669930364724	-0.00344503350750915	0.000392684044190901
4.56512006750326	-0.136692837489415	0.0174243516124189	-0.00595529883810293	-1.9812818909637	-0.00409610905922358	0.00054436602559615
4.57512006750326	-0.157077138241253	0.0173798110007716	-0.00594897435102284	-2.09551493111049	-0.00482478633141893	0.000725832323283007
4.58512006750326	-0.178601713819719	0.0173275524537323	-0.00594068395983141	-2.20932361579425	-0.005641571729656	0.000937643018289709
4.59512006750326	-0.201261949952135	0.0172666836880664	-0.00593010881672019	-2.32263269870041	-0.00654840187673825	0.001182886771654
4.60512006750326	-0.225052418265887	0.0171962706737531	-0.00591690745049097	-2.43535766455408	-0.00754819672266892	0.00146406167426496
4.61512006750326	-0.24996681457602	0.0171153642309207	-0.00590071146954003	-2.54739933252437	-0.0086506066501319	0.00178129484120969
4.62512006750326	-0.275997816199693	0.0170229384413723	-0.00588114516123623	-2.65865971120764	-0.00985395538302648	0.0021379643746412
4.63512006750326	-0.303137042455099	0.0169179473372529	-0.00585781267079205	-2.76902978276652	-0.0111587459453379	0.0025363448113505
4.64512006750326	-0.331374990768005	0.0167993559470011	-0.00583029374611966	-2.87838370079104	-0.0125740385573034	0.00297561382898061
4.65512006750326	-0.36070089721446	0.0166660873887427	-0.00579816247144054	-2.98659325437289	-0.0141011545377406	0.00345692778858458
4.66512006750326	-0.391102651224738	0.0165170310089862	-0.00576098961752106	-3.09352797972245	-0.0157335715069611	0.00398338746470835
4.67512006750326	-0.422566751569147	0.0163510962816046	-0.00571833255071496	-3.19904457952186	-0.0174689090934863	0.00455615270317518
4.68512006750326	-0.455078235371631	0.0161672348021937	-0.00566973552049937	-3.30298426038141	-0.019312131200452	0.00517344749222484
4.69512006750326	-0.488620558824481	0.0159644053383214	-0.00561474554346432	-3.40518386936962	-0.0212633652974293	0.00583434465927327
4.70512006750326	-0.523175522849183	0.0157415856193561	-0.00555291578022734	-3.50547608839756	-0.0233181164133897	0.00653863412845268
4.70524078678197	-0.523598775598484	0.0157387712389921	-0.00555212531459252	-3.50667405350687	-0.0233439767945549	0.00654725804558855
4.71524078678197	-0.590695617130033	0.0505861267004387	0.0143125692659986	-9.26258823098528	6.25940285752234	3.83490372435493
4.72524078678197	-0.685185003617133	0.114288900975335	0.0646646509304081	-9.12143554137339	5.9166491935986	5.69547495237353
4.73524078678197	-0.770789110951131	0.16654014267511	0.12054137137962	-8.0363210205422	4.58172161824599	5.31332612534292
4.74524078678197	-0.846886122586463	0.207091179535217	0.169455264294749	-7.22684385008523	3.57942078692601	4.45006636603375
4.75524078678197	-0.916025574803559	0.238933715419634	0.209597215061573	-6.62950541917472	2.82151890689549	3.5947386809087
4.76524078678197	-0.979943586792825	0.264052191148764	0.241772318712527	-6.17421550339864	2.22498635687882	2.86330350432667
4.77524078678197	-1.03985236741127	0.283822398412969	0.267317910935645	-5.82288417009146	1.74654223780542	2.26737758044978
4.78524078678197	-1.09666874503303	0.299289568471806	0.28751742424847	-5.55253067966269	1.36089034828995	1.79066490596917
4.79524078678197	-1.15111688921949	0.311288880152548	0.30345814194036	-5.34681033338467	1.05035636335034	1.4121819299921
4.80524078678197	-1.2037766364108	0.320500057542813	0.31602389973797	-5.19289748165257	0.801166772598142	1.11272107921945
4.81524078678197	-1.25511185855773	0.327478443454461	0.325922021670047	-5.08029553715398	0.602072673140675	0.876243758848138
4.82524078678197	-1.30549077188046	0.332676917899491	0.333715102455972	-5.00030244494278	0.443757019683792	0.689779360841082
4.82594229476017	-1.30899693899576	0.332984809094612	0.334194954315929	-4.99571207090175	0.433964373500628	0.678291420675644
4.83594229476017	-1.33165158269893	0.306825721516964	0.321845857927509	0.255525286500503	-5.42760927291385	-3.12412922384149
4.84594229476017	-1.32358245667389	0.246541679121814	0.276594638332648	0.69636304381793	-5.90033095702353	-5.31797058633032
4.85594229476017	-1.32232366348766	0.193752325152929	0.223962247301271	-0.463016411392425	-4.64246110824162	-5.02102372383902
4.86594229476017	-1.332211591591	0.152932111378954	0.177798381701769	-1.4689266012056	-3.57353529787052	-4.19070379010346
4.87594229476017	-1.35086649874518	0.121347327466446	0.14008525386996	-2.22679183734686	-2.78221630239313	-3.36870644779461
4.88594229476017	-1.37613795077566	0.0966247290382238	0.110002969138751	-2.80258679756217	-2.18903969395421	-2.67016204672645
4.89594229476017	-1.40648159299733	0.0771026498682793	0.0862365399816059	-3.24777894833624	-1.73464034055484	-2.10384421385325
4.90594229476017	-1.44076723098845	0.0615928499158728	0.0675417484377627	-3.59526350960934	-1.3817744111305	-1.65244085662722
4.91594229476017	-1.47813472146916	0.0492110252142051	0.0528740486145462	-3.86716218221574	-1.10569065598191	-1.29508970111576
4.92594229476017	-1.51791140896714	0.039281808731638	0.0413891505531964	-4.07933420182408	-0.88878416855084	-1.01303317817485
4.93594229476017	-1.55956193025814	0.0312818183647465	0.0324144758278616	-4.24363159626522	-0.717970554092905	-0.790726466715849
4.94594229476017	-1.60265486139354	0.024802171821343	0.0254174068062153	-4.36913792908242	-0.583266021514133	-0.61565794163538
4.95594229476017	-1.64683906022275	0.0195220453011366	0.019977249675577	-4.46292160218349	-0.476935115577175	-0.477872673532961
4.96594229476017	-1.69182615688114	0.0151891533669091	0.0157621209383826	-4.53053544874416	-0.392931160356923	-0.369488647776837
4.97594229476017	-1.73737725252946	0.0116049250068632	0.012510365814166	-4.57636988390067	-0.326503588872609	-0.28427944342415
4.98594229476017	-1.78329265749206	0.00861305079366808	0.0100157699058074	-4.60391346816738	-0.273909635940404	-0.217332581944034
4.99594229476017	-1.82940390307553	0.00609054197264221	0.00811584188987606	-4.61595048303542	-0.232196358814166	-0.164775263352468
4.99663374455206	-1.83259571459405	0.00593087152594716	0.00800301278152789	-4.61626977816611	-0.229651173442974	-0.161590962847131
5.00663374455206	-1.84871926830418	-0.0295773558194873	-0.0136284519376249	0.925843024113766	-6.3461564463425	-4.06823436867276
5.01663374455206	-1.83756117901893	-0.0945946087795262	-0.0660308305677156	0.739389237258999	-6.03542644464508	-5.80790794172272
5.02663374455206	-1.83631768087918	-0.14782537794032	-0.122505466542549	-0.449309655135305	-4.66242603755588	-5.33657442633947
5.03663374455206	-1.84546720046436	-0.189100298966109	-0.171475591454495	-1.33198307380082	-3.64742821364685	-4.4427692034296
5.04663374455206	-1.86216021384344	-0.221656709044971	-0.211475597441616	-1.97466445155498	-2.89853708826026	-3.57534920707801
5.05663374455206	-1.88441922274324	-0.247650184026997	-0.243425908710683	-2.45442431922119	-2.32410845072299	-2.83838103377263
5.06663374455206	-1.91085484457972	-0.268549503415491	-0.268709781074395	-2.81545996475809	-1.87355435504061	-2.24035694841796
5.07663374455206	-1.94042361662247	-0.285433268687624	-0.288638887176067	-3.08472200317046	-1.51698640649997	-1.76390149045532
5.08663374455206	-1.97230676765391	-0.299133816118298	-0.304320851520044	-3.28104438465462	-1.23400354801486	-1.38740924657654
5.09663374455206	-2.00584936284529	-0.310307433724676	-0.316654112508554	-3.41872008224912	-1.00936478141394	-1.09112956702969
5.10663374455206	-2.04052353049731	-0.319475656913707	-0.326355379107087	-3.50904210754981	-0.831157029332218	-0.858527976872469
5.11663374455206	-2.07590273688754	-0.327053567281787	-0.333992019735613	-3.56108378512791	-0.689889679260891	-0.676212507129316
5.12663374455206	-2.11164213271456	-0.333371129861142	-0.340011381601137	-3.58217495952543	-0.57795595142763	-0.533488729037965
5.13663374455206	-2.14746289440967	-0.338690057773488	-0.344765317592811	-3.57824082209162	-0.489257381331626	-0.421874556864954
5.14663374455206	-2.18313954803835	-0.343217394015048	-0.348530092011044	-3.55406594144173	-0.418915036140161	-0.334668178920931
5.15663374455206	-2.21848967101138	-0.347116503177596	-0.351522320524352	-3.51350856089401	-0.363036936464969	-0.26658738600123
5.16663374455206	-2.25336553878712	-0.350515957201898	-0.35391164694327	-3.45967676261888	-0.318527702724848	-0.21347621081251
5.17663374455206	-2.2876473715623	-0.353516694527289	-0.355830783323916	-3.39507328118233	-0.282932458104377	-0.172069234137844
5.18663374455206	-2.32123789339809	-0.356197765531765	-0.357383439366832	-3.32171395681985	-0.254309309584191	-0.139803532479408
5.19663374455206	-2.35405796167623	-0.358620926111589	-0.358650571693013	-3.24122401776909	-0.231125758666412	-0.114669325072956
5.20663374455206	-2.38604306396493	-0.360834298138562	-0.359695301017653	-3.15491586453343	-0.212175031110677	-0.0950917570991788
5.21663374455206	-2.41714051380938	-0.362875278120179	-0.360566776312877	-3.06385157685146	-0.196508841680865	-0.0798375735243595
5.22663374455206	-2.44730720696427	-0.364772843028068	-0.361303208530069	-2.96889292691874	-0.183383599261054	-0.0679415952036424
5.23663374455206	-2.47650782529849	-0.366549374643143	-0.361934250617426	-2.87074126307555	-0.172217516661906	-0.0586488893524949
5.24663374455206	-2.50471339726918	-0.368222100548215	-0.362482863693286	-2.76996923995995	-0.16255650915874	-0.0513693408501545
5.25663374455206	-2.53190014184799	-0.369804230645333	-0.362966779751493	-2.6670460242238	-0.154047138252968	-0.0456419982059272
5.26663374455206	-2.5580485375289	-0.371305852292955	-0.363399647817061	-2.5623573039258	-0.146415178981506	-0.0411071094156172
5.27663374455206	-2.58314257001406	-0.37273463434301	-0.36379193188137	-2.45622117459133	-0.139448661248665	-0.0374841986294944
5.28663374455206	-2.60716912180829	-0.374096380030558	-0.364151614263076	-2.34890076256818	-0.132984461895752	-0.0345548829251885
5.29129207272992	-2.61799387799162	-0.374709174387119	-0.364309805783108	-2.29857728483375	-0.130095587566674	-0.0333752796278151
5.30129207272992	-2.66060021312376	-0.353800311026107	-0.347174304627303	-6.25970040491046	4.35602700009549	3.47805791275572
5.31129207272992	-2.73515863836179	-0.296494271156854	-0.297528825507906	-7.73484912084648	6.09220673609629	5.80642462121423
5.32129207272992	-2.80750083560471	-0.240474739997313	-0.240292406553142	-6.65075001097131	5.02333150700003	5.43913566636924
5.33129207272992	-2.86829639930706	-0.195856001019703	-0.190418605129411	-5.54607470803403	3.94285052010582	4.5175446739218
5.34129207272992	-2.91920306530718	-0.160751046090539	-0.149798393004712	-4.66901704298792	3.11523615320948	3.62699763973233
5.35129207272992	-2.96228575235876	-0.132884681168071	-0.117385146798139	-3.97132650407006	2.48392162181157	2.88059924302037
5.36129207272992	-2.99906389180966	-0.110600879189967	-0.0916932107919782	-3.40169344011911	1.99165311072978	2.28011757310281
5.37129207272992	-3.03064070291983	-0.0927039221889426	-0.0713677558337479	-2.92692614792664	1.60206016626258	1.80333204497799
5.38129207272992	-3.05784807919807	-0.0782938210964308	-0.0552926978726112	-2.52491005957565	1.29115657066815	1.42635541938407
5.39129207272992	-3.08133074246712	-0.0666731050612307	-0.0425760812764018	-2.17983233015971	1.04186658631448	1.12858850894386
5.40129207272992	-3.10159635629289	-0.057292211693011	-0.0325122375108773	-1.87984553617857	0.841409536958117	0.893355386158603
5.41129207272992	-3.11904838847698	-0.0497140061683296	-0.0245444941810348	-1.61581792983562	0.679928856150664	0.707434368550756
5.42129207272992	-3.13400929567958	-0.0435888411302457	-0.0182338595518266	-1.38059077837485	0.549689113865567	0.560409411882744
5.43129207272992	-3.14673769517327	-0.038636090848896	-0.0132339676524155	-1.16849414633919	0.444556628056994	0.444085132836568
5.44129207272992	-3.1574414781683	-0.0346300316049331	-0.00927133929218952	-0.975008300902988	0.359637308090088	0.352010373170803
5.45129207272992	-3.1662880159549	-0.0313888316205971	-0.00612989321793834	-0.796515257257892	0.291010833992247	0.279102226027647
5.46129207272992	-3.17341219867581	-0.0287658618696689	-0.0036387928625009	-0.630110602790266	0.23552894713953	0.221351973026419
5.47129207272992	-3.17892281574139	-0.0266427867305612	-0.00166289943672493	-0.47345803618601	0.19065912307432	0.175595334417076
5.48129207272992	-3.18290764594219	-0.0249240432602915	-9.52623755068714e-05	-0.324675439943934	0.154361781886886	0.139332713883862
5.49129207272992	-3.18543753273346	-0.023532415817791	0.00114879480726107	-0.182244890647599	0.124993009014553	0.110588286582759
5.50129207272992	-3.1865696557434	-0.0224054808608124	0.00213633693818132	-0.0449411840627996	0.101227052778358	0.0877993374246894
5.51129207272992	-3.18635016274603	-0.0214927462826052	0.00292049587890406	0.0882251395534747	0.0819943455428957	0.0697292247686761
5.52129207272992	-3.18481629125295	-0.0207533468738876	0.00354337505787074	0.218053318709131	0.0664318101370446	0.055398842729083
5.53129207272992	-3.18199808200513	-0.0201541860793678	0.00403834409054896	0.345188798811219	0.0538429418606883	0.0440325980074064
5.54129207272992	-3.17791976575439	-0.0196684364975733	0.00443185246707073	0.470152408259024	0.0436656979692149	0.0350157939048577
5.55129207272992	-3.17260088831902	-0.0192743291118075	0.00474486373730747	0.593363735994401	0.0354466389294184	0.0278609909349557
5.56129207272992	-3.16605722592396	-0.0189541751400318	0.00499399005099495	0.715159863296663	0.0288200850929533	0.0221814385533547
5.57129207272992	-3.15830153252679	-0.0186935754579461	0.00519238998434024	0.835810367802221	0.0234913025633925	0.0176700816078779
5.58129207272992	-3.14934415260932	-0.0184807813884189	0.00535047928358865	0.955529332925411	0.0192229294654673	0.0140829648116557
5.59129207272992	-3.13919352634078	-0.0183061777265282	0.00547649369145379	1.07448494961152	0.0158240104915291	0.0112261089783678
5.60129207272992	-3.12785660875188	-0.0181618645442897	0.00557693478156535	1.19280718118475	0.0131411323792192	0.00894512928909345
5.61129207272992	-3.11533922033021	-0.0180413188764607	0.00565692323167595	1.31059386953187	0.0110512526231484	0.00711702030133818
5.62129207272992	-3.10164634304835	-0.0179391210527995	0.00572047884501962	1.42791558703507	0.00945589346553726	0.00564365390791721
5.63129207272992	-3.08678236732506	-0.0178507398712438	0.00577074064689114	1.5448179275966	0.00827817855529976	0.00444719693255173
5.64129207272992	-3.07075132726759	-0.0177723349399664	0.0058101486123272	1.66132903655697	0.00745397047104202	0.00346440470495746
5.65129207272992	-3.05355707559384	-0.0177006309422729	0.00584057801654515	1.77745753653837	0.00693377239374137	0.00264499692403585
5.66129207272992	-3.03520346029826	-0.0176327942018164	0.00586345241809631	1.89319606193183	0.00667833115793787	0.00194851210779293
5.67055167292061	-3.01717844054795	-0.0175712568811098	0.00587882487361241	2	0.00664934864955028	0.00138424552308303
