=========================== Parameters =====================================
l1 [m]	l2 [m]	l3 [m]	c1 [m]	c2 [m]	c3 [m]	m1 [kg]	m2 [kg]	m3 [kg]
0.1
0.18
0.4058
0.9
0.5
0.1
0.1564
0.23764
0.1564
============================== Data ========================================
t [s]	th1 [rad]	th2 [rad]	th3 [rad]	th1d [rad/s]	th2d [rad/s]	th3d [rad/s]
0	0	0	0	0	0	0
0.01	-0.000563793894886708	-0.000364238173212947	-0.000130181470304958	-0.113393924618242	-0.0715813716897724	-0.0215709552991883
0.02	-0.00228095803143109	-0.00140155701160662	-0.000384244623623536	-0.230706262063336	-0.13423525127335	-0.0280987923468832
0.03	-0.0051913983326584	-0.00301470082700124	-0.000679924456714509	-0.352058428786561	-0.186647796111112	-0.0307187002392518
0.04	-0.00933560427836519	-0.00509950451412702	-0.000994752417622515	-0.47745067163448	-0.228571593801383	-0.0321164361152896
0.05	-0.0147535608700381	-0.00755177138416672	-0.00132025884068226	-0.606784840706684	-0.260195942363962	-0.0328944970782778
0.06	-0.0214838438169502	-0.0102705478724965	-0.00165093018972662	-0.739879466430762	-0.281963847895703	-0.0331543338099142
0.07	-0.0295628529399937	-0.0131602562188081	-0.00198164186851884	-0.876482973186832	-0.294498773937665	-0.0329026414511274
0.08	-0.0390241741403237	-0.0161322701997409	-0.00230729263547397	-1.01628619686415	-0.298561208360558	-0.0321442830534707
0.09	-0.0498980638899545	-0.0191061047783424	-0.00262290934229387	-1.15893436177815	-0.295013343990424	-0.0309009883928107
0.1	-0.0622110503137106	-0.0220102715353275	-0.00292382450663954	-1.30403839694513	-0.284787220351515	-0.0292117278970178
0.11	-0.0759856434857448	-0.0247828287085084	-0.0032058315170173	-1.45118543813779	-0.268855466617982	-0.0271290093736965
0.12	-0.0912401461020913	-0.02737165170311	-0.00346529894085274	-1.59994838113877	-0.248204679431131	-0.0247146848898018
0.13	-0.107988554499339	-0.0297344513442117	-0.00369924444178674	-1.74989438342661	-0.223811624455934	-0.0220361293110764
0.14	-0.126240539131646	-0.0318385689576518	-0.00390537315212285	-1.90059224548974	-0.196622421647261	-0.0191629613668198
0.15	-0.146001493096127	-0.0336605786299102	-0.0040820859934859	-2.05161863582417	-0.167534804625338	-0.0161643076482116
0.16	-0.167272637092006	-0.0351857275348917	-0.00422846319643261	-2.20256315416929	-0.137383471865822	-0.0131065711395217
0.17	-0.190051169284602	-0.0364072450561088	-0.00434422784125868	-2.35303225503556	-0.106928481558669	-0.0100516594783908
0.18	-0.214330448889408	-0.0373255506608702	-0.00442969379639465	-2.50265207771823	-0.0768465855272933	-0.00705562908661357
0.19	-0.24010020285942	-0.0379473891954237	-0.00448570200287074	-2.65107024959666	-0.0477253508925951	-0.00416770349039871
0.2	-0.267346745815038	-0.0382849205626106	-0.00451354864708822	-2.79795674655593	-0.020059880826243	-0.00142962621803816
0.21	-0.29605320426479	-0.0383547887067623	-0.00451490837713119	-2.94300390790642	0.00574808294024174	0.00112468955804701
0.22	-0.326199737192532	-0.0381771925467975	-0.00449175534745015	-3.08592571336695	0.0293889140411283	0.00346925091092232
0.23	-0.357763746200166	-0.037774979041566	-0.00444628452121532	-3.22645643671468	0.0506419639468432	0.00558584942462729
0.24	-0.390720069563844	-0.0371727760064265	-0.00438083531813661	-3.36434879481399	0.0693707929379644	0.00746373329397696
0.25	-0.425041155757979	-0.036396179683429	-0.0042978193679164	-3.49937171215575	0.0855170321371474	0.00909911932118022
0.26	-0.460697213199483	-0.0354710094480081	-0.00419965381604188	-3.63130782000747	0.0990931372454237	0.0104945754285985
0.27	-0.497656334141191	-0.0344226394543722	-0.00408870132993165	-3.75995080603195	0.110174288895715	0.0116583027939626
0.276821625111162	-0.523598775598299	-0.0336493398902966	-0.0040068400637667	-3.84571498553184	0.116366289282316	0.012325723028926
0.286821625111162	-0.563036009700167	-0.0327783942373974	0.010517008290825	-4.0413530868767	0.0581637596278747	2.8915130446678
0.296821625111162	-0.604417408884817	-0.0324455623473195	0.053407566378009	-4.2342472958953	0.0285800546226259	5.45510396595939
0.306821625111162	-0.647700814962074	-0.0313511463252777	0.109736450346193	-4.42159781235436	0.216724221426277	5.50542071882742
0.316821625111162	-0.692835674333933	-0.0278694830206344	0.160724969411442	-4.60476293303828	0.483469464425516	4.64764292650258
0.326821625111162	-0.739784048543711	-0.0216732988876214	0.20258923030057	-4.78429726116758	0.754445785966518	3.74022101446305
0.336821625111162	-0.788508753098403	-0.0128213538920895	0.235991382978626	-4.95996442166389	1.01370621191603	2.96530810620544
0.346821625111162	-0.838968970691837	-0.00144437244340801	0.262395345999315	-5.13131985235366	1.25953863962526	2.33879875461668
0.356821625111162	-0.891119137335645	0.0123287540035387	0.283196298660711	-5.29787118106569	1.49318998506301	1.8407125366797
0.366821625111162	-0.944908719659696	0.0283838147993916	0.299557139790375	-5.45912029201453	1.71614965355308	1.44694866794591
0.376821625111162	-1.00028222739668	0.046619999116116	0.312411989699408	-5.61457501644139	1.92957307697441	1.13631584972491
0.386821625111162	-1.05717929891723	0.0669460697263672	0.322502530583311	-5.76375389702098	2.13422395729453	0.891514911961361
0.396821625111162	-1.1155348273666	0.0892766973447375	0.330415386636529	-5.90619000858039	2.33053221471871	0.698735547030656
0.406821625111162	-1.1752791268837	0.113529493777003	0.336613912660475	-6.04143524711208	2.51866817218567	0.547032080269931
0.416821625111162	-1.23633840592724	0.139623512893114	0.341463162380713	-6.16894344981948	2.698250326906	0.428214318310324
0.426821625111162	-1.29858084726129	0.167326114114423	0.345356863910071	-6.27289327782607	2.8263503201244	0.361667169865186
0.428480322651664	-1.30899693899575	0.172024667679227	0.345951090193117	-6.28628971319683	2.8385532658273	0.355401979862292
0.438480322651664	-1.37146255397176	0.200032572559662	0.333928044252304	-6.20530804233687	2.76232961998141	-2.75560210183037
0.448480322651664	-1.43307032990674	0.22724458816042	0.291123206515437	-6.11456625127228	2.63780203175067	-5.31588803856669
0.458480322651663	-1.49372405114382	0.251916503765693	0.237620897977198	-6.0148441237558	2.2754447972929	-5.1471045769166
0.468480322651664	-1.55334173264834	0.272562999195271	0.190249390813643	-5.90744039277312	1.85084377851976	-4.2978587903274
0.478480322651664	-1.61184786935986	0.288929262699332	0.151636055414494	-5.79253815585105	1.4237504685626	-3.44235359525792
0.488480322651664	-1.66916761839039	0.301077283678684	0.120940363155095	-5.67017707615258	1.00806261340632	-2.72114727902328
0.498480322651664	-1.72522703378379	0.309136313305018	0.0967365730249195	-5.54050717623325	0.6060001836892	-2.14163480927987
0.508480322651664	-1.77995429433308	0.313241492648269	0.0777051377662617	-5.40380035443903	0.217182066663818	-1.68271477677481
0.518350110255099	-1.83259571459405	0.313542252796831	0.0629308315455837	-5.26233528078378	-0.154240162525846	-1.32517464911834
0.528350110255099	-1.88446175128502	0.311580452785301	0.0348574320769937	-5.10969820170063	-0.237545118577439	-4.28553934436051
0.538350110255099	-1.93476906695768	0.308579905152824	-0.0201412650663199	-4.95126883640283	-0.408525925525676	-6.17315110318355
0.548350110255099	-1.98347962101179	0.302707443617685	-0.0802403944771279	-4.79037912558748	-0.780690030715292	-5.66164668462774
0.558350110255099	-2.03056606526882	0.292866023628392	-0.131879422325632	-4.62633885876134	-1.18698289413537	-4.65465823071786
0.568350110255099	-2.07599487690797	0.279022048573041	-0.173564899443632	-4.45885593201873	-1.57790173747483	-3.70682811758874
0.578350110255099	-2.11973236807243	0.261393553374228	-0.206572533429721	-4.28813682116462	-1.94345165813477	-2.92258779234957
0.588350110255099	-2.16174834792437	0.240238708826303	-0.232548222799663	-4.1146419921493	-2.28338288479945	-2.29684385127589
0.598350110255099	-2.20201783488355	0.215805493722166	-0.252950315222436	-3.93893631611331	-2.59944618644129	-1.80329011111253
0.608350110255099	-2.2405216865776	0.188323032498743	-0.268966639575421	-3.76161401547709	-2.89353007695803	-1.41563292520822
0.618350110255099	-2.27724667819897	0.158002578794859	-0.281541704913846	-3.58325951768095	-3.16730124720726	-1.11172735723475
0.628350110255099	-2.31218528070106	0.125039924093133	-0.291420629278662	-3.40442457085989	-3.42219245371608	-0.873768519769663
0.638350110255099	-2.34533525647115	0.0896174575693254	-0.299189561955782	-3.2256137897347	-3.65946234909645	-0.687646581660955
0.648350110255099	-2.37669913769365	0.0519055851985789	-0.305309019158262	-3.04727528410592	-3.88025854369264	-0.542232795061758
0.658350110255099	-2.40628362967656	0.0120635733435677	-0.310140519796122	-2.86979485140875	-4.08566869332583	-0.42876395416661
0.668350110255099	-2.43409870740903	-0.0297606793956878	-0.313968354771229	-2.69368668397366	-4.27620894592917	-0.340809442176868
0.678350110255099	-2.46023732918806	-0.0732063791527638	-0.317166830716412	-2.54172144084448	-4.39044358743176	-0.311610322774437
0.688350110255099	-2.48508511897922	-0.117137048082682	-0.320323137544688	-2.43492080563344	-4.37583659122008	-0.32150141427764
0.698350110255099	-2.5090666893945	-0.160358231630271	-0.323594127970722	-2.36739016428215	-4.25169493232969	-0.331661386606313
0.708350110255099	-2.53254159471212	-0.201867238999512	-0.326927168971802	-2.33245755853884	-4.03641652189546	-0.333391036411111
0.718350110255099	-2.55580186745976	-0.240842322960406	-0.33023077847719	-2.32333819190805	-3.74784333667746	-0.325863290343583
0.728350110255099	-2.57907266219118	-0.276636155665616	-0.333418427726154	-2.33360630302717	-3.40262990199899	-0.310570430793697
0.738350110255099	-2.60248467956332	-0.308853049583521	-0.336356126414323	-2.3484164792624	-3.04096195651528	-0.274008620924226
0.744942074661359	-2.61799387799149	-0.328114172464192	-0.338070963801099	-2.35689011711123	-2.80288211163686	-0.246407796585481
0.754942074661359	-2.64160907776087	-0.355627234961402	-0.325404895741293	-2.36565640591828	-2.6993860217523	2.77680093027507
0.764942074661359	-2.66530033904418	-0.381995823927791	-0.283781010071124	-2.37253585421033	-2.53682871321162	5.11250203133615
0.774942074661359	-2.68905650015139	-0.405576779190474	-0.23232524477664	-2.3782987730292	-2.16033695345627	4.95305611319819
0.784942074661359	-2.71285638413975	-0.425042801712352	-0.186704614489837	-2.38114317384078	-1.7310507294562	4.14240582989352
0.794942074661359	-2.73666874621259	-0.440214957968778	-0.149438507235517	-2.38081385919335	-1.3055018057986	3.32724062166794
0.804942074661359	-2.76046279672893	-0.451205010619971	-0.119717469618594	-2.3775263156387	-0.895193217494866	2.64010329653088
0.814942074661359	-2.78421035253363	-0.458171227995581	-0.0961844643301695	-2.37156266517952	-0.500501684683479	2.08738446727221
0.824942074661359	-2.80788608462067	-0.46126044906994	-0.0775884701429873	-2.36320940974485	-0.119418552822317	1.64892834889393
0.834942074661359	-2.83146753639268	-0.460597471592448	-0.0628993981679981	-2.35275498807896	0.250295406160793	1.30252370541954
0.844942074661359	-2.85493515474574	-0.456285707961032	-0.0512951464351967	-2.34049179329417	0.610649099877255	1.02910495620904
0.854942074661359	-2.8782723282899	-0.448409909804921	-0.0421256615612206	-2.32671541870024	0.963367709334135	0.813292320831949
0.864942074661359	-2.90146540503644	-0.437038859319703	-0.0348781994377239	-2.31172147032756	1.30992724379527	0.642902341373015
0.874942074661359	-2.9245036699089	-0.42222764074358	-0.029148456108732	-2.29580084567178	1.65159794641286	0.508332628875943
0.884942074661359	-2.94737926989677	-0.404019514510905	-0.0246175365973314	-2.27923405201408	1.98947926429642	0.40202273724396
0.894942074661359	-2.97008707887685	-0.38244749443628	-0.0210337966345879	-2.26228485245049	2.3245243372258	0.318018511749582
0.904942074661359	-2.99262449606326	-0.357535727479008	-0.0181985690225752	-2.24519335535396	2.6575552640015	0.251628007341741
0.914942074661359	-3.0149911726945	-0.329300760035536	-0.0159549466794125	-2.22816857211749	2.98927078928428	0.199151397277093
0.924942074661359	-3.0371885440451	-0.297753108220556	-0.0141785087942477	-2.21131616159007	3.32006877265595	0.157785671106416
0.934942074661359	-3.05921627444667	-0.262907233730244	-0.012764213512861	-2.19192218708783	3.6423280578753	0.132285860252498
0.944942074661359	-3.08088573275923	-0.225299709914744	-0.0112974061468484	-2.13434080942817	3.85863307634023	0.166246164764325
0.954942074661359	-3.10175655819909	-0.186122070388378	-0.00941668840957265	-2.03281861834609	3.95857364276554	0.208848504465743
0.964942074661359	-3.12140895960951	-0.146474449946519	-0.00715907593955381	-1.89136968742834	3.95464468910387	0.240413626958443
0.974942074661359	-3.13946585639203	-0.107334528666559	-0.00465517024129543	-1.71450446372008	3.85912568472724	0.258123284161573
0.984942074661359	-3.15560382956197	-0.0695358009987619	-0.00205454244111998	-1.51096084292902	3.69572823380506	0.254676931618449
0.994942074661359	-3.16967826985105	-0.0334261590410831	0.000317147493297911	-1.30389799379459	3.5264082432949	0.216977983960044
1.00494207466136	-3.18168124456959	0.000992582707237238	0.00227741293767531	-1.09667222507019	3.35727569810876	0.175640785831106
1.01494207466136	-3.19161123396956	0.0337173844482192	0.00384967065657673	-0.889301601093158	3.18757541912592	0.139924500423149
1.02494207466136	-3.19946678065596	0.0647418383916021	0.00509847383992999	-0.68178175057166	3.0172050020585	0.110895377386593
1.03494207466136	-3.20524631571769	0.0940592967644328	0.00608715102703382	-0.474095624447378	2.84617808223948	0.087723726052138
1.04494207466136	-3.20894805376281	0.121663191348274	0.00686886729744239	-0.266217479553358	2.67448711306131	0.0693298900287671
1.05494207466136	-3.21056991964448	0.147546646358015	0.00748644479226772	-0.058115509703305	2.50207681264679	0.05474997680631
1.06494207466136	-3.21010949953565	0.171701991455204	0.00797392781722472	0.150245836888931	2.32884433203248	0.0431932436092181
1.07494207466136	-3.20756401474454	0.194120316236451	0.00835826508020122	0.358903607845114	2.15464573700751	0.0340271390909648
1.08494207466136	-3.20293031794941	0.214791097244568	0.00866075594934086	0.567894108859805	1.97930362253892	0.0267497666390574
1.09494207466136	-3.19620491178982	0.233701901041433	0.00889822454188416	0.77725067018903	1.80261462136978	0.0209640177022059
1.10494207466136	-3.18738398975996	0.250838160741938	0.0090839562954484	0.987001420479289	1.62435657904102	0.0163560504982708
1.11494207466136	-3.17646349930743	0.266183022691705	0.00922844090232706	1.19716707262223	1.44429541813589	0.01267799321941
1.12494207466136	-3.16343922699484	0.279717260551235	0.00933996060425132	1.40775872600395	1.26219176916101	0.00973419377765707
1.13494207466136	-3.14830690554021	0.291419254866979	0.00942505581075621	1.61877568920093	1.07780745023783	0.0073703281899541
1.14494207466136	-3.13106234251067	0.301265036998165	0.00948889361396508	1.83020332732962	0.890911870119145	0.00546478393745313
1.15295995509275	-3.11570744268185	0.307800866536273	0.00952750933640537	2.0000000000003	0.739100522795196	0.00420270592760216
1.16295995509275	-3.09464731454394	0.314234587469818	0.00956277637690814	2.21207791521714	0.547146966848394	0.00289555394721403
1.17295995509275	-3.07146495711844	0.31873359511898	0.0095862120112716	2.4244332841535	0.352131174406914	0.00182718453740586
1.18295995509275	-3.04615801033303	0.321266522802417	0.00959995273063091	2.6369794195985	0.153910187607135	0.000949460486798787
1.19295995509275	-3.01872509806308	0.321800763175878	0.00960570854811152	2.84960590023901	-0.0476200262576448	0.00022467931754015
1.20295995509275	-2.98916607484533	0.320302891371766	0.0096048566302982	3.06217671324055	-0.252517797922274	-0.000376354652402549
1.21295995509275	-2.95748229067303	0.316739156363115	0.00959851724027678	3.27452849668553	-0.460788878119874	-0.000876085652930684
1.22295995509275	-2.92367687277166	0.311076041287835	0.00958761404446931	3.48646890542544	-0.672379534059578	-0.00129159428126642
1.23295995509275	-2.88775502297996	0.303280892624289	0.00957292202618174	3.69777512949836	-0.887169698161967	-0.00163570025552545
1.24295995509275	-2.84972432904014	0.293322617176855	0.00955510552702745	3.90819260027216	-1.10496627837338	-0.00191784339053997
1.25295995509275	-2.80959508771594	0.281172444563499	0.00953474837484885	4.11743392639409	-1.32549677469988	-0.00214479270505749
1.26295995509275	-2.7673806371975	0.266804751258959	0.00951237761054506	4.32517810949042	-1.54840338557652	-0.00232122342588484
1.27295995509275	-2.72309769570977	0.250197940203305	0.00948848196994777	4.53107009830992	-1.77323782962281	-0.00245019368142758
1.28295995509275	-2.67676670260751	0.231335367513107	0.00946352599211805	4.73472074943415	-1.99945715183983	-0.00253354626842996
1.29295995509275	-2.62841222257075	0.210206493717884	0.00943775597920336	4.93560863435028	-2.22613945644189	-0.00282573066312946
1.30295995509275	-2.57812094037725	0.186969277667531	0.00929810671818641	5.11694074158885	-2.4071547471725	-0.0314653580615107
1.31295995509275	-2.52618401461796	0.162328684686301	0.00876928400815489	5.26508621140971	-2.50839764185154	-0.0738570478457641
1.32295995509275	-2.47292260818878	0.13704033948416	0.0078482761602496	5.38222627386208	-2.53793032741675	-0.108523415983381
1.33295995509275	-2.41863449273399	0.111784329869105	0.00663674566505865	5.47087467275491	-2.50320627464887	-0.131919294797606
1.34295995509275	-2.36359075391385	0.087163944687142	0.00524518798127182	5.53383791645599	-2.41218014165956	-0.144766621440238
1.35295995509275	-2.30803336371471	0.0637001675239519	0.00377109318524778	5.57411561695376	-2.27333277784044	-0.148715190505192
1.36295995509275	-2.25217375198002	0.041827356649701	0.00229483036702022	5.5948003124862	-2.09546784585587	-0.145476542960391
1.37295995509275	-2.19619235177829	0.0218912672876157	0.000880222546020451	5.59898404607437	-1.88746055857135	-0.1366346693626
1.38295995509275	-2.14023902871518	0.00414955890327575	-0.000423938632820738	5.58967544415557	-1.65801674186853	-0.123610151270156
1.39295995509275	-2.08443427852541	-0.0112254183266489	-0.00158224684688598	5.56972917850943	-1.41545963175802	-0.107660389431529
1.40295995509275	-2.02887106517892	-0.0241418719895911	-0.00257108361934766	5.54178841578891	-1.16755063688321	-0.0898868438478276
1.41295995509275	-1.97361717052367	-0.0345822014459789	-0.0033770973903078	5.50823995503449	-0.92134572682174	-0.0712426460871817
1.42295995509275	-1.91871793247266	-0.042595371735813	-0.00399575535098669	5.47118121495741	-0.683086787097678	-0.0525395153436061
1.43295995509275	-1.86419925843879	-0.0482883683269112	-0.00442996175296224	5.43239801767335	-0.458126056418824	-0.0344542051920023
1.44295995509275	-1.81007081130555	-0.0518170515826106	-0.00468874024320076	5.39335213554598	-0.250881204779015	-0.0175349376882476
1.45295995509275	-1.75632927488796	-0.0533767043839682	-0.004785982279945	5.35517771289165	-0.0648184520633798	-0.00220824789250717
1.46295995509275	-1.70296161386719	-0.0531925403705524	-0.00473926743156439	5.31868584118757	0.0975388521070633	0.011213441003332
1.47295995509275	-1.64994824976767	-0.0515104146989115	-0.00456876394795913	5.28437667832575	0.234578728362838	0.0225233167182521
1.48295995509275	-1.59726608047367	-0.0485879536870002	-0.00429621929293018	5.25245851827357	0.345548730342022	0.0316106865544634
1.49295995509275	-1.54489127706925	-0.0446862932070065	-0.00394405033831141	5.22287313162648	0.430486506547975	0.0384505558780861
1.50295995509275	-1.49280179935329	-0.0400625871668464	-0.00353454176149441	5.1953265328852	0.490135740255865	0.0430924444895686
1.51295995509275	-1.44097958082459	-0.0349634162548422	-0.00308915907189491	5.1693241275304	0.525850721264528	0.0456486912290579
1.52295995509275	-1.38941234539851	-0.0296191933397338	-0.00262797990509903	5.14420899769158	0.539493039986208	0.0462825484966783
1.53295995509275	-1.33809503130464	-0.0242396262359491	-0.00216924408404551	5.11920194135048	0.533324028144686	0.0451963877042904
1.54295995509275	-1.28703081185953	-0.0190102622383532	-0.001729019763165	5.09344181624355	0.509896555784966	0.0426203268990473
1.55295995509275	-1.23623171722638	-0.0140901035038337	-0.0013209800077838	5.06602476954051	0.471949612184841	0.0388015587455196
1.56295995509275	-1.18571887492863	-0.00961024966901115	-0.000956281613809672	5.0360410555397	0.422308755816591	0.0339946081200988
1.57295995509275	-1.13552239893097	-0.00567349551909982	-0.00064353596238395	5.00260834060182	0.363795044332234	0.0284526913172298
1.58295995509275	-1.08568096689587	-0.00235478817750309	-0.000388860279889201	4.96490064369801	0.299144491603471	0.0224202898925234
1.59295995509275	-1.03624113237674	0.000297569166207278	-0.000195996826283279	4.92217233563452	0.230939491843032	0.0161269964466798
1.60295995509275	-0.987256423093976	0.00226009132514962	-6.64872144301035e-05	4.87377689508541	0.161553044850516	0.00978264033496001
1.61295995509275	-0.938786278160085	0.00353179277007068	1.10802851362518e-07	4.81918037448799	0.093106047911098	0.00357365987388377
1.62295995509275	-0.890894876454776	0.00413150673023842	5.97623412960294e-06	4.75796974926168	0.027437415240141	-0.0023393456227293
1.63295995509275	-0.843649905689712	0.00409496701530097	-4.52412053650801e-05	4.68985650164401	-0.0339136386960739	-0.00782297620607968
1.64295995509275	-0.797121317488719	0.00347176943658707	-0.0001486957701894	4.61467592313071	-0.0897141528478939	-0.012771414994427
1.65295995509275	-0.751380108488944	0.00232231837877409	-0.000298619826299133	4.53238270864005	-0.139034060495512	-0.0171059588996055
1.66295995509275	-0.706497161457439	0.000714850673860644	-0.000488589579865962	4.44304346538027	-0.18123433357409	-0.0207738275972253
1.67295995509275	-0.662542174081	-0.00127738574075898	-0.000711775845829926	4.3468267756937	-0.215948136282335	-0.0237463848937833
1.68295995509275	-0.619582696729551	-0.00357873612131631	-0.000961174647631106	4.24399144205961	-0.243056516290153	-0.0260169054720934
1.69295995509275	-0.577683294358432	-0.00611347906662096	-0.00122981374810678	4.13487350997182	-0.26266012681241	-0.0275980151705173
1.70295995509275	-0.536904841988388	-0.00880786996551525	-0.00151093245551032	4.01987261607453	-0.275048390379331	-0.0285189249473245
1.71295995509275	-0.497303958017551	-0.0115918687281583	-0.00179813319886706	3.89943814960319	-0.28066739545678	-0.028822568040233
1.72295995509275	-0.458932575065886	-0.0144005449819063	-0.0020855044000746	3.77405564903726	-0.280087670118668	-0.0285627371667356
1.73295995509275	-0.421837644178972	-0.0171751645421892	-0.00236771506934706	3.64423378649949	-0.27397281230999	-0.0278013045884448
1.74295995509275	-0.386060965041633	-0.019863969900653	-0.00264008230560713	3.51049222281844	-0.263049782764005	-0.0266055931585499
1.75295995509275	-0.351639132362618	-0.0224226746595853	-0.00289861349068003	3.37335054874956	-0.248081492328491	-0.0250459517263733
1.76295995509275	-0.318603586757097	-0.0248146973100827	-0.00314002542812889	3.23331846454955	-0.229842147128849	-0.0231935740507487
1.77295995509275	-0.286980757225751	-0.0270111635898843	-0.00336174300190081	3.09088729235144	-0.209095658126821	-0.0211185871317003
1.78295995509275	-0.256792281646474	-0.0289907090013698	-0.00356188012821259	2.94652286456568	-0.186577280276699	-0.0188884229434894
1.79295995509275	-0.228055291489309	-0.0307391140903578	-0.0037392058606175	2.80065978738805	-0.162978523281983	-0.0165664771553102
1.80295995509275	-0.200782747164796	-0.032248804971397	-0.00389309849885736	2.65369704161216	-0.13893527225964	-0.0142110496612845
1.81295995509275	-0.174983810948546	-0.0335182505321822	-0.00402349046335157	2.50599485320501	-0.11501897264843	-0.0118745546180135
1.82295995509275	-0.150664245220421	-0.0345512859530721	-0.0041308065451566	2.35787274315338	-0.0917306687715691	-0.00960298214255937
1.83295995509275	-0.127826824750069	-0.0353563898215864	-0.00421589794118555	2.20960864940348	-0.0694976382347514	-0.00743558974193069
1.84295995509275	-0.106471752891955	-0.0359459393745309	-0.00427997425033206	2.06143900266475	-0.048672333018185	-0.00540479878016005
1.85295995509275	-0.0865970727697412	-0.0363354654110541	-0.00432453535025424	1.91355963174462	-0.0295333206725989	-0.00353626967748269
1.86295995509275	-0.0681990657856634	-0.0365429253166705	-0.00435130480763485	1.76612737222045	-0.0122879133375322	-0.00184912890958969
1.87295995509275	-0.0512726310467869	-0.0365880095281725	-0.00436216620576589	1.61926225395112	0.00292382371198109	-0.000356321068803293
1.88295995509275	-0.035811640524084	-0.0364914937393092	-0.0043591035097251	1.47305014752807	0.016023980573556	0.000934939892209435
1.89295995509275	-0.0218092659265497	-0.0362746462652682	-0.00434414633714283	1.32754575665743	0.0269909072138348	0.00202264473284563
1.90295995509275	-0.00925827436071048	-0.0359586973016559	-0.0043193207661627	1.18277585209432	0.0358527708836306	0.00290941103774985
1.91295995509275	0.00184870915882295	-0.0355643743672868	-0.00428660609503129	1.03874265261902	0.0426807984072877	0.00360187404193326
1.92295995509275	0.0115189733898281	-0.0351115060333208	-0.00424789777209716	0.895427269206526	0.0475824085351817	0.00411006460498514
1.93295995509275	0.0197595269926949	-0.0346186941269223	-0.00420497654222922	0.7527931396078	0.0506944119828812	0.00444679044173959
1.94295995509275	0.0265769386970597	-0.0341030529594229	-0.00415948370636771	0.610789391696987	0.0521764292361388	0.00462703436247467
1.95295995509275	0.0319772105299402	-0.0335800127632792	-0.00411290226504078	0.469354084859836	0.052204649341607	0.00466738095574026
1.96295995509275	0.0359656826760353	-0.0330631834193633	-0.00406654361362455	0.328417289171626	0.0509660272537522	0.00458548090869476
1.97295995509275	0.0385469681881261	-0.0325642737020848	-0.0040215393758846	0.187903971951108	0.0486529932702307	0.00439956004055271
1.98295995509275	0.0397249155073778	-0.0320930606468782	-0.00397883790157406	0.0477366703383999	0.045458725953951	0.00412797815249296
1.99295995509275	0.0395025965815077	-0.0316574032325742	-0.00393920491200147	-0.0921620632719544	0.0415730199086618	0.00378884099223546
2.00295995509275	0.0378823182740928	-0.0312632943484423	-0.00390322775277823	-0.231867448871802	0.0371787619633048	0.00339966700666948
2.01295995509275	0.0348656547311446	-0.0309149449597544	-0.00387132270356518	-0.371450499219787	0.032449013776599	0.00297710911872017
2.02295995509275	0.0304534984016338	-0.0306148944738949	-0.0038437447986707	-0.510976267346385	0.0275446855877405	0.00253673051744644
2.03295995509275	0.0246461274871628	-0.0303641415190051	-0.00382059962791266	-0.650502311254638	0.0226127747549218	0.00209283239144114
2.04295995509275	0.0174432877129453	-0.0301622896573286	-0.00380185661238391	-0.790077362505707	0.0177851337463678	0.0016583306598866
2.05295995509275	0.00884428645854866	-0.0300077029453349	-0.00378736328286204	-0.929740182882269	0.0131777252556227	0.00124467805530918
2.06295995509275	-0.00115190254605482	-0.0298976667032171	-0.00377686012787041	-1.06951859165384	0.00889031695969715	0.000861827377303776
2.07295995509275	-0.0125465255737099	-0.0298285493498671	-0.00376999562223217	-1.2094286450642	0.00500656496664164	0.00051823135572355
2.08295995509275	-0.025340927731744	-0.0297959616799445	-0.00376634109388349	-1.34947394945287	0.00159443304071967	0.000220874322365973
2.09295995509275	-0.0395364255169949	-0.0297949104929052	-0.00376540513538087	-1.48964508984166	-0.0012931059227639	-2.46692214707428e-05
2.10295995509275	-0.0551341741618352	-0.0298199440172635	-0.0037666473157418	-1.62991915679151	-0.00361713914592739	-0.000214154051975288
2.11295995509275	-0.0721350306738459	-0.0298652870960656	-0.00376949099692933	-1.77025935579593	-0.00535170535461367	-0.000344566492763446
2.12295995509275	-0.090539413323479	-0.0299249646023352	-0.00377333510650155	-1.91061468535288	-0.0064825573166438	-0.000414014128324643
2.13295995509275	-0.110347158206353	-0.0299929120284566	-0.00377756476290682	-2.0509196720814	-0.00700584145673182	-0.000421607321344303
2.14295995509275	-0.131557373402787	-0.0300630726349283	-0.00378156069195516	-2.19109415375137	-0.00692673683716648	-0.000367336574731272
2.15295995509275	-0.154168291179291	-0.0301294809468555	-0.00378470741160574	-2.33104310380936	-0.00625809174302341	-0.000251949412415829
2.16295995509275	-0.178177118626739	-0.0301863327474062	-0.0037864001969626	-2.47065649384077	-0.00501909176466851	-7.6830050278206e-05
2.17295995509275	-0.203579887109005	-0.0302280420338225	-0.00378605086795989	-2.60980919334173	-0.0032339887350206	0.000156115299834492
2.18295995509275	-0.230371300904294	-0.0302492856720451	-0.0037830924684332	-2.74836090911215	-0.000930915247948457	0.000444565094894166
2.19295995509275	-0.258544585458939	-0.0302450367100222	-0.00377698292699278	-2.88615616945446	0.00185919516173068	0.000785879149284496
2.20295995509275	-0.288091335739118	-0.0302105874875515	-0.00376720780729198	-3.02302436109628	0.00510356668775974	0.00117718385629633
2.21295995509275	-0.31900136525793	-0.0301415638128812	-0.00375328226794252	-3.15877982927607	0.00876840776144223	0.00161544490033071
2.22295995509275	-0.3512625564711	-0.0300339315646596	-0.00373475236055091	-3.29322205365994	0.0128195987072833	0.00209752685523153
2.23295995509275	-0.384860713370872	-0.0298839971239928	-0.00371119579827302	-3.42613591461876	0.0172232379665732	0.00262023948557119
2.24295995509275	-0.419779417260452	-0.02968840304757	-0.0036822223270947	-3.55729206580778	0.0219460481858707	0.00318037096809984
2.25295995509275	-0.455999886855661	-0.0294441203615774	-0.00364747382797668	-3.68644742987964	0.0269556470728794	0.00377470862531965
2.26295995509275	-0.49350084403078	-0.0291484387903097	-0.00360662427033309	-3.81334583445244	0.0322206912278601	0.00440004810764893
2.27075319144937	-0.523598775598317	-0.0288808168431045	-0.00357036982063534	-3.91050389294151	0.0364814804716132	0.00490691971132785
2.28075319144937	-0.563683234246274	-0.0288124607713876	0.0108778224932054	-4.10600562688868	-0.0224472499411096	2.88378177138192
2.29075319144937	-0.605710500644483	-0.0292988775092445	0.0538055143662795	-4.29876972218762	-0.0550900509905273	5.4754844852518
2.30075319144937	-0.649638106562411	-0.0290330186991985	0.110213007318215	-4.48591721153737	0.134354788502849	5.50483771944161
2.31075319144937	-0.695415147698817	-0.0263745617646143	0.161168085537426	-4.66887681594955	0.401112959698985	4.64285302339449
2.32075319144937	-0.743003516752923	-0.0210025187803804	0.202979635624188	-4.84817643555242	0.67195007645882	3.73512702377509
2.33075319144937	-0.792365662664071	-0.0129756384565107	0.236332269695684	-5.02356552495337	0.931217922672666	2.96057221021007
2.34075319144937	-0.843460288496055	-0.00242270054893495	0.262691860108004	-5.19459120503829	1.17725458457378	2.33467270870234
2.35075319144937	-0.89624128035383	0.0105295610184997	0.283454594135955	-5.3607547483716	1.41134067685802	1.83718939305541
2.36075319144937	-0.95065749838027	0.0257693158857968	0.29978297721107	-5.52155297578753	1.6349790560035	1.44397109063687
2.37075319144937	-1.00665279969761	0.0431982344115214	0.31261051130688	-5.67648952637763	1.84933287238661	1.1338210635671
2.38075319144937	-1.06416613212267	0.0627276238914161	0.322678271541583	-5.82507954762798	2.05517104608651	0.889445070650427
2.39075319144937	-1.12313166846266	0.08427474330933	0.330572336195969	-5.96685356627145	2.25292710515182	0.697039419015895
2.40075319144937	-1.18347898166056	0.107759821925694	0.336755579271161	-6.10136187198247	2.442773624912	0.545664680791084
2.41075319144937	-1.24513333995008	0.133103982808669	0.341593446132142	-6.22825241368906	2.62489991826974	0.426461036864348
2.42075319144937	-1.30799646292496	0.160172761840499	0.345415804391934	-6.3390305857438	2.77648151901663	0.348736944760789
2.42091100126513	-1.30899693899591	0.160611043796429	0.345470881317518	-6.34048514921002	2.7781842157805	0.348006415760232
2.43091100126513	-1.37200489774157	0.188031597660647	0.333361696494922	-6.2595694604298	2.70528404758106	-2.76562641045021
2.44091100126513	-1.43415539055045	0.214694623178813	0.290399682507034	-6.16886758286181	2.58355746848052	-5.31924185508564
2.45091100126513	-1.49535280903452	0.238835406388904	0.23694365159961	-6.06928612692003	2.22378521426599	-5.13784801691071
2.46091100126513	-1.55551556398473	0.258983346024554	0.189676661009682	-5.96200621800023	1.80289853385417	-4.28715797620633
2.47091100126513	-1.61456779909996	0.27489033555721	0.151166100845993	-5.84718521802086	1.37988442136132	-3.43270810076997
2.48091100126513	-1.67243427679709	0.286620923837739	0.120559577375251	-5.72487125686726	0.968470755622637	-2.71297028190519
2.49091100126513	-1.72904078278578	0.294306088658272	0.0964305306935136	-5.59522916701501	0.570846016306178	-2.13483468656472
2.50091100126513	-1.78431537786891	0.298082589901146	0.0774610254265446	-5.45854570437302	0.186628019324245	-1.67709573022153
2.50986010960009	-1.83259571459406	0.298255162631697	0.0639666764304621	-5.33056859890842	-0.146394536694467	-1.35034461290443
2.51986010960009	-1.88514693830836	0.29639331141924	0.0356382552657007	-5.17850454982115	-0.225387328349179	-4.31128424658645
2.52986010960009	-1.93614537079202	0.29353317871498	-0.0195825193779096	-5.02070638605826	-0.39331480381958	-6.18328138260357
2.53986010960009	-1.98555351625823	0.287830323715691	-0.0797264685892442	-4.86045181392661	-0.761719671533588	-5.6634505195107
2.54986010960009	-2.03334369416371	0.278199773057902	-0.131368880093511	-4.69700632387076	-1.16375463208925	-4.65382141320315
2.55986010960009	-2.07948199654901	0.264610241262685	-0.173043052920359	-4.53008132232402	-1.55022684155505	-3.7055863123415
2.56986010960009	-2.12393441137658	0.247280865473004	-0.20603840577214	-4.35989181563697	-1.91130207831355	-2.92142008101521
2.57986010960009	-2.16667048254294	0.22646983344155	-0.232003522762563	-4.18690094509687	-2.24677589193681	-2.29591101543347
2.58986010960009	-2.20766496565219	0.202424768242017	-0.252397665312213	-4.01167162833795	-2.55843493224823	-1.80263568031392
2.59986010960009	-2.24689841753143	0.175374087362588	-0.268408845643048	-3.83479262747476	-2.84820302684846	-1.41525668306757
2.60986010960009	-2.28435724449524	0.145527975554278	-0.280981462032229	-3.65684035469899	-3.11778403077451	-1.1116098131064
2.61986010960009	-2.32003345890643	0.113080775182173	-0.29086038581826	-3.47835674726164	-3.36864946586901	-0.87388094945025
2.62986010960009	-2.35392426025284	0.0782130342368696	-0.298631455223914	-3.29983547419918	-3.60209746878381	-0.687956114047608
2.63986010960009	-2.3860315052499	0.0410929233058879	-0.30475484993148	-3.12171317595543	-3.81931483427602	-0.542705365494741
2.64986010960009	-2.41636110884097	0.00187708728570478	-0.309591750157005	-2.94436423337246	-4.02142708230203	-0.429366115546506
2.65986010960009	-2.44492211498117	-0.0392896201471662	-0.313426360509227	-2.76863893899479	-4.2079924090442	-0.3424588666783
2.66986010960009	-2.47183639211681	-0.0819665993012251	-0.316685008359559	-2.62190772661518	-4.30511217265643	-0.319589277148427
2.67986010960009	-2.49750646696087	-0.124976700836835	-0.319916128782861	-2.51891182387085	-4.27782085673542	-0.328085686964978
2.68986010960009	-2.52234012869474	-0.167172916685526	-0.323237552616854	-2.45355446267361	-4.14540932814582	-0.335097242010814
2.69986010960009	-2.54668119382305	-0.207594212103417	-0.326590376544733	-2.41928597860779	-3.92577941739114	-0.333997857864768
2.70986010960009	-2.57080737456126	-0.245455930623009	-0.329888479387474	-2.40948134417823	-3.63635449319907	-0.324259677680355
2.71986010960009	-2.59493076767994	-0.280144900692993	-0.333050218776388	-2.41767439769929	-3.29397253842728	-0.306951531649695
2.72937284237122	-2.61799387799149	-0.309840658790055	-0.335829607577375	-2.43084847498161	-2.94969086774526	-0.274474100459975
2.73937284237122	-2.64235314290991	-0.338823371670547	-0.323396809591143	-2.4405174978247	-2.84640591297462	2.75805010345689
2.74937284237122	-2.66679754012074	-0.366648439743215	-0.28206364857006	-2.44826829202209	-2.68125594965707	5.0751354956318
2.75937284237122	-2.6913146297752	-0.391672547366159	-0.230933310878581	-2.45474749492045	-2.30442385441922	4.92419819007407
2.76937284237122	-2.71588256953893	-0.412576280621453	-0.185570877989431	-2.45830689745345	-1.87444241894986	4.11903121448635
2.77937284237122	-2.74047013303598	-0.429178264885086	-0.148515962487192	-2.45868663971472	-1.44805039878189	3.30809679556391
2.78937284237122	-2.76504630474575	-0.441589384888674	-0.118968544316181	-2.45606833896635	-1.03685775285317	2.62440555916172
2.79937284237122	-2.78958234398442	-0.449967939485452	-0.0955779592602988	-2.45070343261991	-0.641316403724778	2.07451179802784
2.80937284237122	-2.81405209579298	-0.454461442944644	-0.077098635436777	-2.44285550085599	-0.259481273615382	1.63839627018135
2.81937284237122	-2.83843208485007	-0.45519592613945	-0.0625048939017957	-2.43279715829403	0.110837933756147	1.29393001127199
2.82937284237122	-2.86270161164993	-0.452276465381887	-0.050978328996876	-2.4208109104787	0.471612607202802	1.02211071294538
2.83937284237122	-2.88684284528131	-0.445789799392088	-0.0418720028433688	-2.40718748839365	0.824540697561585	0.807612185104759
2.84937284237122	-2.91084088804168	-0.435806920552994	-0.0346757875784296	-2.39222203987556	1.17108076920956	0.638297412987479
2.85937284237122	-2.93468379489432	-0.422385249970986	-0.0289875627363664	-2.37620902430524	1.51249514800538	0.50460419128442
2.86937284237122	-2.95836253770616	-0.405570416948022	-0.0244902438064025	-2.35943633584821	1.84988479729534	0.399006563385292
2.87937284237122	-2.98187090799821	-0.385397741668672	-0.0209336782187516	-2.34217890863296	2.1842138633692	0.315579716017478
2.88937284237122	-3.00520535357437	-0.361893519162245	-0.0181204203869604	-2.32469189290723	2.51632514511207	0.249656464448813
2.89937284237122	-3.0283647447913	-0.335076187074189	-0.0158945577260965	-2.30720340283518	2.84694811828629	0.197557729994084
2.90937284237122	-3.05135006193923	-0.304957456259214	-0.0141329168140557	-2.28990704612566	3.17670178565699	0.156378682359887
2.91937284237122	-3.07416392848157	-0.271543662781619	-0.0127379195745301	-2.27262292029868	3.50514115194661	0.124747485145255
2.92937284237122	-3.09671046463305	-0.235115703238769	-0.0114391022074242	-2.22896842209619	3.75923778084072	0.144911854354226
2.93937284237122	-3.11859469521099	-0.196756583970625	-0.00976877683479361	-2.14075126159257	3.89382988222326	0.189159473200049
2.94937284237122	-3.13938958689828	-0.157593927790962	-0.00768466760877481	-2.01178037582459	3.92195267807997	0.225541959062942
2.95937284237122	-3.15870881782664	-0.118632273862582	-0.00530433860704814	-1.84637731060469	3.85566712649287	0.248217916635582
2.96937284237122	-3.17621158886158	-0.0807530665814017	-0.0027652528557942	-1.64963245924834	3.70853453092282	0.256776638487125
2.97937284237122	-3.19167302817568	-0.0445225152119977	-0.000315106060780905	-1.4426361293933	3.53802094525563	0.228079844376627
2.98937284237122	-3.20506403034704	-0.00998930333842561	0.00175945343969788	-1.23555332337036	3.36863854475744	0.1868118253086
2.99937284237122	-3.21638389787105	0.0228494264486854	0.00343535428702015	-1.02841056638072	3.19904086169356	0.149401850608372
3.00937284237122	-3.22563203553867	0.0539900410812882	0.00476983359129343	-0.821205440787317	3.02900936514744	0.118582442725349
3.01937284237122	-3.23280773997011	0.0834281916885777	0.00582749504368245	-0.613919938237673	2.85855214459971	0.093882818036572
3.02937284237122	-3.23791007196304	0.111159712644392	0.00666438967319011	-0.406525474743572	2.68768225473268	0.0742523250729111
3.03937284237122	-3.24093776596224	0.137180362486431	0.0073260795497361	-0.19898578209049	2.51636848515482	0.0586881038387813
3.04937284237122	-3.24188916519937	0.161485339037228	0.00784889611394666	0.00874073545891288	2.34453026822322	0.0463524478284956
3.05937284237122	-3.2407621796491	0.184068808028149	0.00826162896063089	0.216698763557954	2.17204288619707	0.0365714245916277
3.06937284237122	-3.23755426620391	0.20492349763314	0.00858704211030615	0.424933864714356	1.99874479419709	0.0288092704458148
3.07937284237122	-3.23226243094537	0.224040367503948	0.00884312034823152	0.633490271075023	1.8244450458492	0.0226417594773889
3.08937284237122	-3.22488325346376	0.241408350576772	0.00904406733415835	0.842408682264281	1.64893039802004	0.0177334811513162
3.09937284237122	-3.21541293316406	0.257014164170793	0.00920109835311976	1.05172407068238	1.47197207186937	0.0138194380817888
3.10937284237122	-3.20384735747192	0.270842187263512	0.00932306830778827	1.26146349654951	1.29333224108242	0.0106903808284995
3.11937284237122	-3.19018219183273	0.282874401643182	0.00941696880906167	1.47164393452144	1.11277033319138	0.00818118193483189
3.12937284237122	-3.17441299137936	0.293090395482088	0.00948832159884471	1.68227011365993	0.930049225224271	0.00616163565693094
3.13937284237122	-3.15653533412419	0.301467428641091	0.00954148996460997	1.89333237307877	0.74494140536038	0.00452918196780737
3.14441920459201	-3.14671179449271	0.304988803450836	0.00956254058800079	2.0000000000006	0.650555285416502	0.00382611942524463
3.15441920459201	-3.12565378326016	0.310551226213755	0.00959461711854305	2.21166325937583	0.46146414200717	0.00262985410088267
3.16441920459201	-3.10247741095555	0.314208505127665	0.0096158549306203	2.42366130229027	0.269499626372223	0.0016499965425789
3.17441920459201	-3.07717969426372	0.315931155340103	0.0096281905594876	2.63591743924766	0.0745173236387393	0.000842986712959407
3.18441920459201	-3.04975853368892	0.31568843372543	0.0096331749287853	2.84833126488618	-0.123588882259912	0.000174755594525815
3.19441920459201	-3.02021296047651	0.313448755284275	0.0096320584296068	3.06077671961266	-0.324880121904968	-0.000381034157602633
3.20441920459201	-2.98854340250799	0.309180176993897	0.00962585993500048	3.27310023481229	-0.52936572753838	-0.000844584022538931
3.21441920459201	-2.95475196822759	0.302850950105854	0.00961542162271283	3.48511898588545	-0.736996366853562	-0.00123121780968107
3.22441920459201	-2.91884274737536	0.294430141061888	0.00960145256620254	3.69661928350018	-0.947657201104581	-0.00155238094010179
3.23441920459201	-2.88082212696554	0.28388832026268	0.00958456337763041	3.90735514006548	-1.16116117767748	-0.00181643930715749
3.24441920459201	-2.84069912054169	0.271198316645019	0.00956529366979134	4.11704705598709	-1.37724260343604	-0.00202932336557154
3.25441920459201	-2.7984857082532	0.256336034363452	0.00954413369648788	4.32538107876409	-1.59555118500645	-0.00219505372747393
3.26441920459201	-2.75419718472055	0.239281325798694	0.00952154120585401	4.53200819733157	-1.81564676498008	-0.00231617727067628
3.27441920459201	-2.70785251097347	0.220018912549179	0.00949795416217837	4.73654414384082	-2.03699502839407	-0.00239412208299358
3.28441920459201	-2.6594788718149	0.198551294364841	0.00946351282972417	4.93567417190731	-2.25076987699239	-0.00913454891083698
3.29441920459201	-2.60924000523301	0.175254037424102	0.0091919968462802	5.10671667461961	-2.39565211904164	-0.0474855635540212
3.30441920459201	-2.55744893386029	0.150885494183614	0.00851381970281625	5.24645353346738	-2.46630521587637	-0.0868903078882648
3.31441920459201	-2.50440792209133	0.126151113397296	0.00748791945927812	5.35710490410291	-2.47001323251538	-0.116434951084645
3.32441920459201	-2.45039530527545	0.101683796115081	0.00622177318948523	5.44122339480717	-2.41416934045581	-0.135056612305562
3.33441920459201	-2.39566259484743	0.0780398347533714	0.00481909534861596	5.50160470605434	-2.30670764641804	-0.144005811570308
3.34441920459201	-2.34043253619869	0.0556938066511879	0.00336833463061645	5.54119036205557	-2.15600441605729	-0.144951961511556
3.35441920459201	-2.28489812628572	0.0350352366850355	0.00194130935406532	5.5629733824896	-1.9706536664008	-0.139517802623552
3.36441920459201	-2.22922253747841	0.0163676268609296	0.000594304613556075	5.56991216647616	-1.75922698683501	-0.129180665138634
3.37441920459201	-2.17353984954509	-9.01884671880336e-05	-0.000630369861524443	5.56485529718498	-1.53005159491943	-0.1152581751466
3.38441920459201	-2.11795647331126	-0.0142006089394058	-0.00170279899979518	5.55047851253921	-1.2910176696262	-0.0989127917193311
3.39441920459201	-2.06255314262006	-0.0259020718269638	-0.00260394768762979	5.52923403766733	-1.04941878886542	-0.0811592781119651
3.40441920459201	-2.00738735307947	-0.0352024289279999	-0.00332421971333651	5.50331176930064	-0.8118260732472	-0.0628717600633519
3.41441920459201	-1.95249613332096	-0.0421712293395808	-0.00386208362814373	5.47461142557757	-0.583994944459376	-0.0447900838488418
3.42441920459201	-1.89789904407546	-0.0469312249353503	-0.00422276021094165	5.4447246698572	-0.370802540558111	-0.0275258545276436
3.43441920459201	-1.84360131001973	-0.0496493937061636	-0.00441697064176829	5.41492629189846	-0.176213476719315	-0.0115686108988853
3.44441920459201	-1.78959699777496	-0.0505277525038683	-0.00445974876067416	5.38617368210249	-0.0032715701027122	0.00270747705057145
3.45441920459201	-1.73587216033549	-0.049794207047543	-0.00436932410874676	5.35911397615204	0.14588482178489	0.0150361137211645
3.46441920459201	-1.68240787400198	-0.047693663618892	-0.00416608457581914	5.33409831850412	0.269986197324046	0.0252504365670169
3.47441920459201	-1.62918309945309	-0.0444796030198345	-0.0038716283473386	5.31120266772831	0.368576482509983	0.0332736035387943
3.48441920459201	-1.57617730487767	-0.0404062920473047	-0.00350791449303038	5.29025444979544	0.44194141648289	0.0391085012234756
3.49441920459201	-1.5233727968903	-0.0357217800570515	-0.00309652011551451	5.27086418569258	0.491023656222046	0.0428267628291655
3.50441920459201	-1.47075671469599	-0.030661797733461	-0.00265800970716881	5.25246101868357	0.517327781831105	0.0445573560516102
3.51441920459201	-1.41832265464524	-0.025444642202906	-0.00221141953386598	5.23433088780344	0.522818601969087	0.0444750416136318
3.52441920459201	-1.3660719055153	-0.0202670980021042	-0.00177385677863689	5.21565597447411	0.509816262156867	0.0427890140175536
3.53441920459201	-1.31401428884355	-0.0153014084912008	-0.00136021012143726	5.19555401216338	0.480891610686652	0.0397320203860331
3.54441920459201	-1.2621686125453	-0.010693278671751	-0.000982965638657857	5.17311610305205	0.43876506670382	0.0355502171870215
3.55441920459201	-1.21056275897883	-0.00656085960763996	-0.000652119546898199	5.14744182449743	0.38621187558145	0.0304939752324911
3.56441920459201	-1.15923343980859	-0.00299463810205151	-0.000375177487866253	5.11767061437921	0.325976159012563	0.0248097875417752
3.57441920459201	-1.1082256589015	-5.81339362875944e-05	-0.000157228788584946	5.08300867449589	0.260695612759043	0.0187333783172784
3.58441920459201	-1.05759193076267	0.00221070862657402	-1.08341610578511e-06	5.04275089972893	0.192838117787066	0.0124840586568569
3.59441920459201	-1.00739130560691	0.00379755810838184	9.25408728697004e-05	4.99629760465546	0.124650950969418	0.00626032832197695
3.60441920459201	-0.957688253215493	0.00470928900913038	0.000124793479735907	4.94316606041731	0.0581227423269237	0.000236684060727683
3.61441920459201	-0.908551456536515	0.00497125711447874	9.84397441393175e-05	4.88299706058731	-0.00504214979614069	-0.00543843621423511
3.62441920459201	-0.860052562943086	0.00462437776154518	1.75944586696136e-05	4.81555689894699	-0.0634375720942707	-0.0106436681364923
3.63441920459201	-0.812264936594644	0.00372211900177821	-0.000112550020302076	4.74073526283001	-0.115958858604283	-0.0152848068285138
3.64441920459201	-0.765262449881101	0.00232750997777236	-0.00028599239134633	4.65853962493231	-0.161796732137762	-0.0192940882955122
3.65441920459201	-0.719118345861405	0.000510251316578266	-0.000496180362077094	4.56908675849654	-0.200423244653594	-0.0226287972659848
3.66441920459201	-0.673904197284004	-0.00165600029481643	-0.000736251868993201	4.47259201099502	-0.231571252551553	-0.0252693346652647
3.67441920459201	-0.629688981484894	-0.00409611625185024	-0.000999254818845497	4.36935695569403	-0.255208933953896	-0.0272168759685114
3.68441920459201	-0.586538284430563	-0.00673570668239988	-0.00127834189457944	4.25975600446418	-0.271510810388754	-0.0284907460679611
3.69441920459201	-0.544513641584247	-0.00950302959985412	-0.00156693818380711	4.1442225141613	-0.280826644780814	-0.0291256275215532
3.70441920459201	-0.503672018250716	-0.0123305836680066	-0.00185888050165633	4.02323485753238	-0.283649461398311	-0.0291687077216457
3.71441920459201	-0.464065427679555	-0.0151563814005153	-0.00214852827040677	3.89730286201408	-0.280583781443272	-0.0286768573001852
3.72441920459201	-0.425740681523685	-0.0179249097240564	-0.00243084667012581	3.76695494951689	-0.272314999976377	-0.0277139176754702
3.73441920459201	-0.388739264270233	-0.0205877932183406	-0.00270146347918364	3.63272624029852	-0.259580654817196	-0.0263481607426731
3.74441920459201	-0.353097320969362	-0.0231041819781363	-0.00295670157941592	3.49514781674793	-0.243144163928665	-0.0246499689576619
3.75441920459201	-0.318845745946328	-0.0254408909662383	-0.00319358951214656	3.3547372802217	-0.223771441292413	-0.0226897700096107
3.76441920459201	-0.286010359139518	-0.0275723210458556	-0.0034098527475245	3.21199067737542	-0.202210647687366	-0.0205362473522097
3.77441920459201	-0.254612156197941	-0.0294801937454031	-0.00360388848356365	3.06737582261999	-0.179175195881835	-0.018254836367841
3.78441920459201	-0.224667618423734	-0.0311531323979495	-0.00377472683820045	2.92132700087211	-0.155330011874645	-0.0159065060522047
3.79441920459201	-0.196189068984903	-0.0325861218079895	-0.00392198125410833	2.77424099976306	-0.131280956000418	-0.0135468178975933
3.80441920459201	-0.169185062476389	-0.0337798772307758	-0.00404579081867832	2.62647439271399	-0.107567229869492	-0.0112252471012612
3.81441920459201	-0.143660795803742	-0.0347401513998039	-0.00414675702667249	2.47834197335271	-0.084656536301424	-0.00898474624407642
3.82441920459201	-0.119618529437228	-0.0354770057891408	-0.00422587729565695	2.33011622704599	-0.0629427180699319	-0.00686152804109182
3.83441920459201	-0.0970580092766468	-0.0360040694142959	-0.00428447729801306	2.18202771617127	-0.0427455754533017	-0.0048850414998094
3.84441920459201	-0.0759768806261484	-0.0363378054027692	-0.00432414391003193	2.03426625142199	-0.0243125501285213	-0.00307811466121431
3.85441920459201	-0.0563710870598005	-0.0364968024259959	-0.00434666030849574	1.88698272120184	-0.00782196167072163	-0.00145723686934236
3.86441920459201	-0.0382352482248482	-0.0365011049792478	-0.00435394447671091	1.74029145430235	0.00661250929429577	-3.29540497756588e-05
3.87441920459201	-0.0215630118504681	-0.036371593505799	-0.00434799212202931	1.5942729969104	0.0189363823540422	0.00118964837996036
3.88441920459201	-0.00634737638107631	-0.0361294225482438	-0.00433082476083398	1.44897719294084	0.029148253853801	0.00221039873638441
3.89441920459201	0.00741901828307101	-0.0357955225185169	-0.00430444349879156	1.30442646617848	0.0372932356163742	0.00303345025193069
3.90441920459201	0.0197436334920712	-0.035390168339651	-0.00427078882672234	1.16061921324787	0.0434561763423589	0.00366666985359861
3.91441920459201	0.030633808699007	-0.0349326161449835	-0.00423170656752137	1.01753322757136	0.0477548585207748	0.00412102186546438
3.92441920459201	0.0400965724170945	-0.0344408074323806	-0.00418891994812303	0.875129085851285	0.0503333356592243	0.00440996159292692
3.93441920459201	0.0481384866114111	-0.0339311385615934	-0.00414400763274847	0.733353439899762	0.0513555470410983	0.00454885138801057
3.94441920459201	0.0547655233385696	-0.0334182922447309	-0.00409838743922689	0.592142167576303	0.0509993206410121	0.0045544095006082
3.95441920459201	0.0599829720377171	-0.0329151267003529	-0.0040533053681773	0.451423346965312	0.0494508497454043	0.0044441998323639
3.96441920459201	0.0637953755664357	-0.032432617404097	-0.00400982950404592	0.311120027568532	0.0468997055775293	0.00423616866006323
3.97441920459201	0.0662064928575894	-0.0319798458534279	-0.00396884829590878	0.171152781080975	0.0435344270535075	0.00394823250723331
3.98441920459201	0.06721928593896	-0.0315640294494751	-0.00393107269286889	0.0314420221825359	0.0395387098464124	0.00359791963189996
3.99441920459201	0.0668359289971027	-0.0311905864623522	-0.00389704159197566	-0.108089903334484	0.0350882002795526	0.00320206607443776
4.00441920459201	0.065057837170364	-0.0308632300648252	-0.00386713005398138	-0.247516859885117	0.0303478852152456	0.00277656587607117
4.01441920459201	0.0618857128135531	-0.0305840855698733	-0.00384155975201748	-0.38690728472755	0.0254700570064778	0.00233617393532806
4.02441920459201	0.0573196070786504	-0.0303538252684254	-0.00382041113853918	-0.526322759823148	0.0205928226494648	0.0018943590124201
4.03441920459201	0.0513589947928499	-0.0301718156132168	-0.00380363684482571	-0.665816777777956	0.0158391183968885	0.00146320361301726
4.04441920459201	0.0440028607783199	-0.0300362719134871	-0.00379107586319035	-0.805433684527221	0.0113161851225285	0.00105334687381914
4.05441920459201	0.0352497959391106	-0.0299444161748127	-0.00378246810321189	-0.945207780021276	0.00711545550982821	0.000673966121494423
4.06441920459201	0.0250981016319946	-0.0298926342220678	-0.00377746895822429	-1.0851625574946	0.00331280150112913	0.000332792471525909
4.07441920459201	0.0135459010328519	-0.0298766287663777	-0.00377566356560409	-1.22531006188012	-3.09107825893386e-05	3.61556608467044e-05
4.08441920459201	0.000591256402179998	-0.0298915656057454	-0.00377658049281958	-1.36565034850027	-0.00286901143384045	-0.000210946746014076
4.09441920459201	-0.0137677086630253	-0.0299322106723184	-0.0037797046296391	-1.50617102425544	-0.0051680141738189	-0.000404760587392619
4.10441920459201	-0.0295326827333709	-0.0299930561472096	-0.00378448911436411	-1.64684685507387	-0.00690645053288373	-0.000542671441258331
4.11441920459201	-0.0467050363964657	-0.0300684343482168	-0.00379036616762327	-1.7876394253188	-0.00807359782934685	-0.000623090521066199
4.12441920459201	-0.065285688908981	-0.0301526185500415	-0.00379675675043769	-1.92849683710793	-0.00866814467774224	-0.00064533430324134
4.13441920459201	-0.085274972000678	-0.0302399103154547	-0.00380307900337523	-2.06935344002459	-0.00869683399952983	-0.00060950172777449
4.14441920459201	-0.106672491098051	-0.0303247132953616	-0.00380875546020237	-2.210129584431	-0.00817311941849779	-0.000516352443001966
4.15441920459201	-0.12947698418157	-0.0304015937931233	-0.00381321906217724	-2.35073139447193	-0.00711586661071806	-0.000367189166454495
4.16441920459201	-0.153686178466238	-0.0304653286820689	-0.00381591802776516	-2.49105055982446	-0.00554812674215931	-0.000163746815043076
4.17441920459201	-0.17929664510068	-0.0305109415140861	-0.00381631965694869	-2.63096414824577	-0.00349600464986629	9.19093718897988e-05
4.18441920459201	-0.20630365211538	-0.0305337278614445	-0.00381391316937069	-2.77033444393566	-0.000987639975861951	0.000397474926887054
4.19441920459201	-0.234701015915338	-0.0305292710942204	-0.00380821169128469	-2.90900881960148	0.00194768489486206	0.000750485107935323
4.20441920459201	-0.264480951704962	-0.0304934499129612	-0.00379875351773784	-3.04681965282313	0.00528030046238526	0.00114838077755618
4.21441920459201	-0.295633923351635	-0.0304224390321335	-0.0037851027836736	-3.18358429979828	0.00898076372374742	0.00158856068648782
4.22441920459201	-0.328148493336452	-0.0303127044463184	-0.00376684968084956	-3.31910514173026	0.0130203280309141	0.00206842003837941
4.23441920459201	-0.362011173602488	-0.0301609947102062	-0.00374361035679187	-3.45316972092801	0.0173712710747469	0.00258537559044618
4.24441920459201	-0.397206278289002	-0.0299643296275792	-0.00371502662765631	-3.58555098504585	0.0220070862463499	0.0031368779014708
4.25441920459201	-0.433715779528784	-0.0297199876761871	-0.00368076562907442	-3.71600765872069	0.0269025457343904	0.00372041166953116
4.26441920459201	-0.471519167680107	-0.0294254933974723	-0.00364051951810393	-3.84428476209363	0.0320336465415366	0.00433348540379621
4.27441920459201	-0.510593317558089	-0.0290786058554011	-0.00359400532558525	-3.97011429526016	0.0373774531240486	0.00497361194363245
4.27767842672696	-0.523598775598526	-0.0289538827808269	-0.00357744675044182	-4.01054947174326	0.0391613604041244	0.00518763307935655
4.28767842672696	-0.564683781109429	-0.0288581365172395	0.0108737305935908	-4.2060591819224	-0.0196405874632911	2.88407534383963
4.29767842672696	-0.607711324290981	-0.0293134283975113	0.0537779056349155	-4.39876066811033	-0.051726222636761	5.47115792052886
4.30767842672696	-0.652638272063553	-0.0290150182023715	0.110164630061197	-4.58578037122961	0.137579350961579	5.50412792149963
4.31767842672696	-0.699412936121666	-0.0263237215584708	0.161116365250061	-4.76852250080452	0.404481343745369	4.6426329256925
4.32767842672696	-0.747996264151532	-0.0209169658530281	0.202925311195218	-4.9475049581842	0.675533148966695	3.73475117332415
4.33767842672696	-0.798349652142488	-0.0128531037666234	0.23627314697789	-5.12246602533435	0.935032698204112	2.95999033203438
4.34767842672697	-0.850430640705897	-0.00226084888219208	0.262626104351636	-5.29294215547202	1.18130252523144	2.33393993316911
4.35767842672696	-0.904191851227184	0.0107330239842518	0.283381072214369	-5.45842490113395	1.41561277683343	1.83638038332253
4.36767842672696	-0.959580787274252	0.0260165499434981	0.299701253555658	-5.61840246202109	1.63945750642494	1.44314864782348
4.37767842672696	-1.0165398694547	0.0434911784709568	0.312520697586869	-5.77237114330309	1.85399135792398	1.13303188755512
4.38767842672697	-1.07500654302437	0.0630679131041821	0.322580874075002	-5.91984025291982	2.05997526234149	0.888721870927148
4.39767842672696	-1.1349134282119	0.0846636340846959	0.330468131363786	-6.06033618997803	2.25783583972008	0.696403983807136
4.40767842672696	-1.19618851355915	0.108198130746295	0.336645518397099	-6.19340704168643	2.4477404321604	0.545130611009236
4.41767842672696	-1.25875549301055	0.133592108028484	0.341478510246498	-6.31871577577122	2.6299177168511	0.42600463305095
4.42557226822117	-1.30899693899575	0.154876700522811	0.344552772033109	-6.40744408201208	2.75563795959101	0.359953592395642
4.43557226822117	-1.37267422867008	0.182080678542268	0.332533829554575	-6.32646029689334	2.68459943980976	-2.76033698306006
4.44557226822117	-1.43549298192876	0.208526094825134	0.289828237012111	-6.23562941547592	2.56277694662551	-5.29687880089236
4.45557226822117	-1.49735732074256	0.232472481171584	0.236526905619674	-6.13589862664487	2.20550755722828	-5.12702616578497
4.46557226822117	-1.5581851566425	0.252447421259758	0.18934540772173	-6.02839658179993	1.78651261829103	-4.280041564551
4.47557226822117	-1.61789985336955	0.26819948146304	0.150896312648296	-5.91327453050436	1.36527267846353	-3.42727138703669
4.48557226822117	-1.67642541726909	0.279792862999822	0.120338730612337	-5.79058815714213	0.955648543901434	-2.70854621532333
4.49557226822117	-1.73368697274509	0.287359014962537	0.0962501031493086	-5.66051299498089	0.559879210367928	-2.1311431078561
4.50557226822117	-1.78961203037916	0.291035501265841	0.0773144656230851	-5.52334710393135	0.177608509519813	-1.67399451288024
4.51343407880319	-1.83259571459405	0.291280908150042	0.0653306588939043	-5.41078636084637	-0.113879054178681	-1.38370450141197
4.52343407880319	-1.88594967133695	0.289751993952594	0.0366620726845815	-5.25882096786456	-0.191318966244969	-4.34586826566169
4.53343407880319	-1.93775156584003	0.28723442054825	-0.018841253626485	-5.10108004753518	-0.359451136361431	-6.19845150726508
4.54343407880319	-1.98796348851091	0.28187106527073	-0.079061285954258	-4.94081869585288	-0.727457674979506	-5.66613713398845
4.55343407880319	-2.03655693517384	0.272589203179024	-0.130716102188182	-4.77728234537029	-1.12837953144078	-4.65247641738724
4.56343407880319	-2.08349721573918	0.259360706064636	-0.172377122007518	-4.61019031228772	-1.51343197292551	-3.70388456674063
4.57343407880319	-2.12874960938596	0.24240662107443	-0.205356828267615	-4.43976833620542	-1.87304029016669	-2.91998830965662
4.58343407880319	-2.17228303494472	0.221985493542851	-0.231308841361049	-4.26648575949994	-2.20705856279766	-2.29472524826288
4.59343407880319	-2.21407167439768	0.198344808769304	-0.25169231747267	-4.09090900042202	-2.51727962714528	-1.80169189290793
4.60343407880319	-2.25409553887311	0.17171274922496	-0.267695211561108	-3.9136289477617	-2.80563991140387	-1.41454626316077
4.61343407880319	-2.29234050451841	0.142299119752386	-0.280261800306434	-3.73522303495956	-3.07385940065192	-1.11111708641548
4.62343407880319	-2.32879805918742	0.110297709100343	-0.290136772087535	-3.55623334660331	-3.32342809009275	-0.873585200962887
4.63343407880319	-2.3634648758623	0.0758883183114686	-0.297905743505772	-3.37715304066041	-3.55566419849603	-0.687833898162451
4.64343407880319	-2.39634227724273	0.0392381647562659	-0.304028654482924	-3.19841780255724	-3.77177558800588	-0.542732279779483
4.65343407880319	-2.42743563339084	0.000502726986725828	-0.308866442191292	-3.0204008312348	-3.97290923547936	-0.429518012073078
4.66343407880319	-2.45675254044313	-0.0401772727055563	-0.312698354855769	-2.84267031716611	-4.16226223006262	-0.339787663509891
4.67343407880319	-2.48439725402164	-0.0824089653674024	-0.315934764368627	-2.69409417376182	-4.2613967413487	-0.318404690383693
4.68343407880319	-2.51077966432115	-0.124993432874901	-0.319156306769916	-2.58913805092799	-4.2366029038835	-0.326893758601926
4.69343407880319	-2.5363045542427	-0.166793465301177	-0.322465993031498	-2.5215323404346	-4.10751545931755	-0.333922993295729
4.70343407880319	-2.56131325128801	-0.206855236554352	-0.325806913027495	-2.48480612382863	-3.89186056088045	-0.33279816640306
4.71343407880319	-2.58608176257462	-0.244399634552577	-0.329093226749738	-2.47241140319842	-3.60687166397254	-0.323115236515837
4.72343407880319	-2.61082142809202	-0.278816685986923	-0.332244377276356	-2.47799500093073	-3.26910181479917	-0.306030147261806
4.72632642319808	-2.61799387799163	-0.288121851033874	-0.333119590596022	-2.48168151573534	-3.16500304754149	-0.298881947983706
4.73632642319808	-2.64286628113702	-0.319261356904481	-0.320874383271034	-2.49233090891296	-3.06231717742557	2.74475017854389
4.74632642319808	-2.66783392550159	-0.349243870734033	-0.279643867647314	-2.50108261751475	-2.89566359960198	5.05499224060572
4.75632642319808	-2.69288362326	-0.376397132294489	-0.228824979899408	-2.50845072132631	-2.5163479418886	4.8881867985245
4.76632642319808	-2.71799313429619	-0.399413290359966	-0.183828892509089	-2.51292504967098	-2.08526441330698	4.085040005424
4.77632642319808	-2.74313156967118	-0.4181182524022	-0.147095523324459	-2.51424330180817	-1.65790206997077	3.27877657523964
4.78632642319808	-2.76826792107191	-0.432623021299163	-0.117817318489284	-2.51253976199071	-1.24574051401913	2.59986951153435
4.79632642319808	-2.79337298262644	-0.443085730251375	-0.0946494196605671	-2.50802208888256	-0.849272812873798	2.05439041761713
4.80632642319808	-2.8184197463756	-0.44965451270734	-0.0763519309771922	-2.50092002921738	-0.466599185866067	1.62202392029839
4.81632642319808	-2.84338359371498	-0.452456578307494	-0.061905852641774	-2.49148169526313	-0.0955891834505311	1.28065871849779
4.82632642319808	-2.86824247721557	-0.451598755529974	-0.0504988442140683	-2.47997293215835	0.265675373352938	1.01137811797008
4.83632642319808	-2.89297708556182	-0.447170010825447	-0.0414891276483482	-2.4666744695337	0.618850843921583	0.798946877461372
4.84632642319808	-2.91757097040485	-0.439243917907988	-0.0343708687617568	-2.45187729963195	0.965366664614519	0.631309522371013
4.85632642319808	-2.94201062148913	-0.427880708396258	-0.0287454851940865	-2.43587705888076	1.30646840331269	0.498973577889374
4.86632642319808	-2.96628548266675	-0.413128928571941	-0.0242987905442394	-2.41896787701551	1.64325245534794	0.394471686049833
4.87632642319808	-2.99038790469616	-0.395026800530403	-0.0207829949173183	-2.40143590483176	1.9766905502469	0.311927851532048
4.88632642319808	-3.01431303199569	-0.373603384020601	-0.0180025705815361	-2.38355257836113	2.30764537936815	0.246715327654647
4.89632642319808	-3.03805862063064	-0.348879619517397	-0.0158031551256848	-2.36556759246469	2.63687897414793	0.195188383965217
4.90632642319808	-3.06162478431306	-0.320869317945698	-0.0140628344735649	-2.34770151727756	2.9650551965057	0.154472206270655
4.91632642319808	-3.08501366446996	-0.289580150435199	-0.0126852903046946	-2.33013798406188	3.29273739614746	0.122298248368429
4.92632642319808	-3.10821866360899	-0.255044060806246	-0.0115697232973963	-2.30696143903911	3.60328819253688	0.110411639339308
4.93632642319808	-3.13100926148401	-0.217910855516773	-0.0102791925168002	-2.24374684490478	3.80349305239128	0.151359781807388
4.94632642319808	-3.15295139759562	-0.179349421983166	-0.00853498090991649	-2.13789062596579	3.89105607469318	0.195997537088992
4.95632642319808	-3.17363822763075	-0.140424816342493	-0.00640113251987552	-1.9933956608539	3.87810476154753	0.228394825550674
4.96632642319808	-3.19270538000636	-0.102082121445072	-0.0040144718078523	-1.81473241403082	3.77673341931443	0.246677403074745
4.97632642319808	-3.20984298583342	-0.0651201320766474	-0.00152868250514669	-1.61076842044527	3.61099059105711	0.243729127590641
4.98632642319808	-3.22491614221838	-0.0298629643713691	0.000738131402127735	-1.40387114245251	3.44069574247791	0.207421540718844
4.99632642319808	-3.2379203992746	0.00369527929118762	0.00261159877829827	-1.19698395403728	3.27095971764946	0.16781008129616
5.00632642319808	-3.24885589356514	0.0355556653564856	0.00411390629165604	-0.990117610069789	3.10108199955333	0.133729197315732
5.01632642319808	-3.25772277246286	0.0657161878737876	0.0053076998790158	-0.783257102007719	2.93098856226559	0.106041822949996
5.02632642319808	-3.26452096093621	0.0941747899066689	0.00625342234578409	-0.576373860475649	2.76070075493498	0.0839457202843887
5.03632642319808	-3.26925004673395	0.120929553292916	0.0070017932517989	-0.369429494820817	2.59021653700499	0.0664058911452788
5.04632642319808	-3.2719091955467	0.145978302949695	0.00759364323781674	-0.162378377690629	2.41948543372816	0.052502309134023
5.05632642319808	-3.2724970901166	0.169318115938385	0.00806143034511889	0.0448300827755467	2.24840913398153	0.0414810843085538
5.06632642319808	-3.27101189162987	0.190944872760336	0.00843084886976704	0.252249240686301	2.07684782379812	0.0327393081691481
5.07632642319808	-3.2674512230314	0.210852878712065	0.00872220853411829	0.459933026418149	1.904627490159	0.0257985937825647
5.08632642319808	-3.26181217416565	0.22903455787896	0.00895155318611142	0.667933766829381	1.73154706438146	0.0202803819430915
5.09632642319808	-3.25409132868746	0.245480216796516	0.00913155298038142	0.876300011131818	1.55738520615557	0.0158854308082381
5.10632642319808	-3.24428481268312	0.260177874258088	0.00927221207332455	1.0850743630648	1.38190676036555	0.0123773399445453
5.11632642319808	-3.23238836493714	0.273113154394779	0.0093814290298145	1.29429131955758	1.20486896935303	0.00956945446695913
5.12632642319808	-3.21839742878058	0.284269241020949	0.00946544039411278	1.5039751157172	1.02602752786878	0.00731449208035628
5.13632642319808	-3.20230726545811	0.293626892081587	0.00952917178147284	1.71413757616064	0.84514256111846	0.00549633679643101
5.14632642319808	-3.18411308894707	0.301164513794447	0.00957651582639996	1.9247759735004	0.661984596572143	0.00402354980710351
5.14989234683337	-3.17711538036468	0.303407692005431	0.00959004151293865	2	0.596080986299607	0.00356763680364308
