=========================== Parameters =====================================
l1 [m]	l2 [m]	l3 [m]	c1 [m]	c2 [m]	c3 [m]	m1 [kg]	m2 [kg]	m3 [kg]
0.14
0.1
0.4458
0.5
0.1
0.9
0.1564
0.23764
0.1564
============================== Data ========================================
t [s]	th1 [rad]	th2 [rad]	th3 [rad]	th1d [rad/s]	th2d [rad/s]	th3d [rad/s]
0	0	0	0	0	0	0
0.01	-0.00114554372014631	-0.000351664173233455	0.00127991278640353	-0.233101454823456	-0.00264683324496757	0.184789862778368
0.02	-0.00463583726210111	0.000121288733827314	0.00345459720315632	-0.462648398414202	0.095435791756188	0.248542131242021
0.03	-0.010350538339048	0.00151265334625209	0.00622538626015969	-0.677846043981543	0.180569826933516	0.304326634929886
0.04	-0.0181432366196703	0.00368697547016114	0.00951480289296529	-0.878223098422308	0.252292559521007	0.351924531207222
0.05	-0.0278648449235084	0.00651152040401425	0.0132380068458882	-1.06361931174283	0.310568787493783	0.391122874434567
0.06	-0.0393662134424336	0.00985630132054065	0.0173069374742569	-1.23420441444704	0.356278736909806	0.421187337092055
0.07	-0.0525008069167308	0.0135976539285369	0.0216305111637307	-1.39034216730125	0.389975830282791	0.442071020042293
0.08	-0.0671268081949874	0.0176183268331919	0.0261179171499108	-1.53260191201291	0.412323316985044	0.453934477959512
0.09	-0.0831090871831912	0.0218091694164278	0.0306798873761094	-1.66169661896411	0.423709218127539	0.457490095138275
0.1	-0.10032047070426	0.0260660995478077	0.0352342786904439	-1.7786198490809	0.426108140842033	0.45208840317823
0.11	-0.118643796997487	0.0302990276551065	0.0396992184099025	-1.88426007128801	0.419044003438084	0.439731225118706
0.12	-0.137972050337494	0.0344223069992411	0.0440043711747417	-1.97980803671166	0.404491713702275	0.420104697011992
0.13	-0.158209865540354	0.0383635666701048	0.0480833303737477	-2.06636363304566	0.382735734460718	0.394699152648469
0.14	-0.179273473177332	0.0420578490925615	0.0518803686075617	-2.14517284313608	0.355320026383087	0.363806479288065
0.15	-0.201091340663644	0.0454522630190032	0.0553462477988387	-2.21740516199004	0.322795367938118	0.328746818115319
0.16	-0.223603833953144	0.0485020596269898	0.0584422957053258	-2.28429753086297	0.2865783438725	0.289967405445557
0.17	-0.246763304629331	0.0511737549379181	0.0611370827684455	-2.34698988400126	0.247310494791859	0.248660486509512
0.18	-0.270533452523482	0.0534420946715179	0.0634089969602044	-2.40662381695644	0.206159893122545	0.20542863085604
0.19	-0.29488895201514	0.0552917720891799	0.0652437884060528	-2.46423325488425	0.163754992337672	0.161331890871278
0.2	-0.319814589034287	0.0567151713092189	0.0666358854698148	-2.52080504945241	0.121010342508264	0.117037841556694
0.21	-0.345304516408514	0.0577127650708956	0.0675868551050625	-2.57722348211686	0.0786217444316736	0.0733114701076366
0.22	-0.371361247656154	0.0582916534143583	0.0681055753602527	-2.63429436135459	0.0374366808709417	0.0306289965141352
0.23	-0.397994750742777	0.0584661303943	0.0682062429296797	-2.69268113724815	-0.00218694702061854	-0.0101890360537984
0.24	-0.42522121849046	0.0582552737408209	0.06790927793809	-2.75296997408957	-0.0395892816894373	-0.048780983852644
0.25	-0.453062031007719	0.0576831961364191	0.0672394865502918	-2.81562045732577	-0.0743243879911155	-0.0847312463408061
0.26	-0.481542580101646	0.0567780464650044	0.0662254387844462	-2.88097147655527	-0.106073065712967	-0.117660512276386
0.27	-0.510691104593664	0.0555712458671545	0.0648985976198338	-2.94923859227219	-0.134669643911569	-0.147198941538096
0.274354041474437	-0.523598775598301	0.0549599279124696	0.0642317314543853	-2.97990755524307	-0.146060782374552	-0.158974975566731
0.284354041474437	-0.555486138821849	0.0524703662677158	0.0662994602522862	-3.39698018812528	-0.35036956693687	0.570240888536911
0.294354041474437	-0.591525989091117	0.0480016802444492	0.0755678456695847	-3.81033650429797	-0.539890323740768	1.27879066122191
0.304354041474437	-0.631679143961964	0.0417639114018976	0.0917564291700468	-4.21957577411761	-0.701958083954372	1.95162830444264
0.314354041474437	-0.67590247711117	0.0341006359255066	0.114425757224767	-4.62430600866521	-0.822555887456604	2.57202415017737
0.324354041474437	-0.724148864832709	0.0255012864855263	0.142961777737322	-5.02395069739651	-0.889083744391524	3.12445154044736
0.334354041474437	-0.77646463356677	0.0180962686399441	0.17501839380756	-5.45010005261533	-0.399273774291872	3.08405090396517
0.344354041474437	-0.833211529091098	0.0190073852656626	0.203042938296362	-5.89742916036016	0.584354112416284	2.515279824464
0.354354041474437	-0.894350374777993	0.029507423718979	0.225552613016321	-6.32663442682805	1.49630301000368	2.00353000427321
0.364354041474437	-0.959665578420839	0.0485372537679972	0.24345371454048	-6.7323504318447	2.29091287333841	1.59225320737279
0.374354041474437	-1.02891333045737	0.0749641933420836	0.257688010896752	-7.11289106965921	2.97764164122486	1.26749282601174
0.384354041474437	-1.10183463493916	0.107769864863959	0.269037565877701	-7.46680817104391	3.56832831375684	1.01291344098049
0.394354041474437	-1.17806921230289	0.145397439709829	0.278735118757442	-7.75449736827599	3.80468335291563	1.0607934638122
0.404354041474437	-1.25650364029439	0.182568317478336	0.291075167548238	-7.9167387739405	3.62247673054039	1.3908859829767
0.410957972637954	-1.30899693899575	0.20605215383737	0.300807445375712	-7.97460057984268	3.48857329244841	1.54808927246434
0.420957972637954	-1.3874131039808	0.239141057456985	0.31560378941029	-7.70480550351335	3.12923063956904	1.40678424679091
0.430957972637954	-1.46301890921306	0.268657928629734	0.328838131981771	-7.41277082558775	2.77620226671895	1.23401714894002
0.440957972637954	-1.53559931258573	0.294724927401314	0.34014787890527	-7.09997429579653	2.44106675497742	1.02043028897611
0.450957972637954	-1.60495416919321	0.317572305381821	0.349084847411692	-6.76790881036592	2.13377294437099	0.758347342662747
0.460957972637954	-1.67089812527563	0.337519572935646	0.355134389060873	-6.41803150147663	1.86215149396575	0.442215492987578
0.470957972637954	-1.7332600198337	0.354952310334506	0.35773837513554	-6.05171613586302	1.6315286754874	0.0689395521194006
0.480957972637954	-1.79188182847488	0.370295526731309	0.356321101388456	-5.67020939824551	1.44441733564375	-0.361862293000124
0.488326011371834	-1.83259571459405	0.380517915233844	0.352372792366823	-5.38003242703009	1.33418996229326	-0.71471716476386
0.498326011371834	-1.88437973689168	0.393254233210351	0.342651203613556	-4.97460079346679	1.21938105385798	-1.23754095573858
0.508326011371834	-1.93204542894205	0.405019035526326	0.327478564552758	-4.55647185171315	1.13849727993779	-1.8032670095873
0.518326011371834	-1.97546864801025	0.416103492858886	0.306481886698261	-4.12617908316036	1.08127321515317	-2.40005237885406
0.528326011371834	-2.01452966820427	0.426676231083301	0.27942630787165	-3.68407958050448	1.03342820309268	-3.01205558597418
0.538326011371834	-2.04911169791375	0.436742304616672	0.24625670606158	-3.23041708782131	0.976519657249084	-3.61913013747142
0.548326011371834	-2.07910024387767	0.446101845148666	0.207141472101427	-2.76542947727087	0.888058684366684	-4.1967371797527
0.558326011371834	-2.10438379075556	0.454312174993985	0.162514917157345	-2.2895041014699	0.74213357704305	-4.71636058004763
0.568326011371834	-2.12477710469629	0.45934694272279	0.114489384047985	-1.77374552239081	0.0169436208331123	-4.62829488691747
0.578326011371834	-2.13972072679877	0.452342710838488	0.0723904028671752	-1.21475986461888	-1.42612295714951	-3.78157705590962
0.588326011371834	-2.14910052153452	0.431165732355568	0.0385251553156347	-0.663246392263202	-2.78383149357682	-3.01675180363378
0.598326011371834	-2.15303099571446	0.397182943891248	0.0115462606315114	-0.125230455461375	-3.98889634126905	-2.40206374411162
0.608326011371834	-2.15165710195018	0.351841975017982	-0.00994576211214947	0.397228084368219	-5.05874660757597	-1.91513751570224
0.618326011371834	-2.1451476702104	0.296397411737777	-0.0271002350390562	0.901318120320536	-6.01212227813368	-1.53094093374156
0.628326011371834	-2.13370707640261	0.231968935804609	-0.0408642006999216	1.37762022170595	-6.81271468599819	-1.27691645386586
0.638326011371834	-2.11834564507573	0.164657336091202	-0.0566177847166952	1.66412201886423	-6.58020541768377	-1.90495014708743
0.648326011371834	-2.10092508755591	0.100617459685027	-0.078461578462954	1.79661227209196	-6.2253563159961	-2.42963663218134
0.658326011371834	-2.08286475164633	0.040233284802958	-0.104592537359948	1.7942235201712	-5.85009126005316	-2.76460468667616
0.668326011371834	-2.06544814824595	-0.0162662073753333	-0.133245117199183	1.67052166298571	-5.44755531610863	-2.93914271064829
0.678326011371834	-2.04967554966185	-0.0695283671878369	-0.16209828088048	1.48503203838069	-5.28970630719717	-2.73603211296749
0.688326011371834	-2.03579814260198	-0.122164567074986	-0.187765377137898	1.28757195560053	-5.23207304753341	-2.39899357182954
0.698326011371834	-2.02397675182483	-0.174045172664744	-0.210134906332746	1.07432085052652	-5.1371524685542	-2.07885996372177
0.708326011371834	-2.0143544919744	-0.224759703179423	-0.229440063463126	0.848238789258148	-4.99796062469728	-1.7878547423382
0.718326011371834	-2.00704496740694	-0.273843476462245	-0.246018464914397	0.612256109998932	-4.81058387797721	-1.53468427004926
0.728326011371834	-2.00213290535756	-0.320806245694871	-0.260278756625129	0.369207660862144	-4.57373543106699	-1.32492999018361
0.738326011371834	-1.99967540343212	-0.365155708242242	-0.272672000370054	0.121775758981183	-4.28819340589984	-1.16158960824423
0.748326011371834	-1.99970370170257	-0.40641524802195	-0.283668726874545	-0.127557523496303	-3.95622355904447	-1.045653869613
0.758326011371834	-2.00222538082511	-0.444136121599195	-0.293741614195402	-0.376547679921528	-3.58105368520298	-0.976645661871928
0.768326011371834	-2.00722687807772	-0.477904807572127	-0.30335319077625	-0.623213971804773	-3.16643564911105	-0.953081509099
0.778326011371834	-2.01467620978589	-0.507346473672782	-0.312947693153391	-0.86585459029838	-2.71630742545685	-0.972840002195762
0.788326011371834	-2.02452579361846	-0.532125555498906	-0.322946139936415	-1.1030516752715	-2.2345519481947	-1.03343762252436
0.798326011371834	-2.03671527626053	-0.551944360901291	-0.333743737393185	-1.33366763863343	-1.72484104028021	-1.13222120531214
0.808326011371834	-2.05117428761432	-0.566540477401582	-0.345708845647811	-1.55683441211901	-1.19054956999904	-1.26648981473202
0.818326011371834	-2.06782505832815	-0.575683611472528	-0.35918286493992	-1.77193708214468	-0.634725426638481	-1.43355892340797
0.828326011371834	-2.08658485031558	-0.579172355240997	-0.374480522851354	-1.97859299460616	-0.0601032664922982	-1.63077811007708
0.838326011371834	-2.1073681583768	-0.57683127046733	-0.391890144383518	-2.1766269285003	0.530847047648084	-1.85551124556081
0.848326011371834	-2.13008864455761	-0.568508602814404	-0.411673566221129	-2.36604245140264	1.13584371034857	-2.10508619121465
0.858326011371834	-2.15466076590565	-0.554074885379933	-0.434065420406324	-2.54698917008334	1.75269253324968	-2.37671993763151
0.868326011371834	-2.18100105209981	-0.533422648517031	-0.45927157123248	-2.71972536263526	2.37916682555959	-2.66742518452949
0.878326011371834	-2.20902898424153	-0.50646740957346	-0.487466554973351	-2.88457552258506	3.01287250174929	-2.97390574155983
0.888326011371834	-2.23866694353149	-0.473154056372026	-0.518786143789924	-3.04038434276303	3.6387015671731	-3.28063951992649
0.898326011371834	-2.26937835692804	-0.437236522739872	-0.549738217212569	-3.08015817194752	3.38125138656021	-2.75659484342704
0.908326011371834	-2.30011784961001	-0.406459797421212	-0.57308406324869	-3.06601435197982	2.77511980206913	-1.91594116278078
0.918326011371834	-2.33069591055438	-0.381478793677267	-0.588342235096828	-3.05009162976728	2.23781079768975	-1.15347682695266
0.928326011371834	-2.36113241147511	-0.361365839403584	-0.596508358107313	-3.03777498047148	1.80022110744724	-0.495951550485759
0.938326011371834	-2.39146159211212	-0.345189934164884	-0.59855957620197	-3.02846365106168	1.44763883930901	0.0723679326094117
0.948326011371834	-2.42170822408344	-0.332183840139354	-0.595302827376355	-3.02110426081385	1.16378539938929	0.568163869402871
0.958326011371834	-2.45188729431253	-0.321730359065339	-0.587392022097593	-3.01482685454117	0.935092137515291	1.00523640866789
0.968326011371834	-2.4820062636214	-0.313334570488805	-0.575356753074381	-3.00899735662925	0.750620133416917	1.39471556822953
0.978326011371834	-2.51206734584328	-0.306599698287758	-0.559626508608302	-3.0031955480735	0.601607514224336	1.74557033235448
0.988326011371834	-2.54206947887535	-0.301207472507845	-0.540550014152582	-2.99718054118502	0.481052065060653	2.06504919556308
0.998326011371834	-2.57200993922644	-0.296902313451139	-0.518410621200786	-2.99085515923767	0.383366592438175	2.3590295519294
1.00832601137183	-2.60188560897624	-0.293478624665833	-0.493438597946799	-2.98423234756684	0.304100246623576	2.63229046241011
1.01372711976425	-2.61799387799149	-0.291936393231414	-0.478840111927978	-2.980563928922	0.267688833105386	2.77264870071111
1.02372711976425	-2.64822760592823	-0.285720721084261	-0.453511236808843	-3.06550303811854	0.975248310059692	2.29221494632879
1.03372711976425	-2.67929117254086	-0.272441815470465	-0.433004931493862	-3.1466141771768	1.67970576559077	1.80902914587103
1.04372711976425	-2.71114882744881	-0.252149007073849	-0.417322599711264	-3.22440588812419	2.37744738920859	1.32825090160726
1.05372711976425	-2.74372915971086	-0.225267652417579	-0.406090419363059	-3.27345749591033	2.84797488023696	1.0618107495149
1.06372711976425	-2.77621574241078	-0.198545066681194	-0.392888605866179	-3.21773035064833	2.44508278994258	1.6275809671424
1.07372711976425	-2.80806789830692	-0.17651149914978	-0.373399373669822	-3.15405902091945	1.97201090809547	2.26046767034458
1.08372711976425	-2.83933124716219	-0.158841729936218	-0.347927252886091	-3.1004344267896	1.57586092074668	2.8208566935494
1.09372711976425	-2.87011066024462	-0.144737102153109	-0.317223851138156	-3.05701389800749	1.25677002275854	3.30884064347479
1.10372711976425	-2.90050056105895	-0.133487822359708	-0.281955946607129	-3.02280950172284	1.01170342940315	3.72628209015095
1.11372711976425	-2.93063631470464	-0.12235618517013	-0.245046077610894	-2.99700748107895	1.25096524854302	3.60236505676893
1.12372711976425	-2.96021906384227	-0.10862820197407	-0.21007995756694	-2.90820768990554	1.47978077944747	3.38974613876628
1.13372711976425	-2.98858297086131	-0.0930506925057612	-0.177266699635825	-2.75429584934677	1.62276972669592	3.17129863342018
1.14372711976425	-3.01510966439557	-0.076427580310404	-0.146674603560729	-2.54189243457013	1.69023112379983	2.94579655354968
1.15372711976425	-3.03925080949215	-0.0594543356977656	-0.118384050245768	-2.27850355749043	1.69524818066314	2.71029880259585
1.16372711976425	-3.0605343360191	-0.0427080837608964	-0.0924883836771542	-1.97154830412935	1.64513690261206	2.46837347301111
1.17372711976425	-3.07856466193303	-0.0266810849637875	-0.0690549408264728	-1.62927706999254	1.55413217244495	2.21699552961707
1.18372711976425	-3.09302626993463	-0.0117529021842243	-0.0481512943635664	-1.25904493983603	1.42631881012029	1.9633246245542
1.19372711976425	-3.10367883025172	0.00176425340635641	-0.0298013743893578	-0.868771378889081	1.27406336116378	1.70588836164949
1.20372711976425	-3.11035715596963	0.0136528565398412	-0.0140173480233023	-0.465281831499333	1.10096836679846	1.45145974273294
1.21372711976425	-3.11296399087827	0.0237507915541302	-0.000766666222564246	-0.0555663121961231	0.917273367427696	1.19941175157717
1.22372711976425	-3.11146719498158	0.031971839435243	0.00999942984869466	0.354507871440492	0.726146943565649	0.955380197995172
1.23372711976425	-3.10589182866699	0.0382749911118084	0.0183680035508985	0.759230418064731	0.535080807748335	0.719757076809665
1.24372711976425	-3.09631573425545	0.0426769877258036	0.0244426856055422	1.15391451116909	0.346352433269143	0.497253255633884
1.25372711976425	-3.08286177261567	0.0452284933224029	0.028358425394046	1.53415722995352	0.165446626845953	0.2884405321453
1.26372711976425	-3.06569271628204	0.0460204813608492	0.0302659840460978	1.8963783885145	-0.00506786248337646	0.0959219423190816
1.26669669965227	-3.05990693000467	0.0459335357183533	0.0304705736817629	2.00000000000001	-0.0531860847649204	0.0420285335077076
1.27669669965227	-3.03821569411351	0.0446245111365809	0.0300290651816401	2.33439457290242	-0.20608955224213	-0.127218779857137
1.28669669965227	-3.01329956804263	0.0418651275902252	0.0279905482842652	2.64465513876004	-0.343064995206345	-0.27710069656746
1.29669669965227	-2.98540889708591	0.0378224520946781	0.0245534896081733	2.92905152634037	-0.462389337674649	-0.406955934032393
1.30669669965227	-2.95480851205377	0.0326775459346811	0.019922227707627	3.18644261087673	-0.563322700855032	-0.515928671319188
1.31669669965227	-2.92177229180519	0.0266194973784425	0.0143051759478451	3.41618837788336	-0.645361511959744	-0.603691733533622
1.32669669965227	-2.88657799553937	0.0198398924698619	0.00791287229763092	3.61806637146827	-0.707581429677468	-0.671075003102608
1.33669669965227	-2.84950287910528	0.0125331060393849	0.000950522295962607	3.79242389820535	-0.750690303595838	-0.717963888984014
1.34669669965227	-2.81081904603863	0.0048898734682833	-0.00638226080293789	3.94002199482081	-0.775652180282656	-0.744634850093486
1.35669669965227	-2.77078904212547	-0.00291044810805682	-0.0138898903745805	4.06180415347966	-0.781512064239525	-0.753884968691002
1.36669669965227	-2.72966342152243	-0.0106898491227629	-0.021396503700826	4.15941329833867	-0.771714249292752	-0.744618171720379
1.37669669965227	-2.68767617521715	-0.0182909774177002	-0.0287314588076576	4.23441987737181	-0.745902841443124	-0.720011655823693
1.38669669965227	-2.64504336870044	-0.0255653066526295	-0.035745393802368	4.28887580329743	-0.70671465623551	-0.680612002307273
1.39669669965227	-2.6019602267922	-0.0323843809127097	-0.0423022826398244	4.32485119739683	-0.655098323930166	-0.628956672747934
1.40669669965227	-2.5586000922796	-0.0386353648267135	-0.0482864379472766	4.34463073819723	-0.593074211225988	-0.566718150629265
1.41669669965227	-2.51511326819791	-0.0442232672147512	-0.0536019862291558	4.3506044646636	-0.523030957950745	-0.495329123858696
1.42669669965227	-2.47162623228697	-0.0490741543270521	-0.0581705445035051	4.34510037711568	-0.44634211724922	-0.417293746068735
1.43669669965227	-2.42824182572983	-0.0531322601161553	-0.061934266401524	4.33046701848192	-0.364772147528081	-0.334701023481288
1.44669669965227	-2.38503961611098	-0.0563597225332629	-0.0648555346243136	4.30903053157462	-0.280432460108551	-0.24920049227666
1.45669669965227	-2.34207656256781	-0.058737129545599	-0.0669151867897633	4.28300666015988	-0.195193301808599	-0.162530792967217
1.46669669965227	-2.29938808524042	-0.0602633477437577	-0.068110873801602	4.25443515449025	-0.11031192140463	-0.0768373826583185
1.47669669965227	-2.25698978739852	-0.0609515483442197	-0.0684587036235028	4.22527096316973	-0.0277909801053501	0.00674137385633122
1.48669669965227	-2.21487893591133	-0.0608309672659591	-0.0679886808471361	4.19722285719006	0.0511500709850766	0.0865808272552644
1.49669669965227	-2.17303661362991	-0.0599438603041696	-0.0667445749990955	4.17179517865525	0.12535377142803	0.161330108324473
1.50669669965227	-2.13142997921872	-0.0583435617540094	-0.0647823570702062	4.15027954163699	0.193611701077373	0.230053977529081
1.51669669965227	-2.0900146100219	-0.0560933465343533	-0.0621675945306203	4.1337115656753	0.25499403007658	0.291922663473981
1.52669669965227	-2.0487369686759	-0.0532653036643828	-0.0589726525774437	4.12282796235111	0.309226827370101	0.345846050969295
1.53669669965227	-2.00753725174925	-0.0499356451015513	-0.055277390268776	4.11818067220767	0.355355688133869	0.391821397869414
1.54669669965227	-1.96635167084605	-0.0461866350953557	-0.0511631919937086	4.1199700771416	0.39363609623175	0.429031094647769
1.55669669965227	-1.92511557654919	-0.0420985850631621	-0.0467170556909991	4.12831377875846	0.422573971727246	0.45880456460599
1.56669669965227	-1.88376501884245	-0.0377584955036697	-0.0420191055109173	4.14280518699657	0.444038230182303	0.479462001882072
1.57669669965227	-1.8422402091273	-0.033245554330259	-0.0371536006226357	4.16308100098232	0.457052032238071	0.492525145926122
1.58669669965227	-1.800486764601	-0.0286395081748675	-0.0321972630212347	4.18841235070484	0.462652178363224	0.49780063021546
1.59669669965227	-1.75845806905664	-0.024013687352248	-0.0272234033691489	4.2179702077484	0.461188347884769	0.496053372000171
1.60669669965227	-1.71611665045491	-0.0194360120984658	-0.0222984510906057	4.25075847208883	0.453409333208605	0.487870301085482
1.61669669965227	-1.6734355662874	-0.0149664464994283	-0.0174825214067257	4.28571258371981	0.439707188978757	0.47437178932979
1.62669669965227	-1.63039911760814	-0.0106583875917129	-0.0128265167740884	4.32164000899151	0.42116083501185	0.456113274133606
1.63669669965227	-1.58700356901775	-0.00655624348394247	-0.00837355806388842	4.35733620293886	0.398600611829005	0.433975338894781
1.64669669965227	-1.54325730841557	-0.00269563705820215	-0.0041582707274758	4.39159707168808	0.372830858939231	0.408891640059535
1.65669669965227	-1.49918062093548	0.000895562718892223	-0.000205709775028595	4.42320418066289	0.345139448002823	0.381291231911143
1.66669669965227	-1.45480553378006	0.00420029571961558	0.00346517053578564	4.45109332074553	0.315706765326967	0.352655474935757
1.67669669965227	-1.41017470743678	0.00720753067984968	0.00684552636357326	4.47419009480549	0.285735032949026	0.323341746097654
1.68669669965227	-1.3653408228292	0.00991559779581061	0.00993214290040251	4.4915993499055	0.255539146883903	0.294470594990617
1.69669669965227	-1.32036502734042	0.0123269589996869	0.0127312742810252	4.50242687692364	0.226740133225138	0.26569689077113
1.70669669965227	-1.27531622982153	0.0144541092313321	0.0152510834777391	4.50608206780456	0.198980218636841	0.238491771864032
1.71669669965227	-1.23026911743903	0.0163121217128793	0.017507346591552	4.50200279637739	0.173108892528889	0.212929323292794
1.72669669965227	-1.18530305717776	0.0179217330214239	0.0195184787413876	4.48983304250162	0.149211127318421	0.189661743005122
1.73669669965227	-1.14050037745474	0.0193055590158949	0.0213074280507689	4.46930052324361	0.127976026202896	0.168544135298421
1.74669669965227	-1.09594519052018	0.0204900384759728	0.0228978469131957	4.44033726632708	0.109283410395493	0.150059755443871
1.75669669965227	-1.05172178296647	0.0215018394896548	0.0243158959899756	4.40295624287939	0.0935076589048785	0.134019871350391
1.76669669965227	-1.0079135428782	0.0223692565058929	0.0255871565497214	4.35733812888819	0.0804213348191089	0.120678973862181
1.77669669965227	-0.964601649554982	0.0231196496646928	0.0267376700378577	4.3037416190768	0.0700665120056451	0.109876169043039
1.78669669965227	-0.921864139903929	0.023779631542597	0.0277923984138386	4.24252685428904	0.0623334285607501	0.101477531883531
1.79669669965227	-0.879775044019331	0.0243744123110809	0.0287747276401503	4.1741371329222	0.0569994177521758	0.0953574809023648
1.80669669965227	-0.838403661811361	0.0249270328238949	0.0297062929509014	4.09907072391765	0.0538751985574475	0.0912729516147048
1.81669669965227	-0.797814050835983	0.025458268330351	0.0306063416239415	4.01787704131882	0.0526772778995844	0.0890126993125982
1.82669669965227	-0.758064628954101	0.0259861383274016	0.0314917006004385	3.93113169849787	0.0531444691674981	0.0883006652428237
1.83669669965227	-0.719207956573405	0.0265258460421476	0.0323765102029957	3.83942663852803	0.054994032748847	0.0888592712861563
1.84669669965227	-0.681290651203961	0.027089716759257	0.0332721440386233	3.74335731593707	0.0579240288188339	0.0904246570674889
1.85669669965227	-0.644353418247181	0.0276871018473225	0.0341873296146612	3.64350614076168	0.0616731720978396	0.0927022003895001
1.86669669965227	-0.608431225466882	0.0283247166078361	0.0351279791565802	3.54044301135438	0.0659048316580693	0.0954965481714481
1.87669669965227	-0.573553507271762	0.0290063047769097	0.0360978203011849	3.43469567547222	0.0704491434647731	0.0984796026277871
1.88669669965227	-0.539744552974629	0.029733544061666	0.0370978809378078	3.32677317596412	0.0749643838729405	0.101539625184464
1.89669669965227	-0.507023814764191	0.0305053958175985	0.0381276145400688	3.21712198404663	0.0793751599079905	0.104347687409804
1.90669669965227	-0.47540643567872	0.0313194518209636	0.039184075430645	3.10616878697486	0.0833501286178764	0.106886873074288
1.91669669965227	-0.444903605324152	0.0321710243115599	0.0402633957610315	2.99426641912737	0.0868876121614145	0.108866509433539
1.92669669965227	-0.415523148981009	0.0330546943133522	0.0413598097450663	2.88174701873368	0.0897061722567982	0.110335140864378
1.93669669965227	-0.387269889793176	0.0339632694417744	0.0424672792270304	2.76886438303589	0.0918970691676561	0.111024273001994
1.94669669965227	-0.360146252630378	0.0348895414188905	0.0435782924142946	2.65585869497992	0.093207602688635	0.111066167579271
1.95669669965227	-0.334152586372973	0.0358250513702069	0.0446856407986208	2.54289332489553	0.0937757230859829	0.110252645954084
1.96669669965227	-0.309287725962453	0.0367618114241163	0.0457811900499525	2.43012093897682	0.0934138971659598	0.108750391682838
1.97669669965227	-0.285549264296433	0.0376910798233327	0.0468575659676951	2.31762370472379	0.0923178604884253	0.106384238061143
1.98669669965227	-0.262934051914158	0.038605067302603	0.0479068465952994	2.20548171565575	0.0903337868885283	0.10336815224723
1.99669669965227	-0.241438394426215	0.0394956384576327	0.0489222193991376	2.09371288252229	0.0876768703791572	0.0995779660930059
2.00669669965227	-0.221058466618378	0.0403558694748664	0.0498967146282352	1.98233767661885	0.0842437282818175	0.0952365672750405
2.01669669965227	-0.201790442439375	0.0411788291959559	0.0508246725708205	1.87132502118265	0.0802646089308305	0.090253270853325
2.02669669965227	-0.183630820163975	0.0419589779947743	0.0517005273953912	1.76065251734837	0.0756660854089183	0.0848586987937217
2.03669669965227	-0.166576482189416	0.0426909850363343	0.0525201323140857	1.65025601102015	0.0706794307909836	0.0789886161193161
2.04669669965227	-0.150624935760636	0.0433709730088815	0.0532795975839505	1.5400850264246	0.0652536763069397	0.0728688095826708
2.05669669965227	-0.135774312078475	0.0439954058170173	0.0539764509847702	1.43005699729031	0.059606644495064	0.0664572566158656
2.06669669965227	-0.122023528508724	0.0445621521595799	0.0546085715335854	1.32010624196481	0.0537053339504882	0.0599621911764581
2.07669669965227	-0.109372238002684	0.0450694585321215	0.0551751866551357	1.21014301548875	0.0477565904778176	0.0533457921870254
2.08669669965227	-0.0978209292319196	0.0455168976927082	0.0556758528156339	1.10009841257225	0.0417271137887178	0.0468033619604177
2.09669669965227	-0.0873708340553359	0.0459043889245581	0.0561113458293585	0.989886150195744	0.0357969396278611	0.0403052971521822
2.10669669965227	-0.0780239735115973	0.0462329931784134	0.0564827452346321	0.879441328203897	0.0299423287728269	0.0340140145175157
2.11669669965227	-0.0697830418655479	0.0465040628769851	0.0567921532927762	0.768688119816457	0.0243164949640121	0.0278998884621553
2.12669669965227	-0.0626514106037344	0.0467198976956146	0.057041886720917	0.657572646686807	0.0188929318597503	0.0220983114776643
2.13669669965227	-0.0566329981178276	0.0468830084263996	0.0572350567829201	0.546035597163434	0.0137850753870794	0.0165877641239227
2.14669669965227	-0.051732236020299	0.0469965712461887	0.0573749466867289	0.434036251535144	0.00898423298502988	0.011452583484353
2.15669669965227	-0.0479539461461915	0.0470639480521711	0.0574653243328544	0.321535951522513	0.00455229941598125	0.00668922031781888
2.16669669965227	-0.0453032704241095	0.0470888593364473	0.0575100990910844	0.208509614962824	0.000496460358457312	0.00233222394120399
2.17669669965227	-0.0437855635209082	0.047075171515122	0.0575133686361378	0.0949403426483782	-0.00316731186654085	-0.00160916248670421
2.18669669965227	-0.0434062986838152	0.0470268532914747	0.0574793007657375	-0.0191789127719972	-0.00643184537007755	-0.00513274073673477
2.19669669965227	-0.0441709700463987	0.0469478975613271	0.0574120567719576	-0.13384544269618	-0.0092977399522857	-0.0082436098746936
2.20669669965227	-0.046084994899658	0.0468422371439813	0.0573157296024379	-0.249047433743301	-0.0117671339048768	-0.0109594913022604
2.21669669965227	-0.0491536239313285	0.0467137350237383	0.0571942171626122	-0.364761694380916	-0.0138712836499146	-0.0132819617456447
2.22669669965227	-0.0533818391979739	0.046566012378485	0.0570512698428917	-0.480958704134965	-0.0156162676014989	-0.0152498346556779
2.23669669965227	-0.0587742752490589	0.0464025101141141	0.0568903152937825	-0.597597864718942	-0.0170396142817186	-0.0168810400673247
2.24669669965227	-0.0653351226664047	0.0462263184004975	0.0567145290264419	-0.714633091134049	-0.018150720028094	-0.0182311911528495
2.25669669965227	-0.0730680609759718	0.0460403025108059	0.0565266202855554	-0.832005883824571	-0.0190125726004499	-0.0193101714371963
2.26669669965227	-0.0819761618643633	0.0458468563944282	0.0563290052490858	-0.949654793382581	-0.0196387885811481	-0.0201842352351799
2.27669669965227	-0.0920618330350685	0.0456480777383732	0.0561235700234613	-1.06750693691964	-0.0200929469254515	-0.0208748932019844
2.28669669965227	-0.103326730587702	0.0454455511290895	0.0559118406201752	-1.18548673552834	-0.0203937188069771	-0.0214529019738808
2.29669669965227	-0.115771708449892	0.0452405135470582	0.0556947818139812	-1.30350837742778	-0.020603295063596	-0.021948146901682
2.30669669965227	-0.129396741951313	0.0450336946389509	0.0554729354232713	-1.42148259449994	-0.0207542831436754	-0.0224218279009605
2.31669669965227	-0.144200877535611	0.0448254195911029	0.0552463070858306	-1.5393123205021	-0.0209017237264921	-0.0229129972192218
2.32669669965227	-0.160182169812554	0.0446155399901809	0.0550144376696175	-1.6568960136132	-0.0210884942294628	-0.0234721543160596
2.33669669965227	-0.1773376279879	0.0444034425036612	0.054776407849266	-1.77412782869374	-0.021346015004118	-0.024159429862269
2.34669669965227	-0.195663173153668	0.0441881547771375	0.0545307558221209	-1.89089379178926	-0.0217398395757149	-0.0249977343580424
2.35669669965227	-0.21515357349157	0.0439681782566288	0.054275679556246	-2.00707997483504	-0.0222798085114924	-0.0260620232126614
2.36669669965227	-0.235802421152946	0.0437417684191101	0.0540087992662072	-2.12256151421719	-0.0230460528918892	-0.0273517791757513
2.37669669965227	-0.257602057594384	0.0435066123594868	0.0537275342747922	-2.23721785810769	-0.0240192463181056	-0.0289606664545224
2.38669669965227	-0.280543571332395	0.0432603009053033	0.0534286902482961	-2.35091383697482	-0.0252961623999285	-0.0308591673660472
2.39669669965227	-0.304616713080785	0.0429998483656966	0.0531090108628001	-2.46352206210897	-0.0268393643803069	-0.0331452941489347
2.40669669965227	-0.329809906428998	0.0427222656812604	0.0527646785784559	-2.57489994377831	-0.0287386447511345	-0.0357812564892437
2.41669669965227	-0.35611016681848	0.0424240766205856	0.0523918836246149	-2.68491253917387	-0.0309559560481947	-0.0388490851469857
2.42669669965227	-0.383503111758922	0.0421018349570107	0.0519863934237444	-2.79341227137756	-0.0335568427931556	-0.0423175783435474
2.43669669965227	-0.411972896998341	0.0417517787987317	0.0515439938898168	-2.90025606732096	-0.0365202938611868	-0.0462328463800695
2.44669669965227	-0.441502214274624	0.0413701457176884	0.0510602714011072	-3.00529404980749	-0.0398696564583409	-0.0505863891976983
2.45669669965227	-0.472072257546429	0.040953097225646	0.0505307908058196	-3.10837521621584	-0.0436124248302726	-0.0553752638807723
2.46669669965227	-0.503662700161395	0.0404967258104979	0.049951193272097	-3.20934963219841	-0.0477197104050361	-0.0606224802854714
2.47284994119087	-0.523598775598384	0.0401947627610869	0.0495677098224033	-3.27036601574736	-0.0504490154725119	-0.0640512614477693
2.48284994119087	-0.558399991121145	0.0386620656630656	0.0526047158618157	-3.68923758927791	-0.254320386919609	0.668818449436282
2.49284994119087	-0.597370033172543	0.035164258169063	0.0628671329943652	-4.10406115274652	-0.441374470212558	1.37854646563729
2.50284994119087	-0.640466323320978	0.0299347602432914	0.0800460609399845	-4.51441723731471	-0.59832620050582	2.04933933079924
2.51284994119087	-0.687642054892111	0.0233466868966373	0.103665961743805	-4.91987475695213	-0.710561219828313	2.66370225325415
2.52284994119087	-0.738845881758186	0.0159240735218898	0.133069818240271	-5.31994695815777	-0.762642956546582	3.20297892797429
2.53284994119087	-0.794126702051984	0.00995559401642708	0.165737498454463	-5.74732696984016	-0.232380698826652	3.12122392130535
2.54284994119087	-0.853839805308181	0.0126211770154834	0.194042422609035	-6.19304168887085	0.765014745112674	2.53741027823426
2.55284994119087	-0.917918909042391	0.0249488381701822	0.216741564330853	-6.61880427866413	1.68000366626974	2.02023358438416
2.56284994119087	-0.986132761969291	0.045817015066414	0.234790009484287	-7.01964949318416	2.47402428583386	1.60561498081275
2.57284994119087	-1.05822317568559	0.0740603822829368	0.249145838877305	-7.39387480105112	3.15727246395968	1.27868640000081
2.58284994119087	-1.13391632175477	0.108630523119211	0.260603342737321	-7.74009511569156	3.74278786717608	1.02180320681956
2.59284994119087	-1.21268691126236	0.146947553325249	0.271305364009238	-7.98698820871595	3.79358342913829	1.22144071121336
2.60284994119087	-1.29329472764575	0.183947848086948	0.285102075641692	-8.11917864790015	3.60253662958009	1.51853722918745
2.60478204404037	-1.30899693899598	0.190870542416818	0.288079156252228	-8.13425465388768	3.56296211020963	1.56280941652393
2.61478204404037	-1.38901628868517	0.224820708018025	0.302912252986006	-7.86563583226042	3.22656889044852	1.39975479027794
2.62478204404037	-1.46623249705368	0.255411930556129	0.31597694264089	-7.57387232760323	2.89314974508251	1.20753957865392
2.63478204404037	-1.54042160708893	0.282731434160104	0.326935906292176	-7.26047122448947	2.57399917184188	0.977235274967707
2.64478204404037	-1.61137490709528	0.306972294559426	0.335369909066565	-6.92696478358337	2.27889410290365	0.70147781526337
2.65478204404037	-1.67889890028999	0.328415489899462	0.340795966105533	-6.57485491429844	2.01555818528618	0.374952489162722
2.66478204404037	-1.74281474531735	0.347407140377578	0.342689800482036	-6.20556283408173	1.78923249839297	-0.00522953741761065
2.67478204404037	-1.80295722043	0.364331900577942	0.340511626015311	-5.82038433954716	1.60233105691531	-0.439237372564671
2.67996545991317	-1.83259571459405	0.372421864899388	0.337604828596475	-5.61486047527875	1.520865923597	-0.684583043317149
2.68996545991317	-1.88671983023031	0.386954131124213	0.328249897640275	-5.20766574641275	1.39138037576172	-1.19391766000242
2.69996545991317	-1.93670439180364	0.400353654204114	0.31359087463364	-4.78707308715565	1.293025597097	-1.74381301224533
2.70996545991317	-1.98241880042307	0.412886663227192	0.293275962977466	-4.35372711970742	1.21614484666825	-2.3228797684078
2.71996545991317	-2.02373801706467	0.424703266418435	0.267086581035672	-3.90810213047774	1.14714302374215	-2.91581655122962
2.72996545991317	-2.06054112963573	0.435797501347825	0.234977734019107	-3.45056261469832	1.06840368083803	-3.50318185764015
2.73996545991317	-2.0927107300217	0.44596773137509	0.197119701595598	-2.98146567800348	0.958471657113599	-4.06139324382251
2.74996545991317	-2.12013353688992	0.454781080071884	0.153937578159985	-2.50130731128717	0.792718159577013	-4.56320548204658
2.75996545991317	-2.14265567803497	0.460765060858747	0.106964278713553	-1.98903544409939	0.179069707713653	-4.59498230822902
2.76996545991317	-2.15974524789563	0.455564473296252	0.0649927003825856	-1.42796002665462	-1.23796437774147	-3.77847495653266
2.77996545991317	-2.17123712613971	0.436273238488619	0.0311387252626194	-0.872336965693193	-2.59553859274576	-3.01692230171268
2.78996545991317	-2.17723467234863	0.404156354927783	0.00415870777209939	-0.32947149591388	-3.80376148037159	-2.40246025973489
2.79996545991317	-2.17787599859084	0.360644992880797	-0.017334577868023	0.198535062066928	-4.87790741827267	-1.91516702668472
2.80996545991317	-2.17332249856678	0.306983103748683	-0.0344864145339462	0.708960695697242	-5.83651097253807	-1.5304541667284
2.81996545991317	-2.16376726610491	0.244255146246716	-0.0482184820494609	1.1982260810299	-6.69291158668691	-1.22826176724776
2.82996545991317	-2.14983590549401	0.176245576103376	-0.0618662512077307	1.54608695308397	-6.7011273049814	-1.67284763544421
2.83996545991317	-2.13339688552941	0.111010002487939	-0.0816941478203705	1.71785789285067	-6.34222262685013	-2.25936160147982
2.84996545991317	-2.11593662035407	0.0494598209600335	-0.106397631743999	1.75242813086241	-5.96603454808116	-2.64900266864673
2.85996545991317	-2.09876601894023	-0.00820243779117255	-0.134138582781608	1.66178444817035	-5.55928496734504	-2.8759170051604
2.86996545991317	-2.08300881369706	-0.0620433238971301	-0.163066619295224	1.48442595106396	-5.27998792458371	-2.82008102109121
2.87996545991317	-2.06909706829385	-0.114638603969943	-0.189551678499365	1.29494308623088	-5.23311815904593	-2.47896306236524
2.88996545991317	-2.0571635710779	-0.166585684035724	-0.212696301061252	1.08932635423343	-5.14962984563546	-2.15360387695965
2.89996545991317	-2.04735420801682	-0.217486688906455	-0.232716426058586	0.87060875475748	-5.02289512878826	-1.85592341805893
2.90996545991317	-2.03978528639318	-0.266884098877223	-0.249938667097952	0.64172103177704	-4.84840666738596	-1.59530287488718
2.91996545991317	-2.03454419745077	-0.314289615071904	-0.264766677724879	0.405505374531606	-4.62442947616829	-1.37784965161309
2.92996545991317	-2.03169059679037	-0.359209120847257	-0.27765104459016	0.16465780769011	-4.35143541399649	-1.20694083969894
2.93996545991317	-2.03125811852326	-0.401161761205378	-0.28906495234419	-0.0783207718304051	-4.03150764125824	-1.08381734528105
2.94996545991317	-2.03325653068189	-0.439693239730303	-0.299485691488911	-0.321163669034083	-3.66778907421119	-1.00814813371287
2.95996545991317	-2.03767422736604	-0.474384003835604	-0.309381458410218	-0.561866549120987	-3.2640161170433	-0.978519356932006
2.96996545991317	-2.04448094656235	-0.504853268821504	-0.319202583587492	-0.798704456201486	-2.82415369036665	-0.992829408476155
2.97996545991317	-2.05363060500273	-0.530759899157175	-0.329376228441633	-1.0302383850935	-2.35213044237133	-1.04858837085848
2.98996545991317	-2.06506415203003	-0.551801099756207	-0.340303631163714	-1.25531277578104	-1.85166323411433	-1.14313026974253
2.99996545991317	-2.07871235992342	-0.567709736742668	-0.352359091541567	-1.47304559131168	-1.32615596284824	-1.27375087996466
3.00996545991317	-2.094498484635	-0.578250954849816	-0.365890017607117	-1.68281256419175	-0.778657693169076	-1.43778442499877
3.01996545991317	-2.11234074521121	-0.583218617713934	-0.381217484070721	-1.88422685704708	-0.211867194449362	-1.63263103076585
3.02996545991317	-2.1321545802961	-0.5824319829761	-0.398636860025532	-2.07711490254119	0.371826034208232	-1.85574453375442
3.03996545991317	-2.15385464518133	-0.575732939651867	-0.418418148382795	-2.26148867351766	0.970271304079282	-2.10458812021778
3.04996545991317	-2.17735651301021	-0.562984076121674	-0.440805746523032	-2.4375141773944	1.58146177285452	-2.37656388198347
3.05996545991317	-2.2025780399506	-0.544067803803709	-0.466017395963565	-2.60547565301897	2.20341891502257	-2.66892206592835
3.06996545991317	-2.22944034828385	-0.518886721557949	-0.494242150253584	-2.76573486560898	2.83406072937535	-2.97865673562332
3.07996545991317	-2.25786837626877	-0.487365354951571	-0.525637267426615	-2.91868515251934	3.4710598080444	-3.30239674521096
3.08996545991317	-2.28754881857394	-0.451430110251106	-0.558448139310147	-2.98759294335896	3.48476598029731	-3.04198216409516
3.09996545991317	-2.31735938593864	-0.419489899779876	-0.584798956403734	-2.97109116294614	2.89092377412189	-2.21899303099123
3.10996545991317	-2.34695702773527	-0.39343518548957	-0.603040997821612	-2.94878935354476	2.3360040583253	-1.44660425287628
3.11996545991317	-2.37634687621822	-0.372433793417418	-0.614086021011687	-2.92977376889945	1.88019515566129	-0.779132749371109
3.12996545991317	-2.40556348550215	-0.35553609198263	-0.618933367173625	-2.91399547748251	1.51256391151195	-0.204238000146778
3.13996545991317	-2.43463412145118	-0.341943826009002	-0.61842241975136	-2.90041444603312	1.21655850678538	0.295134932488937
3.14996545991317	-2.46357604534777	-0.331013422442685	-0.613234229795987	-2.8881215117397	0.978084569782388	0.733355498158656
3.15996545991317	-2.49239856254615	-0.322228636800183	-0.603920168006335	-2.87643941893154	0.785737142304602	1.12204189803186
3.16996545991317	-2.52110531884348	-0.315175630630563	-0.590927070344856	-2.86490950925913	0.63036856311379	1.47056206365348
3.17996545991317	-2.54969633627081	-0.309522567892748	-0.574617395906598	-2.8532600875125	0.504661092099839	1.7864913791181
3.18996545991317	-2.5781697117689	-0.305003159342394	-0.555285247687654	-2.8413722142244	0.40276962034075	2.07597959596202
3.19996545991317	-2.60652297967618	-0.301403436116662	-0.533169132829555	-2.8292470930413	0.320031939175599	2.34403831688774
3.20402342216979	-2.61799387799149	-0.300164423848645	-0.523445904762674	-2.82427842782158	0.291050312560433	2.44766093184542
3.21402342216979	-2.64665605741545	-0.293645120774888	-0.501460329035294	-2.9075027396082	1.0126986393727	1.94848671360701
3.22402342216979	-2.67613172800839	-0.279918875589387	-0.48448649906925	-2.98706739123762	1.73183222845095	1.44619978669967
3.23402342216979	-2.70638706182918	-0.259028551176197	-0.472529490864329	-3.06352799737903	2.44494546282057	0.945959775986261
3.24402342216979	-2.73736067822327	-0.231323125712258	-0.465285906468298	-3.1146272437131	2.96127915583352	0.630616351289092
3.25402342216979	-2.76822529331361	-0.203526316508946	-0.456384193643238	-3.05359813036426	2.55961401404985	1.18612856249453
3.26402342216979	-2.79840118550832	-0.180398335543847	-0.441309507982236	-2.98257015058797	2.07315140620524	1.82210060768927
3.27402342216979	-2.82790999098484	-0.16181611660718	-0.420173366040784	-2.92109494585323	1.65734279753276	2.39201946621116
3.28402342216979	-2.85685977333487	-0.146985598762056	-0.393716194918686	-2.87057788429396	1.32095405701996	2.88813003478918
3.29402342216979	-2.88535340631057	-0.135174715787697	-0.362615817944291	-2.82960394178146	1.05118418008592	3.32278986918345
3.30402342216979	-2.91347853999277	-0.125781846301576	-0.327425514979984	-2.79663534326209	0.835461426510836	3.70788302819472
3.31402342216979	-2.94131114947531	-0.118270992763158	-0.28864254525039	-2.77355930089052	0.719959342046667	3.9935430168889
3.32402342216979	-2.96896148521123	-0.109470986827308	-0.249724767373549	-2.74650165856976	1.04477402464481	3.76860985507403
3.33402342216979	-2.99601377277167	-0.0976507149011262	-0.2133185220373	-2.65269583331961	1.30252864366371	3.51383334597269
3.34402342216979	-3.0218021571067	-0.0837186540310069	-0.179447236846859	-2.4946238739074	1.46728965169465	3.2628849064944
3.35402342216979	-3.04571779844551	-0.0685383816165275	-0.148094419374867	-2.27953058969913	1.55639959278991	3.00751532410417
3.36402342216979	-3.06722511142094	-0.0528256489961236	-0.119295276803082	-2.01424994979279	1.57608540260035	2.75158952902414
3.37402342216979	-3.0858619687509	-0.0372007236454985	-0.0930761509253163	-1.70683666928054	1.54178894813494	2.49037916558969
3.38402342216979	-3.10124514147644	-0.0221601250643183	-0.0694781618234934	-1.36473349937951	1.46002525304978	2.22840334911121
3.39402342216979	-3.11306756166366	-0.0081169953741982	-0.0485154872840427	-0.995942091513022	1.34368858964002	1.96373337500712
3.40402342216979	-3.12109891232428	0.00461641560631516	-0.0301948744111014	-0.607719539403749	1.19931840330174	1.70048961490685
3.41402342216979	-3.12518082789333	0.0158029193574615	-0.0144942023529789	-0.20718938032901	1.03550559801914	1.4401738314286
3.42402342216979	-3.12522335610672	0.0252821432139544	-0.00137068794489733	0.19919803919767	0.857947613144242	1.18647577521953
3.43402342216979	-3.12119869306377	0.0329509310551895	0.0092510723380996	0.605236163328425	0.675065231181405	0.939528261220569
3.44402342216979	-3.1131369594342	0.0387730712638397	0.0174608050793292	1.00575800199852	0.489484258456111	0.704412685786198
3.45402342216979	-3.10111847220253	0.0427526866306044	0.0233804525114162	1.39581935359373	0.307492481068911	0.481637486328157
3.46402342216979	-3.08526891320774	0.0449420274303452	0.0271473966333626	1.77133535592228	0.131927914779816	0.274286908448596
3.47035790340235	-3.07332012317498	0.0454396923146207	0.0284918147348395	2.00000000000001	0.0259254655761888	0.151362548608637
3.48035790340235	-3.05158092489605	0.0449016721678783	0.0290925352106574	2.34424945452098	-0.131296597942728	-0.0281794553964945
3.49035790340235	-3.02651092885831	0.0428613101291069	0.0279918042326321	2.66577036527805	-0.274169599446469	-0.188759619565756
3.50035790340235	-2.99834813896053	0.0394721949939	0.0253840401933212	2.96252032074657	-0.400850565916061	-0.3293750614675
3.51035790340235	-2.96734819873112	0.0349036539079232	0.0214723843489098	3.23298593967285	-0.509750839945541	-0.449565982358035
3.52035790340235	-2.93377905616619	0.0293366891994396	0.0164649091142072	3.47619020197858	-0.599827355296251	-0.549100203097019
3.53035790340235	-2.89791604741103	0.0229623756165288	0.0105685982933912	3.69179134616018	-0.67194515503769	-0.626577738070239
3.54035790340235	-2.86003608736836	0.0159675253887173	0.00399640776452327	3.87961587423811	-0.723897990398453	-0.68440155011794
3.55035790340235	-2.82041441096519	0.00854588575619168	-0.00305095351380195	4.04027818779212	-0.75774371744255	-0.721367083702169
3.56035790340235	-2.77931898499973	0.000879485785467797	-0.0103728203223586	4.1744919010929	-0.772425855640472	-0.740026535141654
3.57035790340235	-2.73700795554995	-0.00685006283020962	-0.0177859092232837	4.28365610013285	-0.770835063870196	-0.739535022092636
3.58035790340235	-2.69372489843291	-0.0144796412146543	-0.0251115209043637	4.36915171767218	-0.752354105734655	-0.723073809256291
3.59035790340235	-2.6496972365882	-0.0218520653979657	-0.0321928001839268	4.43294097068953	-0.720142172101508	-0.690456661713227
3.60035790340235	-2.60513255597335	-0.02883246857676	-0.0388821545320117	4.47689582444071	-0.674094413612059	-0.645124015758052
3.61035790340235	-2.56021788134078	-0.035296764616267	-0.045055901503611	4.50331308977374	-0.617198330457333	-0.587673897159868
3.62035790340235	-2.51511737478883	-0.0411432874448572	-0.0506048063844361	4.51440979717816	-0.550377593136969	-0.520959512554363
3.63035790340235	-2.46997227372148	-0.0462844797117601	-0.0554438397943284	4.51266359707883	-0.476852260265468	-0.445627336254099
3.64035790340235	-2.42489959599573	-0.0506575697074824	-0.0595020623449616	4.5003177096651	-0.39705283821018	-0.365148871904493
3.65035790340235	-2.37999317254289	-0.0542138275267681	-0.0627332737115559	4.47979771034518	-0.313786275954764	-0.280557630531019
3.66035790340235	-2.33532345534347	-0.0569261334482736	-0.0651075614048924	4.45332567144277	-0.2283194217378	-0.194316390987405
3.67035790340235	-2.29093893552248	-0.0587825449676287	-0.0666162743145131	4.42312900969868	-0.14313202855548	-0.107490319350331
3.68035790340235	-2.24686689886235	-0.059791175115583	-0.0672650483994457	4.39115238025567	-0.0590328297947634	-0.0225893958924802
3.69035790340235	-2.20311554009468	-0.0599731569033174	-0.067078293779443	4.35927734372567	0.0220402201971557	0.0592925131862507
3.70035790340235	-2.15967553427565	-0.0593648036500156	-0.0660939956373058	4.32913972091047	0.098793251078826	0.136737185756939
3.71035790340235	-2.11652224732911	-0.0580152056958812	-0.0643627255682077	4.30214047649101	0.170212349945985	0.208401536908354
3.72035790340235	-2.07361815377838	-0.0559836399213512	-0.0619465461881812	4.27946306975789	0.235174325607797	0.273434767153129
3.73035790340235	-2.03091530199206	-0.053338163962454	-0.0589164977231359	4.26203968466263	0.292685894393085	0.331256287443286
3.74035790340235	-1.98835779507313	-0.0501551424601726	-0.0553490108499772	4.25047944717979	0.342609215307522	0.380836653061976
3.75035790340235	-1.94588476306905	-0.0465137504200973	-0.0513273125572116	4.24521757606209	0.383957852781111	0.422410772907928
3.76035790340235	-1.90343254637318	-0.0424993246899381	-0.0469339670028818	4.24628861341328	0.417496271570102	0.454858669574362
3.77035790340235	-1.86093793593513	-0.0381939857635695	-0.0422563340603388	4.25365715465761	0.442117042812474	0.479329039675934
3.78035790340235	-1.8183398853289	-0.0336831576503814	-0.0373762517987942	4.26687189190694	0.458914581427451	0.495121636180392
3.79035790340235	-1.77558248090072	-0.0290458248684939	-0.032376352290578	4.2854326073788	0.467275183754044	0.50358347120145
3.80035790340235	-1.73261630562313	-0.0243604016606299	-0.0273310395459548	4.30849515634217	0.468489431548195	0.504440141871044
3.81035790340235	-1.68940068890283	-0.0196974884301511	-0.0223110698149577	4.33515502230418	0.462878440357865	0.498638854582358
3.82035790340235	-1.64590480118188	-0.0151222651720734	-0.0173789099507101	4.36432750453559	0.451504335206378	0.486581330047412
3.83035790340235	-1.60210900579983	-0.010690278591653	-0.012591233067763	4.39492540412815	0.434542047300171	0.469709052899965
3.84035790340235	-1.55800526306173	-0.00645012156917727	-0.00799499948196869	4.42575083241924	0.412885007633361	0.448838341698888
3.85035790340235	-1.51359749341355	-0.00244273933884628	-0.00362744111425048	4.45554318540351	0.387981043888404	0.424274715340986
3.86035790340235	-1.46890180731174	0.00130144598822006	0.000481268537462524	4.48313052542055	0.360482853451921	0.397120740807233
3.87035790340235	-1.42394597227616	0.00476025464902829	0.00431006181229504	4.50736602587933	0.331295849379579	0.368178754426292
3.88035790340235	-1.3787689101995	0.00792093634344974	0.00784511860811343	4.52722010303402	0.300830946203839	0.338662068997838
3.89035790340235	-1.33341955475926	0.0107768430824165	0.011082176057499	4.54168185313018	0.270365336777976	0.308793829695841
3.90035790340235	-1.28795607589922	0.0133304836060084	0.0140221186834046	4.54993850577153	0.240216412186314	0.279614135476598
3.91035790340235	-1.24244426493683	0.0155888496498409	0.0166740886516826	4.55122204200667	0.211620953186316	0.251070857286864
3.92035790340235	-1.19695656971752	0.0175672904189207	0.0190498311484601	4.54502420924173	0.184404986335108	0.224346350706576
3.93035790340235	-1.15157021219301	0.0192837535627352	0.0211676054252649	4.53089351498977	0.15932084291095	0.199501397373976
3.94035790340235	-1.10636598952109	0.0207609480379323	0.0230480897445684	4.50857108213969	0.136513096555155	0.177014637924266
3.95035790340235	-1.06142664519471	0.022023452934475	0.0247153704770942	4.47790418639794	0.116450388069799	0.156850098804993
3.96035790340235	-1.01683564179019	0.0230986884554212	0.0261941187908604	4.43892165269231	0.0989935936356073	0.139402032488245
3.97035790340235	-0.97267565429246	0.0240138036393793	0.0275109719115027	4.39172770874315	0.0844808621673502	0.124417632491146
3.98035790340235	-0.929027582728781	0.0247971342907733	0.0286914730012025	4.33658761194419	0.0726244345514189	0.11212150193879
3.99035790340235	-0.885969323252169	0.0254754919025666	0.0297613708889558	4.27382765527972	0.0634831480588269	0.102257288740387
4.00035790340235	-0.843574983853489	0.0260748294904107	0.0307447254527028	4.20387555830579	0.0568398024298635	0.0947335086077856
4.01035790340235	-0.801914107220819	0.0266192960275078	0.0316638383625869	4.12722611153478	0.0524160537682419	0.0894288182596199
4.02035790340235	-0.761051053229067	0.0271303784833029	0.0325393063118825	4.04440589634798	0.0500975365895016	0.0859871710072908
4.03035790340235	-0.721044652831453	0.0276273494905316	0.0333889800537843	3.95599009037613	0.0495771475860084	0.084196874756392
4.04035790340235	-0.681947917291131	0.0281267642202295	0.0342280733454674	3.86257465624746	0.0505099771264632	0.0838546479378117
4.05035790340235	-0.643807885432977	0.0286419507675948	0.0350694728101096	3.76474513807175	0.0527196097819707	0.0845764461218495
4.06035790340235	-0.606665712387777	0.0291838583545275	0.0359228530795567	3.66310175562874	0.0557841616405775	0.0862295773177179
4.07035790340235	-0.570556703834519	0.0297600578789269	0.0367958009394863	3.55820283936537	0.0595602730122614	0.0884203907368939
4.08035790340235	-0.535510642267355	0.030375986291304	0.0376928148555074	3.45060402300301	0.0636447901551999	0.0910469306861367
4.09035790340235	-0.501551989226513	0.031033919635277	0.0386166933230933	3.34079858773614	0.0679693585898474	0.0937111582988953
4.10035790340235	-0.468700383936115	0.0317345949746718	0.0395673464861631	3.22927209933342	0.0721238221272973	0.0964059544923095
4.11035790340235	-0.436970929937511	0.0324759252237503	0.0405435898737147	3.11643161148171	0.0761111817779746	0.0987618219730086
4.12035790340235	-0.406374793104352	0.0332548686450875	0.0415418104980863	3.00267181415055	0.0795741094844204	0.100827034064771
4.13035790340235	-0.37691953274413	0.0340660897935135	0.0425578775772084	2.88830335236962	0.0825900714524769	0.102270166348277
4.14035790340235	-0.348609734070797	0.0349039484374392	0.04358571535986	2.77362611659064	0.0848445768283809	0.10321031360194
4.15035790340235	-0.321447330218803	0.0357610452610362	0.0446193240591671	2.65885493857756	0.0864795996770032	0.103363106881568
4.16035790340235	-0.295432223166255	0.0366302873536851	0.0456512427904934	2.54419884754361	0.0872199190465442	0.102915519406872
4.17035790340235	-0.270562559156495	0.0375033008017853	0.0466746482955486	2.42978382446916	0.0872713496914642	0.101619802421981
4.18035790340235	-0.246835303567225	0.0383725190710322	0.0476817206410307	2.3157359606916	0.086416446812741	0.0996974455743572
4.19035790340235	-0.224246456471616	0.0392295787989357	0.0486656706890958	2.20210638341012	0.0848981964089906	0.0969465468389595
4.20035790340235	-0.202791555914927	0.0400673444517395	0.0496190717573375	2.08895450663051	0.0825217731225082	0.0936388857206465
4.21035790340235	-0.182465813364901	0.0408782001403743	0.0505358873983612	1.97627117087862	0.0795625745721902	0.0896024067623271
4.22035790340235	-0.163264536526496	0.041655997770159	0.0514097728130007	1.86406114614901	0.0758783841357592	0.0851076951540566
4.23035790340235	-0.145183198334824	0.0423944377117126	0.0522359064096234	1.75227246481885	0.071747379449459	0.0800209397627259
4.24035790340235	-0.128217769241113	0.0430888251259397	0.0530093792111599	1.64087277190266	0.0670478385218402	0.074622899110472
4.25035790340235	-0.112364719252233	0.043734497586765	0.0537268790939888	1.52978258717647	0.0620485344878888	0.068810226155295
4.26035790340235	-0.0976212633929388	0.0443283669388556	0.054385201315389	1.41894404767534	0.0566698636882537	0.062833303652774
4.27035790340235	-0.0839853186459832	0.0448675537485331	0.0549826379995784	1.30826453628171	0.0511521871909753	0.056620942853563
4.28035790340235	-0.0714556645233631	0.0453506336119111	0.0555177064562997	1.19767383271425	0.0454418738217422	0.0503935745160898
4.29035790340235	-0.0600318657877414	0.0457764868414477	0.0559902520907101	1.08707801295446	0.039737771412663	0.0441112462941245
4.30035790340235	-0.0497143570568348	0.0461452283281225	0.0564004329973468	0.976403663231501	0.0340167989069691	0.03794753087246
4.31035790340235	-0.0405043482591694	0.0464573390696767	0.0567494871897225	0.865564520399332	0.0284305740088622	0.0318889317487427
4.32035790340235	-0.032403842707828	0.0467142610143856	0.0570390099232992	0.754491561293398	0.0229840555287847	0.0260559239808175
4.33035790340235	-0.0254155385912326	0.0469178384932988	0.0572713743740858	0.643113250515086	0.0177729496427189	0.0204631313475018
4.34035790340235	-0.0195427902193185	0.0470705697128432	0.0574493267763974	0.531370828554875	0.0128235775396564	0.0151792086184506
4.35035790340235	-0.0147895138381428	0.0471753407957704	0.0575760936510154	0.419211140306777	0.00818333775458473	0.0102353587280513
4.36035790340235	-0.0111601075037439	0.0472354041506232	0.0576552389966508	0.30658991315072	0.00389115227911033	0.00565472816583967
4.37035790340235	-0.00865936336755094	0.047254334785912	0.0576905421971666	0.19347391342659	-4.14856281564194e-05	0.00147144535174901
4.38035790340235	-0.00729236514522386	0.0472358632149352	0.0576860013370352	0.07983755758136	-0.00358877532227751	-0.00231104380191559
4.39035790340235	-0.00706439690348376	0.047183864243125	0.0576456835573203	-0.0343339651464985	-0.00674381934468381	-0.00568612916541142
4.40035790340235	-0.00798084446244904	0.04710227508099	0.0575736523234233	-0.149044886368296	-0.00951580551718943	-0.00864618491227277
4.41035790340235	-0.0100470897690317	0.0469949341374363	0.0574739821333928	-0.264292760099092	-0.0118865202728094	-0.0112254067517403
4.42035790340235	-0.0132684309775616	0.0468657016837527	0.0573504990014071	-0.380060454753207	-0.0139020081922546	-0.0134067543756086
4.43035790340235	-0.0176499651481577	0.0467181389415536	0.057206975248868	-0.496327545980229	-0.0155462983474239	-0.0152477062806471
4.44035790340235	-0.0231965221737858	0.0465557428329975	0.0570467771207647	-0.613057966665193	-0.0168832812142038	-0.0167365637621894
4.45035790340235	-0.0299125475061927	0.0463815725967908	0.0568731356676129	-0.730214262603774	-0.0178991099490526	-0.01794952892756
4.46035790340235	-0.0378020474888932	0.0461985515937196	0.0566887517254512	-0.847742935574563	-0.0186707286775351	-0.018880133767965
4.47035790340235	-0.0468684747931117	0.0460090586022631	0.0564961277080204	-0.965590806813826	-0.0191848958209278	-0.0196197412739832
4.48035790340235	-0.0571146868290511	0.0458153080246339	0.0562971197721438	-1.08368753942883	-0.0195386770508601	-0.0201548340792147
4.49035790340235	-0.0685428316978072	0.0456188775467583	0.0560933595751804	-1.20196530453784	-0.0197212128677121	-0.0205849441026825
4.50035790340235	-0.0811543156939215	0.045421121958828	0.055885798624048	-1.32034038458336	-0.0198244077534975	-0.020909723918233
4.51035790340235	-0.0949496987319676	0.0452227416424226	0.055675114510463	-1.43873158441446	-0.0198385592580332	-0.0212330012548068
4.52035790340235	-0.109928669578132	0.0450242200915928	0.0554612564536589	-1.55704130316367	-0.0198686958697308	-0.021544238798048
4.53035790340235	-0.12608994364667	0.0448253599248701	0.0552439083803589	-1.67517581819926	-0.0199086962992521	-0.0219442774175876
4.54035790340235	-0.143431241543923	0.0446257020974341	0.0550220762828441	-1.79302759958556	-0.020043228849263	-0.0224413484374609
4.55035790340235	-0.161949203299895	0.0444241957914377	0.0547944392603755	-1.91049023374586	-0.0202819180621103	-0.0231165929655145
4.56035790340235	-0.181639359214341	0.0442194826224261	0.0545590939761286	-2.02744698755012	-0.0206905150243582	-0.0239912691570934
4.57035790340235	-0.202496062616422	0.04400973025103	0.0543137616481205	-2.14377904653487	-0.0213001792887206	-0.0251169191613638
4.58035790340235	-0.224512447363423	0.0437927229694843	0.054055746330825	-2.25936282767602	-0.022139869987898	-0.0265419183130899
4.59035790340235	-0.247680387476699	0.0435659559296814	0.0537818983577018	-2.37406731375765	-0.0232685094968899	-0.0282783073306962
4.60035790340235	-0.271990434970253	0.0433264618886906	0.0534888547347611	-2.48776311973475	-0.0246749456672932	-0.0304014936318996
4.61035790340235	-0.297431808435811	0.0430711876389492	0.0531727350804677	-2.60030796387642	-0.0264440703893479	-0.0328826277834845
4.62035790340235	-0.323992312780552	0.0427965706337197	0.0528296480214896	-2.71156686513067	-0.0285316240330532	-0.0358141605198223
4.63035790340235	-0.35165835066022	0.0424991221406243	0.0524551930241338	-2.82138898606315	-0.0310280628065904	-0.0391441435157385
4.64035790340235	-0.380414837602557	0.0421748962197408	0.0520450871843194	-2.92963277077351	-0.0338782414482396	-0.0429572963998716
4.65035790340235	-0.410245220801197	0.0418200935061445	0.0515946572175956	-3.03614216810842	-0.0371529699506605	-0.0472017221211181
4.66035790340235	-0.441131408418792	0.0414306203425252	0.0510993851305081	-3.14076812046335	-0.0408106202868289	-0.0519280101013875
4.67035790340235	-0.473053779186633	0.0410025110993257	0.0505545903100989	-3.24335285227104	-0.0448786095636989	-0.0571066066833937
4.68035790340235	-0.50599114332638	0.0405317568213911	0.0499557105790381	-3.34373990332272	-0.0493450769070618	-0.062736427529441
4.68558340339224	-0.523598775598299	0.0402674363188586	0.0496197988610301	-3.39527209969923	-0.051810571919096	-0.0658772721732171
4.69558340339224	-0.559647233456791	0.0387306004529269	0.0526249600224065	-3.81375701384899	-0.253719713780842	0.664178336547011
4.70558340339224	-0.599859955134249	0.0352510911186804	0.0628235611246135	-4.2280538743115	-0.438168249164874	1.37023495872381
4.71558340339224	-0.644192931451248	0.0300711246317303	0.0798954340795762	-4.63773648425872	-0.591405042099574	2.03596633940512
4.72558340339224	-0.692597832406312	0.0235769832582955	0.103348732699339	-5.04236141039568	-0.698417297083237	2.64341304223171
4.73558340339224	-0.745021622152494	0.0163092620824772	0.132506105412092	-5.44142033541771	-0.743499080581251	3.17358994021129
4.74558340339224	-0.801496762609494	0.0103545027238277	0.165054121225694	-5.86472597822033	-0.247673194431276	3.12543807090503
4.75558340339224	-0.862370833389455	0.0128315476039182	0.193425013292525	-6.30789464751045	0.744496120220273	2.54434014816159
4.76558340339224	-0.927585304268865	0.0249475874046612	0.216184577404214	-6.73096349746868	1.65838048788125	2.02511574681855
4.77558340339224	-0.996905110828968	0.0455899096195321	0.23427372409084	-7.12860202949836	2.45047884917554	1.60878135442924
4.78558340339224	-1.07006667921062	0.0735834927136561	0.248655259360425	-7.49906259716073	3.13074666963802	1.28068699744918
4.79558340339224	-1.14679076111237	0.107872239888637	0.260125983957784	-7.84085063886958	3.71126535240187	1.0241265358182
4.80558340339224	-1.22657547895623	0.146048509047021	0.27067124983525	-8.08811994627619	3.78513017616015	1.19984452765031
4.81558340339224	-1.30818580290602	0.182959981575945	0.284253227272237	-8.21847493972238	3.59272798424315	1.49767550385619
4.81568209521143	-1.30899693899621	0.183314441223689	0.284401166406981	-8.21930751626491	3.59072931528719	1.50002792597427
4.82568209521143	-1.38986808208596	0.217648247792977	0.298494371521847	-7.95084437271272	3.27525645698399	1.31474549148376
4.83568209521143	-1.46793468637506	0.248823226017636	0.310603514114724	-7.65864249416389	2.96085395174288	1.10172405843687
4.84568209521143	-1.54296677630547	0.276905106810689	0.320408281754265	-7.34419503542363	2.65833637755771	0.852581903263059
4.85568209521143	-1.61474952680331	0.30206096115867	0.327511616969343	-7.00902866417996	2.37705301423783	0.560446972844247
4.86568209521143	-1.6830833010042	0.324541608317947	0.331457485881631	-6.65464514637925	2.12431847833553	0.220472955432492
4.87568209521143	-1.74778313549311	0.344658865585682	0.331753276866622	-6.28246927012569	1.9049483028254	-0.169748337990249
4.88568209521143	-1.80867773876778	0.362758608159459	0.327895891003566	-5.89380379687616	1.72088170856067	-0.609856255817729
4.88979752363606	-1.83259571459405	0.369703672386997	0.324987626929487	-5.72933517914135	1.6552086974764	-0.804784063110895
4.89979752363606	-1.88785093297656	0.385544844894491	0.314453923656717	-5.31930061646665	1.51804655958635	-1.30874009991174
4.90979752363606	-1.93893495145904	0.40015282126223	0.298692550242785	-4.8952273077275	1.40722477120357	-1.84865699203834
4.91979752363606	-1.98571105131487	0.413744287743135	0.277399983551453	-4.45782049643324	1.31275540960809	-2.41268226134581
4.92979752363606	-2.02804877881708	0.426416502938554	0.250410687947058	-4.00763594747234	1.22072604094453	-2.98503590283392
4.93979752363606	-2.06582275443142	0.438107962241675	0.217737156858015	-3.54514726158053	1.11332072288776	-3.54588956018801
4.94979752363606	-2.09891235715765	0.448560707936315	0.179609889994376	-3.07085406887444	0.969157726964107	-4.07153427581572
4.95979752363606	-2.12720266482812	0.457287947571898	0.136513779694511	-2.58546452629667	0.764722645151725	-4.53568135643243
4.96979752363606	-2.15050665327271	0.462205693431609	0.0906297447178709	-2.06141720058802	-0.00673851830439033	-4.40376353316774
4.97979752363606	-2.16830877707499	0.455108909557986	0.0506047484580153	-1.49884234905953	-1.41852661103485	-3.59387240623182
4.98979752363606	-2.18050983928957	0.434174675895114	0.0184211970866386	-0.943281385271638	-2.74390459071931	-2.86703504630804
4.99979752363606	-2.18721717457706	0.400724871119528	-0.0072207339570305	-0.400455127114398	-3.92329622624855	-2.28323749769005
5.00979752363606	-2.18856886277369	0.356142781184947	-0.0276515196304626	0.127428397022312	-4.97346499417858	-1.82075616991513
5.01979752363606	-2.1847280827294	0.301628625027451	-0.0439622430049687	0.63747408578427	-5.9120726117842	-1.45578983865209
5.02979752363606	-2.17589115461645	0.238232550117051	-0.0570294433644576	1.12612401443541	-6.7526917551602	-1.16809522494453
5.03979752363606	-2.16271068093713	0.169863335270887	-0.0702877527650337	1.46849223109724	-6.72343159637316	-1.64426602354153
5.04979752363606	-2.14706477471785	0.104451809949138	-0.0898438432886408	1.63696724088779	-6.35613640002251	-2.23264057837806
5.05979752363606	-2.13042781597194	0.0427999302105075	-0.114287974708759	1.66870329741267	-5.97190796090813	-2.62457461458651
5.06979752363606	-2.11410389551498	-0.0149036444176683	-0.141777941235362	1.57669121840867	-5.56406562629379	-2.84824596059176
5.07979752363606	-2.09921298750412	-0.0687029023823824	-0.170496013510076	1.39765859935079	-5.27911718430573	-2.79398027217425
5.08979752363606	-2.08616699074934	-0.121327287147509	-0.196668661269399	1.20864171495392	-5.23995569019669	-2.44253901324577
5.09979752363606	-2.07509266029114	-0.17337744015292	-0.219404105014755	1.00384672848558	-5.16312661280044	-2.10858961353891
5.10979752363606	-2.06613267037965	-0.224439603736992	-0.238941179999307	0.786266639146659	-5.04134510514464	-1.80473024045514
5.11979752363606	-2.05940015425959	-0.274039287583584	-0.255630512120638	0.558835569298392	-4.87014333080751	-1.54029832332773
5.12979752363606	-2.05497929009455	-0.321672191171905	-0.269898705773593	0.324400305013016	-4.64793345158532	-1.32124090326439
5.13979752363606	-2.05292646691658	-0.366830037897364	-0.282217299873148	0.0856628814630272	-4.37540248811356	-1.15070224515819
5.14979752363606	-2.05327198915101	-0.40902016596681	-0.293077887911387	-0.154869440291312	-4.05488425664807	-1.0296523645629
5.15979752363606	-2.0560222367095	-0.447779047403071	-0.302973380545587	-0.394924948073493	-3.6897823826291	-0.957477039534327
5.16979752363606	-2.06116217967778	-0.482680473577993	-0.312384781570866	-0.632497428827073	-3.2840849698894	-0.93248568558219
5.17979752363606	-2.06865813538355	-0.513339416823559	-0.32177255105681	-0.865864689172488	-2.84198597303871	-0.952319705182319
5.18979752363606	-2.07846065519084	-0.539412635359213	-0.331571548504447	-1.09359614502594	-2.3676111074503	-1.01426111936503
5.19979752363606	-2.09050743785356	-0.560597012689617	-0.342188600901036	-1.31455081302178	-1.86483636843341	-1.11545098070507
5.20979752363606	-2.10472618195476	-0.576626479656633	-0.354001859820746	-1.52786743445055	-1.33718331401497	-1.25303115029431
5.21979752363606	-2.12103730747993	-0.587268206642414	-0.367361251763802	-1.73294844382735	-0.787775329521708	-1.42422339539943
5.22979752363606	-2.13935649228073	-0.592318605897227	-0.382589458238561	-1.92943917244279	-0.21934139600626	-1.62635809277904
5.23979752363606	-2.15959698072199	-0.591599564715225	-0.399982973029708	-2.11720318605678	0.365742961828619	-1.85686240315077
5.24979752363606	-2.18167162808114	-0.58495524247263	-0.419812871054725	-2.29629411275817	0.965384848662955	-2.1132155281703
5.25979752363606	-2.20549464526113	-0.572249703697147	-0.44232499100795	-2.46692381793999	1.57767832448694	-2.39287715780666
5.26979752363606	-2.23098300496005	-0.5533656157527	-0.467739292013922	-2.62942641495009	2.20078777935619	-2.69319480536259
5.27979752363606	-2.25805746437312	-0.528204200865275	-0.4962482046417	-2.78421745523993	2.8328144705718	-3.01129657370412
5.28979752363606	-2.28664315355031	-0.496686583932732	-0.528013871578003	-2.93174782843438	3.47165200927236	-3.34397799679535
5.29979752363606	-2.31645970826025	-0.46047098531158	-0.561537331387792	-3.00062989330369	3.5307098500041	-3.13380151090524
5.30979752363606	-2.34637456397981	-0.428058425400672	-0.588854547422791	-2.97861582710483	2.93721402117805	-2.3183921557285
5.31979752363606	-2.37601429009793	-0.401580153675937	-0.6080910723118	-2.94962203921396	2.37409293613823	-1.54584297561445
5.32979752363606	-2.40537930019769	-0.380233598228173	-0.620133882493089	-2.92397521986093	1.91123991389683	-0.879588529553333
5.33979752363606	-2.43450523070134	-0.363055278157391	-0.625997890793269	-2.90167267348826	1.53780502338309	-0.307299879330159
5.34979752363606	-2.46342051174676	-0.349234776944273	-0.626535893957734	-2.88168091923743	1.23710426476166	0.188248873986859
5.35979752363606	-2.49214350548545	-0.338118343407246	-0.622440100900939	-2.86308177486725	0.994854012561259	0.621637740046783
5.36979752363606	-2.52068450014615	-0.329181451177484	-0.614270977242953	-2.84518539371636	0.799471296337214	1.00467649832514
5.37979752363606	-2.54904800120353	-0.322003620979311	-0.602482693446325	-2.82752152951629	0.641659339534451	1.34689312294123
5.38979752363606	-2.57723478543257	-0.316247732246799	-0.587443579133389	-2.80980926119517	0.513977727688179	1.65599664614195
5.39979752363606	-2.60524362698683	-0.311643326557669	-0.569452374707446	-2.79192348654438	0.410480322443512	1.93825070278123
5.40437110566865	-2.61799387799165	-0.309860336979936	-0.560307924363463	-2.78368403286087	0.369893117456151	2.05980492543624
5.41437110566865	-2.64624439478173	-0.302489693574703	-0.54228004204032	-2.86575588128699	1.10441933669114	1.54447474059846
5.42437110566865	-2.67529670568229	-0.28777438618269	-0.529435264285346	-2.94414254610222	1.83822657585377	1.02408160638962
5.43437110566865	-2.70511699689021	-0.26573914967174	-0.521797798527853	-3.01945347059771	2.56783846168406	0.503867978084432
5.44437110566865	-2.735640443277	-0.236742229451045	-0.519057413157661	-3.06747424304684	3.08947597704623	0.178328239642273
5.45437110566865	-2.76601031881393	-0.207611543443601	-0.514774385086314	-2.99871774556412	2.67463011879243	0.736653597460018
5.46437110566865	-2.79558602647826	-0.183477582319293	-0.504111700225629	-2.91765990828301	2.16177161694052	1.38678640990821
5.47437110566865	-2.82439975003946	-0.164100575413821	-0.48729727794539	-2.84707570233654	1.72845440757891	1.96226170359848
5.48437110566865	-2.85256554941565	-0.148632783747059	-0.465122305378684	-2.78787488415552	1.37774932318259	2.46106736075719
5.49437110566865	-2.88019071813061	-0.136315409050813	-0.438287080900381	-2.73870095933867	1.09601912626929	2.8965946996246
5.50437110566865	-2.9073682123864	-0.126526338008261	-0.407359045848667	-2.69811679064469	0.870109224616597	3.28152491476731
5.51437110566865	-2.93417754027702	-0.118762755220658	-0.372791370155974	-2.6648723573399	0.689315463308859	3.62603801636188
5.52437110566865	-2.96068650266042	-0.112618064981092	-0.334946441954986	-2.63786907429622	0.54503876819728	3.93816899112951
5.53437110566865	-2.98695779622655	-0.107671764429245	-0.294211067334514	-2.62044351568301	0.509681674091514	4.14037759418723
5.54437110566865	-3.01307929850789	-0.100750067015883	-0.25408168234024	-2.59347377862034	0.872832656549262	3.87099380129662
5.55437110566865	-3.03860117666909	-0.0905256488571949	-0.216796880781884	-2.49981512699763	1.1547290716114	3.58809184922267
5.56437110566865	-3.06286510286067	-0.0779719361924458	-0.182293619226641	-2.3429349610919	1.34062748605586	3.31416076590983
5.57437110566865	-3.08527251731957	-0.0639797868501135	-0.150507209418161	-2.12978672733646	1.44564286752619	3.0430750136077
5.58437110566865	-3.10529652801414	-0.0492974884001592	-0.121420908153205	-1.86741378542392	1.47974996337054	2.77475734140362
5.59437110566865	-3.12248348117637	-0.0345645154834611	-0.0950246151927247	-1.56370611378755	1.45829163779702	2.50433573698735
5.60437110566865	-3.136457163006	-0.0202945415981755	-0.0713276690592645	-1.22600712340148	1.38858774287079	2.23524714340981
5.61437110566865	-3.14691631932438	-0.00691175474207786	-0.0503214151138544	-0.862072341192135	1.28275112472899	1.9660611134409
5.62437110566865	-3.1536346831652	0.00526047329951645	-0.0319925453532732	-0.479007132146184	1.1475641262895	1.70037248834896
5.63437110566865	-3.15645627698431	0.0159741576432174	-0.0163019542709941	-0.0838413113456668	0.99240895790153	1.43862276155739
5.64437110566865	-3.15529219546673	0.0250607129365563	-0.00319500258600265	0.317121732019508	0.823014378362899	1.18422968513547
5.65437110566865	-3.15011456198064	0.0324121362937494	0.00740992077949335	0.717919762978826	0.646544606310539	0.938377156979848
5.66437110566865	-3.1409516783412	0.0379816259450029	0.015612564242932	1.11334067165708	0.467435737130704	0.704146472206569
5.67437110566865	-3.12788153332368	0.0417690076255703	0.0215369009904159	1.49863235088281	0.290906498365041	0.482968879682072
5.68437110566865	-3.1110263140928	0.0438190599056772	0.0253241649073622	1.86973381527867	0.120430000658044	0.277167175654486
5.68799520488181	-3.10401341396144	0.04414722034865	0.0262001272086792	2.00000000000027	0.0610370616025826	0.206469884898997
