=========================== Parameters =====================================
l1 [m]	l2 [m]	l3 [m]	c1 [m]	c2 [m]	c3 [m]	m1 [kg]	m2 [kg]	m3 [kg]
0.14
0.1
0.4458
0.7
0.3
0.9
0.1564
0.23764
0.1564
============================== Data ========================================
t [s]	th1 [rad]	th2 [rad]	th3 [rad]	th1d [rad/s]	th2d [rad/s]	th3d [rad/s]
0	0	0	0	0	0	0
0.01	-0.000724376854320844	-0.000444831896653181	0.000860705679715413	-0.146888238955932	-0.0753046922686151	0.158401482593143
0.02	-0.00296670349636303	-0.00129193905390252	0.0029473792344786	-0.30253274404109	-0.085962739993833	0.250237017514835
0.03	-0.00678630667097656	-0.00204146517260621	0.00572842637444485	-0.461618019323543	-0.0595239573815521	0.300679915054377
0.04	-0.0121984267774371	-0.00242071785098059	0.00887931275776823	-0.620554245284526	-0.0143533494397051	0.326419484598473
0.05	-0.0191889775616027	-0.00230598207673034	0.0122104918304221	-0.776996021898103	0.0377367090749091	0.338120731492988
0.06	-0.0277250758574362	-0.00166744773774452	0.0156169248934715	-0.929477006008015	0.0894922333131725	0.342286578522957
0.07	-0.0377624087077386	-0.000531375058152319	0.0190436904159785	-1.07713929320306	0.136745305745524	0.342631263207276
0.08	-0.0492502841942113	0.00104516575697629	0.0224633143946936	-1.21953763030005	0.177354249229691	0.34106735115112
0.09	-0.062135024290437	0.00299061059052171	0.0258614212900475	-1.35650092233105	0.210459816087373	0.338396672594793
0.1	-0.0763621971071322	0.00522901722296604	0.0292281342823307	-1.48803641738451	0.235976900004273	0.33478052746669
0.11	-0.0918780544947169	0.00768600096547101	0.0325533312924395	-1.61426487609454	0.254257319483613	0.330049500047302
0.12	-0.108630437559927	0.0102919399609724	0.0358243971632948	-1.73537767701297	0.265873747105928	0.323899640561436
0.13	-0.126569333742884	0.0129834643687621	0.0390255204658206	-1.85160905385892	0.271487197021749	0.316010232117506
0.14	-0.145647210513966	0.0157039197527766	0.0421378869590289	-1.9632184820118	0.271770499344549	0.306108992760553
0.15	-0.165819208365845	0.018403260226145	0.045140341927574	-2.07047965830716	0.267368040088452	0.294003218676137
0.16	-0.18704324590078	0.0210376609845399	0.0480102493995225	-2.1736736030119	0.258878018544225	0.279589785234492
0.17	-0.209280069326849	0.023569025664463	0.0507243836195477	-2.2730842158512	0.246847900631024	0.262852778928965
0.18	-0.232493265055493	0.0259644876421978	0.0532597600617958	-2.3689951971946	0.231776945950757	0.243854536865049
0.19	-0.256649245363024	0.0281959551205886	0.0555943598284593	-2.4616876525147	0.214121940890044	0.222723756793083
0.2	-0.281717211741869	0.0302397194132378	0.0577077301771607	-2.55143797630124	0.194303817274823	0.199642888161907
0.21	-0.307669097515373	0.0320761281459269	0.0595814608382263	-2.63851579567627	0.172713866594139	0.174836045128182
0.22	-0.33447948972516	0.0336893157624795	0.0611995448275998	-2.72318187129652	0.149718922299349	0.148558057231281
0.23	-0.362125529663853	0.0350669796568124	0.0625486365255754	-2.80568592446232	0.125665289728622	0.121084887615337
0.24	-0.390586791338716	0.036200189337577	0.063618220862281	-2.88626439999652	0.100881437924144	0.0927054248458333
0.25	-0.419845137365148	0.037083216859659	0.0644007068533899	-2.96513819544627	0.0756795898780789	0.0637145367980799
0.26	-0.449884552147174	0.037713378426543	0.0648914573188319	-3.04251039622174	0.0503563996275775	0.0344072246295761
0.27	-0.480690952614033	0.0380908790285617	0.065088764921498	-3.11856405865566	0.0251929148802546	0.00507370466829308
0.28	-0.512251977198902	0.0382186539202523	0.0649937829893994	-3.19346008205276	0.000454011554923952	-0.024004741701116
0.283538580201696	-0.5235987755983	0.038205009118076	0.0648908118139746	-3.21971181283441	-0.00815124580178865	-0.0341823080901249
0.293538580201696	-0.557087356963764	0.0383626923914211	0.0658006079475057	-3.47755219448957	0.0398938508202818	0.215519688861345
0.303538580201696	-0.593139979303655	0.0390074057771911	0.0691872305334504	-3.73243919970364	0.0892946982999613	0.461026340845687
0.313538580201696	-0.631724617778981	0.0401538948070746	0.0750038856593695	-3.98386788920109	0.140287778261814	0.701355463559395
0.323538580201696	-0.672803995080373	0.041819227810191	0.0831935384767626	-4.23129261463858	0.19310031425652	0.935441553047977
0.333538580201696	-0.716335173504305	0.0440226765913932	0.0936881015153651	-4.47412704998538	0.247944812356821	1.16214074612908
0.343538580201696	-0.762269153488778	0.0467855392709471	0.106407692828946	-4.71174547762658	0.305012965978969	1.3802398805374
0.353538580201696	-0.810550491995238	0.0501308994616115	0.121260006562524	-4.94348549862092	0.364469044050571	1.58846995822004
0.363538580201696	-0.861116955751657	0.0540833175062969	0.138139840853569	-5.16865231719949	0.426442953243507	1.78552415657248
0.373538580201697	-0.913899225703961	0.0586684518042179	0.156928828382232	-5.38652471269374	0.491023245755633	1.97008031311382
0.383538580201697	-0.968820669887949	0.0639126113931249	0.177495412797354	-5.59636275528888	0.558250429193855	2.14082753140945
0.393538580201696	-1.02579725230824	0.0698428537364105	0.199694417492527	-5.79754491822019	0.629659139892023	2.29473681501202
0.403538580201696	-1.08476759229102	0.0768499839396693	0.222954806487184	-5.99686803618214	0.796161018544829	2.32734517261311
0.413538580201696	-1.1457338291458	0.086172951447451	0.245732199695754	-6.19595840734223	1.08479214253494	2.20713445202143
0.423538580201696	-1.20867122074743	0.0988005202814693	0.266758254143177	-6.3904034276914	1.45005759422455	1.98488659248265
0.433538580201696	-1.27351333321429	0.115300047620102	0.285233210810901	-6.57629827936281	1.85334616722305	1.70334491505752
0.43889536971731	-1.30899693899577	0.12581867185024	0.293923438124289	-6.67118008790818	2.07380860965136	1.5404386208496
0.44889536971731	-1.37499894004175	0.145284182434385	0.308957648024796	-6.52701799508182	1.81868891880238	1.46456780535047
0.45889536971731	-1.43949386623826	0.162184055418947	0.323176073473157	-6.36982912506193	1.56105114439869	1.37708379690229
0.46889536971731	-1.50235351728367	0.17650420194773	0.336456815923724	-6.20004145955601	1.303110969426	1.27685165108664
0.47889536971731	-1.5634543950548	0.188252522740095	0.348667239251915	-6.01816620285237	1.04704214519894	1.16286474020338
0.48889536971731	-1.62267849721676	0.197458240274424	0.359665425267329	-5.82478994774436	0.794927423122207	1.03427858581655
0.49889536971731	-1.6799140292875	0.204170761129398	0.369301946548265	-5.62056621552908	0.54871383838861	0.890440307357952
0.50889536971731	-1.73505602949184	0.208458117268979	0.377421907656564	-5.40620650353787	0.310173373610686	0.730912707219105
0.51889536971731	-1.78800690251373	0.210405044557677	0.383867197289872	-5.18247106092384	0.0808698720985943	0.555492278232938
0.52767047159918	-1.83259571459405	0.210263617652178	0.38801786498212	-4.9790486715277	-0.111680605699575	0.388493973150551
0.53767047159918	-1.88119662271725	0.208093968107492	0.390890892092033	-4.73989515693055	-0.320249711041773	0.183544869241174
0.54767047159918	-1.92737029017771	0.203899887342623	0.391638408764313	-4.493743907709	-0.516448388154544	-0.0365024194541475
0.55767047159918	-1.97105106436995	0.197808190363809	0.390113000220016	-4.24146205548233	-0.699698896365487	-0.270895040912394
0.56767047159918	-2.01218202057611	0.189950143060487	0.386175944629775	-3.98392718826973	-0.869687815994128	-0.518649484754087
0.57767047159918	-2.05071504307127	0.18045886291642	0.379699442650892	-3.72202290221602	-1.02635604118063	-0.778567768023212
0.58767047159918	-2.08661086929805	0.169466851865654	0.370568667084847	-3.45663587020746	-1.16988263429358	-1.04925690825689
0.59767047159918	-2.11983911202166	0.157103717289112	0.358683605768572	-3.18865434435052	-1.3006635202517	-1.32915063125276
0.60767047159918	-2.15037827282816	0.143494127230532	0.343960680360879	-2.91896787477987	-1.41928614448111	-1.61653233142033
0.61767047159918	-2.17821575749952	0.128756034215991	0.326334132764679	-2.64846789849701	-1.52650129731925	-1.9095584662359
0.62767047159918	-2.20334789975502	0.112999189953649	0.305757177927872	-2.3780487388828	-1.623193310756	-2.20628181611728
0.63767047159918	-2.22577999477911	0.0963239614317709	0.28220292590285	-2.1086084655671	-1.71034976123736	-2.50467436080719
0.64767047159918	-2.24552633811146	0.0788204482423047	0.255665076737896	-1.84104900116754	-1.78903167276902	-2.8026498870996
0.65767047159918	-2.26261025916327	0.0605678919395428	0.226158388759823	-1.57627483241528	-1.86034502240493	-3.09808681325793
0.66767047159918	-2.27706413222776	0.0416343613273827	0.193718914253839	-1.31518969681241	-1.92541412581734	-3.38885204371933
0.67767047159918	-2.28892844516304	0.0220732024352552	0.158406724941802	-1.05840144679831	-1.98648284925133	-3.67194422113342
0.68767047159918	-2.29832626605024	0.00221895163984007	0.120070830744017	-0.828185091264359	-1.95956567341378	-4.01294832344619
0.69767047159918	-2.30557030375869	-0.0173381291794511	0.0785987685723462	-0.62396188618663	-1.97911058955175	-4.23897954786796
0.70767047159918	-2.31090557381942	-0.0376991471860833	0.0359338486124303	-0.449264065184918	-2.10285579145991	-4.26873465846498
0.71767047159918	-2.31469517542899	-0.0594839032683872	-0.00637748367828413	-0.316227150924321	-2.25418717638264	-4.17809159827454
0.72767047159918	-2.31738803174647	-0.0827218397426213	-0.0473880373364593	-0.230408599543853	-2.38790029555196	-4.0148617657934
0.73767047159918	-2.31946405802892	-0.107102490978178	-0.0865306723827312	-0.192696522592795	-2.48032972418764	-3.8079207411875
0.74767047159918	-2.32141198714466	-0.131892489509216	-0.123768867068558	-0.205056798404903	-2.44843228648466	-3.66118275360767
0.75767047159918	-2.3236989744629	-0.155595297164769	-0.160100957597433	-0.257671338460272	-2.27327534588954	-3.61885370289642
0.76767047159918	-2.32664757314474	-0.177069486100658	-0.196351868013176	-0.334787900527265	-2.01214885801454	-3.63783576289799
0.77767047159918	-2.33041358591661	-0.195784171735149	-0.232885055897527	-0.418590946566624	-1.73078387755838	-3.66817766607673
0.78767047159918	-2.33502192146453	-0.211683463075367	-0.269706689556454	-0.503121859838051	-1.44904059439116	-3.69579106450725
0.79767047159918	-2.34047542185066	-0.224765273240312	-0.306795182085585	-0.587476806279745	-1.16737837301768	-3.72169528118386
0.80767047159918	-2.34676805062085	-0.23503317792964	-0.344137519412523	-0.670862247537613	-0.886166978627262	-3.74682364826762
0.81767047159918	-2.35388402898765	-0.242503238408285	-0.381722310776285	-0.751021366304865	-0.611830652116409	-3.76718571559911
0.82767047159918	-2.36174282625112	-0.247421868374678	-0.419366770187046	-0.818230278895851	-0.380217981374561	-3.75548790011002
0.83767047159918	-2.37019872094247	-0.250270144829481	-0.456712105574214	-0.870490613551433	-0.197277914124472	-3.70787019131598
0.84767047159918	-2.37910481451725	-0.251516479702857	-0.493417278291427	-0.908419775269474	-0.0590000163366796	-3.62822280737401
0.85767047159918	-2.38832294505198	-0.251580485169129	-0.529186515001669	-0.933106188594573	0.0402004993560027	-3.52157721738174
0.86767047159918	-2.39772725494951	-0.250821755537608	-0.563777111505396	-0.94589077782864	0.106618472532795	-3.39341710127622
0.87767047159918	-2.40720585938119	-0.249536116671347	-0.59700129373871	-0.948204280115978	0.146624585504743	-3.24917524396202
0.88767047159918	-2.4166611328601	-0.247957199925293	-0.628723877770342	-0.941452185977281	0.166229004637845	-3.09389197134731
0.89767047159918	-2.42600904927089	-0.246261534430278	-0.658857205784364	-0.926939149311141	0.170808257335649	-2.93200711165105
0.90767047159918	-2.4351779304701	-0.244575697958567	-0.687354549729358	-0.905825023291655	0.164961074508371	-2.76725688888559
0.91767047159918	-2.44410688269888	-0.242984398800748	-0.714202895473901	-0.879105229017296	0.152461312705995	-2.6026488904529
0.92767047159918	-2.45274413075099	-0.241538662083579	-0.739415766954254	-0.847608920747613	0.136279812469364	-2.44049147806958
0.93767047159918	-2.46104539891693	-0.240263553442774	-0.763026532981763	-0.812009318541352	0.118651510834551	-2.28245797716796
0.94767047159918	-2.46897243631388	-0.239165086519647	-0.785082463367562	-0.772841561180201	0.101168772717044	-2.12967009306967
0.95767047159918	-2.47649174267695	-0.238236128609766	-0.805639665136574	-0.730524413970181	0.0848863449235055	-1.98278886283792
0.96767047159918	-2.48357351870204	-0.237461244402419	-0.82475893005427	-0.685383085005676	0.0704273162093135	-1.84210483311994
0.97767047159918	-2.49019084173319	-0.236820506448944	-0.842502456122083	-0.637671216802528	0.0580828560642969	-1.70762196194571
0.98767047159918	-2.49631905179082	-0.236292358954561	-0.858931362284885	-0.587590804594688	0.0479012633956762	-1.57913197001647
0.99767047159918	-2.50193532330641	-0.235855654945169	-0.874103891731349	-0.535309341342147	0.0397640049858339	-1.45627755968956
1.00767047159918	-2.50701839312608	-0.23549100164735	-0.888074189845361	-0.480973908056825	0.0334480206001041	-1.33860414800449
1.01767047159918	-2.51154841413027	-0.235181550178737	-0.900891543829856	-0.424722229642894	0.028674693874066	-1.22560060227204
1.02767047159918	-2.51550690510373	-0.234913357709151	-0.912599978802296	-0.366690918423538	0.0251466188843227	-1.1167299998836
1.03767047159918	-2.51887677037703	-0.234675436624557	-0.923238117020915	-0.307021248617449	0.022573712964296	-1.01145172822077
1.04767047159918	-2.52164236653025	-0.234459588627274	-0.932839220766792	-0.245862863446243	0.0206904113881552	-0.909236356917346
1.05767047159918	-2.52378959756	-0.23426010415937	-0.941431353765384	-0.183375828812672	0.019265694057013	-0.80957470462541
1.06767047159918	-2.52530602397308	-0.234073390465595	-0.949037609834857	-0.11973142778747	0.0181075928069098	-0.711982427820004
1.07767047159918	-2.52618097502532	-0.233897575949286	-0.955676370025551	-0.0551120501384858	0.0170636544387803	-0.616001313306942
1.08767047159918	-2.52640565661665	-0.233732124760628	-0.9613615604862	0.0102895200024565	0.0160186232528249	-0.521198284503636
1.09767047159918	-2.52597325010891	-0.233577484035313	-0.966102892500332	0.0762711706248338	0.0148903832269584	-0.427162953084479
1.10767047159918	-2.52487899953403	-0.233434776900539	-0.969906073581934	0.142622689490531	0.0136249820195486	-0.333504375439848
1.11767047159918	-2.52312028633217	-0.23330554716378	-0.972772984313046	0.209127010766937	0.0121913585563651	-0.239847516215304
1.12767047159918	-2.52069669195064	-0.233191556283983	-0.974701819924531	0.275561383394502	0.0105762200435166	-0.145829783961608
1.13767047159918	-2.51761004941092	-0.23309462953107	-0.97568719867734	0.341698402079839	0.00877936605026146	-0.0510978888422502
1.14767047159918	-2.51386448538018	-0.233016545886318	-0.975720241119046	0.407306872956909	0.00680963730454028	0.0446948204102946
1.15767047159918	-2.50946645443594	-0.232958964947251	-0.974788625487258	0.47215251045093	0.00468157362073041	0.141890454748124
1.16767047159918	-2.50442476714967	-0.232923383620642	-0.972876625108888	0.535998480371568	0.0024127963077202	0.240828085377435
1.17767047159918	-2.49875061339456	-0.232911115490715	-0.969965133779545	0.598605817598811	2.20821955324124e-05	0.341844649973249
1.18767047159918	-2.49245758195013	-0.232923286245689	-0.966031684951038	0.65973375582755	-0.00247193447521165	0.445275290410912
1.19767047159918	-2.48556167707068	-0.23296083927884	-0.961050470230447	0.719140012621716	-0.00505151314049386	0.551453159435721
1.20767047159918	-2.47808133223336	-0.233024546428914	-0.954992362298642	0.776581076352975	-0.00770009835698395	0.660708736733987
1.21767047159918	-2.47003742080705	-0.233115019698274	-0.947824946963468	0.831812543226164	-0.0104022378883153	0.773368691595301
1.22767047159918	-2.4614532628973	-0.233232720622195	-0.939512568726487	0.884589553175	-0.0131432074757647	0.889754321625211
1.23767047159918	-2.45235462713437	-0.233377964718271	-0.930016393999077	0.934667373478543	-0.0159084129975675	1.0101795862984
1.24767047159918	-2.44276972568318	-0.23355091909862	-0.919294495976746	0.981802178913155	-0.0186826299253389	1.13494874173401
1.25767047159918	-2.43272920026516	-0.233751591871396	-0.90730196518253	1.02575207741327	-0.0214491289938177	1.26435356984606
1.26767047159918	-2.42226609648991	-0.233979812395115	-0.893991049825683	1.06627843075491	-0.0241887267498583	1.39867018166574
1.27767047159918	-2.41141582329506	-0.234235201790385	-0.879311330389249	1.10314752078257	-0.0268787908138246	1.53815536167776
1.28767047159918	-2.40021609378021	-0.234517133375521	-0.863209933253065	1.13613261315434	-0.0294922227451759	1.68304240789979
1.29767047159918	-2.38870684319266	-0.234824682895888	-0.845631788666981	1.16501647235718	-0.0319964366855236	1.83353641159099
1.30767047159918	-2.3769301192757	-0.23515656858516	-0.826519938997206	1.18959438360165	-0.0343523497008558	1.98980891141794
1.31767047159918	-2.36492993962581	-0.235511081255659	-0.805815903855732	1.20967773876057	-0.0365134001647908	2.15199185033463
1.32767047159918	-2.3527521101291	-0.235886004792403	-0.783460109459005	1.22509824421567	-0.0384246138224105	2.32017076035983
1.33767047159918	-2.34044399797147	-0.236278527651188	-0.75939239030569	1.23571280754567	-0.0400217435842266	2.4943771023159
1.34767047159918	-2.32805425216316	-0.236685146267596	-0.733552571955135	1.24140915637591	-0.0412305188987084	2.67457969647737
1.35767047159918	-2.31563246401921	-0.237101561706574	-0.705881144244884	1.24211223500567	-0.0419660540462132	2.8606751987564
1.36767047159918	-2.30322875964391	-0.237522571459611	-0.676320034591543	1.23779141079357	-0.0421324821772168	3.05247760918548
1.37767047159918	-2.2908933162488	-0.237941959069506	-0.644813490918124	1.22846850036099	-0.0416229035576925	3.24970684962715
1.38767047159918	-2.27867579418829	-0.238352385272577	-0.611309083035429	1.21422659255843	-0.0403197621682068	3.45197652127488
1.39767047159918	-2.2666246770523	-0.238745285632522	-0.57575882971129	1.19521959738256	-0.0380957938483935	3.6587810555408
1.40767047159918	-2.25478651317785	-0.239110781225486	-0.538120455866139	1.17168238379962	-0.0348157199336745	3.86948261006731
1.41767047159918	-2.24320505368419	-0.239437611416852	-0.498358779351588	1.14394128098393	-0.0303388923083271	4.08329824204493
1.42767047159918	-2.23193037760084	-0.239584609015113	-0.456594268853255	1.10824003342376	0.0316816148438302	4.2345114683126
1.43767047159918	-2.22107068209822	-0.238174052309108	-0.414438380110768	1.06429131489688	0.271614790249302	4.16741607067517
1.44767047159918	-2.21060009214161	-0.233898994387729	-0.373673666534431	1.03339028313764	0.588954238274118	3.97074232620008
1.45767047159918	-2.20031254714118	-0.226388136322839	-0.335221157463274	1.02936643804433	0.909422646415038	3.71381234945511
1.46767047159918	-2.18989842405993	-0.215843856266229	-0.299460325517647	1.05949368487753	1.19062073897431	3.4373637100144
1.47767047159918	-2.17899909814215	-0.20277840636818	-0.26646520701145	1.12659310670144	1.41147979064742	3.1631074583145
1.48767047159918	-2.16724357031442	-0.187840893774534	-0.236157818915822	1.23052446720353	1.5646339521451	2.90071534249582
1.49767047159918	-2.15427254471368	-0.171708875691617	-0.208402189534043	1.3692862201863	1.65025216815775	2.65368162259855
1.50767047159918	-2.13974485835281	-0.155168558024694	-0.182887919023038	1.54104778004384	1.639997923783	2.46219496482491
1.51767047159918	-2.1234224314576	-0.139011238515434	-0.159095088603084	1.72372656585319	1.5908011561908	2.29604203254584
1.52767047159918	-2.10526455489567	-0.123368586844701	-0.136970961443352	1.90810213976379	1.53692029593286	2.1286225761564
1.53262642655598	-2.09558049423792	-0.115821925204411	-0.126627823277045	2.00000000000026	1.50835858667488	2.04538547166119
1.54262642655598	-2.07465000663584	-0.101042101442709	-0.107014151004317	2.18626276797686	1.44667711586776	1.87738233889244
1.55262642655598	-2.05185258332715	-0.0869077383944373	-0.0890781392785617	2.37332108237139	1.37918984736633	1.7099914419095
1.56262642655598	-2.02718230583916	-0.0734791429246282	-0.072809476502763	2.56076206819903	1.30545231358344	1.54405488776222
1.57262642655598	-2.00063754630531	-0.0608208865991003	-0.0581893240094125	2.74814073449725	1.22505812275567	1.38043377480553
1.58262642655598	-1.97222128039927	-0.0490013619935178	-0.045190193852332	2.93498167790349	1.13765158554257	1.21999451452835
1.59262642655598	-1.94194138138964	-0.038092212102652	-0.0337759671105373	3.12078116425967	1.04294040979156	1.06359444752015
1.60262642655598	-1.90981089124536	-0.0281676340111701	-0.0239020584741825	3.30500964704553	0.940708086709683	0.912067019524861
1.61262642655598	-1.87584826411774	-0.0193035619800356	-0.0155157299788427	3.48711478359439	0.830825548763094	0.766206831983881
1.62262642655598	-1.8400775769331	-0.0115767394542074	-0.00855655338523246	3.66652500538572	0.713261651452389	0.626754925381948
1.63262642655598	-1.80252870132006	-0.00506369404114221	-0.0029570169339806	3.84265368686112	0.588092021393705	0.49438468873342
1.64262642655598	-1.76323743073955	0.000160365953751136	0.00135673185033985	4.01490393844545	0.455505824658334	0.369688810432924
1.65262642655598	-1.72224555654808	0.00402271054045719	0.00446401982450037	4.18267402470677	0.315810043659413	0.253167690726113
1.66262642655598	-1.67960088685844	0.00645427586289316	0.00644867502654395	4.34536337939913	0.169430908192521	0.145219721451846
1.67262642655598	-1.63535720250168	0.00739085091298065	0.0073979671712518	4.50237915751698	0.0169122052432625	0.0461338029424914
1.68262642655598	-1.58957414515237	0.00677423095237998	0.00740148583331823	4.65314323274829	-0.141089709816662	-0.0439155890088764
1.69262642655598	-1.54231703374578	0.00455330423514489	0.0065499830714129	4.7970995191837	-0.303814264899119	-0.124870549902993
1.70262642655598	-1.49365660665741	0.000685038592786374	0.00493420915357745	4.93372147095162	-0.470408326552047	-0.196788964238153
1.71262642655598	-1.44366868867989	-0.00486466432492684	0.00264377095087856	5.06251959429824	-0.639940971459481	-0.259840757308038
1.72262642655598	-1.39243378355341	-0.0121202768437332	-0.000233957627292884	5.1830487946109	-0.811421058950593	-0.314301257383682
1.73262642655598	-1.34003659460955	-0.0210961410184954	-0.00361484511972027	5.29491537641542	-0.983817168183884	-0.360541859076357
1.74262642655598	-1.28658035577262	-0.0317382099376661	-0.00746441740082412	5.39027234933305	-1.12681907807932	-0.421991813595768
1.75262642655598	-1.23235933442229	-0.043250019206011	-0.0123276850486211	5.44822840836884	-1.15918200463103	-0.562113956619499
1.76262642655598	-1.17771597283398	-0.0546490050277792	-0.0188925113094649	5.47608702592647	-1.10952661953651	-0.758110574627642
1.77262642655598	-1.12291304234187	-0.0652644702311942	-0.0275987139760793	5.48129805701859	-1.00726568223187	-0.986440178627576
1.78262642655598	-1.06813327425208	-0.0748908249261603	-0.0384389948669905	5.47291786540705	-0.930170610908881	-1.1637698202675
1.79262642655598	-1.01349935200166	-0.0840491699974142	-0.0505774917290008	5.45122642565346	-0.907900246271539	-1.25172213447585
1.80262642655598	-0.959167396111878	-0.0931348307920624	-0.0632717803776824	5.41200815202946	-0.911763566322102	-1.2788812202057
1.81262642655598	-0.905325079991186	-0.102308036252624	-0.0760192382846744	5.35307342744494	-0.922950355361949	-1.26506090856539
1.82262642655598	-0.8521740463632	-0.111579137385264	-0.0884816537573938	5.27373970642389	-0.929900926223983	-1.22368487133391
1.83262642655598	-0.799917027213931	-0.120870141903407	-0.100431179793896	5.17440897567596	-0.926196621011494	-1.16367847085349
1.84262642655598	-0.748748737197435	-0.130057605798829	-0.111712913394239	5.05623386767848	-0.908931047184943	-1.09091132454766
1.85262642655598	-0.698849711128367	-0.139001366429041	-0.122219918941463	4.92086058047823	-0.877494808973029	-1.00925544072934
1.86262642655598	-0.650382383036558	-0.147562875252632	-0.131877214264477	4.77023545077784	-0.832698075514632	-0.921331768175778
1.87262642655598	-0.603488834734717	-0.15561613807377	-0.14063195958825	4.60646245245766	-0.776157925414255	-0.829015336444052
1.88262642655598	-0.558289762822058	-0.163053578758972	-0.148447752935297	4.43170025918457	-0.709885778828161	-0.733760864856082
1.89262642655598	-0.514884317985206	-0.1697885482073	-0.155301502225465	4.24808927813895	-0.636020954005945	-0.636800120783145
1.90262642655598	-0.473350557192062	-0.175755716032161	-0.16118180259959	4.05770089126948	-0.556667369597628	-0.539251484248019
1.91262642655598	-0.43374631836827	-0.180910204049759	-0.166088101557477	3.8625028363879	-0.473800485941728	-0.442172292052035
1.92262642655598	-0.396110380271854	-0.185226035968	-0.170030196910995	3.66433612869185	-0.389220185365608	-0.346576140564191
1.93262642655598	-0.360463810007293	-0.18869427092669	-0.173027799235056	3.46490013388133	-0.304532272898792	-0.253430577041579
1.94262642655598	-0.326811429507295	-0.191321043713412	-0.175110017649739	3.26574336449155	-0.221146705119943	-0.163645426392298
1.95262642655598	-0.295143352735524	-0.193125636904174	-0.176314710116184	3.06825830847403	-0.140284715990531	-0.078058184175626
1.96262642655598	-0.265436559385382	-0.19413864736655	-0.176687689432173	2.87367914826091	-0.0629899406488241	0.00257978851520584
1.97262642655598	-0.237656480171737	-0.194400271425193	-0.176281803735758	2.68308162514973	0.00985932109442784	0.0776143531330205
1.98262642655598	-0.211758574793392	-0.193958711710072	-0.175155923179348	2.49738458047256	0.0775381958411099	0.146496216822303
1.99262642655598	-0.18768988733979	-0.192868698451817	-0.17337386809598	2.31735288970271	0.139464308746643	0.208785042078743
2.00262642655598	-0.165390566125597	-0.191190114546501	-0.17100331235712	2.14360162151994	0.195187947074093	0.264150372742479
2.01262642655598	-0.14479533625337	-0.188986714148032	-0.168114691342621	1.97660131944785	0.244383150082184	0.312369874900651
2.02262642655598	-0.1258349140541	-0.186324926887352	-0.164780138676648	1.81668433363166	0.286839442927687	0.353325431408346
2.03262642655598	-0.108437353234883	-0.183272742796132	-0.161072470614174	1.66405213607822	0.322453913690217	0.386997596785876
2.04262642655598	-0.0925293132677847	-0.179898675863976	-0.157064232209696	1.51878354313875	0.35122337090399	0.413458852925213
2.05262642655598	-0.0780372414013778	-0.176270806466065	-0.152826815378368	1.38084375107883	0.373236385516066	0.43286602909935
2.06262642655598	-0.0648884607222666	-0.172455904481584	-0.148429655699947	1.25009406955599	0.38866509704186	0.445452176007133
2.07262642655598	-0.0530121579485069	-0.168518635754036	-0.143939512246873	1.1263022177026	0.39775673683098	0.451518119941054
2.08262642655598	-0.0423402660756398	-0.164520854688681	-0.139419832722927	1.00915303116	0.40082488467021	0.451423872087545
2.09262642655598	-0.0328082385713614	-0.160520985358931	-0.134930204652482	0.898259417711726	0.398240524768676	0.445580029170791
2.10262642655598	-0.0243557134643264	-0.156573492645408	-0.130525892147484	0.793173395120779	0.390423002235884	0.434439273363501
2.11262642655598	-0.0169270673279667	-0.152728443805238	-0.126257456806573	0.693397047621416	0.377831001872218	0.418488059236875
2.12262642655598	-0.0104718607542001	-0.149031159601896	-0.122170460498977	0.598393246830166	0.36095367892938	0.398238561099959
2.13262642655598	-0.00494517838410848	-0.145521952835808	-0.118305247108525	0.507595997696172	0.340302068608564	0.374220943288416
2.14262642655598	-0.000307867863830468	-0.142235950898218	-0.114696799732594	0.420420289227311	0.31640088990941	0.346976007183844
2.15262642655598	0.00347331681129219	-0.139202997895426	-0.111374669332715	0.336271351636283	0.289780842538624	0.317048260873118
2.16262642655598	0.00642566123322444	-0.13644763100295	-0.108362970412605	0.254553244746046	0.260971475300124	0.284979449759552
2.17262642655598	0.00857051883174509	-0.133989125032609	-0.105680438954099	0.174676725572454	0.230494682791857	0.251302578856789
2.18262642655598	0.0099234140618028	-0.131841598734256	-0.103340547572061	0.0960663647650128	0.198858866019981	0.216536449936825
2.19262642655598	0.0104942129471639	-0.130014176097387	-0.101351672654758	0.0181669011059746	0.166553772979107	0.181180729318877
2.20262642655598	0.0102873533776187	-0.128511195844979	-0.0997173081337536	-0.0595511600802321	0.134046018191178	0.145711555084585
2.21262642655598	0.00930212768555243	-0.127332462394979	-0.098436320472178	-0.137586685296647	0.101775266115554	0.110577686079838
2.22262642655598	0.0075330102745135	-0.126473531773107	-0.0975032394658342	-0.216403758500047	0.0701510523863565	0.0761971893500241
2.23262642655598	0.00497002340574877	-0.12592602626319	-0.0969085795104903	-0.296428197329265	0.0395502088928305	0.042954657713005
2.24262642655598	0.00159913463926414	-0.125677971949271	-0.0966391860932001	-0.378044698895847	0.0103148535077376	0.0111989449891861
2.25262642655598	-0.00259732015154189	-0.125714153711842	-0.096678602408323	-0.461594572024495	-0.0172490976103309	-0.0187585970917916
2.26262642655598	-0.0076401938389551	-0.126016482667627	-0.0970074511737681	-0.547374012586729	-0.0428729382095845	-0.0466453992102724
2.27262642655598	-0.0135530703920433	-0.12656437147187	-0.0976038269246619	-0.635632879675409	-0.0663257432603314	-0.0722284933684811
2.28262642655598	-0.0203617973250241	-0.127335113321708	-0.0984436942861376	-0.726573932377248	-0.0874145445565559	-0.0953148938777573
2.29262642655598	-0.0280940126581044	-0.128304260900627	-0.0995012879712239	-0.820352489437399	-0.105984149634523	-0.115751565755615
2.30262642655598	-0.0367786704426714	-0.129446001881933	-0.100749510511507	-0.917076476875686	-0.121916640521023	-0.133425007503726
2.31262642655598	-0.0464455685672629	-0.130733527960897	-0.102160324005289	-1.01680683139203	-0.135130586130564	-0.148260476670601
2.32262642655598	-0.0571248822525265	-0.132139394709803	-0.103705132458238	-1.11955823005159	-0.1455799994045	-0.160220887808332
2.33262642655598	-0.0688467063607479	-0.133635869847584	-0.105355151592523	-1.22530011919826	-0.153253067610015	-0.169305413362358
2.34262642655598	-0.081640609386422	-0.135195267786945	-0.107081763309071	-1.33395801779256	-0.15817068163356	-0.175547818622887
2.35262642655598	-0.0955352017567248	-0.136790268567705	-0.10885685230016	-1.44541507242514	-0.160384787622727	-0.179014562050523
2.36262642655598	-0.110557720852886	-0.138394219506643	-0.110653122621703	-1.55951384316102	-0.15997658194929	-0.17980269201086
2.37262642655598	-0.126733634964053	-0.13998141809238	-0.112444392341455	-1.67605830116311	-0.157054568178778	-0.178037570178484
2.38262642655598	-0.144086268203366	-0.141527374829583	-0.114205864676046	-1.79481602076348	-0.151752492541437	-0.17387045059378
2.39262642655598	-0.162636448251011	-0.143009054891308	-0.115914374311142	-1.91552055031143	-0.144227172323956	-0.167475941604097
2.40262642655598	-0.18240217864036	-0.144405097572677	-0.117548607860896	-2.03787394772272	-0.134656229677577	-0.159049375757216
2.41262642655598	-0.203398337170085	-0.145696012655279	-0.119089297661297	-2.16154946814996	-0.123235741621848	-0.148804110236672
2.42262642655598	-0.225636401906265	-0.146864352892025	-0.120519388304737	-2.2861943925341	-0.110177815585445	-0.136968777761106
2.43262642655598	-0.249124206131787	-0.147894861909864	-0.121824175508714	-2.41143298690271	-0.0957080987478774	-0.12378450516181
2.44262642655598	-0.273865723503286	-0.148774596906858	-0.122991417070662	-2.53686958306238	-0.0800632288129631	-0.109502114265709
2.45262642655598	-0.299860884584478	-0.149493025595376	-0.124011415795362	-2.66209177169424	-0.0634882337358043	-0.0943793174111794
2.46262642655598	-0.327105425834614	-0.150042096920307	-0.124877074394929	-2.78667369871187	-0.0462338884040971	-0.0786779180709963
2.47262642655598	-0.355590772036096	-0.150416285166191	-0.125583922459297	-2.91017945499972	-0.0285540373834141	-0.0626610257938094
2.48262642655598	-0.385303953040213	-0.15061260716646	-0.126130115683803	-3.03216654826303	-0.0107028945848879	-0.0465902941200388
2.49262642655598	-0.416227555587394	-0.150630612447931	-0.126516407627521	-3.15218944365768	0.00706766692456568	-0.0307231903620331
2.50262642655598	-0.448339710812081	-0.150472346289967	-0.126746094369532	-3.26980315714402	0.0245108188439583	-0.0153103072003647
2.51262642655598	-0.481614117865483	-0.150142285855371	-0.12682493253853	-3.38456688217155	0.0413874558302393	-0.000592727927238165
2.52262642655598	-0.516020103876698	-0.149647249762609	-0.126761031322089	-3.49604762645174	0.0574688248887316	0.0132005402017178
2.52478690418071	-0.5235987755983	-0.149519463241589	-0.126729437151776	-3.51966036322323	0.0608174679775124	0.0160380219691364
2.53478690418071	-0.560209624001458	-0.148399028807104	-0.125307559396781	-3.80216691891729	0.164223749141702	0.26745844651074
2.54478690418071	-0.599634376594341	-0.146215484489367	-0.121399438640811	-4.08235019808049	0.273477616873815	0.513126879533957
2.55478690418071	-0.641846965641754	-0.142909396740318	-0.11506742431682	-4.3596326043846	0.388751248622236	0.752074022734743
2.56478690418071	-0.686815224219062	-0.138420220310386	-0.106383644260223	-4.63337142229971	0.510091928730953	0.983315175627578
2.57478690418071	-0.734500223126275	-0.132687631464588	-0.0954301051420575	-4.90285668411864	0.637405397357598	1.20586130002471
2.58478690418071	-0.784855594448752	-0.12565302059001	-0.0822986714824486	-5.16731069120852	0.770440749592815	1.41873223712822
2.59478690418071	-0.837826860085935	-0.117261124229269	-0.0670909025383329	-5.4258895483668	0.908777816472772	1.62097187508889
2.60478690418071	-0.893350787264003	-0.107461766588968	-0.0499177289258132	-5.67768708996373	1.05181807038687	1.81166497842416
2.61478690418071	-0.951354796843207	-0.0962116697311865	-0.0308989542215714	-5.92174157347957	1.19878017322121	1.98995528804058
2.62478690418071	-1.01175645383558	-0.0834762803128953	-0.010162571290902	-6.15704547923402	1.34870130648509	2.1550643794521
2.63478690418071	-1.07446307257053	-0.0692315495583195	0.0121561111107821	-6.38255867358131	1.50044536494221	2.30631062955254
2.64478690418071	-1.13937147088826	-0.0534655930448122	0.0359155286955066	-6.5972250571025	1.6527189337857	2.44312749719926
2.65478690418071	-1.20636790803014	-0.0361801490079855	0.0609690975426773	-6.79999262412812	1.80409568175109	2.56508018555136
2.66478690418071	-1.27532825394117	-0.0173915704877716	0.0871663993840169	-6.99023892208373	1.95801665806708	2.66621998746254
2.66957282223186	-1.30899693899582	-0.00776767574370782	0.099940467880299	-7.07964614422248	2.07009118629815	2.66395826714615
2.67957282223186	-1.3792320110994	0.012101684566922	0.126170902440174	-6.96396679565717	1.8989202028565	2.58299021055896
2.68957282223186	-1.44822827631392	0.0301918897159155	0.151557042785409	-6.83299100822397	1.71859356309699	2.49180872937193
2.69957282223186	-1.5158466626175	0.0464656685780745	0.175957718638462	-6.68846780560457	1.53590176829532	2.38582370654277
2.70957282223186	-1.58195415085928	0.0609074008352335	0.199222893197966	-6.53090280612613	1.35245218760335	2.26465599139829
2.71957282223186	-1.64642319110758	0.0735174982492743	0.221199392675941	-6.36088168203391	1.16983643614351	2.12805931481267
2.72957282223186	-1.70913242691862	0.0843120298338403	0.241732289805451	-6.17905495964968	0.989587530099139	1.9759307629013
2.73957282223186	-1.76996727006258	0.0933219390787781	0.260666377751281	-5.98612338415442	0.813141342659117	1.80831833654889
2.74957282223186	-1.82882033328689	0.100591901692115	0.277847703831706	-5.78282421484847	0.641803397155475	1.62542531576587
2.75022645336501	-1.83259571459405	0.10100781034062	0.278906057551563	-5.7691931257293	0.630810552623812	1.61294657079888
2.76022645336501	-1.88922775493229	0.106487031970959	0.294053873268547	-5.55568660432885	0.466173588728758	1.41417346072373
2.77022645336501	-1.94368017529968	0.110355579633235	0.307141614682001	-5.33339874477046	0.308819529875427	1.20103154584912
2.78022645336501	-1.9958690506212	0.112690270047707	0.318028829449476	-5.10310694951368	0.159513023533957	0.974191849777941
2.79022645336501	-2.04571820996152	0.113574569362009	0.326582477565058	-4.86558347247637	0.018818567017539	0.734464175939306
2.80022645336501	-2.09315915236713	0.113096581087632	0.332678263924099	-4.62158914491967	-0.11290055647324	0.482785591645303
2.81022645336501	-2.13813090794219	0.111347052203893	0.336201844520419	-4.3718686975816	-0.235477750432134	0.220206845043363
2.82022645336501	-2.1805798598668	0.108417449680493	0.337049889049161	-4.1171476128791	-0.34893367322195	-0.0521226611515535
2.83022645336501	-2.22045954217039	0.104398152564947	0.335130988835627	-3.85813040334023	-0.453462696337199	-0.332970663517738
2.84022645336501	-2.25773042685412	0.0993767964598867	0.330366405845766	-3.59550017709072	-0.549416115282057	-0.621037915459387
2.85022645336501	-2.29235971240836	0.0934367984325584	0.322690665224698	-3.3299193208993	-0.637282999712425	-0.914973501818751
2.86022645336501	-2.32432112394855	0.0866560815938339	0.312051999900765	-3.06203110673989	-0.717669550103946	-1.21338902624008
2.87022645336501	-2.35359473315368	0.0791060101801268	0.2984126608476	-2.79246200894485	-0.791277768005621	-1.51487123129629
2.88022645336501	-2.38016680398752	0.0708505383540599	0.281749110216523	-2.5218245047507	-0.858884150885784	-1.81799277316665
2.89022645336501	-2.40402966785249	0.0619455694335988	0.262052116391729	-2.25072011960786	-0.921318997643286	-2.12132106565015
2.90022645336501	-2.42518162938665	0.0524385171118846	0.23932676980731	-1.97974246808236	-0.979446765607656	-2.42342532449164
2.91022645336501	-2.44362690156806	0.0423680565963089	0.213592435916174	-1.70948003008327	-1.0341477640395	-2.72288217192356
2.92022645336501	-2.45937556612959	0.0317640515287793	0.184882656955379	-1.44051839040913	-1.08630131336973	-3.01828038904846
2.93022645336501	-2.47244355251227	0.0206476419934381	0.153245007210691	-1.1734416592212	-1.13677035490917	-3.30822561164221
2.94022645336501	-2.48285262573211	0.00903147970284646	0.118740897658689	-0.908832786664272	-1.18638737414794	-3.59134592910527
2.95022645336501	-2.49063028923416	-0.00308091044187613	0.0814464659727251	-0.64724680826034	-1.23625958061401	-3.86593672978959
2.96022645336501	-2.49580039320158	-0.0158104019498945	0.0415841712744045	-0.385004794033193	-1.33977853181158	-4.07067623204593
2.97022645336501	-2.4982786751984	-0.0306992393131191	0.00100236415298806	-0.108596041594638	-1.67379980992655	-4.00312890952342
2.98022645336501	-2.49796104663952	-0.0498025369563952	-0.0378282365162679	0.165359929197188	-2.14100656937467	-3.75697023395537
2.99022645336501	-2.4952042155074	-0.0730169219901901	-0.0743221702387714	0.374491385102279	-2.47735174341039	-3.5505343824035
3.00022645336501	-2.49068837998257	-0.0989093806729375	-0.108974337666148	0.518470281278164	-2.68149443691288	-3.38490011305203
3.01022645336501	-2.48502610767609	-0.126296554854768	-0.142090254590276	0.605050715421657	-2.78041136081707	-3.24046365483264
3.02022645336501	-2.47875365504013	-0.154243551794744	-0.17380427748958	0.641760752161269	-2.7973749751578	-3.10191467185818
3.03022645336501	-2.47234318128927	-0.181891415696082	-0.204279152578476	0.632814822310302	-2.70543697302318	-3.01266880013418
3.04022645336501	-2.4662214788949	-0.207884470579674	-0.23441488995796	0.586631190727295	-2.47454425730389	-3.02877704642539
3.05022645336501	-2.46066267548283	-0.23118418986578	-0.265005402220773	0.524848724359194	-2.18438344692608	-3.08995229092749
3.06022645336501	-2.4557257662869	-0.251565409104744	-0.296217334855029	0.462532835941098	-1.89160879225793	-3.15261074801974
3.07022645336501	-2.4514110286453	-0.269012313544361	-0.328061701083862	0.400510004827251	-1.59761280654472	-3.21649413360185
3.08022645336501	-2.44771285861444	-0.283515187233288	-0.360552385130854	0.33929578751431	-1.30286854651265	-3.28192711646402
3.09022645336501	-2.4446210534395	-0.295068293380116	-0.393706426737448	0.279296114518193	-1.00770292646638	-3.34921400408401
3.10022645336501	-2.44212183365612	-0.303668617888425	-0.427543692655836	0.220815034565447	-0.712309410966592	-3.41863631257493
3.11022645336501	-2.4401981905947	-0.309317054029283	-0.462084705628862	0.164775280231039	-0.419539560604419	-3.48826088652674
3.12022645336501	-2.43877263198779	-0.312243944803935	-0.497171790995167	0.123535516083004	-0.177017012873689	-3.52078270719533
3.13022645336501	-2.43766646228898	-0.313068320910484	-0.532343286645432	0.100584482049582	0.00228922999094273	-3.50623071548316
3.14022645336501	-2.43670683920732	-0.312380213076517	-0.567162903576321	0.0938567422617722	0.127004330436049	-3.45164615573373
3.15022645336501	-2.43574286070814	-0.310679105298202	-0.601267947345808	0.101068036532666	0.206455837581146	-3.36457880436462
3.16022645336501	-2.43464671419624	-0.30837113619991	-0.634370957287398	0.119912304140967	0.249874573774787	-3.25243573414243
3.17022645336501	-2.4333131609453	-0.305772987513479	-0.666255915945934	0.148199389473063	0.265848908186735	-3.12204076716634
3.18022645336501	-2.43165789727933	-0.303120148185159	-0.696770956313355	0.183943612612066	0.261988004067116	-2.97936840590878
3.19022645336501	-2.42961523612013	-0.300577682181888	-0.725819126744448	0.225412648941771	0.244750818099732	-2.82941539119478
3.20022645336501	-2.42713546114483	-0.298252047243463	-0.753348412921692	0.27114554213902	0.219400514405323	-2.67617502436566
3.21022645336501	-2.42418212110834	-0.296202894445428	-0.779341885926156	0.319947932586026	0.190048316683837	-2.52268330409269
3.22022645336501	-2.42072945561593	-0.294454112090869	-0.803808560364092	0.370871640215767	0.159756158010386	-2.37111091623594
3.23022645336501	-2.41676007767222	-0.293003655299143	-0.826775313390984	0.423184633980241	0.130673218499328	-2.22288041533748
3.24022645336501	-2.41226298389577	-0.291831923398751	-0.848280034510366	0.476336239128796	0.104187058763575	-2.07879299095152
3.25022645336501	-2.40723192062765	-0.290908613944858	-0.868366042894661	0.529921274001176	0.0810751966808092	-1.93915368529505
3.26022645336501	-2.40166410265935	-0.290198100842066	-0.887077716976459	0.583645746456691	0.0616474217641862	-1.80388766869964
3.27022645336501	-2.39555925971539	-0.289663462122881	-0.904457222653466	0.637295824838911	0.0458728065181806	-1.67264316177751
3.28022645336501	-2.38891897255434	-0.289269328280883	-0.920542194276993	0.690711051443557	0.0334882593830468	-1.54487886985157
3.29022645336501	-2.38174625389788	-0.288983742221314	-0.935364210022133	0.74376218900438	0.0240876288657961	-1.41993545542254
3.30022645336501	-2.37404532771827	-0.288779223633961	-0.94894790461093	0.796333669936134	0.0171919045374356	-1.29709172041145
3.31022645336501	-2.36582156224563	-0.288633219686187	-0.961310573043862	0.848310333175832	0.0123020720633419	-1.175606902318
3.32022645336501	-2.3570815161562	-0.288528105095858	-0.972462135323264	0.89956796027202	0.00893677122984259	-1.05475089930479
3.33022645336501	-2.34783306277899	-0.28845087157441	-0.982405351321604	0.949967036565364	0.0066571758520382	-0.933824408891789
3.34022645336501	-2.33808556304902	-0.288392622105346	-0.991136194895528	0.999349142431625	0.00508154895199098	-0.812170961298059
3.35022645336501	-2.32785006379392	-0.288347961519914	-0.998644315628755	1.0475354041337	0.00389179886789857	-0.689182707285471
3.36022645336501	-2.31713950339375	-0.288314352662716	-1.00491353425993	1.09432648776084	0.00283413158889789	-0.564301626268675
3.37022645336501	-2.30596891167612	-0.288291487888238	-1.00992233336726	1.13950369031322	0.00171560831750683	-0.437017588105509
3.38022645336501	-2.29435559498208	-0.288280709069207	-1.01364431799406	1.1828307596225	0.000398110179393305	-0.306864457327406
3.39022645336501	-2.28231930063067	-0.288284495803821	-1.01604863158388	1.22405615258981	-0.0012090906973549	-0.173415190179169
3.40022645336501	-2.2698823575434	-0.288306030946591	-1.01710032097962	1.26291551452095	-0.00315723591449491	-0.0362766551708542
3.41022645336501	-2.25706979162529	-0.28834884468763	-1.01676065055742	1.2991342282912	-0.00546579335090428	0.104915285552409
3.42022645336501	-2.24390941571882	-0.288416532822279	-1.01498737009611	1.3324299392076	-0.00812952260560228	0.250500060109537
3.43022645336501	-2.2304318946409	-0.288512541210193	-1.01173494403447	1.3625150093133	-0.0111246133927114	0.400795794639667
3.44022645336501	-2.21667078607433	-0.288640006344187	-1.00695475164483	1.38909889377949	-0.014413755157225	0.556101706235061
3.45022645336501	-2.20266255799836	-0.288801641081075	-1.00059526863988	1.41189046272132	-0.0179501007536841	0.716699417779026
3.46022645336501	-2.18844658298691	-0.288999654613388	-0.992602241087057	1.43060031530482	-0.021680162147375	0.882853182716336
3.47022645336501	-2.17406510914176	-0.289235696410847	-0.982918862455512	1.44494315056559	-0.025545726448099	1.05480903853854
3.48022645336501	-2.15956320671665	-0.289510814910083	-0.971485964350599	1.45464027213561	-0.0294849109550444	1.2327929215843
3.49022645336501	-2.14498868866786	-0.28982542300381	-0.958242231153827	1.45942231319858	-0.0334324908760776	1.41700777609495
3.50022645336501	-2.13039200246976	-0.290179263744091	-0.943124448498773	1.45903227445636	-0.0373196372177032	1.6076296805325
3.51022645336501	-2.11582608958132	-0.290571371036269	-0.926067795364984	1.45322897248577	-0.0410731987937608	1.80480299689908
3.52022645336501	-2.10134620795881	-0.291000021403566	-0.907006189621052	1.44179099915843	-0.0446146546526549	2.00863452692642
3.53022645336501	-2.08700971199071	-0.291462674120672	-0.885872697127923	1.42452129505759	-0.0478588542888642	2.21918663519937
3.54022645336501	-2.07287578319489	-0.291955898147395	-0.862600015029455	1.4012524409792	-0.0507126551904538	2.43646927635865
3.55022645336501	-2.05900510397784	-0.292475285362436	-0.837121040584632	1.37185277113475	-0.0530735626570037	2.66043084476065
3.56022645336501	-2.04545946573247	-0.293015350643822	-0.809369537773585	1.3362334085116	-0.054828477232283	2.89094775443633
3.57022645336501	-2.03230130157999	-0.293569420425194	-0.779280914830002	1.29435631520403	-0.0558526621807231	3.12781266021268
3.58022645336501	-2.01959313319986	-0.294129512550292	-0.746793126646422	1.24624343569494	-0.0560090586728866	3.37072125446273
3.59022645336501	-2.00739692053068	-0.294686211639406	-0.711847716416921	1.19198698517071	-0.0551481009507684	3.61925762725466
3.60022645336501	-1.9957733027985	-0.295228545869244	-0.674391010571519	1.13176089271782	-0.0531082184261687	3.8728782720815
3.61022645336501	-1.9847807195354	-0.295743873151841	-0.634375479541545	1.06583334384861	-0.0497172561170867	4.13089496828362
3.62022645336501	-1.97447440128703	-0.296217787669921	-0.591761273061391	0.994580269852731	-0.0447951003250048	4.39245699335118
3.63022645336501	-1.9649067171414	-0.296617006476178	-0.546537144403869	0.917111668117156	-0.0219797806589131	4.63824833206923
3.64022645336501	-1.95619105075358	-0.295918699979445	-0.499854973625719	0.824991432933895	0.193657639241358	4.65790443423291
3.65022645336501	-1.94838313853173	-0.292327037790596	-0.453980988002777	0.73961454024065	0.536172921321792	4.49534890188095
3.66022645336501	-1.94131142839736	-0.285104807681966	-0.410249993234098	0.680160252121581	0.907145161170417	4.24101061884851
3.67022645336501	-1.93465670360287	-0.27428752923857	-0.369280996501946	0.65748024839178	1.24802512150488	3.94978106809062
3.68022645336501	-1.92802180741611	-0.26035092934649	-0.331273383233337	0.676673074189699	1.52752911200156	3.65230982928842
3.69022645336501	-1.92097885743725	-0.243993197813429	-0.296198184451743	0.739309696266218	1.7275426565559	3.36896679369341
3.70022645336501	-1.91308320497068	-0.226295869906167	-0.263562395264547	0.846843586530228	1.78602104403271	3.17738494720972
3.71022645336501	-1.90394273463727	-0.208628635936298	-0.232395791687121	0.98268397155386	1.7433858807788	3.05781852755799
3.72022645336501	-1.89341785976037	-0.191443954118394	-0.20241946705112	1.12282248093492	1.69288308873794	2.93668638829492
3.73022645336501	-1.88147599013355	-0.174784811459948	-0.17367662015812	1.26604566307452	1.63823714634986	2.81118391653429
3.74022645336501	-1.86808748286259	-0.158693860711394	-0.146208990637824	1.41210628797399	1.57919650569866	2.68172344772157
3.75022645336501	-1.85322535635485	-0.143216483619594	-0.120053618468908	1.56071775678613	1.51547555442453	2.54882505416832
3.76022645336501	-1.83686573123273	-0.128400866949391	-0.095241997648564	1.71154672427157	1.44680000225522	2.4130761155999
3.77022645336501	-1.81898828159569	-0.114297855699592	-0.0717994576926655	1.86421645815203	1.3729136433095	2.27512019054927
3.77904205317866	-1.80195629203215	-0.102498604297902	-0.0522839375329312	2.00000000000044	1.30327194738303	2.15222025908265
3.78904205317866	-1.78118206808407	-0.0898825863616037	-0.0314623988462297	2.15497731281903	1.21898006921167	2.01200043116777
3.79904205317866	-1.75885490601169	-0.0781382874821132	-0.0120444390806991	2.31050572544971	1.12890428266851	1.87162775536353
3.80904205317866	-1.73497179119722	-0.0673241841628489	0.00597211424247737	2.46608218067101	1.0329251795472	1.73184221860601
3.81904205317866	-1.70953484437912	-0.0574996934769389	0.0225968049520315	2.62118355233036	0.930975118192432	1.59337589195135
3.82904205317866	-1.68255149524443	-0.0487246252468061	0.0378464038106023	2.77527208940699	0.823044111143859	1.45693998765319
3.83904205317866	-1.65403460125781	-0.0410585793225817	0.051744638183127	2.92780090264641	0.709184909778092	1.32321265485928
3.84904205317866	-1.62400251161918	-0.0345602968986518	0.0643218043992647	3.07821944494156	0.589517077768867	1.19282776235619
3.85904205317866	-1.59247907661501	-0.0292869769865335	0.075614273826391	3.22597894634204	0.464229854605095	1.06636489319919
3.86904205317866	-1.55949360298591	-0.0252935710573385	0.0856639057827102	3.37053777052858	0.333583630623429	0.94434074854844
3.87904205317866	-1.52508075625216	-0.0226320705091568	0.0945173822429206	3.5113666615109	0.19790988532469	0.827202127362153
3.88904205317866	-1.48928041125591	-0.0213508029058719	0.102225480785809	3.64795384790603	0.0576094804393301	0.715320613982556
3.89904205317866	-1.45213745252211	-0.0214937537867709	0.108842303362204	3.77980996846403	-0.0868507531143718	0.608989066636958
3.90904205317866	-1.41370152642734	-0.0230999311904823	0.114424479178565	3.9064727777053	-0.234943141541981	0.508419956519417
3.91904205317866	-1.3740267476011	-0.0262027898237199	0.119030360255561	4.02751158577944	-0.386085957587653	0.413745560063202
3.92904205317866	-1.33317136246292	-0.0308297310115689	0.122719228000793	4.14253138294938	-0.53965176452073	0.325019957481518
3.93904205317866	-1.29119737330597	-0.0370016931945488	0.12555052841396	4.25117659719486	-0.694977149406522	0.242222740348972
3.94904205317866	-1.24817012685297	-0.0447328458171991	0.127583152323311	4.35313443374818	-0.851373627739529	0.165264281966536
3.95904205317866	-1.20415787171107	-0.0540303970363162	0.128874775358138	4.44813774803882	-1.00813945526878	0.0939923787090591
3.96904205317866	-1.15923128961469	-0.0648945228379022	0.129481270239118	4.53596740836149	-1.1645720449012	0.0282000306931097
3.97904205317866	-1.11347108813753	-0.0772869522234188	0.12943151723273	4.61176110565038	-1.30170881088657	-0.0466980991569288
3.98904205317866	-1.06712228263399	-0.0905288879963987	0.128254630500656	4.65214676983057	-1.3284726694489	-0.201892189327754
3.99904205317866	-1.02052938170926	-0.103554035196976	0.125178263968255	4.66211226178661	-1.26432432615237	-0.421867196123614
4.00904205317866	-0.973953269220257	-0.115622100723622	0.119688253560381	4.65005472898273	-1.14198285260932	-0.680718488568679
4.01904205317866	-0.927578878027106	-0.12628837362687	0.11150456375318	4.62276835926593	-0.987840513055101	-0.957531187816778
4.02904205317866	-0.881530997631798	-0.135341059091743	0.100531802436204	4.58550670764572	-0.822155514701198	-1.23624042250308
4.03904205317866	-0.83588898225078	-0.142742476412454	0.0868126639377167	4.54213356144213	-0.659606446007312	-1.50520585682313
4.04904205317866	-0.790699677416245	-0.14857695620452	0.0704865380468007	4.49532236944361	-0.510054272249155	-1.75662233200427
4.05904205317866	-0.745988241889706	-0.153006873499884	0.0517544244851995	4.44677347215114	-0.379390354852713	-1.98586144823618
4.06904205317866	-0.70176680004173	-0.156237218483315	0.0308504885485932	4.39742795295284	-0.270384229014574	-2.19081079487102
4.07904205317866	-0.658041031432807	-0.158488395982403	0.00802004508588298	4.34766463611885	-0.183474168421186	-2.37125478102968
4.08904205317866	-0.61481461329362	-0.159983871382765	-0.0164875737944796	4.2980718210631	-0.125642061614164	-2.51888181518919
4.09904205317866	-0.572061934207144	-0.161458819141751	-0.0418114369837788	4.25231075913648	-0.189086379999652	-2.52054662430854
4.10904205317866	-0.529792050834595	-0.164028777388991	-0.0665210000490876	4.19956218553703	-0.332341138115204	-2.40806636501657
4.11904205317866	-0.488125153406777	-0.168172307697351	-0.0897883567090385	4.13062371738313	-0.496401762334672	-2.23951683860199
4.12904205317866	-0.447249176099178	-0.173911439520612	-0.111241876199061	4.04091013467744	-0.647413156355649	-2.04960854934653
4.13904205317866	-0.407381423157256	-0.181018262356033	-0.1307750495373	3.92892224980011	-0.76809165955386	-1.85772472100173
4.14904205317866	-0.368743506431837	-0.189149055176684	-0.148422540019675	3.79514253951845	-0.851721824292059	-1.67349143177211
4.15904205317866	-0.331545695257023	-0.197927609686207	-0.164283273649858	3.6412483376568	-0.897945479923334	-1.50066512222058
4.16904205317866	-0.295977855664586	-0.206993587482238	-0.178475703311527	3.46956947849246	-0.909913347437412	-1.33974240103573
4.17904205317866	-0.26220485559985	-0.216027666801885	-0.191114241436609	3.28272798517872	-0.892436838062473	-1.18963565143575
4.18904205317866	-0.230364880532047	-0.224761964016643	-0.202298957678033	3.08340875109039	-0.85084843853267	-1.04869092755037
4.19904205317866	-0.200569557896902	-0.232981641247063	-0.212113075408038	2.87422131798695	-0.79034633456673	-0.915260196181862
4.20904205317866	-0.17290513686976	-0.24052166773768	-0.220624633714186	2.65762277731146	-0.715657134312729	-0.787984123107444
4.21904205317866	-0.147434227022681	-0.247261287216491	-0.227890008108847	2.43588006438938	-0.630897920721144	-0.665896294628017
4.22904205317866	-0.124197782768451	-0.253117748140598	-0.233957908853775	2.21105642601178	-0.539555667520253	-0.548424746470295
4.23904205317866	-0.103217146800776	-0.258040178736181	-0.238873097619442	1.98501177613937	-0.444529568812469	-0.435340660210336
4.24904205317866	-0.0844960495708092	-0.262004049188801	-0.242679463180802	1.75941025991579	-0.348201684682071	-0.326685454503234
4.25904205317866	-0.0680225151369118	-0.265006390880394	-0.245422340598336	1.53573089166185	-0.252515134485117	-0.222694626342407
4.26904205317866	-0.0537706558064505	-0.267061784535916	-0.247150096065054	1.31527886917285	-0.15904835296636	-0.123728145927671
4.27904205317866	-0.0417023558357182	-0.268199046485506	-0.247915068322653	1.09919630918883	-0.0690799013229911	-0.0302117803168992
4.28904205317866	-0.0317688531102494	-0.26845850703729	-0.247773983564075	0.888471869823977	0.0163580186862618	0.0574095297416356
4.29904205317866	-0.0239122307176906	-0.267889767913648	-0.246787962064119	0.683949156942232	0.0964371148017452	0.138706904476166
4.30904205317866	-0.018066830035309	-0.266549834010414	-0.245022223277316	0.48633404984278	0.170500323884083	0.213292885118184
4.31904205317866	-0.0141605949483596	-0.264501530217839	-0.242545579264535	0.296201195870981	0.238037180698481	0.280838709226148
4.32904205317866	-0.0121163540838413	-0.261812131738309	-0.239429788460754	0.113999960861689	0.298665462470331	0.341085242790296
4.33904205317866	-0.0118530450882668	-0.258552153447348	-0.235748825350897	-0.0599398859308244	0.352117483041869	0.393849099549328
4.34904205317866	-0.0132868823441546	-0.254794258955563	-0.231578107659196	-0.225402507245193	0.398229649383179	0.439025204981692
4.35904205317866	-0.0163324672914224	-0.250612262576731	-0.226993711476761	-0.382280154341283	0.436934158986664	0.476586786419296
4.36904205317866	-0.0209038387789418	-0.246080207322211	-0.222071596207723	-0.530566995993492	0.468251973133613	0.506583522961792
4.37904205317866	-0.0269154596389027	-0.241271509519646	-0.216886854943756	-0.670352521783388	0.492286430093036	0.529138383134136
4.38904205317866	-0.0342831349360251	-0.236258166010879	-0.211513001437107	-0.801814469074001	0.509217056810636	0.544443517703003
4.39904205317866	-0.0429248570561764	-0.231110023474904	-0.206021301792097	-0.925211265899367	0.519293296545673	0.552755456887919
4.40904205317866	-0.0527615729116504	-0.22589411159323	-0.200480156939014	-1.04087401903046	0.522827995390193	0.554389779436614
4.41904205317866	-0.0637178689909872	-0.220674042844206	-0.19495454056336	-1.14919810694629	0.520190586266654	0.549715368541968
4.42904205317866	-0.0757225707018389	-0.215509481957603	-0.189505496181295	-1.25063446091666	0.511799978910682	0.539148339161633
4.43904205317866	-0.0887092533750678	-0.210455687718259	-0.184189696291509	-1.34568063374761	0.498117212533943	0.523145706378253
4.44904205317866	-0.102616663346346	-0.205563129075938	-0.179059065868739	-1.4348717651179	0.479637958111054	0.502198859405771
4.45904205317866	-0.117389048640356	-0.200877176559529	-0.174160471819106	-1.51877155532519	0.456884973016794	0.476826906243429
4.46904205317866	-0.132976399891202	-0.196437868935861	-0.169535479355487	-1.59796335644962	0.430400615213532	0.447569956497861
4.47904205317866	-0.149334603188714	-0.192279753995424	-0.165220175563147	-1.67304148246819	0.400739520205702	0.414982412304445
4.48904205317866	-0.166425507503432	-0.188431801360595	-0.161245059720044	-1.7446028289322	0.368461534085212	0.379626338277893
4.49904205317866	-0.184216910185003	-0.184917384344414	-0.157634999230049	-1.81323887974235	0.334124982420124	0.342064980446129
4.50904205317866	-0.202682464734524	-0.181754327166348	-0.154409249341109	-1.87952816458586	0.298280339385499	0.302856501147813
4.51904205317866	-0.221801515617672	-0.178955013265858	-0.151581534172613	-1.94402921687149	0.261464345945421	0.262547992225226
4.52904205317866	-0.241558865319793	-0.17652655004085	-0.149160185981273	-2.00727406944207	0.224194611253172	0.221669823017058
4.53904205317866	-0.261944479161593	-0.174470985062488	-0.147148339061831	-2.06976231462989	0.186964718572558	0.180730373183235
4.54904205317866	-0.282953133615342	-0.17278556865979	-0.14554417421184	-2.13195574673957	0.150239846434237	0.140211193746808
4.55904205317866	-0.304584014009822	-0.171463057702931	-0.144341209288527	-2.19427359891191	0.11445290762737	0.100562633266256
4.56904205317866	-0.326840267610419	-0.170492055418534	-0.143528631047424	-2.2570883824145	0.0800012029437825	0.0621999599613331
4.57904205317866	-0.349728518129826	-0.169857382120212	-0.143091663172815	-2.32072233439703	0.047243583102095	0.0255000049736036
4.58904205317866	-0.373258347781392	-0.169540471812998	-0.143011965184709	-2.38544447958181	0.0164981106149018	-0.00920165329703924
4.59904205317866	-0.397441753042944	-0.169519789715047	-0.14326805673263	-2.45146831169386	-0.0119597869219468	-0.0416129487990647
4.60904205317866	-0.422292580360363	-0.169771265822659	-0.143835761660914	-2.51895010111493	-0.0378986800142834	-0.0714870212386777
4.61904205317866	-0.447825948087843	-0.170268739718423	-0.144688666153112	-2.58798783574499	-0.0611320237486757	-0.0986233380277992
4.62904205317866	-0.474057661031622	-0.170984411884795	-0.145798585235466	-2.65862080191895	-0.0815185732695382	-0.122868244543831
4.63904205317866	-0.501003624027803	-0.171889296838042	-0.147136031943291	-2.73082981110025	-0.0989623331495462	-0.144114947743534
4.6472261601417	-0.523598775598302	-0.172749893817466	-0.148378734802249	-2.79104728982667	-0.111011526511033	-0.159228758130624
4.6572261601417	-0.552920781239299	-0.173341432766485	-0.14871436812864	-3.07312285670626	-0.00638098638694232	0.0913687231868167
4.6672261601417	-0.58505593625602	-0.17285862145242	-0.146567427522062	-3.35360784425068	0.103914452860397	0.337145334480514
4.6772261601417	-0.619986170265004	-0.171243279554493	-0.1419903752552	-3.63206064944802	0.220165806407195	0.577247261455301
4.6872261601417	-0.65768872774357	-0.168434803197171	-0.135044295250397	-3.90798503193177	0.342563894320794	0.810804994494206
4.6972261601417	-0.698135598867511	-0.164371252535149	-0.125799016695354	-4.18082571780218	0.471182259455125	1.03694031970166
4.7072261601417	-0.741292911404228	-0.158990608490956	-0.114333157997156	-4.44996503906445	0.605960492734935	1.2547752535048
4.7172261601417	-0.787120295285476	-0.152232191529135	-0.100734072077754	-4.71472087884697	0.74668862083536	1.46344281888738
4.7272261601417	-0.835570234449457	-0.144038228018419	-0.0850976753044809	-4.9743462355877	0.892993342664074	1.66209951255959
4.7372261601417	-0.886587423864608	-0.134355541237692	-0.0675281441371243	-5.22803075594426	1.04432702569462	1.84993925406085
4.7472261601417	-0.940108153275614	-0.123137334410668	-0.048137466015113	-5.47490460938881	1.19996048132856	2.02620853454212
4.7572261601417	-0.996059742967125	-0.110345022550765	-0.0270448342739236	-5.71404507776408	1.35898061364595	2.19022239104198
4.7672261601417	-1.05436006043708	-0.0959500587956918	-0.00437588116532646	-5.94448619910702	1.52029405638661	2.34138072008112
4.7772261601417	-1.1149171499065	-0.0799356899858717	0.0197382514481493	-6.16523172470222	1.68263785257172	2.4791843152879
4.7872261601417	-1.17762900854646	-0.062298566441537	0.0451619973172096	-6.37527151099362	1.84459806178125	2.60324987684966
4.7972261601417	-1.2423838220079	-0.0430466697009393	0.0717526549439052	-6.5739693836217	2.00919907228522	2.70812266180909
4.80721101930536	-1.30899693899575	-0.021748016604576	0.0987663606515889	-6.7686375774415	2.2806448955508	2.6726887719652
4.81721101930536	-1.37615152784957	0.00032876313071524	0.1250266459068	-6.65766309644815	2.12444857656148	2.5846355061549
4.82721101930536	-1.44210197043749	0.0207076613705032	0.150430501281484	-6.53022201181169	1.95047711161776	2.49412672088705
4.83721101930537	-1.50671264687755	0.0393238605916976	0.174868181620266	-6.38979115659482	1.77218893480438	2.39130912046542
4.84721101930537	-1.56985618240796	0.0561424823000417	0.198214134478076	-6.23687929150743	1.59121392037143	2.27572959848799
4.85721101930536	-1.63141044050927	0.0711442308854283	0.220339339906661	-6.07203164400812	1.40906562639312	2.14712316747094
4.86721101930536	-1.69125902954872	0.0843248511970653	0.241112599768475	-5.89584971561797	1.22723217414237	2.00532081691425
4.87721101930537	-1.74929179948366	0.0956946880374402	0.260401543920243	-5.70897822475555	1.04713967582037	1.85025850527393
4.88721101930537	-1.80540521289586	0.105277901022856	0.278073716997369	-5.51209306623623	0.870120013452573	1.68198423065215
4.89218958544679	-1.83259571459405	0.109393799618522	0.286228233440185	-5.41055441967363	0.783516480758702	1.59332812114031
4.90218958544679	-1.88565554511167	0.116373517738086	0.301233564640108	-5.1999763289243	0.613320108291355	1.40560966518326
4.91218958544679	-1.93656771769067	0.121679630606908	0.314298490510329	-4.98114115403013	0.448946871492072	1.20531426323015
4.92218958544679	-1.98525320584559	0.125374631737788	0.325299453066577	-4.75475703171794	0.291220810081545	0.992903624002552
4.93218958544679	-2.03164003282575	0.127528392400671	0.334118086427566	-4.5215248543819	0.140792538017479	0.768953624491662
4.94218958544679	-2.07566317382002	0.128216409221001	0.340642329489104	-4.28213341986496	-0.00186353839278334	0.534148143169337
4.95218958544679	-2.11726441625276	0.127518048314546	0.3447674669247	-4.03725589538916	-0.136447221981738	0.289270970097733
4.96218958544679	-2.15639219110216	0.125514831178705	0.346397081440556	-3.78754754884066	-0.262826266326555	0.0351962265256851
4.97218958544679	-2.19300138760365	0.122288801981326	0.345443904845283	-3.53364468190933	-0.381026460752511	-0.227122203998066
4.98218958544679	-2.22705316294323	0.117921009548946	0.341830560725072	-3.27616467869476	-0.491218718694643	-0.496661694847372
4.99218958544679	-2.258514757572	0.112490130589949	0.33549019692556	-3.01570706146118	-0.593703857982055	-0.772341808162337
5.00218958544679	-2.28735932558007	0.106071253779301	0.3263670112594	-2.75285542323179	-0.6888957614383	-1.05303463978458
5.01218958544679	-2.31356578815716	0.0987348375672615	0.31441667850655	-2.48818008548254	-0.777303577634095	-1.33757415334599
5.02218958544679	-2.33711871654492	0.0905458482310434	0.299606690485411	-2.22224130830601	-0.859513566405117	-1.62476419102218
5.03218958544679	-2.35800824905555	0.0815630790183423	0.281916623400673	-1.95559285941117	-0.936171114934997	-1.91338499315151
5.04218958544679	-2.37623004468496	0.0718386464499998	0.261338347503805	-1.68878572615116	-1.0079633521404	-2.20219823300097
5.05218958544679	-2.39178527357189	0.0614176561220959	0.23787619306712	-1.4223717304917	-1.07560267722802	-2.48995077074463
5.06218958544679	-2.4046806420219	0.0503380277819965	0.211547083574982	-1.15690678030013	-1.13981139906036	-2.77537754367055
5.07218958544679	-2.41492844701201	0.0386304680860021	0.1823806417842	-0.892953462975142	-1.20130756374124	-3.05720422496917
5.08218958544679	-2.42254665202488	0.0263185792372797	0.150419266962905	-0.631082662995139	-1.26079193692324	-3.33415048272807
5.09218958544679	-2.42755897279112	0.0134190925233869	0.115718172464133	-0.371873870019431	-1.31893601393985	-3.60493482880037
5.10218958544679	-2.42999500175455	-5.72447010579434e-05	0.0783447495434646	-0.115955874082543	-1.37585117390043	-3.86887440789213
5.11218958544679	-2.42987620422932	-0.0142791753966616	0.0385767305337514	0.142202047440484	-1.50787389695029	-4.03836282153116
5.12218958544679	-2.42710152268707	-0.0310103733268494	-0.00148391352465831	0.414622950436335	-1.87185751071704	-3.93388695910378
5.13218958544679	-2.42164987442528	-0.0519130575016313	-0.0397105295325905	0.664295305263114	-2.28554389960786	-3.71852951926752
5.14218958544679	-2.41404467883805	-0.0762548953265161	-0.0759994630621862	0.845905757201155	-2.56184202850678	-3.54470015542744
5.15218958544679	-2.40493711190677	-0.102769628093185	-0.11068499725907	0.965915294819573	-2.72396839025527	-3.39513582869175
5.16218958544679	-2.39490870472234	-0.130425974639143	-0.143934890191869	1.03122367568638	-2.79350534828542	-3.25551351630596
5.17218958544679	-2.38447216963258	-0.158392844893761	-0.175793379135111	1.04860600025774	-2.78810261009461	-3.11632603319578
5.18218958544679	-2.37409011286789	-0.185732696953635	-0.206542689167318	1.02084311813267	-2.65372859458597	-3.05343152354038
5.19218958544679	-2.36416546182036	-0.211053637434896	-0.237176504221181	0.960275724393993	-2.39618340554684	-3.08411686806957
5.20218958544679	-2.35491056526579	-0.233563479884779	-0.268290848939045	0.890520361446181	-2.10532878244634	-3.1388242832989
5.21218958544679	-2.34635762245528	-0.253152331425642	-0.29995486244426	0.819990859085624	-1.81210421630794	-3.19409325161418
5.22218958544679	-2.33851138418935	-0.269799799795474	-0.332175421820548	0.749266972267106	-1.51714555625801	-3.25017392261856
5.23218958544679	-2.33137134210124	-0.283491118878954	-0.364961819254315	0.678822103142735	-1.22094578103037	-3.30729703586489
5.24218958544679	-2.32493274934369	-0.294215831234974	-0.398325505352942	0.609032157390583	-0.923877529832443	-3.36566154677927
5.25218958544679	-2.31918754435241	-0.301966705917591	-0.432279710582339	0.540177933959138	-0.626186094429119	-3.42544736782611
5.26218958544679	-2.31411899680663	-0.306762970046606	-0.466819982376369	0.475446356201064	-0.33967670198613	-3.47761350028185
5.27218958544679	-2.30961847067748	-0.308976646786805	-0.501666145892058	0.427724607200172	-0.1140514967381	-3.48321354335765
5.28218958544679	-2.30550643487275	-0.30925016326662	-0.536327373796298	0.397409587998888	0.0497761107657422	-3.44178952501679
5.29218958544679	-2.30161952467207	-0.308156991095103	-0.570369749788104	0.382315074819424	0.160860510248473	-3.36072096756158
5.30218958544679	-2.29781722913891	-0.306177006253746	-0.603435321951204	0.380092247476665	0.228720729741663	-3.2477021566805
5.31218958544679	-2.29398255260675	-0.303695754575035	-0.63524205986076	0.38841224490389	0.262602545269798	-3.11014106679486
5.32218958544679	-2.29002114355266	-0.301009835790428	-0.665578852931829	0.405091829686934	0.270985225015145	-2.95476267897286
5.33218958544679	-2.28585941013037	-0.298336182433221	-0.694297410187437	0.428171972992723	0.261288474608817	-2.7873796870388
5.34218958544679	-2.2814420465645	-0.295823448487865	-0.721302548907238	0.455958593667888	0.239736593996453	-2.6127935347472
5.35218958544679	-2.27672930494623	-0.293564137952422	-0.746541999842336	0.487034130818203	0.211340057664319	-2.43479125622235
5.36218958544679	-2.27169426368146	-0.291606479147803	-0.769996531839919	0.520247889866131	0.179959369875277	-2.25620790059789
5.37218958544679	-2.2663202690993	-0.289965374980137	-0.791670922165157	0.554692135949931	0.148421563875248	-2.07902953057775
5.38218958544679	-2.26059866254861	-0.288632026675814	-0.811586075660572	0.589669777398739	0.118665515562415	-1.90451715201935
5.39218958544679	-2.25452685284537	-0.287582038492248	-0.829772424961468	0.62465828789503	0.0918978370735143	-1.73333694342046
5.40218958544679	-2.24810675330378	-0.286781967442292	-0.84626462011253	0.659273357666811	0.0687461676153901	-1.56568652006163
5.41218958544679	-2.24134357303599	-0.286194391633574	-0.861097431948198	0.693234716043351	0.049401001370435	-1.40141057198322
5.42218958544679	-2.23424493238775	-0.28578164112595	-0.874302741820844	0.726335674475786	0.033740719073747	-1.24010205816608
5.43218958544679	-2.22682026063505	-0.285508374176937	-0.885907463365153	0.758417218546982	0.0214372381956363	-1.08118728699282
5.44218958544679	-2.21908042866874	-0.285343196847767	-0.895932233484571	0.789346927472644	0.0120417354782922	-0.92399476111204
5.45218958544679	-2.21103756870295	-0.285259521811058	-0.904390714158631	0.819002605035718	0.00505132088910842	-0.767808717140384
5.46218958544679	-2.20270503561089	-0.285235848443192	-0.911289359547542	0.847260244633325	-4.15401744286385e-05	-0.611908947174811
5.47218958544679	-2.19409746910876	-0.285255625447716	-0.916627520715038	0.873985798338619	-0.00371454469804989	-0.455598840038153
5.48218958544679	-2.18523092171343	-0.285306832878145	-0.920397780447557	0.899030151137648	-0.00639348961679149	-0.298223703700892
5.49218958544679	-2.17612302346581	-0.285381395138763	-0.922586431181951	0.922226694532263	-0.00844012205541751	-0.139181392153688
5.50218958544679	-2.16679316031988	-0.28547451219049	-0.923174028627099	0.943390929378298	-0.0101475588845804	0.0220728859921368
5.51218958544679	-2.15726264850257	-0.285583973981523	-0.922135971421925	0.962321590489461	-0.0117411888592917	0.186025910785787
5.52218958544679	-2.14755489184511	-0.285709503753928	-0.919443072638286	0.978802862901263	-0.0133832752503845	0.353108522291557
5.53218958544679	-2.13769551297495	-0.285852159651387	-0.915062101924946	0.992607342547322	-0.0151797960326484	0.523699245778221
5.54218958544679	-2.12771245231788	-0.286013810988824	-0.908956287621518	1.00349947588778	-0.0171883685966125	0.698128535570004
5.55218958544679	-2.11763603112691	-0.28619669546457	-0.901085776416041	1.01123928936062	-0.0194263909107894	0.87668291942362
5.56218958544679	-2.10749897629741	-0.286403056199813	-0.891408054333985	1.0155862877443	-0.0218787818315707	1.05960851359555
5.57218958544679	-2.09733640563476	-0.286634852411338	-0.879878337335052	1.01630345928245	-0.0245049155708756	1.24711353536823
5.58218958544679	-2.08718577261003	-0.28689353437209	-0.866449942876453	1.01316137433902	-0.0272445186145327	1.439369564599
5.59218958544679	-2.07708676956658	-0.287179871707951	-0.851074655787426	1.0059424036758	-0.0300224336784996	1.63651140079664
5.60218958544679	-2.06708118792111	-0.287493823666152	-0.833703102971781	0.99444511279523	-0.0327522583664523	1.83863543074458
5.61218958544679	-2.05721273322065	-0.287834440462206	-0.814285152056227	0.978488910936331	-0.0353389408515953	2.04579646822124
5.62218958544679	-2.04752679205205	-0.288199785910147	-0.792770349326323	0.957919047958621	-0.0376804664408254	2.25800305709749
5.63218958544679	-2.03807014682441	-0.288586873061019	-0.769108412279091	0.932612059968571	-0.0396688026780052	2.47521124777532
5.64218958544679	-2.02889063342682	-0.288991606365766	-0.743249791950645	0.902481765200439	-0.0411902918981987	2.69731687089372
5.65218958544679	-2.02003673577651	-0.289408725839925	-0.715146319862062	0.867485904850726	-0.0421256936439022	2.92414634840971
5.66218958544679	-2.01155711039481	-0.289831750782736	-0.684751953906753	0.827633508047745	-0.0423500893063118	3.15544610825341
5.67218958544679	-2.00350003347819	-0.290252922775129	-0.652023636637282	0.782993033807967	-0.0417328712092857	3.39087071325261
5.68218958544679	-1.99591276259101	-0.290663149961546	-0.616922277968932	0.733701302611857	-0.0401380505620491	3.62996988716272
5.69218958544679	-1.98884080525424	-0.291051957040289	-0.579413871977095	0.679973172073482	-0.0374251343654139	3.87217472998809
5.70218958544679	-1.98232704883835	-0.291407843997621	-0.539470315485248	0.622147733580889	-0.0338689167923088	4.11725608157753
5.71218958544679	-1.97643618257052	-0.29138698991972	-0.497451322012183	0.553106512111051	0.077336079985376	4.24058148059132
5.72218958544679	-1.971275476544	-0.289314885404373	-0.455360395054224	0.480515760845866	0.354097914388853	4.15195808744651
5.73218958544679	-1.96676646705559	-0.284119431075368	-0.414782478003418	0.425457222515793	0.687937287020416	3.95098891519296
5.74218958544679	-1.96266597116328	-0.275589735711425	-0.376506362919439	0.400302589003812	1.01268609883267	3.69941118821407
5.75218958544679	-1.95863916642848	-0.264021731083884	-0.340841928641077	0.411383883593666	1.29128789312667	3.4329445182268
5.76218958544679	-1.9543097362634	-0.249978119443432	-0.307834162428584	0.460939965380237	1.50606933431632	3.17010235510765
5.77218958544679	-1.94929353407604	-0.234131422628574	-0.277401508552948	0.548498619825311	1.65164241153619	2.91871448515037
5.78218958544679	-1.94321421630742	-0.217261146791105	-0.249309219438693	0.673756381419202	1.69921145237546	2.71666861847325
5.79218958544679	-1.93573090830796	-0.200468379261397	-0.222835276800596	0.823941609165722	1.65622536159759	2.57958768619566
5.80218958544679	-1.92672690041197	-0.184153011953911	-0.197723936582029	0.977244768912764	1.60608502483912	2.44233388672306
5.81218958544679	-1.91617875641192	-0.168362315484523	-0.173994765990238	1.13272294932767	1.55125709984112	2.30322903322306
5.82218958544679	-1.90406614613183	-0.153144217078846	-0.15166391157171	1.29008868059234	1.49152540949886	2.16275877145144
5.83218958544679	-1.89037172525961	-0.138548932835469	-0.13074232371623	1.44903070261885	1.42665662326614	2.02146957747838
5.84218958544679	-1.87508140927167	-0.124628931513542	-0.111235329901367	1.60920867030704	1.35643453655983	1.87993814290915
5.85218958544679	-1.85818465328923	-0.111438733012005	-0.093142375776798	1.77025539260216	1.28066615519084	1.73876265217195
5.86218958544679	-1.8396747084072	-0.0990346451981906	-0.0764568554735117	1.93177929209611	1.1991879243196	1.59855368486421
5.86641044388232	-1.83137696501605	-0.0940489394487959	-0.069833663301133	2.00000000000091	1.16305109233179	1.53981234648947
