=========================== Parameters =====================================
l1 [m]	l2 [m]	l3 [m]	c1 [m]	c2 [m]	c3 [m]	m1 [kg]	m2 [kg]	m3 [kg]
0.18
0.1
0.4058
0.9
0.9
0.9
0.1564
0.23764
0.1564
============================== Data ========================================
t [s]	th1 [rad]	th2 [rad]	th3 [rad]	th1d [rad/s]	th2d [rad/s]	th3d [rad/s]
0	0	0	0	0	0	0
0.01	-0.00054273018745721	0.000105837310047897	5.47010254892785e-05	-0.108366881552082	0.020910464161202	0.0109136347376895
0.02	-0.00216356103577394	0.000412824862914957	0.000217630927241658	-0.215601471589078	0.040206724347127	0.0216345291668508
0.03	-0.00485064429164756	0.000904177121866958	0.000486514991039191	-0.321602135482909	0.0577656758646805	0.0320922706058851
0.04	-0.0085912168870816	0.00156204272104995	0.000858348354336015	-0.42628737525994	0.0734969548851453	0.0422115036526408
0.05	-0.0133717966421449	0.00236782182895835	0.00132935471609944	-0.529594658533842	0.0873408657386462	0.0519135759930802
0.06	-0.0191783654645168	0.00330246149776532	0.00189496183103002	-0.631479106623114	0.0992660825381277	0.0611182360025754
0.07	-0.0259965388652359	0.00434672717804118	0.00254979405700996	-0.731912074945912	0.109267191137517	0.0697453388363659
0.08	-0.0338117208673523	0.00548144910790698	0.00328768183858008	-0.83087965604972	0.117362131611092	0.0777165212569033
0.09	-0.0426092436746875	0.00668774285845376	0.00410168763229934	-0.928381132997739	0.123589595581501	0.0849568096167201
0.1	-0.052374491731504	0.00794720383038767	0.00498414744607649	-1.02442740809733	0.128006426672997	0.0913961298616063
0.11	-0.0630930100398433	0.00924207594900701	0.00592672687616474	-1.11903942917316	0.130685066238356	0.0969706930277244
0.12	-0.0747505968093939	0.0105553951955179	0.00692049028357655	-1.21224663280708	0.131711080402643	0.101624234373854
0.13	-0.087333380695239	0.0118711089430282	0.00795598155631284	-1.30408542123104	0.13118079847243	0.105309088921773
0.14	-0.100827883032346	0.0131741723368262	0.00902331475422222	-1.39459768690586	0.129199086952333	0.107987090689502
0.15	-0.115221065603189	0.0144506231729715	0.010112272827933	-1.48382939628043	0.125877277859148	0.109630287220319
0.16	-0.130500364577734	0.0156876368896572	0.0112124125398772	-1.57182924183047	0.121331264785701	0.110221465072749
0.17	-0.146653711344722	0.0168735633956219	0.01231317369113	-1.65864736924777	0.115679775291068	0.109754485692369
0.18	-0.16366954101151	0.0179979475229505	0.0134039907693467	-1.74433418460889	0.109042823722098	0.10823443449595
0.19	-0.181536789388669	0.019051534912099	0.0144744051768814	-1.82893924451306	0.101540344535926	0.105677589033937
0.2	-0.200244879297113	0.0200262651194105	0.0155141762703855	-1.91251023055441	0.0932910026190255	0.102111214741494
0.21	-0.219783697041991	0.0209152536864654	0.0165133895398443	-1.99509200809216	0.0844111740024389	0.0975731990340888
0.22	-0.24014355989117	0.0217127648311524	0.0174625603721491	-2.07672576811046	0.0750140877645119	0.0921115363532833
0.23	-0.261315175379131	0.0224141763172631	0.0183527319779909	-2.15744825001834	0.0652091177944074	0.0857836782327557
0.24	-0.28328959323189	0.0230159379375841	0.0191755662073481	-2.23729104253014	0.0551012114573597	0.0786557635517963
0.25	-0.30605815067734	0.0235155249096916	0.0199234261345571	-2.31627995928297	0.0447904410455264	0.0708017448977912
0.26	-0.329612411870474	0.0239113873386289	0.0205894494556213	-2.39443448558444	0.0343716631996399	0.0623024273998515
0.27	-0.35394410212645	0.0242028967508313	0.0211676119050553	-2.47176729262977	0.0239342712241482	0.0532444365555724
0.28	-0.379045037618418	0.0243902905532931	0.02165278006454	-2.54828381567003	0.0135620253645425	0.043719131487181
0.29	-0.40490705116327	0.0244746151249696	0.022040753098713	-2.62398189293484	0.00333294663752366	0.0338214797683461
0.3	-0.431521914688853	0.0244576681073526	0.0223282931126199	-2.69885146259364	-0.00668073933465055	0.02364890949487
0.31	-0.458881258951937	0.0243419403312284	0.0225131439791532	-2.77287431565487	-0.0164126208763435	0.0133001536662219
0.32	-0.486976491058798	0.0241305576995838	0.0225940386319933	-2.84602390342456	-0.0258020921781697	0.0028741012329262
0.33	-0.515798710330425	0.023827223244727	0.0225706949592226	-2.91826519894367	-0.0347943279523081	-0.00753133162359238
0.332664125432943	-0.523598775598299	0.0237314263066368	0.0225469568450157	-2.93735260841195	-0.0371165724681891	-0.0102877109014294
0.342664125432943	-0.553889733074088	0.0239563470096238	0.0228901286724093	-3.12053556006039	0.081997980918971	0.078869969930083
0.352664125432943	-0.586002875171597	0.0253688502660326	0.0241231479858799	-3.30173414125158	0.200350642299184	0.167664716882319
0.362664125432943	-0.619916652270994	0.027959777948871	0.026241850316497	-3.48060275383008	0.317627506698838	0.255987188649189
0.372664125432943	-0.655605926851254	0.0317166501026678	0.0292409079996693	-3.65676949170624	0.433478060775065	0.343714065217508
0.382664125432943	-0.693041713680802	0.0366232988063936	0.0331136901586638	-3.82983689061731	0.547515320608102	0.430708043963042
0.392664125432943	-0.732190930385581	0.0426595079178405	0.0378521239196892	-3.99938325954547	0.659316882584873	0.516818093802921
0.402664125432943	-0.773016164459136	0.0498006683157994	0.0434465596036989	-4.16496464586723	0.768426987986719	0.601880002116867
0.412664125432943	-0.815475463282603	0.0580174592293151	0.0498856429907771	-4.32611747877394	0.874359688952907	0.685717247614157
0.422664125432943	-0.859522154113248	0.0672755670229946	0.0571561980664138	-4.48236192381424	0.976603182683452	0.768142228182235
0.432664125432943	-0.905104701250393	0.0775354533355881	0.0652431239159202	-4.63320596491276	1.07462535115413	0.848957865518493
0.442664125432943	-0.952166607647431	0.088752184655744	0.0741293096008219	-4.77815020862778	1.16788050489224	0.927959597670664
0.452664125432943	-1.0006463680574	0.100875335173912	0.0837955708941718	-4.91669337885242	1.25581728190394	1.00493775640149
0.462664125432943	-1.05047748033054	0.113848973991381	0.0942206126359659	-5.04833843930287	1.33788759800377	1.07968030880789
0.472664125432943	-1.10158852068797	0.127611746433821	0.105381020165514	-5.17259924727374	1.41355648500769	1.15197592254665
0.482664125432943	-1.15390328765615	0.142097057274728	0.117251282774105	-5.28900760723123	1.48231259205359	1.22161729248983
0.492664125432943	-1.20734101786248	0.157233361131681	0.129803851391666	-5.39712055941373	1.54367906721499	1.28840464523083
0.502664125432943	-1.26181667509505	0.172944562211655	0.143009231785951	-5.49652770968383	1.59722448673624	1.35214931849913
0.511186770359964	-1.30899693899577	0.186728393153842	0.154755529535619	-5.57409790557231	1.63640263710853	1.40394395706016
0.521186770359964	-1.36424835895785	0.202259271863752	0.168279347424347	-5.47467844102355	1.46860066399016	1.30038827883407
0.531186770359964	-1.41846067950349	0.216077927916715	0.180754966546377	-5.36631214250777	1.29405667560261	1.1943341683357
0.541186770359964	-1.47154553841871	0.228119971697785	0.192158307672316	-5.24922846168886	1.11338390086313	1.08596321597469
0.551186770359964	-1.52341711347815	0.23832734849868	0.202467122666306	-5.12370580855475	0.927234998497158	0.975459868286226
0.561186770359964	-1.57399260772789	0.246648700472452	0.211661018293793	-4.99007066725693	0.736295637151213	0.863010545225005
0.571186770359964	-1.6231927250922	0.253039665948077	0.219721473134542	-4.84869653391889	0.541278396236482	0.748803132567846
0.581186770359964	-1.67094213419784	0.257463119557657	0.226631850985032	-4.70000261223653	0.342917034331023	0.633026773668934
0.591186770359964	-1.7171699177077	0.259889357034962	0.232377413319286	-4.54445221145841	0.14196115997007	0.515871874639466
0.601186770359964	-1.76181000396179	0.26029622884027	0.236945332499515	-4.38255080390083	-0.0608286706416304	0.397530234578072
0.611186770359964	-1.80480157736486	0.258669226959655	0.240324706560984	-4.21484371309435	-0.26468541511272	0.278195216866829
0.617872075937279	-1.83259571459405	0.256443469514863	0.241916506500699	-4.09977591828657	-0.401183161456486	0.197958774155324
0.627872075937279	-1.87271682363792	0.251411516484272	0.24329378098392	-3.92369565502808	-0.605107378845993	0.0774014125147936
0.637872075937279	-1.91105570062092	0.244344597445135	0.243462971293938	-3.74343820269636	-0.80804915763965	-0.043624935980598
0.647872075937279	-1.94757387924643	0.235256340956449	0.242420383652634	-3.55966902002633	-1.00924894386722	-0.164920829387102
0.657872075937279	-1.98223967107614	0.224167928479644	0.240164324713033	-3.37307750746878	-1.20795613417947	-0.2862857007514
0.667872075937279	-2.01502838282135	0.211107992307571	0.236695110174238	-3.1843725138445	-1.40343157232192	-0.407518415610565
0.677872075937279	-2.04592248676079	0.196112488927703	0.232015066934021	-2.99427745809032	-1.5949499837609	-0.528418004984207
0.687872075937279	-2.07491174039778	0.179224547740687	0.226128527075749	-2.8035250525903	-1.78180249600959	-0.648784563586509
0.697872075937279	-2.10199325127933	0.160494293473488	0.219041812094625	-2.61285160856124	-1.9632994074	-0.768420302026249
0.707872075937279	-2.12717148268424	0.139978638956668	0.210763205868287	-2.42299090068266	-2.1387733736195	-0.8871307447903
0.717872075937279	-2.15045819566641	0.117741043261847	0.201302914931289	-2.234667570736	-2.30758317495269	-1.00472607167764
0.727872075937279	-2.17187232278377	0.0938512286642408	0.190673014601203	-2.04859006101062	-2.46911820456934	-1.12102260740096
0.737872075937279	-2.1914397688496	0.0683848486823553	0.178887379424499	-1.86544308985995	-2.62280377677985	-1.23584447021996
0.747872075937279	-2.20919313432478	0.0414230987486425	0.165961596283232	-1.68587971547731	-2.76810729262959	-1.34902539345335
0.757872075937279	-2.22517135764992	0.0130522610809128	0.151912858371396	-1.5105130798408	-2.90454521920052	-1.46041073142182
0.767872075937279	-2.23942403267854	-0.0166284947742047	0.136756809484699	-1.34302786216882	-3.02623014011133	-1.57184481570697
0.777872075937279	-2.25215193099469	-0.0472608410497718	0.120417715284788	-1.20878072308137	-3.08930403959935	-1.69899509601737
0.787872075937279	-2.26371968635401	-0.0782044745753256	0.102719913529346	-1.11056302252006	-3.08931259500532	-1.84326136071003
0.797872075937279	-2.27447400622328	-0.108854164154668	0.0835019833046239	-1.04557263154257	-3.03146870564307	-2.00267459083813
0.807872075937279	-2.28473075561127	-0.138661171073231	0.062623024567675	-1.01045474120977	-2.92184018579158	-2.17510473614715
0.81787207593728	-2.2947702895446	-0.167140376076535	0.0399638148317302	-1.00148561085441	-2.76704523604423	-2.35835667447042
0.827872075937279	-2.30483446516109	-0.193874654432056	0.0154271672920592	-1.01471234593887	-2.57402790140446	-2.55022695155148
0.837872075937279	-2.31512502087332	-0.218517104962138	-0.011062127454465	-1.04609006476574	-2.34971428962225	-2.74886293459321
0.847872075937279	-2.32580260179167	-0.240815823276315	-0.0394990466388746	-1.09138336914143	-2.1101949196218	-2.93031070086928
0.857872075937279	-2.3369867757721	-0.26073270028451	-0.0695021598826389	-1.14665400075447	-1.87454506323081	-3.06192452367459
0.867872075937279	-2.3487420685409	-0.278362964908407	-0.100563142073467	-1.20446366405491	-1.65466243767497	-3.14165240674292
0.877872075937279	-2.36107585415588	-0.29388887932237	-0.132167936695545	-1.26220476089587	-1.45366744409438	-3.17121124612595
0.887872075937279	-2.3739828765191	-0.307498912417559	-0.163831362943771	-1.31896053213317	-1.27144377638066	-3.15398385391298
0.897872075937279	-2.38744883268005	-0.319379059238528	-0.195104484762502	-1.37384439052667	-1.10768737072782	-3.09363517652185
0.907872075937279	-2.40145192545001	-0.329691601903405	-0.225621526194918	-1.42641650276097	-0.955108559577242	-3.00965228299235
0.917872075937279	-2.4159692235759	-0.338487287923304	-0.255297131988204	-1.47660701125355	-0.804392516186766	-2.92543658856063
0.927872075937279	-2.4309746671507	-0.345787496223714	-0.28413014935216	-1.52398080257896	-0.656086582383151	-2.84118701427046
0.937872075937279	-2.44643828409858	-0.351618384413344	-0.312121747914076	-1.56819055426112	-0.510587283490924	-2.75719888659211
0.947872075937279	-2.4623270275073	-0.356009645798859	-0.339275862538955	-1.60896746876064	-0.368206618071959	-2.67373021365625
0.957872075937279	-2.47860552564877	-0.358993705871165	-0.365598829355359	-1.64611417400034	-0.229180420295511	-2.59100358154934
0.967872075937279	-2.49523675989856	-0.360605002268451	-0.391099042131279	-1.67949745039716	-0.0936766467087375	-2.50920830459167
0.977872075937279	-2.51218267012214	-0.36087934622716	-0.415786630894434	-1.7090410323296	0.0381966443946989	-2.42850270608846
0.987872075937279	-2.5294046209716	-0.359853481531438	-0.439673116088304	-1.7346215079524	0.166212914289966	-2.3489488158975
0.997872075937279	-2.54684854890004	-0.357591554959257	-0.462760446660405	-1.75229224139093	0.283384867077851	-2.26788235374997
1.00787207593728	-2.56441264203955	-0.354242395203291	-0.485017782777222	-1.75863132326332	0.383600116528942	-2.18293146881206
1.01787207593728	-2.58198331052977	-0.349976637061705	-0.506405970426495	-1.75361697833717	0.466700152155241	-2.0940522270111
1.02787207593728	-2.59944760081012	-0.344965074429608	-0.526885874837166	-1.73739378448436	0.532804672683796	-2.00129029814891
1.03787207593728	-2.61669482619257	-0.339375911199957	-0.546419280810499	-1.71026732980122	0.582307087140272	-1.90478242926169
1.03863218913224	-2.61799387799152	-0.338932108043362	-0.54786428820258	-1.70777133917673	0.585407459972728	-1.89729923458272
1.04863218913224	-2.63509393647716	-0.332541054343009	-0.566484073413515	-1.71170891872686	0.692282099297185	-1.82691780480259
1.05863218913224	-2.65221769823472	-0.325096652428412	-0.584407808495269	-1.71253944544386	0.79610127128681	-1.75808519172303
1.06863218913224	-2.66933493410577	-0.316628711269037	-0.601650839621227	-1.71043287673654	0.897016081381992	-1.69077088927088
1.07863218913224	-2.68641716029311	-0.307165474691005	-0.618228146658424	-1.70556786753722	0.99518797837308	-1.62493233500973
1.08863218913224	-2.70343771210329	-0.296733531666568	-0.634154228154221	-1.69812917895036	1.09078605932729	-1.56051599720469
1.09863218913224	-2.72037179336905	-0.285357752141728	-0.649442996516796	-1.68830539938833	1.18398464984283	-1.49745832785385
1.10863218913224	-2.7371965044929	-0.273061245858464	-0.664107682090365	-1.67628694172032	1.27496111828566	-1.43568659005569
1.11863218913224	-2.75389085169641	-0.259865342023177	-0.678160744912974	-1.66226428161098	1.36389388634245	-1.37511956869494
1.12863218913224	-2.77043573972119	-0.245789588031082	-0.691613793036964	-1.64642640425032	1.45096060191694	-1.31566817389974
1.13863218913224	-2.7868139499109	-0.230851765778064	-0.704477506388687	-1.62895942889569	1.53633644396074	-1.2572359471027
1.14863218913224	-2.80301010530876	-0.215067924378624	-0.716761565244044	-1.61004538293493	1.62019253218089	-1.19971947986161
1.15863218913224	-2.81901062413401	-0.198452428363403	-0.728474582499459	-1.58986109945041	1.70269441766851	-1.14300875589248
1.16863218913224	-2.83480101153616	-0.181022692826806	-0.739622171273723	-1.56702996729037	1.78127394242353	-1.0858979007404
1.17863218913224	-2.85029146672663	-0.162930246457685	-0.750154699629815	-1.52773086013266	1.83143587096403	-1.01846779481264
1.18863218913224	-2.86529119264325	-0.144505953276645	-0.759950145814386	-1.46910800757241	1.84801744573711	-0.938628306963074
1.19863218913224	-2.87961400200897	-0.126073780348203	-0.768889051549946	-1.39260357888159	1.83344497711545	-0.84732833802047
1.20863218913224	-2.89308903229	-0.107931773687277	-0.776862039662411	-1.29983420069644	1.79046499825265	-0.74562907338707
1.21863218913224	-2.90556230346448	-0.0903492014903111	-0.783770755256245	-1.19255340967283	1.72207480204907	-0.634667926773446
1.22863218913224	-2.91689789655525	-0.0735643993258455	-0.789528456624442	-1.07261353687579	1.63145189399405	-0.515624731522003
1.23863218913224	-2.92697875277924	-0.0577833167558421	-0.794060283567908	-0.941928127892024	1.52188461903419	-0.389691172611306
1.24863218913224	-2.93570710393357	-0.0431787431095912	-0.797303239241049	-0.802435931026073	1.39670602062015	-0.258044147244032
1.25863218913224	-2.94300455422574	-0.0298901712772794	-0.799205926880759	-0.656067326909998	1.25923262286215	-0.121823414003977
1.26863218913224	-2.94881184146024	-0.0180242437373632	-0.799728084796417	-0.504713861440376	1.11270936615317	0.0178864193347465
1.27863218913224	-2.95308831096986	-0.00765571514701103	-0.798839962146768	-0.350201315198485	0.960261444791728	0.160069779485336
1.28863218913224	-2.95581113890862	0.00117113938971122	-0.7965215749101	-0.194266525854965	0.804853351305014	0.303790284123856
1.29863218913224	-2.95697434273465	0.00844074240366237	-0.79276187680135	-0.0385379960793751	0.649255066547295	0.448197687815088
1.30863218913224	-2.95658761629625	0.014164128488047	-0.787557874450145	0.115479821012281	0.496015067044223	0.59253217744089
1.31863218913224	-2.95467502534291	0.0183766208629639	-0.780913710594517	0.266418761738245	0.347439653311088	0.736126560072879
1.32863218913224	-2.95127359695461	0.0211353304426289	-0.772839733895377	0.413055973704964	0.205578023482939	0.878406824189382
1.33863218913224	-2.94643183368733	0.0225165319133001	-0.763351569602284	0.554319997413393	0.0722125060269093	1.01889146490902
1.34863218913224	-2.9402081804476	0.0226129656167484	-0.75246920190353	0.689294183983622	-0.0511465990625606	1.15718986119131
1.35863218913224	-2.93266946940893	0.0215311088161312	-0.740216076429225	0.817217711231893	-0.163262061191842	1.29299989098174
1.36863218913224	-2.92388936575287	0.0193884553462475	-0.726618229984245	0.937484441760961	-0.263167066889199	1.4261048791718
1.37863218913224	-2.91394683466859	0.0163108387056142	-0.711703454022967	1.04963984974077	-0.350159240680633	1.55636989984457
1.38863218913224	-2.9029246478429	0.0124298302115009	-0.69550049844139	1.15337623123386	-0.423791663087777	1.68373740234071
1.39863218913224	-2.89090794555582	0.00788024073151755	-0.678038322732523	1.2485264075247	-0.483861186529508	1.80822210127181
1.40863218913224	-2.87798286840488	0.00279775153585683	-0.659345402206623	1.33505613129905	-0.530394345040517	1.92990506258989
1.41863218913224	-2.86423527056395	-0.00268330318247006	-0.639449097617897	1.41305540967029	-0.563631163186223	2.04892692839437
1.42863218913224	-2.84974952431644	-0.00843198271122932	-0.618375096996612	1.48272896316043	-0.584007187499824	2.16548024841529
1.43863218913224	-2.83460742339334	-0.0143225990720183	-0.596146938635371	1.54438604279916	-0.592134083660082	2.27980092158808
1.44863218913224	-2.81888719042896	-0.0202363765647681	-0.572785623941272	1.59842982576791	-0.588779158301374	2.39215879230729
1.45863218913224	-2.80266259167916	-0.0260629026762692	-0.548309328205843	1.64534660140407	-0.574844170812284	2.50284748867283
1.46863218913224	-2.78600216010558	-0.0317013650599541	-0.522733216264579	1.68569494269019	-0.551343794444279	2.61217363088549
1.47863218913224	-2.76896852609619	-0.0370615727994788	-0.496069368549657	1.72009503334931	-0.519384066141732	2.72044557438504
1.48863218913224	-2.75161785354861	-0.0420647634067434	-0.468326821235727	1.7492182880386	-0.480141131200968	2.82796188280031
1.49863218913224	-2.73399937785729	-0.0466441998511745	-0.439511722103119	1.77377736436269	-0.434840544241688	2.93499974964245
1.50863218913224	-2.71615504156998	-0.0507455642736374	-0.409627601461624	1.79451662260719	-0.384737335292225	3.04180360498461
1.51863218913224	-2.69811922314195	-0.0543271568442867	-0.378675755054413	1.81220304473524	-0.331096993055703	3.14857415465758
1.52863218913224	-2.6799185543183	-0.0573599094599626	-0.346655733352438	1.82761758105635	-0.275177460957168	3.25545810544408
1.53863218913224	-2.66157182219093	-0.0598272246676156	-0.313565929105033	1.8415468539436	-0.218212189645425	3.36253883095182
1.54863218913224	-2.6430899528499	-0.0617246504111946	-0.279404252478489	1.85477511592918	-0.161394246185466	3.46982822951785
1.55863218913224	-2.62447692790588	-0.0630342860790981	-0.244228338117197	1.867820475464	-0.0972975600421657	3.5568643340787
1.56863218913224	-2.60573026801233	-0.0636069742597753	-0.208446477724211	1.88186153072912	-0.0144466347497872	3.59082826290953
1.57863218913224	-2.58682909196245	-0.0632751765862459	-0.17257895823564	1.89907910350907	0.082816665478593	3.57465129376806
1.58863218913224	-2.5677312645844	-0.0619181942925578	-0.137106859112906	1.92151590078458	0.18981796703381	3.51246354791435
1.59863218913224	-2.54837525936656	-0.0594615494007438	-0.102468196836007	1.95099830017896	0.302007286202472	3.4087310739434
1.60863218913224	-2.52868257152706	-0.0558751788480697	-0.0690550549263179	1.98908896186203	0.415068188317011	3.26815839583151
1.61110741110979	-2.52374576609135	-0.054813438538213	-0.0610148445655258	2	0.442716041197604	3.22823757735867
1.62110741110979	-2.50350126875212	-0.0498622663525868	-0.0295501383067487	2.05068739935847	0.544400990869138	3.06523432915156
1.63110741110979	-2.4826961988601	-0.0439881695617692	0.000300280074502172	2.11211347275778	0.62727210393597	2.90535956394466
1.64110741110979	-2.46122355960452	-0.0373795760257834	0.0285669360752599	2.18416443553228	0.691328899592014	2.74844701028261
1.65110741110979	-2.43897855010386	-0.0302232262832641	0.0552782773211596	2.26651688207883	0.736905606949709	2.5942492517727
1.66110741110979	-2.41586059137577	-0.0227009542890107	0.0804599220644785	2.35865256602321	0.764644492412792	2.44244987082211
1.67110741110979	-2.39177518801079	-0.0149867584887845	0.104134030665893	2.45987622253223	0.775464913702319	2.29267577334557
1.68110741110979	-2.36663559813476	-0.00724420073903853	0.126318801040924	2.56933600693969	0.770528832129457	2.1445096512557
1.69110741110979	-2.34036428809677	0.000375835764964855	0.147028089283714	2.68604601495025	0.751203651569692	1.99750254966175
1.70110741110979	-2.31289415404197	0.0077370075041275	0.166271156314728	2.80891028146289	0.719023328657238	1.85118649541201
1.71110741110979	-2.28416949872749	0.0147189781184817	0.184052540843385	2.93674762799375	0.67564871448107	1.70508711705954
1.72110741110979	-2.25414675821261	0.021218489329911	0.200372058061709	3.06831674000871	0.622828048446362	1.55873615014757
1.73110741110979	-2.2227949790505	0.0271500410961644	0.215224922228234	3.20234089816125	0.562358441476176	1.41168368258815
1.74110741110979	-2.1900960520594	0.0324461946153183	0.228601989663804	3.33753185211948	0.49604907342377	1.26350995876704
1.75110741110979	-2.15604471348616	0.0370575184257005	0.24049011671669	3.47261240259258	0.425686704013744	1.11383653247417
1.76110741110979	-2.12064832831616	0.0409522032083956	0.250872625056561	3.60633733767166	0.353003971436709	0.962336540945674
1.77110741110979	-2.08392647363053	0.0441153750549815	0.259729864341833	3.73751244707787	0.279650837926607	0.808743866866474
1.78110741110979	-2.04591034231724	0.0465481400486938	0.267039859999725	3.86501140818792	0.20716944306452	0.652860962558286
1.79110741110979	-2.00664198918981	0.0482663951967606	0.27277903168921	3.98779039892162	0.136972544920666	0.494565130281914
1.80110741110979	-1.96617344274895	0.0492994422191955	0.276922966102195	4.10490034473675	0.0703256648947994	0.333813083501805
1.81110741110979	-1.92456570652196	0.04968844159101	0.27944722620237	4.21549675135924	0.00833300043303375	0.17064365455898
1.82110741110979	-1.88188767420221	0.0494847446523163	0.280328177892174	4.31884711339674	-0.0480728741960421	0.00517856264544961
1.83110741110979	-1.83821498273329	0.0487481415961765	0.279543814504446	4.41433592365634	-0.0981375400789562	-0.162378789808115
1.84110741110979	-1.79362882707082	0.0475450627240858	0.277074559483013	4.50146734051683	-0.141287562246415	-0.331746466537751
1.85110741110979	-1.74821475962291	0.0459467694966061	0.27290402816781	4.57986560223994	-0.177129724475066	-0.502569008226865
1.86110741110979	-1.70206149632592	0.0440275705565275	0.26701973073137	4.64927330812916	-0.205446831337451	-0.674424163354192
1.87110741110979	-1.65525974996072	0.0418630960170622	0.259413699993594	4.70954771681357	-0.226190294012482	-0.846831145362015
1.88110741110979	-1.60790110966475	0.0395286608547646	0.250083030013057	4.76065524097932	-0.239469774043009	-1.01926017700193
1.89110741110979	-1.5600769836665	0.0370977452187013	0.23903031393352	4.80266434458056	-0.24554021605924	-1.19114304663015
1.90110741110979	-1.51187762008877	0.0346406158898225	0.226263972451555	4.83573707176307	-0.244786652927879	-1.36188437619179
1.91110741110979	-1.46339121827804	0.0322231090594282	0.211798467348718	4.86011945527938	-0.237707211272599	-1.53087328770602
1.92110741110979	-1.4147031405698	0.0299055901388458	0.195654397676612	4.8761310650899	-0.224894778699212	-1.69749515450753
1.93110741110979	-1.3658950661932	0.0277368774262403	0.177870872169908	4.88423100622686	-0.209605948619126	-1.8549848254096
1.94110741110979	-1.3170432843558	0.0256812735431438	0.158681236085424	4.88486173294788	-0.203145131495591	-1.97643437611618
1.95110741110979	-1.26822372040156	0.023643450897308	0.138470163275544	4.87772478374341	-0.205836655629826	-2.05949871588397
1.96110741110979	-1.21951595113841	0.0215386071283395	0.117613955973764	4.86243947319451	-0.216302123680997	-2.10577148314493
1.97110741110979	-1.17100332498693	0.0192966795268282	0.096470435217817	4.83863722158703	-0.232982628855422	-2.11734779721431
1.98110741110979	-1.12277270163498	0.0168637826861059	0.0753743201060264	4.80598854328295	-0.254213323619906	-2.09673937638286
1.99110741110979	-1.07491394189594	0.0142029254739819	0.05463347109661	4.76422621952891	-0.278290972393835	-2.04679247008431
2.00110741110979	-1.02751918681974	0.0112940832022735	0.0345259568973283	4.71316419130275	-0.303535106800164	-1.97060554661343
2.01110741110979	-0.980681970783457	0.00813369571077904	0.0152979373512882	4.65271184385839	-0.328341517902042	-1.87144873077528
2.02110741110979	-0.934496214950652	0.00473367229108052	-0.00283766465440961	4.58288366890289	-0.351227304211014	-1.75268685681759
2.03110741110979	-0.889055148293542	0.00112000950701989	-0.0197017882041227	4.50380228173369	-0.370797163683055	-1.61787320866777
2.04110741110979	-0.844450398824892	-0.00265818661894012	-0.0351750552908797	4.415667904535	-0.383273590323173	-1.47676871809419
2.05110741110979	-0.800770299101213	-0.00651510882248304	-0.049237823095344	4.31898315534115	-0.386661633712902	-1.33582690596608
2.06110741110979	-0.758096927852952	-0.0103638659035469	-0.0618926589842844	4.21444233962926	-0.381786549424067	-1.19520326794561
2.07110741110979	-0.716505173349945	-0.0141263339718445	-0.0731433008406168	4.10278620192064	-0.36956165967626	-1.05500200842297
2.08110741110979	-0.676062357009584	-0.0177338314585494	-0.0829943260435353	3.98478455385945	-0.350957542031951	-0.91528764804341
2.09110741110979	-0.636828024937652	-0.0211275580391292	-0.0914507797584635	3.86122006145869	-0.3269756490532	-0.776090080389083
2.10110741110979	-0.598853894355152	-0.024258780816489	-0.0985178545196281	3.73287351331815	-0.298624205342436	-0.637409752698374
2.11110741110979	-0.562183939243898	-0.0270887922604103	-0.104200621710488	3.60051072931743	-0.266896704984134	-0.499222843671554
2.12110741110979	-0.5268545982957	-0.0295886670038919	-0.108503814290901	3.46487120121488	-0.232753209133201	-0.361486315117088
2.13110741110979	-0.492895087639593	-0.0317388460309368	-0.111431658931994	3.32665849739133	-0.197104533256687	-0.224142724067911
2.14110741110979	-0.460327800754784	-0.0335285771996708	-0.112987754657515	3.18653241447679	-0.160799319185176	-0.0871246970558846
2.15110741110979	-0.429168778356529	-0.0349552405956124	-0.113174994199114	3.04510281880738	-0.124613909878062	0.0496410129054412
2.16110741110979	-0.399428231627556	-0.0360235901561635	-0.111995513973529	2.90292548726097	-0.0892565416264378	0.186257451569509
2.17110741110979	-0.371111193483544	-0.0367416011936766	-0.109458625642759	2.76046421984451	-0.0539436722754785	0.319457370092914
2.18110741110979	-0.344218310484274	-0.0370914087060076	-0.105650133935348	2.61820117429697	-0.0154993100244059	0.439960074105513
2.19110741110979	-0.318744255636936	-0.0370423880506952	-0.100705689880772	2.4768116880586	0.0257025727645994	0.546591132286257
2.20110741110979	-0.294676944393759	-0.0365706457806155	-0.0947653203395241	2.33696078651164	0.0689164097824403	0.639126785819725
2.21110741110979	-0.271997802683443	-0.0356599811604375	-0.0879701788063754	2.19927960466793	0.1133531331413	0.717561567159322
2.22110741110979	-0.250682156395242	-0.0343022057962807	-0.0804604806508026	2.06435545399485	0.158203048008122	0.782084570734368
2.23110741110979	-0.230699714338164	-0.0324972413791371	-0.0723736777473283	1.93272309568864	0.202657260120779	0.833055388039336
2.24110741110979	-0.2120151316512	-0.0302530121080575	-0.0638428734633288	1.80485740277672	0.245927253081021	0.870980172509898
2.25110741110979	-0.194588639108153	-0.0275851519137711	-0.0549954746791845	1.68116753471808	0.28726230755042	0.896488228163858
2.26110741110979	-0.178376722822141	-0.0245165492122036	-0.045952073910772	1.56199268869281	0.325964547923184	0.910309449944821
2.27110741110979	-0.163332838501806	-0.0210767536124306	-0.0368255516313948	1.44759943459872	0.361401490907353	0.91325288335919
2.28110741110979	-0.149408144607244	-0.0173012698432159	-0.0277203864925567	1.33818058858274	0.393016052324868	0.906186616275862
2.29110741110979	-0.136552239437387	-0.0132307642261593	-0.0187321592656024	1.23385553485747	0.420334041428235	0.890019166336855
2.30110741110979	-0.124713888273054	-0.00891020840801355	-0.00994723491857601	1.13467186908429	0.442969234727051	0.86568248283251
2.31110741110979	-0.113841728110268	-0.00438798387758355	-0.00144260625887885	1.04060820956431	0.460626172855306	0.834116641611786
2.32110741110979	-0.103884939151199	0.000285030852488034	0.00671411802812298	0.951578005032827	0.473100864055867	0.796256275155766
2.33110741110979	-0.0947938739807998	0.00505637050737983	0.0144645983680883	0.867434159572859	0.480279606584149	0.753018746975393
2.34110741110979	-0.0865206371586274	0.00987287308524337	0.021759539678172	0.787974295134493	0.482136160365138	0.705294049774406
2.35110741110979	-0.079019609720942	0.014681534348534	0.0285583741618428	0.712946479091499	0.478727506581923	0.65393638025531
2.36110741110979	-0.0722479147556447	0.0194303138471192	0.0348288679501053	0.642055256690699	0.470188433818736	0.599757320066586
2.37110741110979	-0.0661658217350405	0.0240688819051948	0.0405466672128995	0.574967844576913	0.456725182394625	0.543520532296346
2.38110741110979	-0.0607370886374537	0.0285492992623566	0.0456947983722376	0.511320360274123	0.438608366144715	0.485937866243884
2.39110741110979	-0.0559292420418163	0.0328266231730809	0.0502631359072739	0.450723982181875	0.416165374648107	0.42766675006153
2.40110741110979	-0.051713796335759	0.03685943570672	0.0542478499867029	0.392770954127538	0.38977244017016	0.369308741313706
2.41110741110979	-0.0480664139442855	0.0406102917335186	0.057650844831526	0.337040366874865	0.359846533618911	0.311409099523346
2.42110741110979	-0.0449670090775266	0.0440460856240845	0.0604791973364808	0.283103665565641	0.326837233639698	0.254457242245295
2.43110741110979	-0.0423997979324501	0.0471383370323184	0.06274460409473	0.230529846454257	0.291218693393593	0.19888794690144
2.44110741110979	-0.0403532985877812	0.0498633972841022	0.0644628436085339	0.178890318297777	0.253481811166092	0.145083164224795
2.45110741110979	-0.0388202840277185	0.0522025788698814	0.0656532591559128	0.127763413384212	0.214126694107715	0.0933743153112234
2.46110741110979	-0.0377976918415349	0.0541422113553138	0.0663382665430434	0.0767385405587519	0.173655489310779	0.0440449525417975
2.47110741110979	-0.0372864941941346	0.0556736276981824	0.066542889823197	0.0254199779813245	0.132565643118	-0.00266632543466408
2.48110741110979	-0.0372915316656633	0.0567930855093732	0.0662943270197844	-0.0265696929784331	0.0913436379613688	-0.0465628033335867
2.49110741110979	-0.0378213145316837	0.057501628237245	0.0656215469633906	-0.0795865089983465	0.0504592459792023	-0.0874865102476513
2.50110741110979	-0.0388877950112381	0.0578048916025698	0.064554917546253	-0.133962396229084	0.010360329933588	-0.125315086532113
2.51110741110979	-0.0405061139569866	0.0577128608773957	0.0631258650142528	-0.190002786338223	-0.0285317857015716	-0.159958718774082
2.52110741110979	-0.0426943254051339	0.0572395847951326	0.0613665633545967	-0.247984571473001	-0.0658263574477074	-0.191357193087489
2.53110741110979	-0.0454731023458625	0.0564028520078064	0.0593096523925227	-0.30815439245202	-0.101166669551675	-0.219477105575653
2.54110741110979	-0.0488654270180318	0.0552238360744327	0.0569879828757678	-0.370727254460386	-0.13423288086554	-0.244309258181248
2.55110741110979	-0.0528962689736645	0.0537267149745743	0.054434386592623	-0.43588546428303	-0.16474427370399	-0.265866258453708
2.56110741110979	-0.0575922540956421	0.051938271094752	0.0516814694282462	-0.503777882562665	-0.192460912122677	-0.284180333112599
2.57110741110979	-0.0629813276826407	0.0498874775330154	0.0487614252038235	-0.574519483657306	-0.217184722642731	-0.299301357732254
2.58110741110979	-0.0690924146349988	0.0476050764089589	0.0457058681530108	-0.648191214392558	-0.238760015989608	-0.311295098438087
2.59110741110979	-0.0759550796803451	0.0451231546534551	0.0425456819587572	-0.724840141393602	-0.257073473857668	-0.320241656173131
2.60110741110979	-0.0835991904655188	0.0424747224858449	0.0393108833902433	-0.804479874816053	-0.272053629949777	-0.32623409982003
2.61110741110979	-0.092054586209487	0.0396932994690144	0.0360304987340223	-0.887091254276139	-0.283669879434386	-0.329377271181398
2.62110741110979	-0.10135075445969	0.0368125126689247	0.0327324513960185	-0.972623280729281	-0.291931055353589	-0.329786742445096
2.63110741110979	-0.111516518321815	0.0338657110405621	0.0294434592532408	-1.06099427608961	-0.29688361424487	-0.327587905194929
2.64110741110979	-0.122579736342004	0.0308855997243142	0.0261889405482917	-1.15209325064438	-0.298609476161285	-0.322915169169947
2.65110741110979	-0.13456701701368	0.0279038974741286	0.0229929273394401	-1.24578145690612	-0.29722356627288	-0.315911248725557
2.66110741110979	-0.147503449662235	0.0249510199611413	0.0198779857385778	-1.34189410754776	-0.292871106230407	-0.306726515209544
2.67110741110979	-0.161412353234232	0.0220557912139413	0.0168651423841649	-1.44024223454078	-0.285724703443608	-0.295518394146533
2.68110741110979	-0.176315044288436	0.0192451849794565	0.0139738168024773	-1.54061466658756	-0.275981285396116	-0.282450787146325
2.69110741110979	-0.192230625258784	0.0165440973262717	0.0112217595050364	-1.64278010239942	-0.263858924164549	-0.267693499748074
2.70110741110979	-0.209175793839143	0.0139751513736823	0.00862499585056167	-1.74648925828049	-0.249593593555028	-0.251421657929433
2.71110741110979	-0.227164674130415	0.01155853462216	0.00619777586415157	-1.85147706976711	-0.233435897878658	-0.233815097705763
2.72110741110979	-0.246208669995829	0.00931186898959548	0.00395253035303402	-1.95746492865318	-0.215647807548375	-0.215057714089228
2.73110741110979	-0.266316340892213	0.00725011332615459	0.00189983378576844	-2.06416293849994	-0.196499432597274	-0.195336757650557
2.74110741110979	-0.287493300285285	0.0053854978902361	4.83745090024692e-05	-2.17127217357192	-0.176265861098876	-0.174842069014713
2.75110741110979	-0.3097421366155	0.0037274900182342	-0.00159506703832022	-2.27848692794986	-0.155224085507015	-0.153765243818327
2.76110741110979	-0.333062356657025	0.00228279000913863	-0.00302563139010016	-2.38549694324267	-0.133650036299031	-0.132298722956894
2.77110741110979	-0.357450351004087	0.00105535606743533	-0.00424038363456651	-2.49198960476604	-0.111815739140609	-0.11063480534932
2.78110741110979	-0.382899381323618	4.64569990699292e-05	-0.00523830673376733	-2.59765209720393	-0.0899866091952389	-0.0889645829403113
2.79110741110979	-0.409399588927605	-0.000745248770621624	-0.00602028381274795	-2.70217351157476	-0.0684188942341988	-0.0674768002368995
2.80110741110979	-0.436938024139304	-0.00132360939751677	-0.00658906868622883	-2.80524689576257	-0.0473572768779194	-0.0463566433177417
2.81110741110979	-0.465498695850697	-0.00169485267760226	-0.00694924395337991	-2.90657124094647	-0.0270326455867072	-0.0257844659385638
2.82110741110979	-0.495062640590884	-0.00186743769883203	-0.00710716608100227	-3.00585339599647	-0.00766004384748188	-0.00593446305124025
2.83045920946926	-0.523598775598299	-0.00185836389169003	-0.00707895257211345	-3.09660103662805	0.00942038092649655	0.0118277051880491
2.84045920946926	-0.555497144969785	-0.00114258743143568	-0.00650213713249476	-3.28276356528748	0.133654675957696	0.103503755648586
2.85045920946926	-0.589247274365316	0.000812599953378659	-0.00500968680723585	-3.46689337474002	0.257248720275199	0.194936493113807
2.86045920946926	-0.624826998978827	0.00399911268871047	-0.00260460595411405	-3.64861819533488	0.379859110789267	0.286009108303923
2.87045920946926	-0.662210289845738	0.00840522690034096	0.000708855731925219	-3.8275375761947	0.501101561026453	0.376589316910232
2.88045920946926	-0.701366976312419	0.0140151722218388	0.00492504808461553	-4.00322384050522	0.620551187892288	0.466529324968264
2.89045920946926	-0.742262481167378	0.0208087314523834	0.010036766331357	-4.17522367430952	0.73774381619409	0.555666070769823
2.90045920946926	-0.784857575076332	0.0287608588414261	0.0160351009363561	-4.34306040778152	0.852178418029841	0.643821785654751
2.91045920946926	-0.829108157509317	0.0378413288769092	0.0229092948203354	-4.50623703994579	0.963320789510858	0.730804915243983
2.92045920946926	-0.874965071797925	0.0480144283676188	0.0306466117544092	-4.66424004498217	1.07060854343284	0.816411438808478
2.93045920946926	-0.922373962254302	0.0592387052331445	0.0392322200676672	-4.81654397964273	1.17345746201437	0.900426616775787
2.94045920946926	-0.971275181359725	0.0714667876370747	0.0486490960515486	-4.96261688647223	1.27126920816082	0.982627184330565
2.95045920946926	-1.02160375482759	0.084645286810083	0.0588779515444138	-5.10192645652447	1.36344033729622	1.06278399245512
2.96045920946926	-1.07328941180436	0.0987147960087544	0.0698971900918034	-5.23394687884765	1.44937248624922	1.14066507681112
2.97045920946926	-1.12625668654572	0.113609996465928	0.081682895761921	-5.35816626373447	1.52848354399062	1.21603911037084
2.98045920946926	-1.18042509656666	0.129259878868593	0.0942088581227665	-5.47409448502835	1.60021953564736	1.28867916906514
2.99045920946926	-1.23570940051444	0.14558808586097	0.107446636045237	-5.58127124687473	1.66406688187975	1.35836671292128
3.00045920946926	-1.29201993688959	0.162513377385867	0.121365661895765	-5.67927414599983	1.71956463697649	1.42489566068257
3.00344127142755	-1.30899693899591	0.167663596073921	0.125643490433102	-5.70666628684849	1.73443754083469	1.4440949959986
3.01344127142755	-1.36558687463241	0.184200562790946	0.139588822886786	-5.60976580153113	1.57171017078499	1.34451521215209
3.02344127142755	-1.42116149075732	0.19907387480504	0.152524976525381	-5.50363778051448	1.40180710811245	1.24229019239521
3.03344127142755	-1.47562966025157	0.212214871869371	0.164426437207823	-5.38852045424458	1.22535556770031	1.1376084597291
3.04344127142755	-1.52890289309853	0.223561389105565	0.175269599428259	-5.26470274156349	1.04302610248279	1.0306629357482
3.05344127142755	-1.58089583498824	0.233058151720174	0.185032802574498	-5.13252257774211	0.855524925107233	0.921649468544721
3.06344127142755	-1.6315267486346	0.240657094720005	0.193696354594471	-4.99236512017518	0.663586599938173	0.81076577826426
3.07344127142755	-1.6807179763118	0.246317611703816	0.20124254696549	-4.8446607774966	0.467967176151838	0.698210760505838
3.08344127142755	-1.72839638157969	0.250006737402714	0.207655664173284	-4.68988301008739	0.269437811020631	0.584184071221982
3.09344127142755	-1.77449376768406	0.251699269043254	0.212921990096796	-4.52854585819305	0.0687789151785236	0.468885908637073
3.10344127142755	-1.81894726973763	0.25137783184929	0.217029812841948	-4.36120116568254	-0.133225163271158	0.352516907317169
3.10659019411713	-1.83259571459405	0.250857935557253	0.218081890554843	-4.30735471548199	-0.196987907432991	0.315683618762841
3.11659019411713	-1.87480163195269	0.247875089494289	0.220651959505831	-4.13300852716145	-0.399569022800413	0.198212528232006
3.12659019411713	-1.91524053974264	0.242868090255026	0.222044123838345	-3.9540595990614	-0.601689925017766	0.0801362529008273
3.13659019411713	-1.95386965624842	0.235845380193028	0.222253338258385	-3.77116110635485	-0.802584501188558	-0.0383439259561117
3.14659019411713	-1.99065284557973	0.226822999828987	0.221276568733375	-3.5849883185792	-1.00149972496845	-0.15702710940794
3.15659019411713	-2.02556081648437	0.215824442643352	0.219112786245147	-3.39623412307843	-1.1976984759068	-0.275713291364115
3.16659019411713	-2.05857127491829	0.2028804830247	0.215762954670043	-3.20560425506629	-1.39046210534681	-0.394204022201328
3.17659019411713	-2.08966902747352	0.188028979337706	0.211230011276769	-3.01381223961987	-1.57909286761788	-0.512303220058765
3.18659019411713	-2.11884603278835	0.171314652795968	0.20551883841758	-2.82157404576494	-1.76291635141714	-0.629818118795947
3.19659019411713	-2.1461013980426	0.152788841418302	0.198636225109202	-2.62960244844586	-1.94128405629949	-0.746560340066362
3.20659019411713	-2.17144131758759	0.132509226883591	0.190590817318168	-2.43860109266619	-2.11357626034287	-0.862347078901771
3.21659019411713	-2.19487895071596	0.110539530679955	0.181393055850909	-2.2492582575532	-2.27920531467117	-0.9770023965836
3.22659019411713	-2.21643423559923	0.0869491746958209	0.17105510078451	-2.06224032851296	-2.43761947631263	-1.0903586199218
3.23659019411713	-2.2361336365899	0.0618129004705322	0.159590741358715	-1.87818500456014	-2.58830735128016	-1.20225785060515
3.24659019411713	-2.25400982248897	0.0352103408670028	0.147015290200584	-1.69769429612139	-2.73080296442767	-1.31255359020688
3.25659019411713	-2.27010127411152	0.00722553810120083	0.133345460704905	-1.52132740578462	-2.86469140290828	-1.42111248411009
3.26659019411713	-2.28445312375188	-0.0220513163498897	0.11859839774725	-1.35057228438699	-2.98790209274914	-1.52843848221985
3.27659019411713	-2.29720781030675	-0.0523648835202158	0.102733569273655	-1.20666274797783	-3.06376683844222	-1.64763387115622
3.28659019411713	-2.3087073814024	-0.0831150542650664	0.0855871834880932	-1.09907656108299	-3.07610835802061	-1.78441102717654
3.29659019411713	-2.31930094651302	-0.113692866359407	0.0669932384601352	-1.02495455667449	-3.03022116860022	-1.93681640867522
3.30659019411713	-2.32930714792741	-0.143545019642714	0.046805535470469	-0.981022440325205	-2.93201572935581	-2.10281508653503
3.31659019411713	-2.33900988478936	-0.17218033663132	0.0248986664387792	-0.96362909472995	-2.78796867114909	-2.28029407772278
3.32659019411713	-2.34865524022656	-0.199174306774925	0.00116850439807866	-0.968885232572325	-2.6049003572103	-2.46711869202251
3.33659019411713	-2.35844976822055	-0.224171459573284	-0.02446781882764	-0.992795333294637	-2.38976515760539	-2.66117871375348
3.34659019411713	-2.36855952326909	-0.246905268628872	-0.0520257146177404	-1.03120686334825	-2.15658107806774	-2.84335282596398
3.35659019411713	-2.37910975401037	-0.267309496062645	-0.0811766283850505	-1.08037117002895	-1.92498437085818	-2.97889099365556
3.36659019411713	-2.3901854464188	-0.285438839388791	-0.111441137826254	-1.13487162188489	-1.70391232708983	-3.06560322190751
3.37659019411713	-2.40180639651317	-0.301450906063425	-0.142324356368811	-1.18920232119725	-1.50166262916419	-3.10307680780882
3.38659019411713	-2.41396571171968	-0.315535036077532	-0.173348995864843	-1.2423996437583	-1.31828780651333	-3.09446186265994
3.39659019411713	-2.42664777498971	-0.327878448951224	-0.204072091496347	-1.29361481020553	-1.15344080294988	-3.04340777550028
3.40659019411713	-2.43982929653915	-0.338654540852309	-0.234109908628985	-1.34228213219099	-1.00276998368913	-2.96252548220286
3.41659019411713	-2.45348518681865	-0.347941405975559	-0.263320934112528	-1.38845040665422	-0.854995419785744	-2.87968190144425
3.42659019411713	-2.46758876819676	-0.355762991419142	-0.291704131033436	-1.43176079287192	-0.709778633009849	-2.79701614545787
3.43659019411713	-2.48210981270786	-0.362146676567595	-0.319262871893266	-1.47189672317011	-0.567468487805419	-2.7148336218365
3.44659019411713	-2.49701530954051	-0.367122989066714	-0.346003216592982	-1.50861700584761	-0.428344259627523	-2.6333738776558
3.45659019411713	-2.51227018536336	-0.370724874508065	-0.371933445143425	-1.54174909093128	-0.292611686050429	-2.55284176295438
3.46659019411713	-2.52783795367339	-0.372987003308391	-0.397063722193013	-1.57118166986554	-0.160411365909406	-2.4734097510431
3.47659019411713	-2.54368129087685	-0.373945159710507	-0.421405785210045	-1.59685745322165	-0.0318267574754873	-2.39522033316276
3.48659019411713	-2.55976254170434	-0.373635708203291	-0.444972656630632	-1.61876628065529	0.0931083517765255	-2.31838840541896
3.49659019411713	-2.57604341965682	-0.372096430225732	-0.467777861748809	-1.63635847153938	0.213382122377897	-2.2425965496584
3.50659019411713	-2.59245672434036	-0.369416586064314	-0.489815046144882	-1.64447971635207	0.319846204347116	-2.1642381645284
3.51659019411713	-2.60889654627963	-0.365754547101061	-0.511050471340328	-1.64166188160837	0.409799719052416	-2.08223370579908
3.52214138921512	-2.61799387799149	-0.363358547015669	-0.522479118856871	-1.63539314841698	0.452589669645403	-2.03512218365486
3.53214138921512	-2.63437892239685	-0.358285247635516	-0.542480131565724	-1.64106524880412	0.561525630019526	-1.96534877613142
3.54214138921512	-2.65080442304375	-0.352138700432659	-0.561791453815812	-1.64350984541898	0.667262308560099	-1.89718271210691
3.55214138921512	-2.66723889043537	-0.344950181423462	-0.58042909391454	-1.6428861483463	0.769945415224873	-1.83060863656662
3.56214138921512	-2.68365248501855	-0.33674944434993	-0.598408838924214	-1.63936442458995	0.869733172337148	-1.76559787165137
3.57214138921512	-2.70001711298508	-0.327564610696529	-0.615746127705328	-1.63312310464899	0.96679334248037	-1.70210964777492
3.58214138921512	-2.71630649493271	-0.317422087764675	-0.632455935549826	-1.62434624350735	1.06130058364045	-1.6400921902932
3.59214138921512	-2.73249621074573	-0.306346511753843	-0.648552668991365	-1.61322129723788	1.15343408537757	-1.57948366960291
3.60214138921512	-2.7485637236638	-0.294360713253576	-0.664050069468949	-1.59993717795742	1.2433754437485	-1.5202130231805
3.61214138921512	-2.76448838614367	-0.281485702954076	-0.678961124608072	-1.58468255175881	1.33130673659873	-1.46220065858772
3.62214138921512	-2.78025142977617	-0.267740675747365	-0.693297985975802	-1.56764434647975	1.41740876472073	-1.40535904684366
3.63214138921512	-2.79583594120084	-0.253143031717306	-0.707071892261657	-1.54900643857063	1.50185942809184	-1.34959321584784
3.64214138921512	-2.81122682566597	-0.237708412806991	-0.720293096934205	-1.52894849077174	1.5848322098875	-1.29480115377078
3.65214138921512	-2.82641075961058	-0.221450754208773	-0.732970799523509	-1.50764491472333	1.66649474417799	-1.24087413253847
3.66214138921512	-2.84137610492828	-0.20438239992896	-0.745113059624988	-1.48526696332241	1.74701278288572	-1.18769911915291
3.67214138921512	-2.85611248755268	-0.186514807719639	-0.756726481998255	-1.46140287609907	1.82552831986556	-1.13474929074441
3.68214138921512	-2.8705516026516	-0.167962848971721	-0.767774450352433	-1.42302468983935	1.87894950552068	-1.07261454660917
3.69214138921512	-2.88450722553418	-0.149050494520313	-0.778135603057358	-1.36492710050348	1.89798105284742	-0.997534085089516
3.70214138921512	-2.89778918850683	-0.130109799303143	-0.787685161506789	-1.28854881286981	1.88505241434438	-0.910466437222129
3.71214138921512	-2.91022265314565	-0.11144680146519	-0.796308553844819	-1.19551081876913	1.84292610002882	-0.812488142030765
3.72214138921512	-2.9216497456833	-0.0933385390323045	-0.803902408799743	-1.08757866128141	1.77462776881857	-0.704756756581166
3.73214138921512	-2.93193080977439	-0.0760307754852277	-0.81037518947322	-0.966623839206307	1.68337475427397	-0.588476036699874
3.74214138921512	-2.9409452738674	-0.0597364380068007	-0.815647494338474	-0.834585516258426	1.57250538980362	-0.464864350771113
3.75214138921512	-2.94859214183915	-0.044634749260498	-0.819652061810616	-0.693433637271928	1.44541131450594	-0.335127077175854
3.76214138921512	-2.95479012584214	-0.0308710134668238	-0.822333520554378	-0.54513439479708	1.30547457224776	-0.200433394090479
3.77214138921512	-2.95947744868857	-0.0185570017408288	-0.823647930114225	-0.391618770644988	1.15601084084528	-0.0618975424644123
3.78214138921512	-2.96261134913892	-0.00777187081837239	-0.823562155812913	-0.234754635850096	1.00021962252234	0.0794356360262046
3.79214138921512	-2.96416732712268	0.00143645660696959	-0.822053118777502	-0.0763226614148822	0.841141755803869	0.222601292303352
3.80214138921512	-2.96413816741742	0.00904952327928939	-0.819106957180419	0.0820039059223295	0.681624217469806	0.366721829201424
3.81214138921512	-2.96253278005163	0.0150762520026605	-0.814718129116635	0.238675701228243	0.524291894205016	0.511011413341576
3.82214138921512	-2.95937489415367	0.019550610781314	-0.808888481691072	0.392280134515504	0.371525820684475	0.654778312770517
3.83214138921512	-2.95470163961497	0.0225290902245024	-0.801626305437076	0.54155098132962	0.225447292856611	0.79742557109501
3.84214138921512	-2.94856204817199	0.0240880489316431	-0.792945388530218	0.685374956530939	0.0879072519087613	0.938450434899536
3.85214138921512	-2.94101550264312	0.0243209766833172	-0.78286408163142	0.822795555985703	-0.0395196281368273	1.07744284253916
3.86214138921512	-2.93213016027851	0.0233357199033011	-0.771404381663112	0.953014435504215	-0.15553665147917	1.21408317320798
3.87214138921512	-2.92198137358939	0.0212517091952687	-0.758591041338915	1.07539057570404	-0.259123040474151	1.34813935651735
3.88214138921512	-2.91065012963653	0.0181972247885618	-0.744450710685159	1.18943746224826	-0.349528470302148	1.47946336226654
3.89214138921512	-2.89822152653639	0.0143067323221893	-0.729011116905911	1.29481849722419	-0.426264516891519	1.60798703198466
3.90214138921512	-2.88478330382519	0.0097183183603087	-0.71230028951829	1.39134085090942	-0.489093310340772	1.7337171796278
3.91214138921512	-2.87042444123232	0.00457125215481412	-0.694345838485202	1.47894796335372	-0.538013680288236	1.85672987761643
3.92214138921512	-2.85523383829854	-0.000996302735881647	-0.675174293880928	1.55771091007573	-0.573245090370169	1.97716385345221
3.93214138921512	-2.83929908509886	-0.00684940643359279	-0.654810516257645	1.62781885280249	-0.59520967992789	2.09521294746667
3.94214138921512	-2.82270533209197	-0.0128582730976594	-0.63327718719866	1.68956880131857	-0.604512755424346	2.21111761913964
3.95214138921512	-2.80553426484964	-0.0188999999518817	-0.610594389455234	1.74335491311642	-0.601922094815211	2.3251555330575
3.96214138921512	-2.7878631871775	-0.0248600849802895	-0.586779285523986	1.78965755125657	-0.588346439745505	2.43763130145813
3.97214138921512	-2.76976421400054	-0.0306337270445187	-0.561845902528041	1.82903230616637	-0.564813549018873	2.54886550464403
3.98214138921512	-2.7513035734397	-0.0361269058410097	-0.53580502984803	1.86209916354501	-0.532448170451925	2.65918315049796
3.99214138921512	-2.73254101583767	-0.041257242543636	-0.508664234162061	1.88953196860223	-0.492450257127132	2.76890176812315
4.00214138921512	-2.71352932617936	-0.0459546450271994	-0.480427994463604	1.91204829788884	-0.44607371008921	2.87831935746998
4.01214138921512	-2.69431393545654	-0.0501617441260677	-0.451097957302224	1.93039980599487	-0.394605875921001	2.98770243675025
4.02214138921512	-2.67493262608511	-0.0538341293735673	-0.420673310001065	1.94536306787149	-0.339347968475044	3.09727444308763
4.03214138921512	-2.65541532650883	-0.0569403940583954	-0.389151267005203	1.95773089124106	-0.281596523818636	3.20720475006596
4.04214138921512	-2.63578399059801	-0.0594620002363614	-0.356527661856943	1.96830403040881	-0.222625940683479	3.31759856940098
4.05214138921512	-2.61605255833037	-0.0613929746052302	-0.322797634621683	1.97788319576007	-0.163672109634322	3.42848800330913
4.06214138921512	-2.59622699112205	-0.0627395454917922	-0.287956169506177	1.98726468035363	-0.106000794577876	3.54002060082375
4.07214138921512	-2.57630602832781	-0.0635022629047519	-0.252039636180388	1.99699829682672	-0.0438181829214234	3.63568193127257
4.07505919730254	-2.5704748251939	-0.063598975249492	-0.241403910160827	2.00000000000006	-0.0222106270774059	3.65375027654649
4.08505919730254	-2.55041786877236	-0.0634099346308735	-0.204686443432609	2.01190791277584	0.06258231508273	3.68094273489087
4.09505919730254	-2.53022272860401	-0.0623039508752061	-0.167954507338237	2.02799108271021	0.160390110177209	3.65731373875445
4.10505919730254	-2.50983736934102	-0.0601743789587571	-0.131695554560691	2.05026934887771	0.266529176101737	3.58708060612694
4.11505919730254	-2.4891907521823	-0.0569607012946047	-0.096353067730558	2.08051469744652	0.376476883174892	3.47480406549452
4.12505919730254	-2.46819554296607	-0.0526465120258614	-0.0623232898979651	2.12021731118541	0.485637414146442	3.32609663102425
4.13505919730254	-2.44675049950782	-0.0472941168975487	-0.0298621320768692	2.17063512484876	0.581630558518144	3.16660110042604
4.14505919730254	-2.42474605442731	-0.0410784206687292	0.00101811265907651	2.2320817351811	0.658287216080622	3.00989646614783
4.15505919730254	-2.40207276040466	-0.0341923932967209	0.0303443694830062	2.30435246115764	0.715749040841299	2.85576097697015
4.16505919730254	-2.37862430086681	-0.0268258626971736	0.0581409345146194	2.38702784261971	0.754494409545294	2.70390408051691
4.17505919730254	-2.35429956026575	-0.0191622962431273	0.0844288751222475	2.47949023301772	0.775311697867786	2.55397271647419
4.18505919730254	-2.32900450777881	-0.0113758685054637	0.10922546903018	2.58094393562188	0.779265059272884	2.40556415882683
4.19505919730254	-2.30265386550495	-0.00362888990719963	0.132543771950494	2.6904380681239	0.767656623190235	2.25823887436034
4.20505919730254	-2.27517253703316	0.00393037288224711	0.15439231378023	2.80689150922025	0.741986124958039	2.11153337256293
4.21505919730254	-2.24649677907238	0.0111694644818825	0.174774923104045	2.92911921923055	0.703909042255612	1.96497300817821
4.22505919730254	-2.21657510601531	0.01797308669902	0.193690679210411	3.0558592138689	0.655194305640639	1.81808466648318
4.23505919730254	-2.18536892439967	0.0242440236145874	0.211133989931046	3.1857995002526	0.597682583611755	1.67040922059507
4.24505919730254	-2.15285290084739	0.0299036561498567	0.227094792291296	3.31760434718257	0.533246030996942	1.52151360738056
4.25505919730254	-2.11901507293396	0.0348920846239824	0.241558871228349	3.44993934593348	0.463750251725186	1.37100233047837
4.26505919730254	-2.08385671741073	0.0391678845912661	0.254508289567706	3.58149481188428	0.391019080713445	1.2185281705653
4.27505919730254	-2.04739199422461	0.0427075265816377	0.265921920160539	3.71100717186473	0.3168026489535	1.06380186750054
4.28505919730254	-2.0096473878817	0.0455044943664157	0.275776068713154	3.8372780704253	0.242749070503671	0.90660053786246
4.29505919730254	-1.97066096996838	0.047568139213757	0.284045173529739	3.95919100660906	0.170379984608542	0.746774604729458
4.30505919730254	-1.93048150818227	0.0489223094878245	0.290702566281726	4.07572538004174	0.101070100829578	0.58425304339025
4.31505919730254	-1.88916744814508	0.0496037960710533	0.29572127613818	4.18596788198386	0.0360308268573669	0.419046785336022
4.32505919730254	-1.84678579466539	0.0496606345977222	0.299074858249937	4.28912121528147	-0.0237019973247547	0.251250171261637
4.33505919730254	-1.80341091906538	0.0491503054739379	0.300738226760769	4.3845101692085	-0.0772762845386323	0.0810403994570642
4.34505919730254	-1.75912331873329	0.0481378721656819	0.300688472281315	4.4715851131776	-0.124027877910972	-0.0913250237593438
4.35505919730254	-1.71400835424399	0.0466940972607386	0.298905644138037	4.54992300884946	-0.163480843328547	-0.265512762867012
4.36505919730254	-1.6681549882238	0.0448935743222756	0.295373478702943	4.6192260742227	-0.19534405259341	-0.44111993167133
4.37505919730254	-1.62165454863473	0.0428129115120839	0.290080056693585	4.67931826602744	-0.219504290035305	-0.617681985285117
4.38505919730254	-1.57459953733344	0.0405290003385677	0.283018374450638	4.73013977772435	-0.236016174568664	-0.79468198963639
4.39505919730254	-1.52708250264308	0.0381173996697806	0.274186816769299	4.77173977871296	-0.245089247776722	-0.971560992420172
4.40505919730254	-1.47919499229396	0.0356508613689565	0.263589521775062	4.80426764481592	-0.247072632992688	-1.14772919075532
4.41505919730254	-1.43102660048666	0.0331980196199509	0.251236631472243	4.82796294953906	-0.242437716790194	-1.32257757490701
4.42505919730254	-1.38266412006394	0.0308222613096703	0.237144424824608	4.84314449896532	-0.231759339402348	-1.4954897247139
4.43505919730254	-1.33419080791052	0.0285807898512155	0.221335333421131	4.85019869966922	-0.215696001720488	-1.66585344537492
4.44505919730254	-1.28568576880358	0.0265238897139376	0.203837842814759	4.84956754833928	-0.194969602049925	-1.83307195075535
4.45505919730254	-1.23722330572743	0.0246894855331479	0.184697935037014	4.8418105246695	-0.172806003915216	-1.99072121291696
4.46505919730254	-1.18887131248492	0.0230292547445053	0.164157401369434	4.82747741547593	-0.161201354829594	-2.11046893558237
4.47505919730254	-1.1406965538528	0.0214285675665345	0.142624095876303	4.80630307117879	-0.160661316686672	-2.18955320841471
4.48505919730254	-1.09276932099923	0.0197842059102622	0.120495663928119	4.77790759828546	-0.169661136648217	-2.22985662916822
4.49505919730254	-1.04516375460384	0.018009321967918	0.0981482352492598	4.74190716025401	-0.186463601543436	-2.23379265158822
4.50505919730254	-0.997957724544268	0.0160351204650262	0.0759316243000931	4.69794441491384	-0.209208377047121	-2.20419581166086
4.51505919730254	-0.951232432068439	0.013811711095117	0.0541655726442763	4.64571437289951	-0.235986700129138	-2.1442310355102
4.52505919730254	-0.905071775919627	0.0113082487633457	0.0331368961279315	4.58498566325583	-0.264908858871259	-2.05730373965984
4.53505919730254	-0.859561530270664	0.00851244081685025	0.0130975180356814	4.51561688208498	-0.294163141334476	-1.94697288172612
4.54505919730254	-0.814788383652528	0.00542950557259889	-0.00573663866082231	4.43756819921896	-0.322071140421686	-1.81685544155524
4.55505919730254	-0.770838971942417	0.00208410035967179	-0.0231941438106489	4.35087632093663	-0.345687628323403	-1.67400966246498
4.56505919730254	-0.727798904878766	-0.00145374738894604	-0.0392161711285524	4.25578143997201	-0.360386068077837	-1.53043179919493
4.57505919730254	-0.685749440013581	-0.00509482430444947	-0.053803849612459	4.15285944401164	-0.366449160541518	-1.38717308230223
4.58505919730254	-0.644765654036382	-0.00875641525492343	-0.0669612791373125	4.04275742034286	-0.364620406904469	-1.24440662195236
4.59505919730254	-0.604915934596294	-0.0123636704180692	-0.0786940410919856	3.92616335223458	-0.355724938821563	-1.1022563824638
4.60505919730254	-0.56626165173407	-0.0158502910349699	-0.0890087307099507	3.80379022283462	-0.340643657424662	-0.96080199985549
4.61505919730254	-0.5288569824043	-0.01915896481346	-0.0979125391595528	3.6763613310912	-0.320289098541515	-0.82008389524691
4.62505919730254	-0.492748874950855	-0.0222415702702371	-0.105412887714876	3.54459701132499	-0.295583409452017	-0.680108555960329
4.63505919730254	-0.457977138823727	-0.0250591725615868	-0.111517115037023	3.40920288088718	-0.267438705158748	-0.540853855216277
4.64505919730254	-0.424574643886468	-0.0275818354822279	-0.116232217324431	3.27085968064098	-0.236739963992786	-0.40227428627148
4.65505919730254	-0.392567613278694	-0.0297882754209985	-0.119564639897429	3.13021472198652	-0.204330526900584	-0.264305997307729
4.66505919730254	-0.361975993878057	-0.0316653832888869	-0.121520117717008	2.98787491221339	-0.171000183960086	-0.126871528384328
4.67505919730254	-0.332813888860952	-0.0332076399303507	-0.12210356144017	2.84440129687442	-0.137475766219198	0.0101158299570389
4.68505919730254	-0.305090037605305	-0.0344164494451466	-0.121318984909911	2.70030503293823	-0.104414110425795	0.146748116684191
4.69505919730254	-0.27880832913555	-0.0352994133288652	-0.119169469479033	2.55604468872852	-0.0723972274375983	0.283119258392707
4.70505919730254	-0.253968374951027	-0.0358681587641368	-0.115660516855564	2.41200386509218	-0.041161118750393	0.41748955540282
4.71505919730254	-0.230566461285444	-0.0361101174396709	-0.110866747114739	2.26851982982487	-0.00659670805316	0.538728414957576
4.72505919730254	-0.208594116822956	-0.0359886411182384	-0.104936937039257	2.12619447290135	0.031404164867837	0.644667178047386
4.73505919730254	-0.188036639262069	-0.0354730987956507	-0.0980247560516374	1.98564802091254	0.0720836500073755	0.735207740299068
4.74505919730254	-0.168873242104083	-0.0345407741060526	-0.0902836696392357	1.84747463834151	0.114620196194822	0.810488739149335
4.75505919730254	-0.151077374145841	-0.0331773524556126	-0.0818647416526318	1.71223142324018	0.158159124288578	0.870847387702983
4.76505919730254	-0.134617138393269	-0.0313771313402321	-0.0729147827235002	1.58042897419893	0.201836528701995	0.916792668652883
4.77505919730254	-0.11945579850351	-0.0291430010541522	-0.0635747651287293	1.45252334522944	0.244801233174362	0.948978923637816
4.78505919730254	-0.105552358156985	-0.0264862170105364	-0.0539784980901335	1.32890952172904	0.286234465192015	0.968180237506016
4.79505919730254	-0.0928621977482087	-0.0234259877447556	-0.0442515538493126	1.20991648726858	0.3253670139271	0.975265948856798
4.80505919730254	-0.081337752388831	-0.0199889045445349	-0.0345104318617998	1.09580389139911	0.361493730913036	0.971177555455786
4.81505919730254	-0.0709292153863895	-0.0162082396213478	-0.0248619460604914	0.986760275529431	0.393985318634735	0.956907225627719
4.82505919730254	-0.0615852520236465	-0.0121231398973251	-0.0154028182935353	0.882902769038366	0.422297428090899	0.933478074305861
4.83505919730254	-0.0532537095272974	-0.00777774293820854	-0.00621945969728087	0.784278132290301	0.445977151095288	0.901926314728869
4.84505919730254	-0.0458823104847475	-0.00322024043030211	0.00261207912490937	0.690864997550693	0.464667046105913	0.863285353460302
4.85505919730254	-0.0394193185457131	0.00149808700483697	0.0110260087243373	0.60257714274074	0.478106877711096	0.818571857129517
4.86505919730254	-0.033814166938919	0.00632384182514779	0.0189665719389424	0.519267625784031	0.486133280017017	0.768773783802272
4.87505919730254	-0.029018042059832	0.011202468788707	0.0263877050121788	0.440733607837761	0.488677573900241	0.714840340037014
4.88505919730254	-0.0249844160727556	0.0160791841157183	0.033252607641705	0.366721700563694	0.485761978514406	0.657673796426385
4.89505919730254	-0.0216695240641022	0.0208998597493844	0.0395332401026301	0.296933684260924	0.477494459857309	0.598123069809196
4.90505919730254	-0.0190327827427704	0.0256118502851203	0.0452097645643835	0.231032458642853	0.464062454987693	0.536978959464878
4.91505919730254	-0.0170371489824947	0.0301647524799389	0.0502699465050526	0.168648104894999	0.445725701012903	0.474970907582017
4.92505919730254	-0.0156494176271354	0.0345110894808049	0.0547085307612081	0.109383955182447	0.422808384572513	0.412765141209197
4.93505919730254	-0.0148404589314688	0.0386069139892557	0.0585266052744299	0.0528225829948704	0.395690811431869	0.350964043770941
4.94505919730254	-0.0145853967942457	0.0424123264878933	0.0617309640472055	-0.00146835612482978	0.364800778040308	0.290106599000077
4.95505919730254	-0.0148637295704381	0.0458919063806737	0.0643334792388847	-0.0539304893397991	0.330604808404108	0.230669748637617
4.96505919730254	-0.0156593957431484	0.0490150554395681	0.0663504907529689	-0.105009339932966	0.293599401105338	0.173070507222909
4.97505919730254	-0.0169607871121207	0.0517562543079931	0.067802220123292	-0.155149221838112	0.254302413327613	0.117668682392884
4.98505919730254	-0.0187607124351993	0.0540952339940035	0.068712214027789	-0.204788439028817	0.213244691734024	0.0647700569140022
4.99505919730254	-0.0210563146606831	0.0560170653046181	0.0691068213693603	-0.254354806639596	0.170962044242971	0.0146298987193863
5.00505919730254	-0.0238489450299309	0.0575121700397057	0.0690147065838333	-0.304261505483396	0.127987632300722	-0.0325433229709765
5.01505919730254	-0.0271439974261551	0.0585762584933901	0.0684664006803023	-0.354903277830343	0.0848448501833701	-0.0765841242982982
5.02505919730254	-0.0309507064098612	0.0592101984164726	0.0674938904994645	-0.40665296965442	0.0420407461168827	-0.117366191168783
5.03505919730254	-0.0352819124238924	0.0594198210875913	0.0661302457966504	-0.459858422762835	6.00294552079265e-05	-0.15479864218422
5.04505919730254	-0.0401537976788218	0.0592156705348287	0.0644092830195997	-0.514839719029269	-0.0406403013694936	-0.188822436696308
5.05505919730254	-0.0455855962472406	0.0586127022525136	0.0623652640544517	-0.571886778109025	-0.0796356841123969	-0.219406980793254
5.06505919730254	-0.0515992819056733	0.0576299379772431	0.0600326277515815	-0.631257309299723	-0.116538053265711	-0.246546970910673
5.07505919730254	-0.0582192372657427	0.0562900832279419	0.0574457517079035	-0.693175117440074	-0.150999225608198	-0.270259502543456
5.08505919730254	-0.0654719077304952	0.054619114380591	0.0546387415641517	-0.757828761766137	-0.182713607840013	-0.290581460393601
5.09505919730254	-0.0733854437948785	0.052645842041288	0.0516452449630803	-0.82537056536902	-0.211420230590001	-0.307567196339815
5.10505919730254	-0.0819893351779702	0.0504014574029038	0.0484982872951673	-0.895915971268308	-0.236904120169991	-0.321286492927823
5.11505919730254	-0.0913140402250493	0.0479190681218983	0.0452301264194852	-0.969543239126259	-0.258997026417413	-0.331822802680482
5.12505919730254	-0.101390613946523	0.04523323003435	0.0418721236760965	-1.0462934743188	-0.277577531748964	-0.33927174740036
5.13505919730254	-0.112250337965318	0.0423794807463041	0.0384546286900911	-1.12617097853036	-0.292570573029034	-0.343739856738135
5.14505919730254	-0.123924355522667	0.0393938807869293	0.0350068756943034	-1.20914390836001	-0.303946413882684	-0.345343521555217
5.15505919730254	-0.136443314543633	0.0363125676091004	0.0315568893567186	-1.295145225747	-0.311719110478591	-0.344208134926545
5.16505919730254	-0.149837021588938	0.0331713272680817	0.02813139837949	-1.38407392148415	-0.315944518393311	-0.340467391904366
5.17505919730254	-0.164134109320718	0.0300051881139519	0.024755755430347	-1.47579649082078	-0.316717891781446	-0.334262718284431
5.18505919730254	-0.179361719890112	0.0268480403076345	0.0214538622660429	-1.5701486382844	-0.314171128587893	-0.325742798469919
5.19505919730254	-0.19554520641854	0.0237322844253877	0.0182480992046256	-1.66693718746249	-0.308469716867625	-0.315063173007427
5.20505919730254	-0.212707854497188	0.0206885118643413	0.0151592583929531	-1.76594217064293	-0.29980943740356	-0.302385877373723
5.21505919730254	-0.230870625376428	0.0177452192140029	0.0122064805932025	-1.86691907293451	-0.288412876774977	-0.287879095033569
5.22505919730254	-0.25005192226398	0.0149285582268089	0.00940719547318137	-1.96960120575874	-0.274525802930817	-0.271716799592817
5.23505919730254	-0.270267380902946	0.0122621225145727	0.00677706562670493	-2.0737021853657	-0.258413452322383	-0.254078362976682
5.24505919730254	-0.291529685362998	0.00976677162514093	0.0043299347693972	-2.17891849319322	-0.240356773951287	-0.235148108923598
5.25505919730254	-0.31384840975318	0.00746049272055464	0.0020777807496414	-2.28493209634862	-0.220648671523596	-0.215114793666313
5.26505919730254	-0.337229886355736	0.00535829968793952	3.06741819486112e-05	-2.39141310812027	-0.199590280516014	-0.194170998449789
5.27505919730254	-0.361677100487728	0.00347216916822605	-0.00180325635112551	-2.49802247009115	-0.177487312597365	-0.172512421494313
5.28505919730254	-0.387189612220993	0.00181101268423729	-0.00341785147397889	-2.60441463900145	-0.154646495731523	-0.150337060140439
5.29505919730254	-0.413763504929444	0.000380683785268468	-0.00480893943901051	-2.71024026288066	-0.131372134605768	-0.12784427720041
5.30505919730254	-0.441391360483696	-0.000815981105119176	-0.0059743446201659	-2.81514883204827	-0.107962812925385	-0.105233748976514
5.31505919730254	-0.470062260772841	-0.00177908965402597	-0.0069138848977648	-2.91879129130385	-0.0847082566824688	-0.0827042959737468
5.32505919730254	-0.499761815098403	-0.00251159009464909	-0.00762935678195928	-3.02082259995675	-0.0618863757778941	-0.0604526010071984
5.33284905049028	-0.5235987755983	-0.00292594720252796	-0.00803377835055772	-3.09896953857611	-0.0445778730903828	-0.0434354602399946
5.34284905049028	-0.55552164766717	-0.002748793685549	-0.00800906219572188	-3.28530706918723	0.0799491331150185	0.0483562591361567
5.35284905049028	-0.589298373271153	-0.00132866867412145	-0.00706727056548859	-3.46968052419162	0.203963547572255	0.139962249154581
5.36284905049028	-0.624907472196235	0.00132764771683172	-0.00521080794594899	-3.65171724568702	0.327127724227254	0.231270499948562
5.37284905049028	-0.662323595592996	0.00520979397234015	-0.00244327645951107	-3.83101627295369	0.449062980548312	0.32215346041104
5.38284905049028	-0.701517247111405	0.0103034168167674	0.0012303680796424	-4.00714927161777	0.569349752048583	0.412467949241572
5.39284905049028	-0.742454516386343	0.0165897672712267	0.0058036605029252	-4.17966208713479	0.687528743988083	0.502055330290937
5.40284905049028	-0.785096831424206	0.024045313709102	0.0112684738726741	-4.34807698070583	0.803103198056057	0.590741993812463
5.41284905049028	-0.829400736976681	0.0326413835967887	0.0176148735834997	-4.51189559844737	0.915542378633151	0.678340185211043
5.42284905049028	-0.875317706441421	0.0423438465509796	0.0248309816521915	-4.67060271283005	1.02428636124227	0.7646492200482
5.43284905049028	-0.922793995137601	0.0531128520172878	0.0329028552274082	-4.82367075808216	1.12875217347784	0.84945711763421
5.44284905049028	-0.971770542909816	0.0649026351706032	0.0418143836243267	-4.97056515790411	1.22834129539423	0.932542674926009
5.45284905049028	-1.02218293385488	0.0776614044454667	0.0515472083347846	-5.11075041439208	1.32244847222626	1.01367798732969
5.46284905049028	-1.07396142048441	0.091331323322591	0.0620806704352624	-5.24369689208063	1.4104717287322	1.09263140346117
5.47284905049028	-1.12703101878176	0.105848597542751	0.0733917895714885	-5.36888819182174	1.49182340405821	1.16917087754961
5.48284905049028	-1.18131167935374	0.121143676742956	0.0854552782069043	-5.485828968008	1.56594195291784	1.24306765717888
5.49284905049028	-1.2367185382092	0.137141576610883	0.0982435940649055	-5.59405300242695	1.63230418847067	1.31410021725777
5.50284905049028	-1.29316224864582	0.153762324090357	0.11172703267491	-5.69313131243859	1.69043758094732	1.38205832581495
5.50562409504333	-1.30899693899607	0.158473799549176	0.11558773847808	-5.71895197229766	1.70505437029977	1.40034537604649
5.51562409504333	-1.36571489319119	0.174729818953139	0.129102674602054	-5.62308209778171	1.54490773690323	1.30219030643866
5.52562409504333	-1.4214277881529	0.189348102282309	0.141622818208492	-5.51797618546211	1.37760728316367	1.20141755996654
5.53562409504333	-1.47604443439192	0.202260199943164	0.153122924223413	-5.40387726232229	1.20377893707843	1.0982145163283
5.54562409504333	-1.5294763350969	0.213404154310884	0.163579649483428	-5.28108052612125	1.02409382234476	0.992773880941229
5.55562409504333	-1.58163819830195	0.222724911843364	0.172971597768962	-5.14993141463262	0.839260335408485	0.885292107851782
5.56562409504333	-1.63244842899997	0.230174657510069	0.181279351038971	-5.0108235188155	0.650016547893952	0.775968210424531
5.57562409504333	-1.68182959943011	0.235713075238179	0.188485490506556	-4.86419629714205	0.457123019654611	0.665002908660809
5.58562409504333	-1.72970889533559	0.239307538804632	0.194574610592615	-4.71053254863015	0.261356083231799	0.552598045185123
5.59562409504333	-1.77601853559037	0.240933238105784	0.199533328064355	-4.55035560828847	0.0635016401067019	0.438956193098884
5.60562409504333	-1.82069616227746	0.240573246049365	0.203350287884639	-4.38422623850221	-0.135650508760742	0.324280377499578
5.60835265159797	-1.83259571459405	0.240128822418219	0.204192222159023	-4.33794073525904	-0.190111800223065	0.292837619187857
5.61835265159797	-1.87511497973951	0.23722930386831	0.206542670157436	-4.16509918442574	-0.389775731989671	0.177139705305364
5.62835265159797	-1.91588250417481	0.232334927722762	0.207733109184866	-3.98770023840083	-0.588954047906245	0.0608696512395531
5.63835265159797	-1.95485598283502	0.225454408043217	0.207758831602796	-3.80640148025775	-0.786877305323262	-0.0557699081305591
5.64835265159797	-1.9919997930897	0.216604083526002	0.206617151735134	-3.62188104641983	-0.982790576471358	-0.172577305382475
5.65835265159797	-2.02728517676313	0.205807756176645	0.204307393254573	-3.43483287629999	-1.17595663238158	-0.289352451578513
5.66835265159797	-2.06069037325438	0.193096499548073	0.200830869761644	-3.24596168513969	-1.36565886284399	-0.405897586701597
5.67835265159797	-2.09220070104836	0.178508438639731	0.196190857173906	-3.05597767100013	-1.55120404365376	-0.522018165978686
5.68835265159797	-2.1218085850015	0.162088502374207	0.190392556609216	-2.86559096378806	-1.73192507532967	-0.637523872933634
5.69835265159797	-2.14951352685237	0.143888148285726	0.183443046551833	-2.67550582212113	-1.90718382388381	-0.752229747877799
5.70835265159797	-2.175322016466	0.123965057752924	0.175351223200868	-2.48641458456619	-2.07637419181085	-0.865957421411457
5.71835265159797	-2.1992473814081	0.102382798883598	0.166127727991544	-2.29899138712893	-2.23892553406105	-0.97853644540534
5.72835265159797	-2.22130957261648	0.0792104531310273	0.155784861337049	-2.11388567043856	-2.39430650763371	-1.0898057175233
5.73835265159797	-2.24153488425935	0.0545222010224694	0.144336481663048	-1.93171551898474	-2.54202940365197	-1.1996149980941
5.74835265159797	-2.25995560642053	0.0283968621469687	0.131797888814447	-1.75306090138337	-2.68165495763369	-1.30782651850455
5.75835265159797	-2.27660961010446	0.000917384907274221	0.118185690935297	-1.5784569142459	-2.81279756904273	-1.41431667698613
5.76835265159797	-2.29153957021606	-0.0278302337279942	0.103517841404626	-1.40813113645811	-2.9355788586509	-1.5188151448004
5.77835265159797	-2.3048578540261	-0.057643047246132	0.0877719034038674	-1.26177747898712	-3.01601379405824	-1.63347187297038
5.78835265159797	-2.31689500864547	-0.0879407225405952	0.0707900722754652	-1.15142347717371	-3.03345079700262	-1.76565528508163
5.79835265159797	-2.32799693066863	-0.11811944970139	0.0524067026144116	-1.07423441713358	-2.99313018278144	-1.91346224444196
5.80835265159797	-2.33847958851707	-0.147630032364538	0.0324752904234347	-1.0270001448951	-2.90084052473932	-2.07492745547907
5.81835265159797	-2.34862485846139	-0.175984170033275	0.0108694519113427	-1.0061352605064	-2.76293556932337	-2.24800215275103
5.82835265159797	-2.35867745730541	-0.20275900997145	-0.0125165257868768	-1.007815737774	-2.58611529454604	-2.43060932812287
5.83835265159797	-2.36884321963597	-0.227599432000596	-0.0377679435628811	-1.02810718570108	-2.37725633949258	-2.62060413993665
5.84835265159797	-2.37928784804839	-0.250247753281448	-0.0648801174556991	-1.06288347857494	-2.15207101390664	-2.79454008771568
5.85835265159797	-2.39013717203343	-0.270644570452313	-0.0935056190809245	-1.10855460483514	-1.92783566246622	-2.92290686156432
5.86835265159797	-2.40148504064711	-0.288822977605467	-0.123185875554746	-1.16174989990394	-1.70967773776324	-3.00538530986927
5.87835265159797	-2.41337371497806	-0.304895295287955	-0.153455121018268	-1.21583213786336	-1.50791883167594	-3.04070076323394
5.88835265159797	-2.42579726460665	-0.319043605956541	-0.183850168559739	-1.26858581774871	-1.32483432112694	-3.03111110862295
5.89835265159797	-2.43873823106075	-0.331453113809116	-0.213939537910982	-1.31918176309407	-1.16008123605469	-2.98019091329711
5.90835265159797	-2.45217160125784	-0.342296823651902	-0.243346599243458	-1.36705648550521	-1.00974217529316	-2.89947334505472
5.91835265159797	-2.46607068361626	-0.351655950547566	-0.271927935631508	-1.41229369538682	-0.862498464665807	-2.8168189178741
5.92835265159797	-2.48040755567874	-0.359555750883146	-0.299684023643293	-1.45455807195067	-0.717937740079265	-2.73447976759014
5.93835265159797	-2.4951509339578	-0.366024759364651	-0.326619572917799	-1.49355161403423	-0.576390520012688	-2.65275198988196
5.94835265159797	-2.51026693134038	-0.371094493196371	-0.352741862493415	-1.52905041378622	-0.438120464591495	-2.5718627956288
5.95835265159797	-2.52571976443052	-0.374798737466708	-0.378060271824703	-1.56089786606906	-0.303318924519824	-2.49200544751177
5.96835265159797	-2.54147238906571	-0.377172864505476	-0.402585953188209	-1.58899719116861	-0.172113368481764	-2.41334165199962
5.97835265159797	-2.55748706210858	-0.378253235364763	-0.426331528286906	-1.61330419523289	-0.0445753565029098	-2.33600399261523
5.98835265159797	-2.5737258326334	-0.378076678275318	-0.449310809075311	-1.63382040730796	0.0792720517346911	-2.2600983304801
5.99835265159797	-2.59014785294994	-0.376685517508615	-0.471536355738289	-1.64917570174126	0.19696428122854	-2.18471483889042
6.00835265159797	-2.60667459949043	-0.374189082336112	-0.492994498455174	-1.65441438316053	0.29968976507614	-2.10636354679024
6.01519800490221	-2.61799387799149	-0.371924010656792	-0.507224032171727	-1.65190046573116	0.360846248625472	-2.05080033572217
6.02519800490221	-2.63455165377565	-0.367759337875958	-0.527380389084047	-1.65908510460469	0.471523059376202	-1.98074505256593
6.03519800490221	-2.65116442616904	-0.362504641704884	-0.546844419606634	-1.66292411222447	0.578872801612798	-1.91233517537432
6.04519800490221	-2.66779949408162	-0.356192508134562	-0.56563255656206	-1.66357096841806	0.683035145058131	-1.84556402742875
6.05519800490221	-2.68442575867644	-0.348854050216491	-0.583761095473151	-1.66119209234405	0.784164446808769	-1.78041105692766
6.06519800490221	-2.70101383681148	-0.3405187774661	-0.601246062530506	-1.65596371580109	0.88242655604649	-1.71684315643655
6.07519800490221	-2.71753614514141	-0.33121449539463	-0.618103095006379	-1.64806913860155	0.977995979405835	-1.65481583256774
6.08519800490221	-2.73396695851672	-0.320967231789207	-0.634347332647155	-1.63769632615146	1.07105335815789	-1.59427423331472
6.09519800490221	-2.75028244590807	-0.309801186851041	-0.649993318661114	-1.62503581058897	1.16178321222473	-1.53515404119101
6.10519800490221	-2.76646068670496	-0.297738704732202	-0.665054909002814	-1.61027885848928	1.25037190992719	-1.47738224090581
6.11519800490221	-2.78248166987783	-0.284800264402648	-0.679545188744834	-1.5936158702622	1.33700582632694	-1.42087777071274
6.12519800490221	-2.79832727815631	-0.271004488131104	-0.693476394420548	-1.57523497873601	1.42186965687315	-1.36555206685393
6.13519800490221	-2.81398125906291	-0.256368166177987	-0.706859841316869	-1.55532081688791	1.50514485669551	-1.3113095107348
6.14519800490221	-2.82942918435392	-0.240906296578052	-0.719705854793216	-1.53405342714362	1.58700817924438	-1.25804778863735
6.15519800490221	-2.8446583991552	-0.224632139137905	-0.732023704801747	-1.51160728706111	1.66763029105062	-1.20565817393905
6.16519800490221	-2.8596579618404	-0.207557282991551	-0.743821542884482	-1.48815042849659	1.7471744421711	-1.15402574197226
6.17519800490221	-2.87441895432985	-0.189691059475372	-0.755106609129542	-1.46394630374996	1.82597616074821	-1.10310200717799
6.18519800490221	-2.88889417846045	-0.17111154130496	-0.765856772682071	-1.42756770525747	1.88376876525196	-1.04459441384508
6.19519800490221	-2.90290391138997	-0.152131610795528	-0.775954671168889	-1.37117800722225	1.90662176375883	-0.972873752696188
6.20519800490221	-2.91625618090941	-0.133086847142324	-0.785273665560934	-1.29632728687913	1.89716391834924	-0.888982554158387
6.21519800490221	-2.92877423717973	-0.114286968810973	-0.793697303749611	-1.2046156179317	1.85812432775679	-0.793988676396189
6.22519800490221	-2.94029810774714	-0.0960129875327825	-0.801120267094799	-1.09779204213951	1.79250343721888	-0.68904489626164
6.23519800490221	-2.95068589525138	-0.0785148508635211	-0.807449041880907	-0.97771610185917	1.7035017204103	-0.57535380294974
6.24519800490221	-2.95981469022623	-0.062009797367507	-0.812602254590053	-0.846319520010611	1.59444886253736	-0.454135826039549
6.25519800490221	-2.9675811061479	-0.0466814080918036	-0.816510706544095	-0.705569146261447	1.4687356648252	-0.326601184266
6.26519800490221	-2.97390145439919	-0.0326793174162548	-0.819117149638252	-0.557432139221352	1.32975053973286	-0.193926200848159
6.27519800490221	-2.97871158548407	-0.0201195299488836	-0.820375847666073	-0.403844140459789	1.18082199795227	-0.0572340998413304
6.28519800490221	-2.98196642918793	-0.00908527866037706	-0.820251967400789	-0.246680955268993	1.02516802084322	0.0824198879262403
6.29519800490221	-2.98363927033852	0.00037164704073546	-0.8187208407361	-0.0877340205921225	0.865852732343651	0.224059497519645
6.30519800490221	-2.9837207985753	0.00822917663315945	-0.815767134553329	0.0713102632072354	0.705750380210147	0.36679500680676
6.31519800490221	-2.98221797046566	0.0144929090433496	-0.811383959364469	0.228887419121327	0.547516333479956	0.50982800322263
6.32519800490221	-2.97915272089163	0.0191938062785872	-0.805571941909289	0.383568191411813	0.393564607069364	0.6524539191004
6.33519800490221	-2.97456055834572	0.0223856925115259	-0.798338281352327	0.534068512042677	0.246051325748433	0.794062856279165
6.34519800490221	-2.96848907603564	0.0241426149580644	-0.789695803955275	0.67925642074209	0.106863518890309	0.934139129211829
6.35519800490221	-2.96099640782255	0.0245561169353897	-0.779662027341022	0.818156225095278	-0.0223873294477221	1.0722598477492
6.36519800490221	-2.95214965521649	0.0237324680335903	-0.768258242807591	0.949950172667309	-0.140367487168695	1.20809275075708
6.37519800490221	-2.94202330903484	0.0217898915779286	-0.755508622553233	1.07397788640124	-0.246019376591102	1.34139340113821
6.38519800490221	-2.93069768691972	0.0188558255124003	-0.741439358001104	1.18973379450339	-0.338556544961104	1.47200176965318
6.39519800490221	-2.91825740567825	0.0150642493819179	-0.726077835462902	1.2968627711843	-0.417455524690934	1.59983817385626
6.40519800490221	-2.90478990529045	0.0105531070400065	-0.709451855923738	1.39515419691516	-0.482444875365009	1.72489850125435
6.41519800490221	-2.89038403935202	0.00546185184831301	-0.691588906527851	1.48453464607416	-0.533491690867907	1.84724863180972
6.42519800490221	-2.87512874462233	-7.08617302694996e-05	-0.672515492175951	1.56505941415497	-0.570785863623612	1.967017981595
6.43519800490221	-2.85911180019392	-0.00590931925636598	-0.652256536321479	1.6369031032447	-0.594722417938934	2.08439211291367
6.44519800490221	-2.84241868458296	-0.0119227025093238	-0.630834860429642	1.70034949000622	-0.60588224880177	2.19960439190232
6.45519800490221	-2.82513153678619	-0.0179868465827444	-0.608270751541633	1.75578090182952	-0.605011624289082	2.31292671770764
6.46519800490221	-2.80732822511249	-0.0239857873677402	-0.584581626916719	1.80366732164128	-0.593000823124726	2.42465939322341
6.47519800490221	-2.78908152545228	-0.0298130926423987	-0.559781803798571	1.84455542845121	-0.570862279718307	2.53512025218944
6.48519800490221	-2.77045840868125	-0.0353729736520475	-0.533882380996124	1.87905775843757	-0.53970859504897	2.64463319822575
6.49519800490221	-2.75151943519381	-0.0405811775162376	-0.506891237233871	1.9078421406025	-0.500730742898868	2.7535163461771
6.50519800490221	-2.73231825320639	-0.0453656638928941	-0.478813149177394	1.93162152300308	-0.455176758855979	2.86206998406331
6.51519800490221	-2.71290119652371	-0.0496670719499847	-0.449650029746337	1.95114426222664	-0.404331147264051	2.97056459491434
6.52519800490221	-2.69330697696442	-0.0534389857581351	-0.419401284856374	1.96718490255904	-0.349495182899765	3.07922919235932
6.53519800490221	-2.67356646661065	-0.0566480076845075	-0.388064284143562	1.98053542493346	-0.291968224071447	3.1882402328706
6.54519800490221	-2.65370256546699	-0.059273650244793	-0.355634938570341	1.99199690215485	-0.233030096596693	3.29771137184216
6.55285890023953	-2.63841113774066	-0.0608851268906505	-0.330049163012215	2	-0.187701110657246	3.38191618950677
