=========================== Parameters =====================================
l1 [m]	l2 [m]	l3 [m]	c1 [m]	c2 [m]	c3 [m]	m1 [kg]	m2 [kg]	m3 [kg]
0.18
0.1
0.4058
0.5
0.9
0.5
0.1564
0.23764
0.1564
============================== Data ========================================
t [s]	th1 [rad]	th2 [rad]	th3 [rad]	th1d [rad/s]	th2d [rad/s]	th3d [rad/s]
0	0	0	0	0	0	0
0.01	-0.000949256020036549	0.000586014929966772	-0.000166685055956728	-0.186790294913646	0.112807468650041	-0.0320779722727912
0.02	-0.00367584064206425	0.00217004161417885	-0.000616910448972301	-0.355609584713565	0.199809294625069	-0.056768942631886
0.03	-0.00800522284126252	0.00450147244026532	-0.00127899049659637	-0.507575623501762	0.26261305046675	-0.0745438012145659
0.04	-0.0137762695156424	0.00734896906265381	-0.00208687117298029	-0.644226100246745	0.303430466433691	-0.0860480354795783
0.05	-0.0208447330907826	0.0105054854841505	-0.00298158166479256	-0.767378433804315	0.32487681242321	-0.0920436465696231
0.06	-0.0290854179080699	0.0137914009094104	-0.00391213640026049	-0.879006533317846	0.329794599338323	-0.0933577025608657
0.07	-0.0383932040002389	0.01705601798218	-0.00483595879049289	-0.981135638661653	0.321103124370421	-0.0908382073300474
0.08	-0.0486831114385527	0.0201776881431133	-0.00571890157384413	-1.07575558873095	0.301674343192302	-0.0853175687378367
0.09	-0.0598895882020465	0.02306282557293	-0.00653493971107587	-1.1647521398837	0.274234552653266	-0.077583605510132
0.1	-0.0719651975914924	0.0256440616268211	-0.00726560974231925	-1.2498553487277	0.241290517106936	-0.0683577575414819
0.11	-0.0848788688981794	0.027877774513289	-0.00789926507069351	-1.33260356749705	0.205078008023071	-0.058279956388678
0.12	-0.0986138588192239	0.0297412061988044	-0.00843021042329093	-1.41432128498145	0.167530266966214	-0.0478994660217135
0.13	-0.11316555246479	0.0312293521524623	-0.00885777133698676	-1.49610887308111	0.130263639635547	-0.0376709115540485
0.14	-0.128539213057446	0.0323517814412454	-0.00918534643023537	-1.57884224808529	0.0945775385471546	-0.0279546681290072
0.15	-0.144747769669177	0.0331295164006573	-0.00941948188228634	-1.66318050024076	0.0614659394554161	-0.0190207757333669
0.16	-0.161809713395462	0.0335920738296444	-0.00956899930208328	-1.74957965811351	0.0316377651622461	-0.0110555710219734
0.17	-0.179747154790244	0.0337747442331442	-0.00964420031235729	-1.83831091181995	0.0055437268067603	-0.00417027728867825
0.18	-0.198584079527618	0.0337161625984974	-0.00965616391485711	-1.92948180241898	-0.0165925499630357	0.00158913791732609
0.19	-0.218344825298243	0.0334562038445945	-0.00961614619381857	-2.02305907961723	-0.0347410087818969	0.00623144716228287
0.2	-0.239052790955351	0.033034218551892	-0.00953508625541157	-2.11889212670439	-0.0490308676265148	0.00980951089318565
0.21	-0.260729378880884	0.0324876098708314	-0.00942321754169255	-2.21673604373163	-0.0597168773810871	0.0124099188844888
0.22	-0.283393163376411	0.0318507405328168	-0.00928977980810192	-2.31627366293586	-0.0671471987776501	0.0141432653976433
0.23	-0.307059271488637	0.0311541495074318	-0.00914282408924122	-2.41713594120428	-0.0717337121099162	0.015135311756147
0.24	-0.331738957921889	0.0304240508728331	-0.00898910084681587	-2.51892033073465	-0.0739253443888754	0.0155192100184413
0.25	-0.35743935241694	0.0296820826710964	-0.00883402012394114	-2.62120686935297	-0.0741847924088322	0.0154288894580716
0.26	-0.384163356020529	0.0289452706613365	-0.00868167183479324	-2.72357185510725	-0.0729688393849229	0.0149936447846596
0.27	-0.411909661858211	0.0282261707012285	-0.00853489420234039	-2.82559907519161	-0.0707123083644619	0.0143339120857624
0.28	-0.440672876176682	0.0275331537175274	-0.00839537872017157	-2.92688864691683	-0.0678155675811568	0.0135581755123813
0.29	-0.470443716364724	0.0268707986071326	-0.00826380075802356	-3.02706359878689	-0.0646354005741076	0.012760914567054
0.3	-0.501209264225363	0.0262403606919678	-0.00813996595885767	-3.12577437366428	-0.0614789757943726	0.0120214779780796
0.307084640380706	-0.523598775598309	0.0258122812335339	-0.00805644599795347	-3.19464549525008	-0.0593982194580995	0.0115681255530284
0.317084640380706	-0.557996339445475	0.0276309811456064	-0.00665785569043842	-3.68414049222133	0.422521975763981	0.26818757799484
0.327084640380706	-0.597263063282201	0.0342454815046187	-0.00269328663751128	-4.1680690558462	0.89925479189543	0.524620954904078
0.337084640380706	-0.641330502799909	0.0455878605871479	0.00383066819484494	-4.64382003896455	1.3675034651512	0.779875803309392
0.347084640380706	-0.690102336956526	0.0615544522072908	0.0128960419868939	-5.10841912304284	1.82340117793277	1.03266356018595
0.357084640380706	-0.743450488737149	0.0819997902626753	0.0244703844610483	-5.55848544936678	2.26244942898249	1.28137410486241
0.367084640380706	-0.801211022355423	0.106730255168174	0.0385035429247284	-5.99023286311779	2.67952375235974	1.52408106243479
0.377084640380706	-0.863174331832786	0.13548995872746	0.0549253318099576	-6.39215735070796	3.05885319857061	1.75938063091334
0.387084640380706	-0.928590535294725	0.167282247212004	0.0736976490313961	-6.6654196457595	3.2649878148079	1.99558170375048
0.397084640380706	-0.996011185876318	0.20015584192023	0.0948417949103168	-6.79715019332992	3.28087347361591	2.23326815581595
0.407084640380706	-1.06414430389547	0.232381768486656	0.118359593226947	-6.81211883539538	3.14139276954929	2.46994785737302
0.417084640380706	-1.13194781392986	0.262584446773711	0.144228222291208	-6.73517655063351	2.88233439029796	2.70068533743494
0.427084640380706	-1.19860489280242	0.28977100287159	0.172103018369228	-6.58553190220025	2.54542081975674	2.85453349371347
0.437084640380706	-1.26347986371324	0.31334652599197	0.200949067916983	-6.38221965819955	2.1644789817606	2.8974230004083
0.444310964651009	-1.30899693899575	0.327947530349882	0.22180817808066	-6.21292728312649	1.87552936013282	2.86778753929996
0.454310964651009	-1.36905554471329	0.343880143096709	0.248517873597051	-5.79580857817043	1.30859204282447	2.47404363471348
0.464310964651009	-1.42485457832964	0.354073977385193	0.271289462856596	-5.36112416219406	0.728022035714637	2.080404991233
0.474310964651009	-1.47622153583462	0.358399566080559	0.290130282692601	-4.90949349834321	0.135140979069633	1.68804368828815
0.484310964651009	-1.52299012825028	0.356739575857992	0.30505699661385	-4.44157468401588	-0.468904153497455	1.29766785215947
0.494310964651009	-1.56500166373135	0.348988282036201	0.31609139633017	-3.95825993339588	-1.08289965607977	0.909609276343051
0.504310964651009	-1.60210829543989	0.335053397859812	0.323257064527586	-3.46085543606974	-1.70533269045208	0.523908609873308
0.514310964651009	-1.63417804965642	0.314860262251997	0.326576899880949	-2.95126020577242	-2.33414853404547	0.140403841609536
0.524310964651009	-1.66110218660903	0.288359256184739	0.326071500833609	-2.43205782452479	-2.96661779149789	-0.241153065747922
0.534310964651009	-1.68281963915187	0.255556819878818	0.321756265002966	-1.92053560328875	-3.58003845097462	-0.623163641920622
0.544310964651009	-1.70002850642434	0.21749103798425	0.313534223405449	-1.5503558416549	-3.99205887184377	-1.02513496908171
0.554310964651009	-1.71438394971949	0.176499252165936	0.301187674187743	-1.34715661857972	-4.16922973676906	-1.44683804762301
0.564310964651009	-1.72746650760021	0.134799170569144	0.284557283020578	-1.29226605627303	-4.13878087232584	-1.88059663252396
0.574310964651009	-1.7406474296176	0.0943067554733825	0.263561111415844	-1.36229705000282	-3.93410895853449	-2.31871901355346
0.584310964651009	-1.75490150507874	0.0563827545579479	0.238205268274576	-1.49212000796419	-3.64538140638859	-2.75099825881303
0.594310964651009	-1.77058868085221	0.0214863547732886	0.208837695166593	-1.65129326488914	-3.33066557336859	-3.09554592023988
0.604310964651009	-1.78804791846894	-0.0101609140565893	0.176811068349022	-1.84653445593173	-2.99513915242791	-3.28525251624123
0.614310964651009	-1.80763536523026	-0.0383427505152398	0.143594149985615	-2.07648903727567	-2.63759458467171	-3.33659212622571
0.624310964651009	-1.82968079962111	-0.0628434628847713	0.11047737210744	-2.3373089965644	-2.25931401223256	-3.26853645788482
0.625549055535354	-1.83259571459406	-0.0656109298043887	0.10644021229449	-2.37148007159325	-2.21118092494108	-3.25280000599272
0.635549055535354	-1.85450809583624	-0.0896328387844605	0.072419727226322	-2.01436251856592	-2.58851919616479	-3.548939328058
0.645549055535354	-1.87314154791703	-0.117027514528382	0.0354923248381137	-1.73546186838649	-2.85882896179579	-3.83589330511647
0.655549055535354	-1.88967961471881	-0.146179879106497	-0.00428326468681007	-1.59355621608105	-2.94261028897597	-4.11810450166031
0.665549055535354	-1.90541332148095	-0.175366911295256	-0.0467020879403942	-1.57251476866675	-2.87355131106891	-4.34065968466592
0.675549055535354	-1.92147896364598	-0.203288402663823	-0.0905384553923877	-1.65576368774238	-2.69534481275215	-4.40043138632054
0.685549055535354	-1.93878483962297	-0.229019490158835	-0.13422700593454	-1.81591217115513	-2.44078268202006	-4.31513958502993
0.695549055535354	-1.95796312644211	-0.251951445246536	-0.176440011993495	-2.02593728298384	-2.14029423716451	-4.109478402812
0.705549055535354	-1.97938920348359	-0.271760276369465	-0.216097873861053	-2.26179137795192	-1.82009070002188	-3.80817416357406
0.715549055535354	-2.0032185357171	-0.288357435824931	-0.252363025699597	-2.50366965688374	-1.50092707920612	-3.4348219704991
0.725549055535354	-2.02942730721701	-0.301820466797662	-0.284719491945084	-2.73525565284676	-1.19449017524275	-3.0359978982447
0.735549055535354	-2.05785291121115	-0.312322867726724	-0.313068751316488	-2.94571772611819	-0.910567235487409	-2.63315897660718
0.745549055535354	-2.08824950195364	-0.320135436067356	-0.337369270017218	-3.1286232553767	-0.657615403752095	-2.22630380858421
0.755549055535354	-2.12032091290098	-0.325595176873836	-0.35758274744223	-3.28026400481422	-0.440569397844797	-1.81583069167873
0.765549055535354	-2.15374541872009	-0.329073778854092	-0.373675710180633	-3.39915457379568	-0.261534777035002	-1.40231175293535
0.775549055535354	-2.18819559606488	-0.330952310990269	-0.385621323202865	-3.48556778541938	-0.120373861356416	-0.98650026986681
0.785549055535354	-2.22335382776244	-0.331601586142707	-0.393400142035302	-3.54112883565564	-0.0152577552225706	-0.569086976227305
0.795549055535354	-2.25892159246817	-0.331352236178944	-0.397093652005269	-3.56772808200097	0.0612439037875708	-0.177863718506054
0.805549055535354	-2.29461840861625	-0.330448521915372	-0.397131180684816	-3.56733731698477	0.116183145990126	0.161360678347568
0.815549055535354	-2.3301863972109	-0.32908980620873	-0.394050211928067	-3.54236292922135	0.152739619524771	0.44552265398637
0.825549055535354	-2.36539164931088	-0.327445699459466	-0.388407425479606	-3.49518111512251	0.173692951170248	0.673736352950385
0.835549055535354	-2.40002371620593	-0.325659868108048	-0.380759043554752	-3.42810647778793	0.181459897360546	0.846934331311888
0.845549055535354	-2.43389500034649	-0.323853385384254	-0.371644017646744	-3.34339707232137	0.178154021582067	0.967591028322297
0.855549055535354	-2.46684027303782	-0.322127404690855	-0.361570034840803	-3.24327156601552	0.165657585857266	1.03943697382739
0.865549055535354	-2.4987163576197	-0.320565135862999	-0.35100239033281	-3.12992321930832	0.145686640073127	1.06717277280446
0.875549055535354	-2.52940189875606	-0.31923325217019	-0.340355686857384	-3.00552224454096	0.119838642802171	1.05619102607645
0.885549055535354	-2.55879708413463	-0.3181829261022	-0.329988244526581	-2.87220389357104	0.0896189678861442	1.01231346437398
0.895549055535354	-2.58682318104368	-0.317450700947898	-0.320199036499566	-2.73204387732592	0.0564478162283732	0.941549612910069
0.905549055535354	-2.61342178052291	-0.317059372540268	-0.311226908222065	-2.58702528279068	0.0216522122555283	0.849882171510162
0.907325337465356	-2.61799387799149	-0.317026467081456	-0.309733218907364	-2.56090086567075	0.0153959374912665	0.831856235807436
0.917325337465356	-2.64445264461439	-0.315351294022912	-0.299749147782169	-2.72970169218468	0.318470490745548	1.16483720438739
0.927325337465356	-2.67256714744389	-0.310678046560954	-0.286438306458418	-2.89227492828039	0.615250182251405	1.4972678069811
0.937325337465356	-2.70228196991297	-0.303062431085874	-0.269804524546744	-3.04999580504649	0.907187248918857	1.82947708520156
0.947325337465356	-2.73355544174708	-0.292545637181146	-0.249848545486895	-3.20422749514959	1.19572066554159	2.16174994825059
0.957325337465356	-2.76635916204934	-0.279154796275135	-0.226568969044332	-3.35626905080489	1.48216244380159	2.49459305253548
0.967325337465356	-2.80066675505057	-0.262881449291477	-0.200142788756921	-3.50389615960697	1.77507439097746	2.76942771283638
0.977325337465356	-2.83640921483842	-0.243606851808954	-0.171586377203045	-3.64316857524766	2.08188476983588	2.92270751293955
0.987325337465356	-2.87350035641198	-0.221209205675709	-0.142049481972034	-3.77370977962934	2.3993232975265	2.96775379755372
0.997325337465356	-2.91168045194603	-0.195833274900054	-0.112525697770766	-3.84194371175467	2.65094934148611	2.92451899838581
1.00732533746536	-2.94995403498905	-0.168663045218143	-0.0837926406778438	-3.79485156303244	2.76104235216932	2.81126258928199
1.01732533746536	-2.98724622146072	-0.141021275414223	-0.0564986032779573	-3.64845088721921	2.7485772273493	2.63859358681386
1.02732533746536	-3.02265033534278	-0.114030022716781	-0.0311799536019215	-3.42026454832045	2.63459962574932	2.41818332870766
1.03732533746536	-3.05544012481105	-0.0885933178827298	-0.00825367871564336	-3.12865238790629	2.44140185379426	2.1621571732625
1.04732533746536	-3.08507505875634	-0.06539567162963	0.0120185616064877	-2.79250170628367	2.19007661730736	1.89258696680624
1.05732533746536	-3.11119935101186	-0.0449173704675776	0.0296030743910495	-2.42903452931594	1.90098262827107	1.62448841009343
1.06732533746536	-3.13361140711557	-0.0274376496642355	0.0445107231308672	-2.05218615725448	1.59329209211142	1.35710837668455
1.07732533746536	-3.15223738954681	-0.0130599712252821	0.0567455352277089	-1.6735532383911	1.28296018392035	1.0898163660243
1.08732533746536	-3.16710754299399	-0.00174453875866842	0.0663052615166647	-1.302366872061	0.98269771900574	0.82198850503909
1.09732533746536	-3.17833309023047	0.00665999507973165	0.0731814902085647	-0.945601317384788	0.702170701743602	0.552762921134419
1.10732533746536	-3.18608727254376	0.0123845659434446	0.0773885654952051	-0.609189480625767	0.447190506601012	0.293007955254004
1.11732533746536	-3.1906017297558	0.0156993706340978	0.0791344751706312	-0.298175971769975	0.220820397826312	0.0610162856724675
1.12732533746536	-3.1921435235625	0.016905653778737	0.0787091881300786	-0.0149377256688827	0.0258019920963429	-0.140923273118779
1.13732533746536	-3.19099674520291	0.0163239462769567	0.0764206869643177	0.239459403172328	-0.136699075697275	-0.31149262733774
1.14732533746536	-3.18745043347199	0.0142797525226637	0.0725851096674925	0.465057809402983	-0.266811441945764	-0.450358769918077
1.15732533746536	-3.18178848433932	0.011091837190423	0.0675174984415806	0.662812218037592	-0.365715878239837	-0.558053868253309
1.16732533746536	-3.17428145079182	0.00706282925919893	0.0615237501304198	0.834406990928364	-0.435423153902935	-0.635854566579022
1.17732533746536	-3.16518011476327	0.0024719645843097	0.0548937826258023	0.982084155786882	-0.478568027153456	-0.685659427608316
1.18732533746536	-3.15471072761858	-0.00243018583993464	0.0478959350750708	1.1084817825563	-0.498218137492541	-0.709864928769322
1.19732533746536	-3.14307180930902	-0.00742515533982199	0.0407726081445931	1.21648425247084	-0.497699019360404	-0.71124186253552
1.20732533746536	-3.13043237451575	-0.0123283626435547	0.0337371267050497	1.30908707400466	-0.480437916537874	-0.692814974761836
1.21732533746536	-3.11693142607905	-0.0169894375357797	0.0269717765399288	1.38927904006052	-0.449829334747649	-0.657749058152952
1.22732533746536	-3.10267853085603	-0.021291320355118	0.020626934995791	1.45994385266725	-0.409124521364885	-0.609244536579451
1.23732533746536	-3.08775527738561	-0.0251483800641126	0.0148211878379408	1.5237821922	-0.361345713552891	-0.55044498297284
1.24732533746536	-3.07221741137509	-0.028503796476561	0.00964230409282989	1.58325393282045	-0.309224491982589	-0.484358204698714
1.25732533746536	-3.0560974538106	-0.0313264387863413	0.00514892857881846	1.64053908917097	-0.255162269438357	-0.413791684890834
1.26732533746536	-3.03940762490423	-0.0336074479241395	0.00137284782415947	1.69751528892198	-0.201210037298123	-0.341302414570573
1.27732533746536	-3.0221429215248	-0.0353566988901828	-0.00167831216105842	1.75574915125684	-0.149064046079959	-0.269160556477069
1.28732533746536	-3.00428422259663	-0.0365992854775523	-0.00401808996948432	1.81649887326254	-0.100074056734411	-0.199325963730799
1.29732533746536	-2.98580132324858	-0.0373721372520071	-0.00567801726202697	1.88072549522944	-0.0552610546539383	-0.133436316729083
1.30732533746536	-2.96665582229813	-0.037720849597676	-0.00670438100512474	1.94911062920569	-0.0153417408563983	-0.0728055055865627
1.31436707779681	-2.95275288217367	-0.0377395389291411	-0.00707788013411138	2.0000000000001	0.00958324753578454	-0.0338179261055606
1.32436707779681	-2.93237526487345	-0.0374855966383375	-0.00716248827348245	2.07632380843493	0.0402785407642194	0.0157170162497469
1.33436707779681	-2.91121042793922	-0.0369524704075233	-0.0067878043146069	2.15743517164949	0.0654290437842768	0.0579810754396213
1.34436707779681	-2.88921104595663	-0.03619505045556	-0.00602789905711633	2.24319593834741	0.0851742900290087	0.092743362824117
1.35436707779681	-2.86633197654275	-0.0352660411307749	-0.00495794900935407	2.33331219522638	0.0998066463684517	0.12000896553655
1.36436707779681	-2.84253167707	-0.034214594935473	-0.00365202644114444	2.42736256375827	0.109738814608699	0.1399883924685
1.37436707779681	-2.81777334124742	-0.0330852653069727	-0.00218120473775801	2.52482562693405	0.115472910813658	0.153065491434767
1.38436707779681	-2.79202576785157	-0.0319172586592654	-0.000611988018542366	2.62510599569081	0.117571609307446	0.15976483743467
1.39436707779681	-2.7652639773947	-0.0307439629216352	0.000994934256616627	2.7275585904431	0.1166317601148	0.160719486429103
1.40436707779681	-2.73746959639031	-0.029592726161561	0.00258561533981084	2.83151078825097	0.113260800738599	0.156639873140955
1.41436707779681	-2.70863103198073	-0.0284848561173272	0.0041134767370674	2.93628216492672	0.108056193339511	0.148284510537468
1.42436707779681	-2.67874346198903	-0.0274358096124647	0.0055396520339769	3.04120164358202	0.101588026806466	0.136433026082329
1.43436707779681	-2.64780866692674	-0.0264555398841181	0.00683307454256163	3.14562194419514	0.0943848327294573	0.121861948868191
1.44436707779681	-2.61583473113707	-0.0255489698007312	0.00797033786119598	3.24893130919974	0.0869225787502126	0.105323545353391
1.45436707779681	-2.58283564012557	-0.024716559703012	0.00893536086301313	3.35056255439147	0.079616725783418	0.0875278920327872
1.46436707779681	-2.54883080030153	-0.0239549400762499	0.00971889000027455	3.44999955988731	0.0728171698147499	0.0691282726760189
1.47436707779681	-2.51384450592289	-0.0232575813317029	0.0103178722253409	3.54678137074868	0.0668058357920307	0.0507098968138827
1.48436707779681	-2.47790537611313	-0.0226154755119387	0.0107347313836056	3.64050412051008	0.0617966507640933	0.0327818554706745
1.49436707779681	-2.44104578251512	-0.0220178076141172	0.010976579733835	3.73082102338186	0.0579375952334709	0.0157721599057176
1.50436707779681	-2.40330128557004	-0.0214525973301436	0.0110543944013505	3.81744070301833	0.0553145144841718	2.56493337206388e-05
1.51436707779681	-2.36471009465958	-0.020907295230509	0.0109821861734446	3.90012413845218	0.0539563640255234	-0.0141954958336029
1.52436707779681	-2.32531256451539	-0.0203693206805577	0.0107761852075983	3.97868051216981	0.0538415638896847	-0.02670893782381
1.53436707779681	-2.285150737459	-0.0198265319978715	0.0104540650439379	4.05296224236563	0.0549051441371897	-0.0374073939512361
1.54436707779681	-2.24426793825648	-0.0192676224723057	0.0100342228955093	4.12285947208294	0.0570463775835341	-0.0462522280422049
1.55436707779681	-2.20270842571574	-0.0186824388195796	0.00953513063354506	4.18829427302064	0.0601366146813206	-0.0532657801221083
1.56436707779681	-2.16051710267142	-0.0180622213758572	0.0089747672876281	4.24921480196613	0.0640270590390294	-0.0585227929697318
1.57436707779681	-2.11773928374005	-0.0173997678210772	0.00837014033617836	4.30558962376046	0.0685562496607775	-0.0621412843642888
1.58436707779681	-2.07442051822443	-0.016689524405141	0.00773689965869774	4.35740238706416	0.0735570470844367	-0.0642731956656599
1.59436707779681	-2.03060646383417	-0.0159276105115978	0.00708904483742837	4.4046470086546	0.0788629545577894	-0.0650951216779448
1.60436707779681	-1.98634280549377	-0.0151117839029344	0.00643872360227166	4.44732348928839	0.0843136415128613	-0.0647993946372025
1.61436707779681	-1.94167521244927	-0.0142413551324357	0.00579611666707463	4.48543445012192	0.0897595740560237	-0.0635857578781144
1.62436707779681	-1.8966493261663	-0.0133170603710172	0.00516940205278095	4.51898244418876	0.0950656950525908	-0.0616538236271902
1.63436707779681	-1.85131077113892	-0.0123409022845012	0.00456479026459385	4.54796806344445	0.100114133618499	-0.0591964658658095
1.64436707779681	-1.80570518068703	-0.0113159686192367	0.00398662040295683	4.57238882940967	0.104805959340155	-0.0563942547489736
1.65436707779681	-1.75987823009241	-0.0102462378345982	0.00343750644422524	4.59223882548575	0.109062029207444	-0.0534109950729427
1.66436707779681	-1.71387566997831	-0.00913638049366005	0.00291852251491985	4.60750900255816	0.112823003983088	-0.0503903891038457
1.67436707779681	-1.66774335363547	-0.00799156423247055	0.00242941597902634	4.61818806742836	0.116048634569971	-0.0474538049435236
1.68436707779681	-1.62152725299177	-0.00681726902699962	0.00196883752493114	4.6242638466512	0.118716437081824	-0.0446990965994152
1.69436707779681	-1.57527345905807	-0.00561911822491806	0.00153457813136551	4.62572500702333	0.120819887223986	-0.0422003919353142
1.70436707779681	-1.52902816390271	-0.00440272947081529	0.00112380375640395	4.62256300852546	0.122366270003417	-0.0400087403842236
1.71436707779681	-1.48283762245168	-0.00317358829300167	0.000733279770807988	4.6147741659354	0.123374319799435	-0.0381534941372137
1.72436707779681	-1.43674809362433	-0.00193694579980985	0.000359578484428626	4.60236170126446	0.123871778868903	-0.0366442846627224
1.73436707779681	-1.39080576144189	-0.000697740709501813	-7.35470927878073e-07	4.5853376800089	0.123892990180283	-0.0354734507822788
1.74436707779681	-1.34505663774562	0.000539455142148825	-0.000350945697697161	4.56372473908511	0.123476624085199	-0.0346187748086208
1.75436707779681	-1.29954644899441	0.00177046957265466	-0.000694052912430587	4.53755753218521	0.122663618950837	-0.0340463888955575
1.76436707779681	-1.25432051025768	0.00299154355474877	-0.00103267320331267	4.50688383799347	0.121495394799003	-0.0337137240234914
1.77436707779681	-1.20942358996273	0.00419932838516678	-0.00136896551094629	4.47176529706428	0.120012377539354	-0.0335723880756761
1.78436707779681	-1.16489976919748	0.00539086972760579	-0.00170458712478303	4.43227776305756	0.118252850767045	-0.0335708762827693
1.79436707779681	-1.12079229941914	0.00656358181131479	-0.00204067511233814	4.3885112724651	0.116252133371659	-0.0336570359255113
1.80436707779681	-1.07714346229442	0.00771521496666995	-0.00237785091404236	4.34056965313482	0.114042065198046	-0.0337802266032511
1.81436707779681	-1.03399443512522	0.00884381943494996	-0.00271624484663825	4.2885698052243	0.111650770268675	-0.0338931366816286
1.82436707779681	-0.991385164923585	0.00994770803574458	-0.00305553695714778	4.23264069834461	0.109102657903457	-0.0339532349154005
1.83436707779681	-0.949354253725508	0.0110254198478783	-0.00339501054490374	4.17292213547521	0.106418616475796	-0.0339238530298957
1.84436707779681	-0.907938857206641	0.0120756865932949	-0.00373361470229086	4.10956333783863	0.103616352311601	-0.0337749097225305
1.85436707779681	-0.867174598115473	0.0130974029398362	-0.00407003239270658	4.04272140559041	0.10071082697631	-0.0334832987657695
1.86436707779681	-0.827095495498395	0.0140896014854243	-0.00440275086118664	3.97255970730946	0.0977147493798183	-0.0330329734694813
1.87436707779681	-0.787733910179347	0.0150514327743498	-0.004730131532423	3.89924624735292	0.0946390841648312	-0.0324147666592071
1.88436707779681	-0.749120506492276	0.0159821503416053	-0.00505047696613355	3.82295205469519	0.0914935441161697	-0.0316259896441493
1.89436707779681	-0.711284229860028	0.0168811004928735	-0.00536209288605214	3.74384963042584	0.0882870412499185	-0.0306698555881914
1.90436707779681	-0.67425229947611	0.0177477163096971	-0.00566334375377721	3.66211148412439	0.0850280782884235	-0.0295547725423187
1.91436707779681	-0.638050215078858	0.0185815152205154	-0.0059527008030495	3.57790878229047	0.0817250689645072	-0.0282935494831461
1.92436707779681	-0.602701776609958	0.0193820993938049	-0.00622878186793619	3.49141012523584	0.0783865816916812	-0.0269025553921616
1.93436707779681	-0.568229115416951	0.0201491581818213	-0.00649038271775032	3.40278046261205	0.075021506357217	-0.0254008670696669
1.94436707779681	-0.534652735585741	0.020882471862963	-0.00673649994379901	3.31218015223805	0.0716391482115967	-0.0238094363566263
1.95436707779681	-0.501991563966679	0.0215819159872324	-0.00696634572305827	3.21976416221738	0.0682492559991764	-0.0221503020569912
1.96436707779681	-0.470263007477529	0.0222474657123205	-0.00717935500945734	3.12568141253515	0.0648619936313623	-0.0204458663922819
1.97436707779681	-0.439483016320181	0.0228791996177181	-0.00737518587502193	3.03007424939004	0.061487865931065	-0.0187182505125314
1.98436707779681	-0.409666151826626	0.0234773025922659	-0.00755371384317098	2.93307804339008	0.058137609399117	-0.0169887386173673
1.99436707779681	-0.380825657746068	0.0240420674993582	-0.00771502112907523	2.83482090134106	0.0548220587147547	-0.0152773157440783
2.00436707779681	-0.352973533892004	0.0245738954277614	-0.00785938173239402	2.73542348058175	0.0515519989356261	-0.0136023003467744
2.01436707779681	-0.326120611180354	0.0250732944303748	-0.00798724332183347	2.63499889456305	0.0483380122567234	-0.0119800694725963
2.02436707779681	-0.300276627202163	0.0255408767353402	-0.00809920681506559	2.53365269852083	0.0451903268585273	-0.010424871653049
2.03436707779681	-0.275450301583915	0.0259773544820892	-0.00819600449787408	2.43148294455469	0.0421186739410731	-0.00894872055825369
2.04436707779681	-0.251649410492048	0.0263835340886481	-0.00827847744896686	2.32858029610517	0.0391321576002832	-0.00756136097444796
2.05436707779681	-0.228880859734351	0.0267603093961479	-0.00834755294730204	2.22502819264283	0.0362391408316422	-0.0062702977095582
2.06436707779681	-0.207150755998317	0.0271086537629776	-0.0084042224420326	2.12090305628036	0.0334471496988356	-0.00508087754659573
2.07436707779681	-0.186464475844864	0.0274296112958114	-0.00844952056565519	2.0162745329405	0.0307627966167616	-0.00399641428254336
2.08436707779681	-0.166826732144858	0.027724287409533	-0.00848450557233323	1.91120576162215	0.0281917227881253	-0.0030183471418916
2.09436707779681	-0.148241637706125	0.0279938389046814	-0.00851024148864716	1.80575366617418	0.0257385591056685	-0.0021464233708218
2.10436707779681	-0.130712765890433	0.0282394637412759	-0.00852778217553056	1.6999692647958	0.0234069042823543	-0.00137889653561377
2.11436707779681	-0.114243208063967	0.0284623906734385	-0.00853815741958706	1.59389799322068	0.0211993185862024	-0.000712732907877314
2.12436707779681	-0.0988356277618783	0.0286638688916902	-0.00854236110049357	1.48758003820705	0.019117331316459	-0.000143819266836285
2.13436707779681	-0.0844923114782449	0.0288451578004893	-0.00854134141943123	1.38105067854529	0.0171614600421576	0.000332833560651552
2.14436707779681	-0.0712152160180239	0.0290075170386479	-0.00853599312167666	1.27434063131279	0.01533123961054	0.00072289610689472
2.15436707779681	-0.0590060123679771	0.0291521968306123	-0.00852715160451297	1.16747640155637	0.0136252589994128	0.00103253833386394
2.16436707779681	-0.0478661260597414	0.0292804287379233	-0.00851558876908255	1.06048063397166	0.0120412042139172	0.00126826316826916
2.17436707779681	-0.0377967740108112	0.0293934168629902	-0.00850201045108908	0.95337246548264	0.0105759055960626	0.00143675745617432
2.18436707779681	-0.0287989978387232	0.0294923295419474	-0.00848705524959524	0.846167877908932	0.00922538810907114	0.00154476152901029
2.19436707779681	-0.0208736936505968	0.0295782915500097	-0.00847129456468346	0.738880050148513	0.00798492336496791	0.00159895790044234
2.20436707779681	-0.0140216383148959	0.0296523768314719	-0.00845523365252198	0.631519709505213	0.00684908237262889	0.00160587903551002
2.21436707779681	-0.00824351222509834	0.0297156017572944	-0.00843931350945995	0.524095481956292	0.00581178818673204	0.00157183364996197
2.22436707779681	-0.00353991856633409	0.0297689189059919	-0.00842391340422881	0.416614241290496	0.00486636783013306	0.00150285060610861
2.23436707779681	8.86009038275964e-05	0.0298132113581678	-0.00840935388825672	0.309081457152476	0.0040056030393978	0.00140463916695811
2.24436707779681	0.00264155355001641	0.0298492874913481	-0.00839590012766953	0.201501542108647	0.00322177954346305	0.00128256414638765
2.25436707779681	0.00411848702015286	0.0298778762595994	-0.0083837654159869	0.0938781979026449	0.00250673472782844	0.0011416343419735
2.26436707779681	0.00451898386585738	0.0298996229415728	-0.00837311474313958	-0.0137852389022211	0.00185190366145432	0.00098650255048593
2.27436707779681	0.00384265961706707	0.0299150853409444	-0.00836406831363033	-0.121485451691283	0.00124836357138978	0.000821475435218379
2.28436707779681	0.00208916430769589	0.0299247304245441	-0.00835670492392446	-0.229218798793359	0.000686876942316789	0.00065053153048437
2.29436707779681	-0.000741812549167519	0.0299289313856386	-0.00835106512605786	-0.336980968559394	0.000157933495999379	0.000477345723200941
2.30436707779681	-0.00465053353690799	0.029927965122717	-0.00834715412064926	-0.444766634446413	-0.000348208629490238	0.000305318636306002
2.31436707779681	-0.00963720146189141	0.0299220101276019	-0.00834494433773436	-0.552569110115232	-0.000841482127764246	0.000137609446203516
2.32436707779681	-0.0157019440314573	0.0299111447806622	-0.00834437767791262	-0.660380004659782	-0.00133196978387691	-2.2829210480469e-05
2.33436707779681	-0.0228447950858408	0.0298953460552227	-0.00834536739908751	-0.768188878217442	-0.00182986329797594	-0.000173215453030133
2.34436707779681	-0.0310656723897113	0.0298744886378728	-0.00834779964552153	-0.875982898362696	-0.00234542120228106	-0.000310902571374144
2.35436707779681	-0.0403643519938863	0.0298483444761505	-0.00835153462600362	-0.983746497860078	-0.00288892538788188	-0.000433344579306741
2.36436707779681	-0.0507404391844908	0.0298165827699365	-0.00835640745666304	-1.09146103454568	-0.00347063575514172	-0.000538063714752149
2.37436707779681	-0.0621933360455666	0.0297787704277245	-0.00836222869142346	-1.19910445431803	-0.00410074250977646	-0.000622620571845418
2.38436707779681	-0.0747222056720794	0.0297343730136206	-0.00836878456936001	-1.30665095844742	-0.0047893156470734	-0.000684587435638527
2.39436707779681	-0.0883259330835533	0.0296827562153429	-0.00837583701340683	-1.41407067665498	-0.00554625120054584	-0.000721525287663647
2.40436707779681	-0.103003082904343	0.0296231878675	-0.00838312341908375	-1.52132934766756	-0.00638121388007688	-0.000730964860265427
2.41436707779681	-0.118751853894926	0.0295548405678615	-0.00839035627528944	-1.62838800921733	-0.00730357578985425	-0.000710392039798548
2.42436707779681	-0.135570030439631	0.0294767949270351	-0.00839722266187226	-1.73520269972393	-0.00832235099959194	-0.000657237853133657
2.43436707779681	-0.153454931119927	0.0293880434937289	-0.00840338367075275	-1.84172417416637	-0.00944612584501066	-0.000568873217557685
2.44436707779681	-0.17240335452884	0.0292874953984249	-0.00840847379894373	-1.94789763691867	-0.0106829849562307	-0.000442608589749488
2.45436707779681	-0.192411522511061	0.0291739817576026	-0.00841210036298328	-2.05366249458105	-0.0120404331560947	-0.000275698613292378
2.46436707779681	-0.213475021044905	0.0290462618784289	-0.00841384298513565	-2.15895213208239	-0.013525313534252	-6.53518340233755e-05
2.47436707779681	-0.235588739016144	0.0289030302998718	-0.00841325320227365	-2.2636937155535	-0.0151437221860829	0.000191254474006851
2.48436707779681	-0.25874680516975	0.0287429247003143	-0.00840985424865632	-2.36780802566758	-0.0169009203061359	0.000496954354746663
2.49436707779681	-0.282942523563407	0.0285645346937855	-0.00840314106385373	-2.47120932530752	-0.0188012445405043	0.000854568098709656
2.50436707779681	-0.308168307885883	0.0283664115267649	-0.00839258057681307	-2.57380526554243	-0.0208480167269885	0.00126687209620935
2.51436707779681	-0.334415615043597	0.0281470786750862	-0.00837761231644643	-2.67549683396978	-0.023043454380105	0.00173656369729863
2.52436707779681	-0.361674878459432	0.0279050433257673	-0.00835764939805925	-2.77617834949912	-0.0253885835027687	0.00226622121048953
2.53436707779681	-0.389935441568422	0.0276388087116966	-0.00833207993331576	-2.87573750760906	-0.027883155519172	0.00285825923513214
2.54436707779681	-0.419185492034772	0.0273468872481835	-0.00830026890911341	-2.97405547999719	-0.030525570314174	0.00351487959993713
2.55436707779681	-0.44941199725299	0.0270278143997076	-0.00826156057755849	-3.07100707235318	-0.0333128075225898	0.00423801827400945
2.56436707779681	-0.480600641731919	0.0266801631831533	-0.00821528139503093	-3.16646094371585	-0.036240368325665	0.00502928872764174
2.57436707779681	-0.512735766993369	0.0263025591909034	-0.00816074354292927	-3.26027989051823	-0.0393022300701376	0.005889922347819
2.57768335842715	-0.523598775598299	0.0261704950756476	-0.00814071416558272	-3.29100755052918	-0.0403460267187666	0.0061907969019978
2.58768335842715	-0.558958147151192	0.0281772683856584	-0.00679598389924879	-3.78010969600686	0.44105244580976	0.262793651971374
2.59768335842715	-0.599181724082646	0.0349735137794034	-0.00288545332202675	-4.26342834815376	0.917026103953969	0.519204357796235
2.60768335842715	-0.64419853037961	0.0464884682406326	0.00358411022106239	-4.73827954109705	1.38418369892266	0.774407065239498
2.61768335842715	-0.693908970510228	0.0626146513746068	0.012594312543518	-5.20161368689041	1.83855901878979	1.02708622810255
2.62768335842715	-0.748180943201747	0.0832017875570759	0.024111996519801	-5.64997595818202	2.27555499470543	1.27560322334931
2.63768335842715	-0.806844955993612	0.108049372933172	0.0380861089388424	-6.0796305875602	2.69011932949255	1.5179922218607
2.64768335842715	-0.869681565881274	0.136888800726986	0.0544457128458055	-6.47605520650001	3.06234508275328	1.75314515854452
2.65768335842715	-0.935898756158496	0.168666529421355	0.0731553571871932	-6.74194988958105	3.25892124913365	1.98923278593352
2.66768335842715	-1.00405168726393	0.201437460095548	0.0942344179326186	-6.86724685786062	3.26666669584088	2.22655819959861
2.67768335842715	-1.07285789851512	0.233487180568606	0.11768227619257	-6.87681217494522	3.12062262570806	2.46262893711733
2.68768335842715	-1.141285640648	0.263455669308442	0.143475384880198	-6.7955597538002	2.85642232155535	2.69379336187643
2.69768335842715	-1.20852979327962	0.290362653581447	0.171292785157158	-6.64271061798308	2.5156685801256	2.84983907407783
2.70768335842715	-1.27396414794477	0.313627499644445	0.200100841790819	-6.43705217308424	2.13232185662021	2.89444838596487
2.71317995187367	-1.30899693899575	0.324745034379617	0.215975075437651	-6.30859689831911	1.91228555667175	2.87693281270179
2.72317995187367	-1.36999781286179	0.341026672339736	0.242773942059404	-5.88850126796275	1.34154351751446	2.48269907294551
2.73317995187367	-1.42670678201853	0.351528829783046	0.265628956010525	-5.45034458522597	0.756663818772808	2.088416144939
2.74317995187367	-1.47894689576046	0.356117740654281	0.28454633671155	-4.99484650250917	0.159115519598539	1.69533877176524
2.75317995187367	-1.52654839400974	0.354673174401902	0.299542376611115	-4.52276088948021	-0.449820498126714	1.30424196050203
2.76317995187367	-1.5693500705812	0.347087806208491	0.310639094832976	-4.03507636663914	-1.06880397472781	0.91551074120693
2.77317995187367	-1.6072025513859	0.333269003776551	0.317860777022907	-3.53320087246426	-1.69619670042247	0.529228132130672
2.78317995187367	-1.63997339696921	0.313143032772044	0.321231407026967	-3.01914459664053	-2.32981393467122	0.145266731078136
2.79317995187367	-1.66755501732071	0.286663155222521	0.320772919837169	-2.49552496021528	-2.96691048518461	-0.236577229759036
2.80317995187367	-1.68989224687699	0.253844886255623	0.316501819590654	-1.98252589152597	-3.58083927606579	-0.619094162986047
2.81317995187367	-1.70772765837322	0.215787881878209	0.308317680609235	-1.61370073046518	-3.98946959339862	-1.02153855530982
2.82317995187367	-1.72272379202049	0.174839463572129	0.296006825492918	-1.41195565659921	-4.16314413570151	-1.44321514627513
2.83317995187367	-1.73646150865984	0.133217395322867	0.279414724658472	-1.35847916089142	-4.12929866785485	-1.87649000092664
2.84317995187367	-1.75031009553653	0.0928344799257701	0.258463810020814	-1.42912685432892	-3.92237199643474	-2.31365964703994
2.85317995187367	-1.76522524890367	0.0550244315615274	0.233167583458912	-1.55773122926905	-3.6343001717619	-2.7427636797092
2.86317995187367	-1.78156848606536	0.0202328650367073	0.203951316855937	-1.71700046856794	-3.32069391243638	-3.07326146855384
2.87317995187367	-1.79968649302369	-0.0113172607114536	0.172211112447351	-1.91258887293384	-2.98557430820107	-3.25071626643117
2.88317995187367	-1.81993598574384	-0.0394032962874687	0.139389201984826	-2.14281063104342	-2.6279408508981	-3.29258908473052
2.88889578930641	-1.83259571459405	-0.0538156781618495	0.120637039667328	-2.28847822158976	-2.41392080608059	-3.26284219874721
2.89889578930641	-1.8536268913178	-0.079930455907946	0.0864872145290352	-1.92305569704961	-2.80171797919159	-3.56489186035634
2.90889578930641	-1.87142077181199	-0.109352136682723	0.0493611371735546	-1.66098235953997	-3.04813890906151	-3.85979037020329
2.91889578930641	-1.88732128842697	-0.140247391102818	0.00930811861549696	-1.5408932119956	-3.10123371414354	-4.15045884348195
2.92889578930641	-1.90264218876096	-0.170852386723467	-0.0335188511427228	-1.54277939020122	-2.99823234513358	-4.39034608443801
2.93889578930641	-1.91852869062315	-0.199848372421153	-0.0779302747880161	-1.64973443580953	-2.78567376065395	-4.46490340798267
2.94889578930641	-1.9358924145899	-0.226316307657206	-0.122316654670951	-1.83338013847442	-2.49818124380131	-4.3894370851621
2.95889578930641	-1.95535785584502	-0.249668644999463	-0.165302625844097	-2.06560241226064	-2.16752886244184	-4.18905843672323
2.96889578930641	-1.97728277820383	-0.269614424457739	-0.205765737504077	-2.32147172132484	-1.82094015090018	-3.88902293573978
2.97889578930641	-2.00179750149891	-0.286106350003787	-0.242831402238792	-2.58052549518772	-1.4796961569534	-3.51432920802248
2.98889578930641	-2.02884607618956	-0.299262527616921	-0.275993251820643	-2.82580735521403	-1.15513867270303	-3.11725211922758
2.99889578930641	-2.05823172795376	-0.309300053593275	-0.305158777198512	-3.04662121281776	-0.857694532853988	-2.71501648436634
3.00889578930641	-2.08967551759641	-0.316534661429806	-0.330277473873814	-3.23663570900635	-0.595601915009814	-2.30795364089559
3.01889578930641	-2.12284994876639	-0.321345584100565	-0.351303370956619	-3.39237931070265	-0.373458830580183	-1.89655392049846
3.02889578930641	-2.15740478657441	-0.324142798763806	-0.368196362372707	-3.51268842858452	-0.1929265018537	-1.48150404974374
3.03889578930641	-2.19298761379645	-0.325340839485534	-0.380924212036249	-3.59821265086467	-0.0533525562064185	-1.06368770298716
3.04889578930641	-2.22925973054974	-0.325338463309932	-0.389464379344499	-3.65097828576487	0.0476748401765704	-0.644120101943669
3.05889578930641	-2.26590753873846	-0.324500754931215	-0.393822006477508	-3.67378109964158	0.115269606820421	-0.232665153573453
3.06889578930641	-2.30264286157325	-0.323107944500444	-0.394291309140106	-3.66889014662386	0.159939424777098	0.129416848061527
3.07889578930641	-2.33920215615914	-0.321362970824211	-0.391425927014963	-3.63903941627953	0.186290205917887	0.433896764371203
3.08889578930641	-2.37534951066304	-0.319432271959964	-0.385809526360313	-3.58694193017517	0.197584703808847	0.679596990211805
3.09889578930641	-2.41087540158882	-0.31745221218916	-0.378027476839086	-3.51516201216032	0.196584279226341	0.867306526670897
3.10889578930641	-2.44559525075198	-0.315533753226489	-0.368648653995244	-3.42612858557196	0.185622578885026	0.999484570879518
3.11889578930641	-2.47934821186142	-0.31376628240878	-0.358210268499449	-3.32216420187575	0.166696001136236	1.0799533750574
3.12889578930641	-2.511996249292	-0.312220547679381	-0.347205777321103	-3.20551216250457	0.141549010154122	1.11359061108276
3.13889578930641	-2.54342343362866	-0.310950821836018	-0.336075835405346	-3.07835165384188	0.111741548872428	1.10603032547556
3.14889578930641	-2.57353531122024	-0.309996505532424	-0.325202161183	-2.942797263182	0.0786936001762707	1.0633804523832
3.15889578930641	-2.60225819407602	-0.309383397222377	-0.314904115263733	-2.80088402294363	0.0437077463857998	0.991963696897201
3.16459820585994	-2.61799387799156	-0.309192133285265	-0.309390250410438	-2.71785783310274	0.0233510362858228	0.940785757735204
3.17459820585994	-2.64604174915264	-0.307412842393762	-0.298305453767589	-2.89052482025895	0.331303605580336	1.27604435107758
3.18459820585994	-2.67578276454289	-0.302587821185246	-0.283871400259185	-3.05671060241528	0.63273012057444	1.61069083940712
3.19459820585994	-2.70715888448315	-0.29477527860063	-0.266092660705025	-3.2177729038614	0.929044531024611	1.94502854210478
3.20459820585994	-2.74012563074644	-0.284019301971028	-0.244971008070676	-3.3750547681245	1.22164427579174	2.27931018579846
3.21459820585994	-2.77465168116911	-0.270350649469906	-0.220504275760976	-3.52971066836359	1.51207052503343	2.6118425622391
3.22459820585994	-2.81069499044111	-0.253738471792778	-0.193082626949009	-3.67744632042923	1.81273700740906	2.85128378040448
3.23459820585994	-2.84817029985155	-0.234054916719286	-0.163872944757028	-3.81606234830873	2.1257583663422	2.9719550815807
3.24459820585994	-2.88698232248385	-0.211196354610731	-0.133994262166236	-3.94164846100911	2.44293558351521	2.98778940845948
3.25459820585994	-2.92666051757521	-0.185603205951606	-0.104385884615059	-3.97419847911716	2.65145087015967	2.92171768818844
3.26459820585994	-2.96610088472267	-0.158615534555093	-0.0757866105941024	-3.8968598718527	2.72513916685953	2.78771983881132
3.27459820585994	-3.00428547582304	-0.131485941443898	-0.0488204664426883	-3.72590718062244	2.68325247906342	2.59705692695179
3.28459820585994	-3.0403662414792	-0.105264538513193	-0.0239940765721475	-3.47913497043329	2.54717730460533	2.36181946663367
3.29459820585994	-3.07367660383404	-0.0807827464305436	-0.00168843061781598	-3.17495774649319	2.33887325188911	2.09633066404375
3.30459820585994	-3.10373775227297	-0.058660893930758	0.0179269506824322	-2.83226827908118	2.07856967461587	1.82702533193946
3.31459820585994	-3.13024631939873	-0.0393161621140787	0.0348557034048638	-2.46681610228717	1.78672055328746	1.55886190200462
3.32459820585994	-3.1530422142404	-0.0229711024755926	0.0491059447995676	-2.09172714664033	1.48137780347979	1.29122524724883
3.33459820585994	-3.17208491444783	-0.00968379009907196	0.0606800020624032	-1.71777619509272	1.17737332597679	1.02352660003767
3.34459820585994	-3.18742995509662	0.000619986939485244	0.0695743095018005	-1.35341811014504	0.886356508572333	0.755178647510673
3.35459820585994	-3.19920644502283	0.00811587959045375	0.0757794511610395	-1.00496124530256	0.616996041248953	0.485777545840598
3.36459820585994	-3.20760080487245	0.0130482547296524	0.0793305962490663	-0.677974189778233	0.374054878506356	0.228890550325311
3.37459820585994	-3.21285240802967	0.0156937902305484	0.0804545871394205	-0.376866214014446	0.160116631239196	0.000973935324215094
3.38459820585994	-3.21523110576537	0.0163547590236543	0.0794543388460504	-0.103609632701144	-0.0226188428367811	-0.195700322231436
3.39459820585994	-3.21501994591669	0.0153480879727306	0.076648213440781	0.141078173170704	-0.173392197504279	-0.360117375053209
3.40459820585994	-3.21250380083455	0.0129920952683566	0.0723597463662781	0.357516936407972	-0.292644062622369	-0.492236376032144
3.41459820585994	-3.2079599542675	0.00959566763308588	0.0669085363954591	0.546874205331657	-0.381783126499047	-0.592864491195929
3.42459820585994	-3.20165051768467	0.00544966060134391	0.0606023977526545	0.710988251067633	-0.442972694181609	-0.663530248676899
3.43459820585994	-3.1938165656548	0.000820355296945836	0.0537307849924254	0.852201204319646	-0.478932523852374	-0.706355666502436
3.44459820585994	-3.18467388867288	-0.00405517648087353	0.0465594994966036	0.973202633400286	-0.492755462233079	-0.723928072636868
3.45459820585994	-3.17441025035301	-0.00897195411584836	0.0393266705663544	1.07688551934976	-0.487740618433258	-0.719173815379
3.46459820585994	-3.16318401132944	-0.0137583962116135	0.03223997771545	1.16621742206312	-0.467245929186699	-0.695236842302334
3.47459820585994	-3.1511239541169	-0.018276263154228	0.0254750495815934	1.24412951542701	-0.434562904365515	-0.655365310557566
3.48459820585994	-3.13833012015195	-0.0224194661947284	0.0191749445451705	1.31342532572131	-0.392815377563622	-0.602809057266572
3.49459820585994	-3.12487545784152	-0.0261119863408537	0.0134505930609125	1.37670978546041	-0.344882655886007	-0.540730076403332
3.50459820585994	-3.11080808070159	-0.0293051428112857	0.00838206437584928	1.43633795815374	-0.29334599127221	-0.472127311597933
3.51459820585994	-3.09615394655642	-0.0319744337097934	0.00402051141044645	1.49438175240251	-0.240456095081975	-0.399776247359267
3.52459820585994	-3.08091978932584	-0.0341161445611306	0.000390646422389177	1.55261225897671	-0.188118648482797	-0.326183073454323
3.53459820585994	-3.06509616044566	-0.0357438879374976	-0.00250639483585766	1.61249503282044	-0.137894444923409	-0.253552659144181
3.54459820585994	-3.04866046395361	-0.0368852038102267	-0.00468993316247953	1.67519564576146	-0.0910108633256111	-0.183769209652964
3.55459820585994	-3.03157989503914	-0.0375783186890463	-0.00619649038960824	1.74159305878134	-0.0483816911287855	-0.118388262091375
3.56459820585994	-3.01381421472198	-0.0378691340070179	-0.00707650452213118	1.81229870349449	-0.010632769823545	-0.058638575868274
3.57459820585994	-2.99531831255875	-0.0378084913611919	-0.00739110712406249	1.88767953598276	0.0218685812403129	-0.00543244763766107
3.58459820585994	-2.97604452486885	-0.0374497440446434	-0.00720903993159265	1.96788367380582	0.0489819641237636	0.0406169956879386
3.58844292450772	-2.96841705121163	-0.0372438777037926	-0.00702230284842656	2.00000000000018	0.0579781448634209	0.056337336157211
3.59844292450772	-2.94798702329666	-0.0365609058737965	-0.00627440438351537	2.08677431831577	0.077756410854303	0.091976223601605
3.60844292450772	-2.92666670296678	-0.035705424903489	-0.00520798364586777	2.17800315766808	0.0925358252563547	0.12006021634859
3.61844292450772	-2.90441339762124	-0.0347255697963359	-0.00389771238994456	2.27329739516534	0.102704111816156	0.140796378176985
3.62844292450772	-2.88118882357389	-0.0336651327163385	-0.00241529318986681	2.37216856328274	0.108737456227197	0.154566180019052
3.63844292450772	-2.85695997286224	-0.0325628181954697	-0.000827879035286193	2.47405404801488	0.111172766876504	0.161892597165544
3.64844292450772	-2.83169973591327	-0.0314517647320332	0.000803178763326168	2.57834052802554	0.110582334039788	0.163407662580796
3.65844292450772	-2.80538729993603	-0.0303593066334789	0.00242326372112093	2.68438534274915	0.107551162614607	0.159821242367408
3.66844292450772	-2.77800834504784	-0.0293069482828906	0.00398512394227029	2.79153554281658	0.102657181509453	0.151891681165467
3.67844292450772	-2.74955506222342	-0.0283105213970706	0.00544921991495306	2.89914445331698	0.0964544488117799	0.140398839734494
3.68844292450772	-2.72002601846202	-0.0273804950684555	0.00678381635669352	3.00658565794482	0.0894593892558232	0.126119923990888
3.69844292450772	-2.68942589511028	-0.0265224084122987	0.0079648475287869	3.11326438684253	0.0821400227257451	0.10980838737225
3.70844292450772	-2.65776512509952	-0.0257373964094508	0.00897558770266624	3.21862635974414	0.0749080728710812	0.0921760789713631
3.71844292450772	-2.62505945403161	-0.0250227809492676	0.0098061596780249	3.32216419631985	0.0681137858224568	0.073878710097994
3.72844292450772	-2.59132944866776	-0.0243727010236176	0.0104529145241697	3.42342155584703	0.0620432417483613	0.0555046227601548
3.73844292450772	-2.55659997454748	-0.0237787583816433	0.0109177151510465	3.52199520789828	0.0569179067346628	0.0375667654149499
3.74844292450772	-2.52089966229316	-0.0232306576090117	0.0112071550252298	3.61753526485942	0.0528961484724459	0.0204977142344636
3.75844292450772	-2.48426037974355	-0.0227168224382273	0.0113317414383106	3.70974382653082	0.0500764252473546	0.00464752184940527
3.76844292450772	-2.44671672449524	-0.0222249730354489	0.0113050703172643	3.79837229788048	0.0485018522619131	-0.00971587023903107
3.77844292450772	-2.40830554879904	-0.0217426519661379	0.011143016741982	3.88321764433544	0.0481658509516538	-0.0224039549786805
3.78844292450772	-2.36906552612411	-0.0212576894523358	0.0108629622044358	3.96411784589242	0.0490185944218779	-0.0333030439422865
3.79844292450772	-2.32903676612932	-0.0207586013452885	0.0104830763039903	4.04094680273263	0.0509739744286141	-0.0423680536630788
3.80844292450772	-2.2882604823167	-0.0202349159042007	0.0100216671179183	4.11360893172552	0.0539168316926916	-0.0496150424179433
3.81844292450772	-2.24677871433218	-0.0196774279573992	0.0094966110050976	4.18203367585434	0.0577102112049053	-0.055112843967514
3.82844292450772	-2.20463410475959	-0.0190783812932991	0.00892486917917026	4.24617012775061	0.0622024271198634	-0.0589741347662872
3.83844292450772	-2.16186972835923	-0.0184315821564939	0.00832209510400929	4.30598194468921	0.0672337474769979	-0.0613462536249884
3.84844292450772	-2.11852897005838	-0.0177324484838071	0.00770233369050131	4.36144270606667	0.0726425369638922	-0.0624020685696007
3.85844292450772	-2.07465544663107	-0.0169780009848926	0.00707781047176306	4.41253183607458	0.0782707258392387	-0.0623311556597711
3.86844292450772	-2.03029296592507	-0.0161668033350809	0.00645880645610811	4.45923118455483	0.0839685044697982	-0.061331519881392
3.87844292450772	-1.9854855167163	-0.0152988595931552	0.00585361224426924	4.50152232851264	0.0895981751142206	-0.0596020500771541
3.88844292450772	-1.94027728179932	-0.0143754774786295	0.00526855327854253	4.53938462617362	0.0950371249011289	-0.0573358594409486
3.89844292450772	-1.89471266675412	-0.0133991063445086	0.00470807678334416	4.57279402558283	0.100179915587899	-0.054714621612772
3.90844292450772	-1.84883633695274	-0.012373158573604	0.00417489006353845	4.60172260139342	0.1049395157542	-0.0519039710924196
3.91844292450772	-1.80269325576494	-0.0113018227296816	0.00367013934116143	4.62613876754603	0.109247728639026	-0.0490499967196108
3.92844292450772	-1.75632871756167	-0.0101898761388384	0.00319361821377419	4.64600809084916	0.113054892938384	-0.0462768194456007
3.93844292450772	-1.70978836996181	-0.00904250370040358	0.00274399507908328	4.66129461181642	0.116328953683999	-0.0436852115398836
3.94844292450772	-1.66311822077814	-0.00786512867711218	0.00231904945184898	4.67196256515436	0.119054015106986	-0.041352184591061
3.95844292450772	-1.61636462624295	-0.00666326004419959	0.0019159079538938	4.6779783834904	0.121228496653307	-0.0393314488631144
3.96844292450772	-1.56957425827949	-0.00544235974304129	0.00153127183369921	4.67931286451756	0.122863016827105	-0.0376546272558155
3.97844292450772	-1.52279404977819	-0.00420773194443828	0.00116162911216078	4.67594338367302	0.12397812736565	-0.0363330935782806
3.98844292450772	-1.47607111798469	-0.00296443523478546	0.000803445797326777	4.66785604144376	0.124602012781201	-0.0353602971422292
3.99844292450772	-1.42945266716199	-0.0017172175449283	0.000453332005612546	4.6550476458212	0.124768258221685	-0.0347144336558534
4.00844292450772	-1.38298587261111	-0.000470472688214554	0.000108180215005639	4.63752744549136	0.124513772832664	-0.0343613256745038
4.01844292450772	-1.33671774889184	0.000771783407499853	-0.000234725793158634	4.61531854706202	0.123876937455988	-0.0342573838708018
4.02844292450772	-1.29069500565704	0.00200591927950584	-0.000577631516934515	4.58845896890452	0.122896025777697	-0.0343525323929082
4.03844292450772	-1.24496389488887	0.00322868021848921	-0.000922260960313598	4.55700230391628	0.121607928144589	-0.0345929967342015
4.04844292450772	-1.19957005350612	0.0044371693585627	-0.00126979269255145	4.52101798263651	0.12004718832594	-0.0349238699171443
4.05844292450772	-1.15455834530781	0.00562882067793703	-0.00162086017988969	4.48059114574213	0.118245346465329	-0.0352913914537538
4.06844292450772	-1.10997270604922	0.00680136687720219	-0.0019755732690935	4.43582215026185	0.116230567091868	-0.0356448925680996
4.07844292450772	-1.06585599513805	0.00795280483199319	-0.00233355733051727	4.38682574633442	0.114027519835188	-0.0359383797090708
4.08844292450772	-1.02224985702104	0.00908136095120888	-0.00269400637662348	4.33372997069021	0.111657472649072	-0.0361317457114007
4.09844292450772	-0.979194594835717	0.0101854583449276	-0.00305574644478563	4.27667480916497	0.109138552882695	-0.0361916134851579
4.10844292450772	-0.936729058362036	0.0112636872504722	-0.00341730565039663	4.21581068357129	0.106486130218553	-0.0360918303892887
4.11844292450772	-0.894890547751462	0.012314779710322	-0.00377698755378949	4.15129681843664	0.103713276924266	-0.0358136421948063
4.12844292450772	-0.853714733965986	0.0133375890667194	-0.00413294481626214	4.08329954086804	0.10083126452556	-0.0353455836453128
4.13844292450772	-0.813235596346275	0.0143310744543207	-0.00448325052009209	4.01199056260527	0.097850061320557	-0.0346831280964923
4.14844292450772	-0.773485377264752	0.0152942901476759	-0.00482596496916628	3.93754528769242	0.0947788015290207	-0.0338281417036586
4.15844292450772	-0.734494553417328	0.0162263793624216	-0.005159196246993	3.86014118264324	0.0916262037440872	-0.0327881883659812
4.16844292450772	-0.696291822973606	0.0171265719203274	-0.00548115326642356	3.77995623897463	0.0884009232333504	-0.0315757304361034
4.17844292450772	-0.658904107541836	0.0179941850666734	-0.00579019048272953	3.69716755094708	0.0851118291143483	-0.0302072674158344
4.18844292450772	-0.622356567710665	0.0188286266682278	-0.00608484384471338	3.6119500246215	0.0817682032005581	-0.0287024508515109
4.19844292450772	-0.586672630799922	0.0196294000131785	-0.00636385791692494	3.52447522817331	0.0783798621743706	-0.027083208781204
4.20844292450772	-0.551874029381148	0.0203961094710176	-0.00662620441300355	3.4349103879732	0.0749572085862677	-0.0253729077128356
4.21844292450772	-0.517980849107129	0.0211284663402414	-0.00687109263212213	3.3434175303489	0.0715112189821475	-0.0235955745344331
4.22844292450772	-0.48501158440999	0.0218262943045848	-0.00709797248677561	3.25015276521864	0.0680533792698413	-0.0217751952377245
4.23844292450772	-0.45298320068043	0.0224895340248849	-0.0073065309524229	3.15526570491555	0.0645955783490507	-0.0199351020872526
4.24844292450772	-0.421911201618591	0.0231182465052272	-0.00749668286132023	3.05889900944597	0.0611499711779569	-0.0180974560519924
4.25844292450772	-0.391809700541938	0.0237126149818862	-0.00766855700922637	2.96118804805693	0.0577288219842591	-0.0162828270493058
4.26844292450772	-0.362691494541115	0.0242729451863337	-0.00782247855037761	2.862260666229	0.0543443374024889	-0.0145098709016038
4.27844292450772	-0.334568140485162	0.0247996639254227	-0.0079589486295847	2.76223704695106	0.0510084980806319	-0.0127950989048938
4.28844292450772	-0.307450031988599	0.0252933160002847	-0.00807862214699059	2.66122965527041	0.0477328958806467	-0.011152733553419
4.29844292450772	-0.28134647656091	0.0257545595493221	-0.00818228447728778	2.5593432555434	0.0445285823132335	-0.00959464222775956
4.30844292450772	-0.256265772261734	0.0261841599497319	-0.00827082787698497	2.4566749914535	0.0414059323891646	-0.00813033948756359
4.31844292450772	-0.232215283280534	0.0265829824469088	-0.00834522821604521	2.35331451963836	0.0383745267072453	-0.00676704795356673
4.32844292450772	-0.209201513946943	0.0269519837030486	-0.00840652256864818	2.24934418861565	0.0354430533809327	-0.00550980754782944
4.33844292450772	-0.18723018075672	0.0272922024669216	-0.00845578809600507	2.14483925556949	0.0326192303611229	-0.00436162301376447
4.34844292450772	-0.166306282068273	0.0276047495679101	-0.00849412255539743	2.03986813442042	0.0299097478548539	-0.00332364008642155
4.35844292450772	-0.146434165186386	0.0278907974308988	-0.00852262667653468	1.934492669426	0.0273202298688527	-0.00239534135963892
4.36844292450772	-0.127617590603348	0.0281515692962833	-0.00854238856087789	1.82876842933032	0.024855213413345	-0.00157475373626656
4.37844292450772	-0.109859793213908	0.0283883283129308	-0.00855447018310227	1.7227450177884	0.0225181435688985	-0.000858660293539781
4.38844292450772	-0.0931635403600174	0.0286023666528794	-0.00855989600717482	1.61646639643395	0.0203113824265474	-0.000242810398058321
4.39844292450772	-0.0775311865946238	0.0287949947762072	-0.00855964367295594	1.50997121753349	0.0182362298362724	0.00027787707835678
4.40844292450772	-0.0629647250817979	0.0289675309538745	-0.00855463666275987	1.40329316368123	0.0162929539180546	0.00070912159380185
4.41844292450772	-0.0494658355736117	0.0291212911362931	-0.00854573882058719	1.2964612924408	0.0144808293811229	0.0010571030245258
4.42844292450772	-0.0370359289230765	0.0292575792365135	-0.00853375056919691	1.18950038423661	0.0127981818405837	0.00132830032606156
4.43844292450772	-0.0256761881076846	0.0293776778796827	-0.0085194066510621	1.08243129214593	0.0112424364987712	0.00152934828655277
4.44844292450772	-0.0153876057499935	0.0294828396550744	-0.00850337520768711	0.975271292545776	0.00981016975654721	0.00166691318192856
4.45844292450772	-0.00617101813082868	0.029574278893676	-0.00848625800681915	0.868034435833351	0.00849716252548805	0.00174758752831295
4.46844292450772	0.00197286430270322	0.0296531639830479	-0.00846859162780345	0.760731896666612	0.00729845421611185	0.00177780360895149
4.47844292450772	0.00904342992763728	0.0297206102219132	-0.00845084942075594	0.653372323368112	0.00620839657332375	0.00176376502875144
4.48844292450772	0.0150401424245759	0.0297776732095755	-0.00843344406444277	0.54596218630118	0.00522070671345389	0.00171139521465617
4.49844292450772	0.0199625207354661	0.0298253427596583	-0.00841673055989959	0.438506125166258	0.00432851888490694	0.00162630152815176
4.50844292450772	0.0238101224891557	0.0298645373236469	-0.00840100951110264	0.331007295277184	0.00352443462528118	0.00151375347964343
4.51844292450772	0.0265825308851889	0.0298960989071277	-0.00838653055970639	0.223467712964339	0.00280057112168715	0.00137867342487851
4.52844292450772	0.0282793450281216	0.0299207884602864	-0.00837349585736215	0.115888600313484	0.00214860769858673	0.00122563807228409
4.53844292450772	0.0289001737069207	0.0299392817239944	-0.00836206347589031	0.0082707294872186	0.00155983046003938	0.00105888912820864
4.54844292450772	0.0284446326165805	0.0299521655135401	-0.00835235067214464	-0.0993852331103716	0.00102517520225175	0.000882351445977411
4.55844292450772	0.0269123450216535	0.0299599344236111	-0.008344436940415	-0.207078382575059	0.000535268789403563	0.000699657116138589
4.56844292450772	0.0243029458637636	0.0299629879404075	-0.00833836680037653	-0.31480723093318	8.04692523838194e-05	0.000514174031582761
4.57844292450772	0.0206160893170571	0.0299616279496577	-0.00833415228269861	-0.422569362102498	-0.000349095072339409	0.000329037575294449
4.58844292450772	0.0158514597967616	0.0299560566327326	-0.00833177508732894	-0.530361086305193	-0.000763486996960483	0.000147184203991921
4.59844292450772	0.0100087864262901	0.0299463747469402	-0.00833118840108125	-0.638177093959549	-0.00117292212074092	-2.86141677606396e-05
4.60844292450772	0.00308786096745568	0.0299325802903528	-0.00833231837144699	-0.746010109203991	-0.0015877302085079	-0.000195715946041008
4.61844292450772	-0.00491144078391055	0.0299145675561061	-0.00833506524253134	-0.853850543357041	-0.00201831583718734	-0.000351576632418298
4.62844292450772	-0.013989134138529	0.0298921265859379	-0.00833930416673022	-0.961686148788079	-0.0024751178179909	-0.000493717305937847
4.63844292450772	-0.0241450971976876	0.0298649430377254	-0.00834488571229369	-1.06950167386535	-0.00296856689004352	-0.000619695408923073
4.64844292450772	-0.0353790390956937	0.0298325984868403	-0.00835163609236231	-1.17727851985924	-0.00350904117913226	-0.000727078329973582
4.65844292450772	-0.0476904648256457	0.0297945711861696	-0.00835935714552945	-1.28499440090747	-0.00410681892435902	-0.000813420186273683
4.66844292450772	-0.0610786366856874	0.029750237314524	-0.00836782610160092	-1.39262300839376	-0.00477202799747477	-0.000876242128763584
4.67844292450772	-0.0755425323977244	0.0296988727477348	-0.00837679516911869	-1.50013368134977	-0.00551459177645901	-0.000913016427982661
4.68844292450772	-0.091080799967978	0.0296396553908764	-0.0083859909835178	-1.60749108475885	-0.00634417098835207	-0.000921154545093728
4.69844292450772	-0.107691709378949	0.029571668113552	-0.00839511395661216	-1.71465489791659	-0.00727010120833563	-0.000897999350907091
4.70844292450772	-0.125373101225314	0.029493902332873	-0.00840383756956923	-1.82157951528358	-0.00830132579424906	-0.000840821624409584
4.71844292450772	-0.144122332431987	0.0294052622904139	-0.00841180765272896	-1.92821376254437	-0.00944632414950115	-0.000746820939760507
4.72844292450772	-0.163936219221152	0.0293045700698382	-0.00841864169662865	-2.03450063086136	-0.0107130353435813	-0.000613131035014706
4.73844292450772	-0.184810977526255	0.0291905714008186	-0.0084239282394701	-2.140377032575	-0.0121087772783804	-0.000436829744762673
4.74844292450772	-0.206742161084685	0.0290619422921074	-0.00842722637704163	-2.24577358184736	-0.0136401617697464	-0.000214953569978914
4.75844292450772	-0.229724597477054	0.0289172965319227	-0.00842806544179561	-2.35061440396981	-0.0153130061156307	5.548305099941e-05
4.76844292450772	-0.253752322419077	0.02875519408702	-0.00842594489836171	-2.45481697724683	-0.0171322419421692	0.000377463719072
4.77844292450772	-0.278818512652087	0.0285741504227397	-0.00842033450320191	-2.55829201152398	-0.0191018223531399	0.000753941266009189
4.78844292450772	-0.304915417819401	0.0283726467548618	-0.0084106747763084	-2.66094336753751	-0.021224628651065	0.00118780415630316
4.79844292450772	-0.332034291757962	0.0281491412301878	-0.00839637783270772	-2.76266802132078	-0.0235023781429471	0.0016818381338719
4.80844292450772	-0.36016532367695	0.0279020810164412	-0.00837682862093189	-2.86335607789989	-0.0259355347818514	0.00223868320198616
4.81844292450772	-0.389297569737207	0.0276299152634375	-0.00835138661439731	-2.96289083844105	-0.0285232246175441	0.00286078609500147
4.82844292450772	-0.419418885586209	0.0273311088767412	-0.00831938799962019	-3.06114892486754	-0.0312631582241105	0.00355034848888443
4.83844292450772	-0.450515860442467	0.0270041570225326	-0.00828014840220493	-3.15800046573903	-0.0341515624279796	0.00430927130517261
4.84844292450772	-0.482573753359719	0.0266476002586068	-0.00823296618737659	-3.25330934687403	-0.0371831237635889	0.00513909559012363
4.85844292450772	-0.515576432334046	0.0262600401618953	-0.00817712636629637	-3.34693352979336	-0.0403509461235897	0.00604094059657991
4.86083195359408	-0.523598775598299	0.0261627150508829	-0.00816242503204423	-3.36903511544597	-0.0411270068489811	0.00626713302355378
4.87083195359408	-0.559737211672155	0.0281601404002352	-0.00681694314465987	-3.85787734114666	0.439948963443181	0.262868819860543
4.88083195359408	-0.600736622678153	0.0349432456868037	-0.00290566614921853	-4.34079968349341	0.915474414062493	0.519276628499352
4.89083195359408	-0.646524360578967	0.0464396348609618	0.00356452434738275	-4.81505622737937	1.38198224033769	0.774454725395116
4.90083195359408	-0.696998532223892	0.0625394214475701	0.0125749042338382	-5.27753459760745	1.83542803960242	1.02706462119957
4.91083195359408	-0.752024117220745	0.0830891458933735	0.0240917482551703	-5.72471893799486	2.27113809546704	1.27544329180365
4.92083195359408	-0.811428169108341	0.10788445502669	0.0380631864346579	-6.15280469036565	2.68397242266758	1.51760244886704
4.93083195359408	-0.874988216398307	0.136653544000304	0.0544171388129499	-6.54787878864642	3.05486675623825	1.75234264706368
4.94083195359408	-0.941921099615843	0.168356038103261	0.0731154601327629	-6.81322122816369	3.25131080579771	1.98774123953864
4.95083195359408	-1.01078290575217	0.201049198841627	0.0941753992987764	-6.93770918871846	3.25868671208581	2.22419380828062
4.96083195359408	-1.08028871585583	0.233016459301183	0.117594448844583	-6.94623429576023	3.11208488466996	2.45919922132211
4.97083195359408	-1.14940468532315	0.262896258097239	0.143347266961833	-6.86376362872943	2.84719664873483	2.68924903020497
4.98083195359408	-1.21732452172384	0.289706834618048	0.171117742823278	-6.70962896370305	2.50561027450723	2.84501718812415
4.99083195359408	-1.28342131583923	0.3128670412792	0.199876291389097	-6.50261342942484	2.12146432975178	2.88937145318017
4.99479294651805	-1.30899693899611	0.320956973238871	0.211306245903581	-6.41034708148215	1.96296799306633	2.87944151923879
5.00479294651805	-1.37100259944136	0.337729111528637	0.238126794947937	-5.98761124265812	1.38885265387731	2.48449662695746
5.01479294651805	-1.42868721346185	0.348685057181886	0.26099563569178	-5.54628354781855	0.80003066225061	2.08936941166636
5.02479294651805	-1.48186901871467	0.353686124428391	0.279918098075563	-5.0871813599145	0.198121815505724	1.69540014147984
5.03479294651805	-1.53037438180167	0.352608580365405	0.294910356931923	-4.61114934293213	-0.415459325027961	1.30343292469514
5.04479294651805	-1.57403911766301	0.345342873805313	0.305994930769412	-4.1192650286246	-1.03924999135397	0.913907493622986
5.05479294651805	-1.61271177239928	0.331795339556749	0.313197090498857	-3.61302795932149	-1.67149486158043	0.526949809331306
5.06479294651805	-1.64625877240742	0.311892376664728	0.31654218789192	-3.0945464132583	-2.30989223132413	0.142466552599139
5.07479294651805	-1.67457263345423	0.285588863263354	0.316053802162555	-2.56651474849361	-2.95161762915936	-0.23971328194222
5.08479294651805	-1.69759956704199	0.252903373962569	0.311750345363381	-2.04990832706388	-3.56897102224435	-0.622442925546628
5.09479294651805	-1.71609435617327	0.214953047260747	0.303532806912993	-1.67827191806446	-3.97989264460009	-1.02480708830478
5.10479294651805	-1.73172414021049	0.174091683387718	0.291191169502562	-1.47419503831916	-4.15520264550385	-1.4460469148455
5.11479294651805	-1.74607455940183	0.132543444012391	0.274574270362114	-1.41885471863285	-4.12237835957094	-1.8785686366934
5.12479294651805	-1.76051902585545	0.0922264366997632	0.253607533292062	-1.48780782860028	-3.91628201396228	-2.31468172407479
5.13479294651805	-1.77601081690218	0.0544698563250521	0.22831144123378	-1.61466287275511	-3.62978761702361	-2.73938318552683
5.14479294651805	-1.79292125818135	0.0197123724941751	0.199209852180245	-1.77354914785723	-3.31818355187647	-3.0544839236444
5.15479294651805	-1.81160382487827	-0.0118187166968944	0.167721255175668	-1.96897208824247	-2.98415864093228	-3.2196182523464
5.16479294651805	-1.83241642406844	-0.0398935697760627	0.135260733818173	-2.19903057031908	-2.62704688868181	-3.25185640497097
5.16487444099067	-1.83259571459416	-0.0401075373180676	0.134995734668594	-2.20103739713526	-2.62404527752599	-3.25162396343323
5.17487444099067	-1.85269727153409	-0.0683940407484018	0.100927199297173	-1.82791632065221	-3.02135983280126	-3.56014561246258
5.18487444099067	-1.86959596182617	-0.0999301663433903	0.0638081071346188	-1.57835448213045	-3.24966579674938	-3.86318403634706
5.19487444099067	-1.88475498966118	-0.132720112640964	0.0236796753485978	-1.47594653898833	-3.27782905852904	-4.16141518707946
5.20487444099067	-1.89952638539381	-0.16494456874336	-0.0193262331619909	-1.49784439896658	-3.14451534178662	-4.42005418586528
5.21487444099067	-1.91507038953736	-0.195239841028488	-0.0641447273326081	-1.62644278259797	-2.8990920199437	-4.51570296429587
5.22487444099067	-1.93231399668067	-0.222676689011449	-0.109122322297677	-1.83270461179922	-2.57867935911976	-4.45598602819885
5.23487444099067	-1.95188511430289	-0.2466753323038	-0.152830758533299	-2.0872696704049	-2.21667375907312	-4.26617259337785
5.24487444099067	-1.97413311078713	-0.266967373172573	-0.194097913692086	-2.36411189965932	-1.84161992181222	-3.9719731483395
5.25487444099067	-1.99917003367435	-0.283539186924188	-0.232006690943486	-2.6418459341739	-1.47556471199664	-3.60034341437085
5.26487444099067	-2.0269129928569	-0.296546988890286	-0.266040042095123	-2.90284355953042	-1.13032486414559	-3.20531004615945
5.27487444099067	-2.0571342407786	-0.306251235450209	-0.296092480548135	-3.13616210084621	-0.816589410854719	-2.80419512993381
5.28487444099067	-2.08952247415682	-0.31301161997482	-0.322105015252191	-3.33545299186292	-0.542578990718576	-2.39740734525277
5.29487444099067	-2.12371849201537	-0.317250208154688	-0.344023586064184	-3.49738213399089	-0.312683593530722	-1.98551483125905
5.30487444099067	-2.15934231842918	-0.319416982969059	-0.361800901719504	-3.62103504183901	-0.128214729056095	-1.56930675443109
5.31487444099067	-2.19601470118044	-0.319962455662844	-0.3753986678537	-3.70738827403996	0.0119296533512025	-1.14978857697864
5.32487444099067	-2.23337364456919	-0.319316516574465	-0.38478954707609	-3.75884394643404	0.110680289992447	-0.72813602726049
5.33487444099067	-2.27108656055455	-0.317872623506515	-0.389959432790527	-3.77879204526474	0.172474339799553	-0.306804843910859
5.34487444099067	-2.3088546421694	-0.315955275965776	-0.391045587076831	-3.77029322491726	0.207546217361439	0.0798263060394358
5.35487444099067	-2.3464071979633	-0.313783617765278	-0.388562909275783	-3.73622113128314	0.224022188056533	0.406540351879394
5.36487444099067	-2.38350416646482	-0.311524062823235	-0.383119648247733	-3.67967158605996	0.225707380517807	0.671865329849454
5.37487444099067	-2.41993525045638	-0.309308109185096	-0.375328631980478	-3.60350100109308	0.215782125269996	0.876342445525751
5.38487444099067	-2.4555175942704	-0.307238339608229	-0.365787950648846	-3.51034684404595	0.196865966461324	1.02232417505607
5.39487444099067	-2.49009378353199	-0.305393501735481	-0.355064475765575	-3.40266700119023	0.17112466658242	1.11364673977608
5.40487444099067	-2.52353025464012	-0.30383251123464	-0.34368067065687	-3.28277967556832	0.140375246236446	1.15530117351671
5.41487444099067	-2.55571605224481	-0.302597482085977	-0.332104654499752	-3.15289171369154	0.106173738710758	1.15311311561583
5.42487444099067	-2.58656178895677	-0.301715996650996	-0.32074338773443	-3.01511040880129	0.0698789813315092	1.11344009089811
5.43487444099067	-2.61599864054915	-0.301202860373719	-0.309938765836425	-2.87143921068583	0.0326922915624677	1.04289367266129
5.43557052961248	-2.6179938779915	-0.301181006244443	-0.309214862576511	-2.86126832156413	0.0300986637852806	1.03700446955328
5.44557052961248	-2.64749406264059	-0.299311517864514	-0.297156776132831	-3.03753937034136	0.342563181739479	1.37447354919668
5.45557052961248	-2.67872226766044	-0.294352218230484	-0.281727667603834	-3.20709287912277	0.648286990114117	1.71125861969117
5.46557052961248	-2.71161798706003	-0.286363671346305	-0.262932954957113	-3.37126589554159	0.948642193918283	2.04763644922226
5.47557052961248	-2.74613402847574	-0.275392670836296	-0.240776158667434	-3.53138893050245	1.24495488994079	2.38402777108872
5.48557052961248	-2.78223459810353	-0.261469651909859	-0.215284547208162	-3.68776735833069	1.54061310072131	2.70386662919759
5.49557052961248	-2.81985976650367	-0.24453854540584	-0.18709018012356	-3.83566147667365	1.84771255707889	2.91450022039065
5.50557052961248	-2.85891363026999	-0.224480704322514	-0.157383159794933	-3.97344252841289	2.16541010094424	3.00858061405144
5.51557052961248	-2.89927265644281	-0.201235307955003	-0.127258606238511	-4.0838826738265	2.46712859987741	3.00189368020435
5.52557052961248	-2.94020634977924	-0.175604885460352	-0.0976030928693141	-4.08416003098916	2.63611660029905	2.91724098653176
5.53557052961248	-2.98060706537294	-0.148940507992088	-0.0691347293139388	-3.9798828392609	2.67695769071452	2.76634705753861
5.54557052961248	-3.01951064421012	-0.12242766798192	-0.0424576500736741	-3.7876425344498	2.60928313557458	2.56102620958267
5.55557052961248	-3.05612632428987	-0.0970449626818379	-0.0180540388718293	-3.5253322762887	2.45458339279239	2.31378550190926
5.56557052961248	-3.08984537284041	-0.0735549591314766	0.00373847960383109	-3.21154633128747	2.23403500108546	2.0441198433285
5.57557052961248	-3.12024664418235	-0.0525170878428549	0.0228326374228065	-2.86444904285925	1.96763692729633	1.77490564414245
5.58557052961248	-3.14707240674188	-0.0342883463418435	0.0392395494452027	-2.49869270294974	1.67529904358765	1.50657946196965
5.59557052961248	-3.17019966816599	-0.0190406797711574	0.0529653809818693	-2.1266090779752	1.37398219874546	1.23859913156347
5.60557052961248	-3.18961706135427	-0.00679241599102601	0.0640108576664952	-1.75819166482623	1.07744739013443	0.970416307310939
5.61557052961248	-3.20540172352005	0.00256004914671953	0.0723711963390019	-1.40117135610028	0.796351436190961	0.701481183355992
5.62557052961248	-3.2176974770496	0.00921241933045614	0.0780356464972494	-1.06118993900927	0.538508223848233	0.431145950175548
5.63557052961248	-3.22670009099062	0.0134201860135019	0.0810460544372115	-0.743493232432093	0.307670056373362	0.175761182244109
5.64557052961248	-3.23265478953994	0.015463022802167	0.0816524317730007	-0.451982082652675	0.10593945791353	-0.0492188151364015
5.65557052961248	-3.23583243758047	0.0156419949961692	0.0801695311393881	-0.188243291838849	-0.0649305584973671	-0.241879751978547
5.66557052961248	-3.23651372120145	0.014268750217911	0.0769252146807459	0.0473083297883206	-0.204536282343217	-0.401459758790459
5.67557052961248	-3.23497846442257	0.0116532273609068	0.0722500105024644	0.255228434255078	-0.313584525278045	-0.528165487538825
5.68557052961248	-3.23149684921186	0.00809367678528212	0.0664680878359621	0.436860340123777	-0.393670759044355	-0.623040028833978
5.69557052961248	-3.22632240453021	0.00386880990666616	0.0598895548952399	0.594163589400424	-0.447074442488737	-0.687830333115016
5.70557052961248	-3.21968666015392	-0.000768078565048532	0.0528040858003063	0.729552379713385	-0.476568972227091	-0.724854087966196
5.71557052961248	-3.2117953646759	-0.00559316058767425	0.0454758763225172	0.845744569293538	-0.4852463918038	-0.736867410739083
5.72557052961248	-3.20282615160634	-0.0104144539012678	0.0381399086126595	0.945623507870842	-0.476358969370612	-0.726935840647571
5.73557052961248	-3.19292751115543	-0.0150727133897428	0.0309994767947557	1.03211554179571	-0.453180558584528	-0.698311703326419
5.74557052961248	-3.18221889774985	-0.019441046132991	0.0242248940680423	1.10808571576235	-0.418890331409336	-0.654320932249389
5.75557052961248	-3.17079178258542	-0.0234234823586014	0.0179532730893784	1.17625322015231	-0.376480351295203	-0.598261972110757
5.76557052961248	-3.15871145124138	-0.0269527419450094	0.0122892487444608	1.23912687222342	-0.328686985076894	-0.533318639760526
5.77557052961248	-3.14601934974852	-0.029987428842069	0.00730649790528156	1.29895969865147	-0.277944734285372	-0.462487966313551
5.78557052961248	-3.13273579688897	-0.0325088657793134	0.00304990464546739	1.35772073118985	-0.226359975001984	-0.388523239375231
5.79557052961248	-3.1188629026481	-0.0345177529166628	-0.000461779338815749	1.41708153886488	-0.175701451251701	-0.313891798998487
5.80557052961248	-3.10438755890376	-0.0360308011832239	-0.00323292229260409	1.47841479672411	-0.127404162635391	-0.240746651115223
5.81557052961248	-3.08928439528902	-0.0370774579418297	-0.00528778004681638	1.54280226193798	-0.0825834321481025	-0.170910642268009
5.82557052961248	-3.07351861825135	-0.0376968121932313	-0.00666716228114423	1.61104979279263	-0.042056310335686	-0.105871760467363
5.83557052961248	-3.05704867321959	-0.0379347404235449	-0.0074251011443049	1.68370740583332	-0.00636794592981803	-0.0467880520118757
5.84557052961248	-3.03982868794637	-0.037841332935822	-0.0076256107972621	1.76109274206408	0.0241789644854318	0.00549936112827413
5.85557052961248	-3.0218106696418	-0.0374686238407505	-0.0073396114539855	1.84331665286929	0.0494931056005653	0.050446640668907
5.86557052961248	-3.00294643995974	-0.0368686351159529	-0.00664207702468541	1.93030989472002	0.0696629611265542	0.0877823814349578
5.87322634727951	-2.9879032297649	-0.0362871689330217	-0.0058775612814692	2	0.0817709864438031	0.111196402321124
