=========================== Parameters =====================================
l1 [m]	l2 [m]	l3 [m]	c1 [m]	c2 [m]	c3 [m]	m1 [kg]	m2 [kg]	m3 [kg]
0.18
0.1
0.4058
0.3
0.1
0.1
0.1564
0.23764
0.1564
============================== Data ========================================
t [s]	th1 [rad]	th2 [rad]	th3 [rad]	th1d [rad/s]	th2d [rad/s]	th3d [rad/s]
0	0	0	0	0	0	0
0.01	-0.0016897210543646	0.000363568927641475	0.000705263392529726	-0.333804257554949	0.0752593843488209	0.104768607789355
0.02	-0.00657392146902685	0.00130776030021148	0.0018718805234403	-0.639441715230746	0.105977923588147	0.122388370352799
0.03	-0.0144301606974121	0.00237952395058709	0.00307342188726386	-0.930291956788922	0.105131581815884	0.115449039793905
0.04	-0.0251611740745606	0.00337076398378664	0.00415059940887641	-1.21538794592162	0.0919397243744103	0.0993372250975279
0.05	-0.0387331759485003	0.00420846235889335	0.00505352420081567	-1.49894750618355	0.0754414265579735	0.0813292288326898
0.06	-0.0551410515690845	0.00488191317192056	0.00578166048916133	-1.78272836110411	0.0594639767345761	0.0647173226478226
0.07	-0.0743906869151544	0.00540579733937689	0.00635476064686371	-2.06733978634646	0.045690252224275	0.0503555555204446
0.08	-0.096490458910423	0.0058036105390798	0.0067975110642268	-2.35272228516764	0.0342509243544158	0.0386248762509329
0.09	-0.121446832727851	0.00609878860138171	0.00713429475725892	-2.63859532916042	0.0251195535951718	0.0290958641868774
0.1	-0.149262454607844	0.00631224092551018	0.00738582535110258	-2.92449047274829	0.0178478300583171	0.0214996456323276
0.11	-0.179935011532271	0.00646091521191253	0.007569108383478	-3.2098888470685	0.0120979095249416	0.0153877314504052
0.12	-0.213456646053289	0.00655811538813884	0.0076973184850341	-3.49420585110288	0.0075034026034167	0.0104249428641385
0.13	-0.249813431022831	0.00661386582754621	0.00778040318014276	-3.77680970304545	0.00376450739327948	0.00631612295843176
0.14	-0.288984861007117	0.00663548438581105	0.00782562975965298	-4.05701622726708	0.000642602474033488	0.00281567933249883
0.15	-0.330943291177962	0.00662813701388287	0.0078380949023523	-4.33408063211411	-0.00205529161467276	-0.000266112430319563
0.16	-0.37565330853041	0.00659529998544573	0.00782119293463287	-4.60719309789036	-0.00447589269665247	-0.00308075144274041
0.17	-0.423071053855088	0.00653916167950332	0.0077769870914353	-4.87547325316453	-0.00673338980409325	-0.00574155064736287
0.18	-0.473143507034334	0.00646092872180224	0.00770654058045746	-5.13797046916749	-0.00890420269452498	-0.0083443125590365
0.189590052468748	-0.523598775598299	0.0063656356675792	0.0076145943178106	-5.3833249251269	-0.0109719018149489	-0.0108317150684429
0.199590052468748	-0.582260387934714	0.00924448245045342	0.0254428662196618	-6.34684161140821	0.585830567523916	3.57268554987534
0.209590052468748	-0.651057578055439	0.0217743780599714	0.0734681197756937	-7.51562558171111	2.60352447268138	5.01622736918826
0.219590052468748	-0.732880878512156	0.0645325170278699	0.119812467762357	-8.71265752370186	5.44551614764605	4.57591057794848
0.229590052468748	-0.821855084058047	0.120417410533201	0.166737620531215	-8.98673558347644	5.52751180928094	4.6521874488584
0.239590052468748	-0.911428245940814	0.172593395470326	0.210818715317427	-8.89508870031839	4.84194073420265	4.10349900994005
0.249590052468748	-0.99940682185823	0.216572175832188	0.248234152439425	-8.69422111259618	3.94396006002206	3.371494889493
0.259590052468748	-1.08531660485827	0.251597954810802	0.278279077913716	-8.4916891504364	3.07544355451518	2.64904969900976
0.269590052468748	-1.16935648384406	0.278458014924202	0.30153619390209	-8.32334624225954	2.31980312922279	2.01891842872324
0.279590052468748	-1.25192026810896	0.298442017609261	0.319041851151112	-8.19605653354867	1.6997521375394	1.5008463288978
0.28658361559697	-1.30899693899575	0.30905642242513	0.328460876622762	-8.12933163328361	1.34617813543198	1.20100483283183
0.29658361559697	-1.38607488153366	0.313965485584102	0.3271666571149	-7.2787806145965	-0.351975509374689	-1.48167626820134
0.30658361559697	-1.45440378352209	0.302275995691544	0.298368741759679	-6.37111751258519	-2.0161459911885	-4.23681745644248
0.31658361559697	-1.5123129177437	0.266174368533242	0.254908026572391	-5.33702416988965	-4.78841449167457	-4.54699988814835
0.32658361559697	-1.5642854574899	0.21550694354476	0.207741058770152	-5.15485983886956	-5.12880555551356	-4.72332424491938
0.33658361559697	-1.61672502520146	0.166441721673552	0.162687743779596	-5.37377207405596	-4.59673317739734	-4.22093557432633
0.34658361559697	-1.67220418025805	0.124503765680617	0.124095627046316	-5.73004734615166	-3.77407312067455	-3.48142637622358
0.35658361559697	-1.73131812834881	0.091008525236775	0.09299480067685	-6.08519984096137	-2.93843312242748	-2.74843603636219
0.36658361559697	-1.79368665013962	0.0653438386359741	0.0688087167016536	-6.37555011363243	-2.2160150253639	-2.11025263003313
0.372620246176551	-1.83259571459407	0.0530954195120449	0.0570827911821829	-6.51024560303346	-1.85079731858907	-1.78226951686931
0.382620246176551	-1.89349676024345	0.0304781343366952	0.022655748295347	-5.67085798325534	-2.65836410270348	-5.10828269579151
0.392620246176551	-1.94472757792069	-0.00845341773406904	-0.0323176853944572	-4.5463843396459	-5.42696188557566	-5.31370757365455
0.402620246176551	-1.98813773158516	-0.0664212974775204	-0.0870202358645161	-4.26509188390598	-5.86999773888026	-5.4668894843167
0.412620246176551	-2.03158074093401	-0.12252249496133	-0.139107671268025	-4.46605559236111	-5.25840095690945	-4.87554972549268
0.422620246176551	-2.07787353159023	-0.170627438244276	-0.183773203140028	-4.7975291965958	-4.3455529676182	-4.04665842727728
0.432620246176551	-2.12744138306011	-0.209488808308607	-0.220093415453638	-5.10560957942166	-3.44042584516689	-3.23187131183343
0.442620246176551	-2.17971246663345	-0.239851919966514	-0.24877828043276	-5.33300838005863	-2.65787605469281	-2.52454889011452
0.452620246176551	-2.23379430710761	-0.26312035098619	-0.271053927245225	-5.46786271892443	-2.02135880516702	-1.9511843941922
0.462620246176551	-2.28877715596107	-0.280756136830348	-0.288202416296475	-5.51527551901068	-1.52686580824615	-1.49852914801177
0.472620246176551	-2.34384822559315	-0.294068707782996	-0.301357795450394	-5.48766905795681	-1.15335653711068	-1.14860169370387
0.482620246176551	-2.39832692612954	-0.304142194348263	-0.311458096830677	-5.39888414474241	-0.875883425709138	-0.883472401383315
0.492620246176551	-2.4516644003445	-0.31183099230139	-0.319252629637291	-5.26139707264721	-0.672892846457694	-0.684842078100365
0.502620246176551	-2.50342819613261	-0.317787383395749	-0.325324038102486	-5.08568412939887	-0.527060391043566	-0.536005788811938
0.512620246176551	-2.55328219271903	-0.32250130627588	-0.330111224204962	-4.88079301216958	-0.421924108560386	-0.426512950855918
0.522620246176551	-2.60096932781238	-0.326327103286288	-0.333947144629762	-4.65339855360239	-0.347432092670149	-0.344728800651475
0.526313757476607	-2.61799387799149	-0.327569488005184	-0.335174047955545	-4.56488964067869	-0.325621430818327	-0.320240349451342
0.536313757476607	-2.66577404748045	-0.325990333489132	-0.324692061564883	-4.98757710288399	0.642027194966092	2.41012726578102
0.546313757476607	-2.71781409584416	-0.314009882926694	-0.288095106846446	-5.47500156560423	2.11319971671925	4.37323724635087
0.556313757476607	-2.77606652172161	-0.277774745766186	-0.246913871475314	-6.05624893095842	4.69682355757245	4.13205568151854
0.566313757476607	-2.83602552236779	-0.228746584776701	-0.204270028169858	-5.85030460017424	4.91970179282424	4.26031838425377
0.576313757476607	-2.89195904682174	-0.181797301618082	-0.163622249880795	-5.30317357461087	4.39828068882525	3.81162196295918
0.586313757476607	-2.94173018822434	-0.14155617656507	-0.128669521562774	-4.6449807441589	3.63785552615636	3.16476172085531
0.596313757476607	-2.98486678098562	-0.109043674357821	-0.10028406546816	-3.98788943165007	2.87609163973139	2.52176467220885
0.606313757476607	-3.02165503563636	-0.0836722743668817	-0.0779829319414524	-3.37938112614605	2.21832822688382	1.95502448588721
0.616313757476607	-3.05265112959111	-0.0642743757487445	-0.0608187439186124	-2.83001049098031	1.68346005733336	1.49321361013021
0.626313757476607	-3.07843876898605	-0.049629758214714	-0.0477694019836033	-2.33632281345513	1.26433122497904	1.13098691347616
0.636313757476607	-3.09953451928146	-0.0386609237503332	-0.0379188434268311	-1.8899112700466	0.944319457266962	0.851447065916331
0.646313757476607	-3.116362071835	-0.0304835191383228	-0.0305152314325533	-1.48111514011635	0.702624492878377	0.639198895910422
0.656313757476607	-3.12925415775683	-0.0244049492861699	-0.0249629016727661	-1.10152707140149	0.521851673030598	0.478909852121532
0.666313757476607	-3.13846632321748	-0.01989367371227	-0.0208036110842377	-0.744102006924029	0.387028128435586	0.358734550138481
0.676313757476607	-3.14419180685424	-0.0165488310981816	-0.0176882645846143	-0.403397229323249	0.286935511994599	0.268647974685184
0.686313757476607	-3.14657558724916	-0.0140699592107514	-0.0153540553098225	-0.0751961833352477	0.21280021656013	0.201137572363418
0.696313757476607	-3.14572590856622	-0.012232588120588	-0.0136045856549735	0.243778891649998	0.157552200817317	0.15103710388913
0.706313757476607	-3.1417230007045	-0.010871172950421	-0.0122914372165473	0.555793177315247	0.116892758203312	0.113265676055119
0.716313757476607	-3.13462669289248	-0.00986155884090115	-0.0113052800774683	0.862725519671783	0.0865917085379749	0.0852679049828946
0.726313757476607	-3.12448130588874	-0.00911268063635825	-0.0105631322588014	1.16579680514097	0.064334123661884	0.0641473152585305
0.736313757476607	-3.11132021920828	-0.00855619145732883	-0.0100037960793694	1.46599717727455	0.047818109444573	0.0484602908694176
0.746313757476607	-3.09516882923397	-0.00814170919105152	-0.00958085558103226	1.76395433909858	0.0356751233696481	0.0367331072494253
0.754279979061365	-3.08017589464917	-0.00788767227566316	-0.0093180352595584	2	0.0283777649670612	0.0295693997584
0.764279979061365	-3.058700255132	-0.00764012923462399	-0.00905852758853981	2.29487555351648	0.0214928870175974	0.0226913679659432
0.774279979061365	-3.0342833388385	-0.00745141623159854	-0.00885803296908502	2.58826207809507	0.0165217304400768	0.0176843622523575
0.784279979061365	-3.00694008925754	-0.00730467890834252	-0.00870028513453828	2.88012619538282	0.0130362029155036	0.0140755039955112
0.794279979061365	-2.97668635815082	-0.00718700787420089	-0.00857278215671877	3.17032329457501	0.0106600764581952	0.0115902827283751
0.804279979061365	-2.94354007588245	-0.0070885256607073	-0.00846563243699582	3.45858265696396	0.00916301560832922	0.0099716440533132
0.814279979061365	-2.90752239815452	-0.0070014813090726	-0.00837097859933654	3.74453066594875	0.0083468799336223	0.00906640477572449
0.824279979061365	-2.86865876891791	-0.00691973858006861	-0.00828238470510682	4.02768399040848	0.00808335385168942	0.00874227562410995
0.834279979061365	-2.8269799719817	-0.00683831152378401	-0.00819449395765063	4.30745808797495	0.00827033791588704	0.00891207209707398
0.844279979061365	-2.78252314726612	-0.00675307182179014	-0.0081027260156161	4.58316710178351	0.00883478883641401	0.0095089745219404
0.854279979061365	-2.73533278518747	-0.00666052733086175	-0.00800307464297287	4.85402664647527	0.00972486455799203	0.0104797877701243
0.864279979061365	-2.68546169211331	-0.00655765292605846	-0.00789198459612469	5.11915971494859	0.0108925386412635	0.0117935236840481
0.874279979061365	-2.63297190322546	-0.00644181891973463	-0.00776621905776124	5.37759687479587	0.012314840855757	0.0134063240644442
0.884279979061365	-2.5779355521658	-0.00631066969259595	-0.00762287128063465	5.62829170228309	0.0139463827641628	0.0153113251392526
0.894279979061365	-2.52043563307396	-0.00616217433587039	-0.00745923242417852	5.87011674256792	0.0157855035741901	0.0174533932042211
0.904279979061365	-2.46056669998989	-0.00599448664611816	-0.00727293921424534	6.10189409479058	0.0177732250649335	0.0198465407932039
0.914279979061365	-2.39843538179004	-0.00580611547171843	-0.00706178330316873	6.32238396350832	0.0199249352037989	0.0224122459036372
0.924279979061365	-2.33416081546015	-0.00559573048704826	-0.00682398735148824	6.53033265071288	0.0221660897541827	0.0251751141483171
0.934279979061365	-2.26787481782382	-0.00536240861420771	-0.00655796626314525	6.72445731884449	0.0245102275139478	0.0280472714783831
0.944279979061365	-2.19972194000177	-0.00510544552618404	-0.00626262205466346	6.90349920306985	0.0268918435990443	0.0310290789539844
0.954279979061365	-2.12985923167409	-0.004824530586648	-0.00593720162425611	7.06622355430053	0.0292859026998645	0.0340655000696474
0.964279979061365	-2.05845580748492	-0.00451972676916517	-0.00558138362349729	7.2114497679451	0.0316762511086203	0.0370850255648712
0.974279979061365	-1.98569218365822	-0.00419137828488182	-0.00519544075709894	7.33809208897955	0.0339713475595353	0.0401026405386041
0.984279979061365	-1.91175930090424	-0.0038403804991765	-0.00477994728925209	7.44514400950736	0.0362114993657009	0.0429723271970173
0.994279979061365	-1.83685743328537	-0.00346781191075833	-0.00433623378914727	7.53175655501699	0.0382806257589141	0.0457364491009582
1.00427997906136	-1.76119474075439	-0.00307527851391111	-0.00386595795023822	7.59720521715284	0.0401869658467244	0.0482904581620307
1.01427997906137	-1.68498573646995	-0.00266469181742403	-0.00337133086832537	7.64093796981159	0.0419058462294491	0.050574906684155
1.02427997906136	-1.60844956651306	-0.00223819014035227	-0.0028551435217663	7.66259635789488	0.0433430759133783	0.0526222021845326
1.03427997906137	-1.53180810623445	-0.00179839501453034	-0.00232036354721992	7.6619801557654	0.0445693415625435	0.0542769303500415
1.04427997906136	-1.45528412415032	-0.00134793742936998	-0.0017705881413511	7.63911637231	0.0454858726363577	0.0556004629438246
1.05427997906136	-1.37909927812591	-0.000889738053015821	-0.00120956967334394	7.59420832571047	0.0460883545082165	0.0565549724714858
1.06427997906136	-1.30347221290547	-0.000426905419329568	-0.000641187011725194	7.52763679576657	0.0464332585463331	0.0570451365030995
1.07427997906136	-1.22861677999192	3.75996358741834e-05	-6.96891840074066e-05	7.43999139136536	0.0464217853496958	0.0571787844714794
1.08427997906136	-1.15474025034574	0.000500620284355649	0.000500881250723639	7.33199497743315	0.0461181623892715	0.0568837733482617
1.09427997906136	-1.08204181784245	0.000959121633399849	0.00106646571097473	7.20452471205415	0.0455455873123879	0.0561530393744339
1.10427997906136	-1.01071125922178	0.00141029976812486	0.0016230104468528	7.05859920232998	0.0446435544362235	0.0550948622155307
1.11427997906136	-0.940927744966831	0.00185132504495886	0.00216691390834263	6.89530921192541	0.0435086012837263	0.0536415946126027
1.12427997906136	-0.872859005987419	0.00227970351235902	0.00269471376893072	6.71584161777799	0.0421436234613976	0.0518495189234166
1.13427997906136	-0.806660665337945	0.00269322891844467	0.00320324664757012	6.52144237454748	0.0405235882119917	0.0498176327702103
1.14427997906136	-0.742475787134943	0.00308980621408967	0.00368994001620127	6.31336184401469	0.0387560370733991	0.0474922517362913
1.15427997906136	-0.680434756652428	0.00346778748952112	0.00415246558660402	6.09288001083676	0.0368322562740747	0.0449641846870956
1.16427997906136	-0.620655284535185	0.00382582551893358	0.00458895000955845	5.86126186528307	0.0347517420921188	0.0423166883516774
1.17427997906136	-0.563242612807613	0.00416275753021133	0.00499812700264068	5.61972079812452	0.0326168176799816	0.0395095016780585
1.18427997906136	-0.508289968258845	0.00447788253882867	0.00537899653655023	5.36944507228594	0.0304122127684796	0.0366421688140001
1.19427997906136	-0.455879069316746	0.00477076248759589	0.00573103808222877	5.1115560403693	0.0281542275822685	0.0337728226865415
1.20427997906136	-0.406080777789796	0.00504116552320868	0.00605423707130542	4.84709144068384	0.0259236297398368	0.0308771680175552
1.21427997906136	-0.358955887504447	0.00528925104094561	0.00634880806304459	4.57702860051648	0.0237047203383963	0.0280409734601442
1.22427997906136	-0.314555904274318	0.00551537543185803	0.00661536335572031	4.30225343682241	0.0215197735662934	0.025297393403732
1.23427997906136	-0.272923898457627	0.00572006732327877	0.00685487015930739	4.02355783286829	0.0194277521668976	0.0226279052765799
1.24427997906137	-0.234095403560919	0.00590414753731578	0.00706842923947842	3.74166124195756	0.0174076295951106	0.0201023350482498
1.25427997906136	-0.198099255122632	0.00606854443120541	0.00725741693783127	3.45718824705966	0.0154803746644686	0.0177319163012992
1.26427997906137	-0.164958446967315	0.00621429193604028	0.00742340695462121	3.17067534064885	0.013686695547899	0.0154961418986809
1.27427997906136	-0.134690971219556	0.0063426068338072	0.00756799883119873	2.88259088564882	0.0120027336018238	0.0134444091972079
1.28427997906137	-0.107310569319297	0.00645472691365528	0.00769293607219313	2.59331987522545	0.0104442939419301	0.0115709618456969
1.29427997906136	-0.0828274666709324	0.006551934011995	0.00780000646022532	2.30317723172612	0.00902663328942945	0.00986372578586664
1.30427997906137	-0.0612490482751649	0.00663557638487742	0.00789094812383094	2.01242137337568	0.00772600578549431	0.00835109270257616
1.31427997906136	-0.042580439489889	0.00670693162982744	0.00796755221708648	1.72124387489609	0.00656796692386472	0.00699624576812391
1.32427997906137	-0.0268250642658068	0.00676730509986776	0.00803148899368679	1.42979470028729	0.00553212096998531	0.00581233708253508
1.33427997906136	-0.0139850946897128	0.00681792994610664	0.00808437739930505	1.13817738745085	0.00461437774045967	0.00478817502743862
1.34427997906136	-0.00406184798792678	0.00685996889094947	0.00812773872739443	0.846459391723765	0.00381099640512514	0.00390796465924699
1.35427997906136	0.00294389160015019	0.00689450612019064	0.00816296713846536	0.554680731531558	0.00311184622133565	0.00315995910502406
1.36427997906136	0.00703162733730221	0.00692252533852636	0.00819132216661602	0.262860271743366	0.00250618997494462	0.00252998272996528
1.37427997906136	0.00820097642170242	0.0069448989354185	0.00821391241764067	-0.0289965647791774	0.00198112383462339	0.00200375590314644
1.38427997906136	0.00645157118781273	0.0069623740060644	0.00823168733575584	-0.32089081412663	0.00152386020092762	0.00156454587455194
1.39427997906136	0.00178303369306225	0.00697556288059358	0.00824542725466794	-0.612822534937715	0.0011216737834384	0.00119359424887784
1.40427997906136	-0.00580497647863639	0.00698493919144856	0.00825573030873626	-0.904782756176172	0.000758681103904306	0.000874309067497961
1.41427997906136	-0.0163126382108157	0.00699082441572077	0.00826301373017593	-1.19674705923935	0.000421147507889204	0.000586178512399258
1.42427997906136	-0.029739773450314	0.00699338990400472	0.0082674995219765	-1.4886670250826	9.16866447553385e-05	0.000312023819865644
1.43427997906136	-0.0460855745473806	0.00699264374406429	0.0082692209528559	-1.78046417667728	-0.000243630071658028	2.97244461642226e-05
1.44427997906136	-0.0653482614121941	0.0069884377532964	0.00826800777140523	-2.07202113051929	-0.000602901513695638	-0.000278320398397514
1.45427997906136	-0.0875246619724309	0.00698045733101009	0.00826349515143028	-2.36317565250532	-0.00100133397104362	-0.000633393050706206
1.46427997906136	-0.112609723040607	0.00696822643329374	0.00825511697935908	-2.65371277177696	-0.00145509253981236	-0.00105542842332055
1.47427997906136	-0.140595950625827	0.00695111042417053	0.00824210679120576	-2.94335780481165	-0.00198157965989679	-0.00156231235909113
1.48427997906136	-0.171472781211795	0.00692831221813767	0.00822351022548249	-3.23177100130312	-0.00259312715668097	-0.00217696480056844
1.49427997906137	-0.205225894682149	0.00689889417484194	0.00819817206594024	-3.51853917509086	-0.00330893242698489	-0.00291240061572795
1.50427997906136	-0.241836462797566	0.00686176419133283	0.00816477279925543	-3.80317385265832	-0.00413649486288506	-0.00379342201949119
1.51427997906137	-0.281280358505276	0.00681571856361679	0.0081218034807595	-4.08510215295845	-0.00509543699762109	-0.00482716597922075
1.52427997906136	-0.323527312587755	0.00675941958426787	0.00806762789030071	-4.36366920374137	-0.0061869164158807	-0.00603908434363018
1.53427997906137	-0.368540059328305	0.00669146238173808	0.00800044555823755	-4.63812894815351	-0.00743055180161043	-0.00742752930766718
1.54427997906136	-0.416273449511271	0.0066103399092036	0.00791838802141968	-4.90765263423739	-0.0088176272595901	-0.00901909828446995
1.55427997906137	-0.46667359382492	0.00651454453820074	0.00781945998325756	-5.17131911077793	-0.0103689310421241	-0.0107979379384602
1.56427997906136	-0.519676999745741	0.00640250725382115	0.00770168751723595	-5.42813251726936	-0.0120610857027612	-0.0127934141017066
1.5650012582206	-0.523598775598363	0.0063937619337536	0.00769240504765074	-5.44636197507393	-0.0121919879417924	-0.0129414735716779
1.5750012582206	-0.582890130967624	0.00925914437928763	0.0254993170413052	-6.40972943775256	0.584353093051498	3.5704700115683
1.5850012582206	-0.652316321235003	0.0217830197686327	0.0734846328939225	-7.57785912806224	2.59966597345119	5.01633457468229
1.5950012582206	-0.734761651449213	0.0645067753560849	0.119822937487167	-8.77517003019237	5.44345134426387	4.57460053523319
1.6050012582206	-0.824362067542624	0.120376505755653	0.166735201115245	-9.04927800557645	5.52590563529956	4.65126986116144
1.6150012582206	-0.914558894793161	0.172535611839106	0.210805502575818	-8.95718107597689	4.83987266375587	4.1024692684247
1.6250012582206	-1.00315491712692	0.216490063208845	0.248209387603174	-8.755808460998	3.94234586773712	3.36876228562354
1.6350012582206	-1.08967472584832	0.251489184647008	0.278234462160574	-8.55204549775242	3.07159029677949	2.64803009964673
1.6450012582206	-1.17431407090899	0.278315038183657	0.301472573751666	-8.38279949704727	2.31656395663933	2.01652299047476
1.6550012582206	-1.25746596753616	0.298264456753391	0.318955829959042	-8.25426913711063	1.69649618369593	1.49832019785886
1.66126837805628	-1.30899693899575	0.307867967857114	0.327476831399389	-8.19281494493329	1.37664494979982	1.22764067162613
1.67126837805628	-1.38669623992196	0.313036609764217	0.326463490323233	-7.33953587503214	-0.330524857114209	-1.45215967391236
1.68126837805628	-1.45561922930925	0.301522596375459	0.297967103073645	-6.43022509172696	-1.99559745780491	-4.21618000623809
1.69126837805628	-1.51410360041842	0.26561674775318	0.254634907642229	-5.39214942711498	-4.77353748971787	-4.53762850466187
1.70126837805628	-1.56661092206051	0.215070243333082	0.207539315357624	-5.20699386126912	-5.11846173531266	-4.71864640200713
1.71126837805628	-1.61955950015327	0.16608875545961	0.162526098605575	-5.42351395553869	-4.59022388837923	-4.21717832418118
1.72126837805628	-1.67552777962874	0.124210519326234	0.123961181806643	-5.77811007209014	-3.76886731905608	-3.47917307234748
1.73126837805628	-1.73511461327962	0.0907622946770382	0.0928792975165762	-6.13172138108526	-2.93421964113107	-2.74677141326831
1.74126837805628	-1.79794100502995	0.0651368108803875	0.0687072430062604	-6.42048936933361	-2.21294198115664	-2.10837557541666
1.74661418668465	-1.83259571459414	0.0541972419032277	0.0582329258415925	-6.54066915267844	-1.88648356816667	-1.81656998494764
1.75661418668465	-1.89379200895151	0.0311986971333372	0.0234675482963722	-5.69975120333717	-2.6973908161262	-5.14351428153967
1.76661418668465	-1.94529769179984	-0.00822845399342292	-0.0316779756404999	-4.58152654882311	-5.45011213595748	-5.34332320429145
1.77661418668465	-1.98911058939774	-0.0663281344152793	-0.0865597461966702	-4.30956995473658	-5.87438395833758	-5.47678725355182
1.78661418668465	-2.03302294650591	-0.122421502890285	-0.138697029139383	-4.51477896800431	-5.2539191744597	-4.8765278132818
1.79661418668465	-2.07981241376874	-0.170459025816582	-0.183353323949477	-4.8477366359955	-4.33758661836291	-4.04392555629145
1.80661418668465	-2.12988374530764	-0.209233543758922	-0.219641054348504	-5.1558199348665	-3.43190763803002	-3.22768461718374
1.81661418668465	-2.1826541549093	-0.239512158027775	-0.248284888703833	-5.38277517506008	-2.64861128211001	-2.52190582266949
1.82661418668465	-2.23722695097033	-0.262701969571783	-0.270525555810852	-5.51633940792189	-2.01447329759239	-1.94747149036582
1.83661418668465	-2.29268925324838	-0.280271974961243	-0.287644272024337	-5.56233779699957	-1.52237659392338	-1.4941264216602
1.84661418668465	-2.34822674885413	-0.293535347608246	-0.300772303168463	-5.53375476638259	-1.14870869844174	-1.1466515209707
1.85661418668465	-2.403159689015	-0.303570543349898	-0.310853562269504	-5.44379548242962	-0.872098697643191	-0.882525589813977
1.86661418668465	-2.4569394534118	-0.31123130912618	-0.318635705589219	-5.30509080798772	-0.670326394485366	-0.684178591738091
1.87661418668465	-2.50913401322697	-0.317169462868626	-0.324698971683846	-5.12831190473293	-0.525131372677775	-0.536037448669275
1.88661418668465	-2.55940829577774	-0.321871910115175	-0.32948300772048	-4.92232339834923	-0.421074969780094	-0.426401426773212
1.89661418668465	-2.60750588034117	-0.325692568348963	-0.333318526358618	-4.69396132238925	-0.347290707961901	-0.344673551078827
1.89886138417026	-2.61799387799149	-0.32645752799389	-0.334076002526541	-4.64016769301385	-0.333825036021165	-0.329480863918843
1.90886138417026	-2.66654391463652	-0.324910654920187	-0.323699227499188	-5.06618431248626	0.643796937676185	2.39813173737853
1.91886138417026	-2.71938781590844	-0.312840272353159	-0.287273979651174	-5.55691911434424	2.12842009463579	4.35220999080789
1.92886138417026	-2.77844396608906	-0.276524186047721	-0.246210421269111	-6.13224106371347	4.68960324492991	4.13029636459713
1.93886138417026	-2.83913706097283	-0.227618630140991	-0.203618472948492	-5.92174413376147	4.90384586376949	4.25245116095672
1.94886138417026	-2.89577530944941	-0.180840061861313	-0.163066399418035	-5.37286074408713	4.37982730423683	3.80197146204628
1.95886138417026	-2.94624282099247	-0.140775754134121	-0.128216676811323	-4.71477532534355	3.62142197406241	3.15392583852436
1.96886138417026	-2.99007917315775	-0.108422097904963	-0.0999278606316365	-4.05835532390756	2.86210757273508	2.51187536109365
1.97886138417026	-3.02757559078319	-0.0831819693467192	-0.0777130285000469	-3.45025099813505	2.20443702552304	1.94961829761835
1.98886138417026	-3.0592878724812	-0.0638949541011034	-0.0606144722225812	-2.90192641172749	1.67282485959226	1.48824881246916
1.99886138417026	-3.08580017638524	-0.0493384473065545	-0.0476172819577647	-2.40909982070198	1.25613057042367	1.12687503880555
2.00886138417026	-3.10762778513436	-0.0384395885368122	-0.0378061349398511	-1.96352166011201	0.93864850491437	0.847420235106449
2.01886138417026	-3.12519367402881	-0.0303153105538562	-0.0304340367643001	-1.55521340758622	0.697922939472795	0.63652303269416
2.02886138417026	-3.13882922386564	-0.0242778210731907	-0.0249052667280913	-1.17604719972286	0.517980572499241	0.477222288356921
2.03886138417026	-3.14878903161439	-0.0197986647554076	-0.0207627165015007	-0.819069705735984	0.384289071617445	0.357232200291096
2.04886138417026	-3.15526589078186	-0.016477765983086	-0.017660322454811	-0.478649078413736	0.284618556835204	0.267828348832279
2.05886138417026	-3.15840399956654	-0.0140173833262919	-0.0153352048278478	-0.150730041789458	0.211024634340858	0.200571635653814
2.06886138417026	-3.15831111559526	-0.0121942572804982	-0.01359205720135	0.167984479608763	0.156343469746466	0.150468032212786
2.07886138417026	-3.1550670839806	-0.0108433670937914	-0.0122838440703808	0.479844265341159	0.115859974503992	0.112985878984467
2.08886138417026	-3.14873108943947	-0.0098421107555294	-0.0113009465461416	0.786626338080994	0.0859151521863915	0.0849205997080355
2.09886138417026	-3.13934699746217	-0.00909949938646283	-0.0105615333450429	1.08964948850039	0.0637407885895052	0.0639515417714706
2.10886138417026	-3.12694743455556	-0.00854817483205882	-0.0100041879863337	1.38984515137859	0.0474120883198948	0.0482048043105217
2.11886138417026	-3.11155706921235	-0.00813782829034697	-0.00958317097707156	1.68790698009845	0.0353021324849792	0.0365360081406718
2.12886138417026	-3.09319499132174	-0.0078313394524059	-0.00926365389901597	1.98424600990743	0.0264803956920576	0.0277704993883525
2.12939444443549	-3.09213306621833	-0.00781734642341894	-0.00924893693431231	2	0.0260860771898463	0.0273696345672955
2.13939444443549	-3.07065777288827	-0.00759007078115572	-0.0090083926509693	2.29482744210772	0.0197304772961411	0.0210383486001667
2.14939444443549	-3.04624096884184	-0.00741680619704298	-0.0088224842514972	2.58830968275657	0.0151870132013005	0.0163838373567803
2.15939444443549	-3.01889613133792	-0.00728190832254265	-0.00867622825788126	2.88042054044248	0.0119831250547075	0.0130679489017353
2.16939444443549	-2.98863767377016	-0.00717352978063759	-0.00855788049998311	3.1709980978041	0.00983933851294164	0.0107603035790643
2.17939444443549	-2.95548214374882	-0.00708245088733977	-0.00845826735032791	3.45978024088154	0.00849631208403918	0.00928397101964741
2.18939444443549	-2.91944929654012	-0.00700148158625645	-0.00836997438064362	3.74639018726204	0.00779367385258152	0.00847423539716166
2.19939444443549	-2.8805631675877	-0.00692486125017757	-0.00828693562358787	4.03034923858305	0.00760282532065164	0.00822459085611254
2.20939444443549	-2.83885309857276	-0.00684791428949065	-0.00820402208971862	4.31107192098878	0.00785022661398599	0.00843276615952546
2.21939444443549	-2.79435476890316	-0.00676669159924775	-0.00811686960618018	4.58787904823215	0.00844949330528052	0.00906258108430395
2.22939444443549	-2.74711117490096	-0.00667786177510686	-0.00802158296238075	4.85998601844597	0.00936681875666108	0.0100503299939745
2.23939444443549	-2.69717361618816	-0.00657848749220324	-0.00791470711533537	5.12651862901785	0.0105501055807169	0.0113785542794034
2.24939444443549	-2.64460261191708	-0.00646600933809897	-0.00779305027475448	5.38650613148177	0.0119856119935098	0.0129990011799567
2.25939444443549	-2.58946879118406	-0.00633810603833497	-0.00765373435091385	5.63890031612285	0.0136298392903904	0.0149077896407131
2.26939444443549	-2.53185367466782	-0.00619274827658034	-0.00749407198545028	5.88257163525858	0.0154733739312949	0.0170632686407643
2.27939444443549	-2.47185038561865	-0.00602811714189604	-0.00731165329148861	6.11633139532579	0.0174823675740619	0.0194524449849337
2.28939444443549	-2.40956421284575	-0.00584265309982677	-0.0071043101393813	6.33893909509224	0.0196314192500507	0.022048437656353
2.29939444443549	-2.34511302895765	-0.00563507740994623	-0.00687013834041948	6.54911812299291	0.0219069640130104	0.0248043320494062
2.30939444443549	-2.27862754628925	-0.00540433960163294	-0.0066076258796994	6.74558616237168	0.0242473729225586	0.0277240957131374
2.31939444443549	-2.21025132584763	-0.0051498060904296	-0.00631549793379615	6.92705175823864	0.0266712603474266	0.0307076362958988
2.32939444443549	-2.14014064384823	-0.00487103510579964	-0.00599306235687333	7.09227528626824	0.0290799658489043	0.0337888811747614
2.33939444443549	-2.06846401426625	-0.0045681072372151	-0.0056398785336059	7.24004662350883	0.0315006453469066	0.0368440400064121
2.34939444443549	-1.99540158288649	-0.00424133881815666	-0.0052561583581608	7.36925588470923	0.0338475344898926	0.0398805447981632
2.35939444443549	-1.92114417462185	-0.00389150719203115	-0.00484253213226844	7.478885315268	0.0360926031636532	0.0428336390241046
2.36939444443549	-1.84589215075139	-0.00351980776519892	-0.00440011525314739	7.56803919303397	0.0382322604013785	0.0456088778847891
2.37939444443549	-1.7698540663994	-0.0031276765126169	-0.00393071156834114	7.63599047952517	0.0401560527629207	0.0482428918188054
2.38939444443549	-1.69324503155995	-0.00271711319048525	-0.00343638556579432	7.68214721347879	0.0419180219996321	0.050579518858036
2.39939444443549	-1.61628504998535	-0.00229025139877942	-0.00291991410000743	7.70612745521938	0.0434230631113008	0.0526501330243455
2.40939444443549	-1.53919710409873	-0.00184959684764235	-0.0023844063471439	7.70772737711305	0.0446468069337051	0.0544115242277699
2.41939444443549	-1.46220521660598	-0.00139797646262798	-0.00183324792144786	7.68692694280885	0.0456341931859634	0.0557498551908887
2.42939444443549	-1.38553253968843	-0.000938195850578757	-0.00127037587878963	7.64393354940913	0.0462734859481146	0.0567544721803448
2.43939444443549	-1.30939933376233	-0.000473393386739324	-0.000699699827533308	7.57911458337747	0.0466219683170894	0.0573271092529592
2.44939444443549	-1.23402115559863	-6.69004042785675e-06	-0.000125361318378312	7.49303114495111	0.0466790387958151	0.0574556763274746
2.45939444443549	-1.1596071142717	0.000458882781539656	0.000448345203313615	7.38642527678322	0.0463781837121908	0.0572239647980626
2.46939444443549	-1.08635823103246	0.000920148766972832	0.0010174176938797	7.26015736312587	0.045818536749178	0.0565324139130166
2.47939444443549	-1.01446612468342	0.00137421966843619	0.00157778095244716	7.11524191666186	0.0449682917431117	0.0554540302043349
2.48939444443549	-0.944111811458399	0.00181836329712946	0.0021255879499278	6.95279667354088	0.0438084666925586	0.0540598257482863
2.49939444443549	-0.875464748502009	0.00224989122506486	0.00265747997817101	6.7739944648931	0.0424558540169658	0.0522689852493806
2.50939444443549	-0.808682226060496	0.00266657292198818	0.00317019405980814	6.58009540690784	0.0408660987160613	0.0502040848258054
2.51939444443549	-0.743908876811191	0.00306637798336545	0.00366095601093143	6.37237931641568	0.0390590661976968	0.0479175724786023
2.52939444443549	-0.681276472072667	0.00344747595279852	0.00412754050921996	6.1521195267019	0.0371351257542176	0.0453698545258033
2.53939444443549	-0.620903994024615	0.00380851815748282	0.00456796927623837	5.92060236257714	0.0350633126559974	0.0426819426459252
2.54939444443549	-0.562897806135487	0.00414838558113638	0.00498082868579121	5.67906942126558	0.0328834305347319	0.0398900630652743
2.55939444443549	-0.507352056952681	0.00446623390602548	0.00536520927587205	5.4287084446731	0.0306686780240173	0.0369886632191989
2.56939444443549	-0.454349251556403	0.00476163393226457	0.00572051215921404	5.17066234471864	0.0284081649360879	0.0340700411649937
2.57939444443549	-0.403960885206732	0.0050344043069239	0.00604660908770218	4.90599540518712	0.0261270100217298	0.0311783226241665
2.58939444443549	-0.356248194913053	0.00528457112505873	0.00634383626544145	4.63568213465023	0.0239027079656884	0.0282885743192707
2.59939444443549	-0.311263017569515	0.00551253330746934	0.00661273039791903	4.36063038162568	0.0217165333083411	0.0254847045863103
2.60939444443549	-0.269048623972633	0.00571888252438739	0.00685417268437424	4.08165503649693	0.0195745823668686	0.0228131096047106
2.61939444443549	-0.229640597210406	0.00590435233853767	0.00706937063929212	3.79947379099079	0.0175248587842854	0.020261802365661
2.62939444443549	-0.193067731386705	0.00606987098156916	0.00725971468856698	3.5147204755433	0.0155924971836546	0.017838137060346
2.63939444443549	-0.159352901393831	0.00621655230232239	0.00742670751817019	3.22795075301159	0.013762839672162	0.0155892238663176
2.64939444443549	-0.128513877552741	0.00634556212978236	0.00757204384881446	2.93963028654414	0.0120624396647102	0.0135047135005815
2.65939444443549	-0.100564135776851	0.00645818229079998	0.00769745710294242	2.65015361893456	0.0104856329856475	0.0116054487825696
2.66939444443549	-0.075513584621229	0.00655571351964353	0.00780476201085236	2.35983943564018	0.00904821166501765	0.00987939253173546
2.67939444443549	-0.053369259417924	0.00663951297863239	0.00789574224382544	2.06894644567916	0.00773704088297459	0.00834271342537173
2.68939444443549	-0.0341359275179285	0.00671090552855163	0.00797219312553645	1.77767047823594	0.00655970686208888	0.00698070241109574
2.69939444443549	-0.017816645203673	0.00677119617810916	0.00803585073339869	1.48615676030448	0.00551687221516832	0.00578156073315198
2.70939444443549	-0.00441323922509778	0.00682165932616889	0.00808835351025388	1.1945086528333	0.00459408209716564	0.00474687724959298
2.71939444443549	0.00607329284148406	0.00686348190730633	0.0081312653575661	0.902789211589114	0.00379161392607812	0.00385628616900155
2.72939444443549	0.0136424391264772	0.00689779183723699	0.00816600210203298	0.611035382034595	0.00308893520691251	0.00311075756754386
2.73939444443549	0.0182939221136274	0.00692559192352599	0.00819387623003429	0.319257668890011	0.00248494449878053	0.00248469368888162
2.74939444443549	0.020027503328822	0.00694778728162664	0.0082160345291507	0.0274536423717893	0.00196626681558841	0.001964513471207
2.75939444443549	0.0188428722302308	0.00696516082831804	0.00823346205601493	-0.264386640522562	0.00151765052103082	0.00153655508404948
2.76939444443549	0.0147396080839715	0.00697835504912351	0.00824698250572704	-0.556274509958063	0.00112871686733604	0.00117931299960272
2.77939444443549	0.00771721110750786	0.00698787967350076	0.00825723084364251	-0.848212854907514	0.000781463366542779	0.000878795785508803
2.78939444443549	-0.0022247860811449	0.00699408824168882	0.00826466634108851	-1.1401911921115	0.0004633084617324	0.000613119777333364
2.79939444443549	-0.015086638645332	0.00699718605620245	0.00826955071539343	-1.43217617925603	0.000156454514973427	0.000365577511306212
2.80939444443549	-0.0308681306886407	0.00699721431131556	0.00827195749687036	-1.72410591893913	-0.000153025256527474	0.000113967485856953
2.81939444443549	-0.0495682464814135	0.00699405703431904	0.00827175664884706	-2.01588103356768	-0.00048303373827962	-0.00015969270269052
2.82939444443549	-0.0711847647074007	0.00698743200523513	0.00826862141893323	-2.30735844104618	-0.000849538734843526	-0.000475998645034494
2.83939444443549	-0.0957137816895852	0.00697689260952326	0.00826202462152912	-2.59834379436437	-0.00126825447321605	-0.000855778603769778
2.84939444443549	-0.123149163618409	0.00696183176916236	0.00825123671151139	-2.88858410875279	-0.00175633716767597	-0.00131768839239107
2.85939444443549	-0.153481928862175	0.00694148165393446	0.0082353326937491	-3.17776160780426	-0.00232933236788959	-0.00188141840445366
2.86939444443549	-0.186699566006829	0.00691491879742121	0.00821319763376529	-3.4654875509152	-0.00300049748786997	-0.00256796466836129
2.87939444443549	-0.222785294058257	0.00688108144771122	0.00818352333435188	-3.75129522287302	-0.00378763175123816	-0.00339076842357923
2.88939444443549	-0.26171726465672	0.00683876156851135	0.00814484255108183	-4.03463803330526	-0.00469745550797041	-0.00437378584650091
2.89939444443549	-0.303467730422006	0.00678665028392521	0.00809550645530194	-4.31488106510039	-0.00574946232669734	-0.00552192636688123
2.90939444443549	-0.348002167398904	0.00672331343729951	0.00803375557532449	-4.59130507307578	-0.0069415548964175	-0.00686149996858062
2.91939444443549	-0.395278398797932	0.00664727065945982	0.00795767523226792	-4.86309695573768	-0.00829421068434786	-0.00838602661150688
2.92939444443549	-0.445245693623981	0.00655695144231395	0.00786531014399859	-5.1293613359804	-0.00979417999175178	-0.0101229726312786
2.93939444443549	-0.497843913965305	0.00645081150655435	0.00775459588787011	-5.38911059412741	-0.0114613878445309	-0.0120521272758251
2.94412066692634	-0.523598775598434	0.0063946871698237	0.00769530541400316	-5.50930546502961	-0.0123008944018127	-0.0130377124512397
2.95412066692634	-0.583519022710843	0.00925793044066471	0.0255011268131894	-6.47253954366983	0.584027023408411	3.5702947992153
2.96412066692634	-0.653571316851431	0.0217734586444278	0.0734875245398838	-7.6402957289265	2.59871689132538	5.01597410750355
2.97412066692634	-0.736634957438853	0.0644709734026409	0.119827992542558	-8.83691861976339	5.44168109468507	4.57264490790519
2.98412066692634	-0.82685244242171	0.120323322843767	0.166723607530297	-9.11090280020517	5.5242262138146	4.64958550022648
2.99412066692634	-0.917663020916848	0.172461703924527	0.210778422460375	-9.01831619921992	4.83764486893306	4.1006590641631
3.00412066692634	-1.00686701542822	0.216390691337471	0.24816274189969	-8.81603025405061	3.93841275935492	3.3679599048014
3.01412066692634	-1.09398617381412	0.251355288568665	0.278169301389104	-8.61169636301079	3.06881344977373	2.64494885299034
3.02412066692634	-1.17921588056804	0.278146444550953	0.301382425123577	-8.44125003315932	2.31274360041306	2.01426208134393
3.03412066692634	-1.26294667862294	0.298059279371525	0.318840705620686	-8.31150089889658	1.69267235289531	1.4960652888092
3.03968048279666	-1.30899693899575	0.306657175670848	0.326469770116149	-8.25563786355504	1.40683291387981	1.25362295113924
3.04968048279666	-1.38731115132083	0.312083405358619	0.325730299292052	-7.39966157241286	-0.309199436359727	-1.42338627547942
3.05968048279666	-1.45682201245722	0.300743811568367	0.297528337395015	-6.48859471788978	-1.97594376541218	-4.19501715431864
3.06968048279666	-1.51588517132211	0.265061984763499	0.254312315261788	-5.44766065077705	-4.75715566197775	-4.52596011699744
3.07968048279666	-1.56892946775789	0.214649429568191	0.207302676066451	-5.25866615425464	-5.10979499350026	-4.70983267826632
3.08968048279666	-1.62238553310879	0.165755250872788	0.162339753518373	-5.47250004002661	-4.58620167945973	-4.20944283846088
3.09968048279666	-1.67883858970132	0.123930932097706	0.123815225466824	-5.82613620085143	-3.76199852110266	-3.47856713766327
3.10968048279666	-1.73889484577255	0.0905311488376382	0.0927525905860662	-6.17770273821383	-2.93079534862556	-2.74408663556487
3.11968048279666	-1.80217453709853	0.0649416597233779	0.0685983870769754	-6.46503877796229	-2.20982041562616	-2.1066143262172
3.12434680113336	-1.83259571459405	0.0553103418346029	0.0593791683538996	-6.57084594619461	-1.9215205314954	-1.85164261201618
3.13434680113336	-1.89408481165078	0.0319378392977242	0.0242660156720274	-5.72857313922293	-2.73450739951014	-5.18147230207014
3.14434680113336	-1.94584940950883	-0.00804453010027493	-0.0309847848760584	-4.61291497950167	-5.48508113655139	-5.3666179244619
3.15434680113336	-1.99004924359713	-0.0663021351029609	-0.0860647326087912	-4.35326133745023	-5.87893001659939	-5.48927287193551
3.16434680113336	-2.03442537135082	-0.1223875539006	-0.138266340252381	-4.56345470336422	-5.2475505859309	-4.88019006302298
3.17434680113336	-2.08171028573763	-0.170347095444927	-0.182924532228997	-4.89767089244059	-4.32966089715005	-4.04057439060396
3.18434680113336	-2.13228428418643	-0.209026618151018	-0.219182088310465	-5.20597055495699	-3.4225576566105	-3.22362916039437
3.19434680113336	-2.1855536100217	-0.239211621851205	-0.247786982128447	-5.4324292816521	-2.63880858575879	-2.51902460182747
3.20434680113336	-2.24061624779549	-0.262317064540141	-0.269991221706857	-5.56495005623471	-2.00568807862228	-1.94529424675762
3.21434680113336	-2.29655666101223	-0.279815968616167	-0.287079450445892	-5.60964729170239	-1.51530778798588	-1.49223804863259
3.22434680113336	-2.35255952405991	-0.293022561031887	-0.300183586852306	-5.57970575774426	-1.14342199246175	-1.14496682470932
3.23434680113336	-2.40794509019099	-0.303014241175865	-0.31024762601705	-5.48838600367303	-0.868612284762017	-0.880805832445746
3.24434680113336	-2.46216512772411	-0.310643577639865	-0.318018000243884	-5.34842363123889	-0.668253687141172	-0.682594134207836
3.25434680113336	-2.51478820651123	-0.316561264991517	-0.324073134503885	-5.1706143647885	-0.523517813381295	-0.535440017884698
3.26434680113336	-2.56548044890875	-0.321250638689234	-0.328853887867757	-4.96358326741473	-0.420283422008138	-0.426034184195986
3.27434680113336	-2.61398610987273	-0.325065219270872	-0.332688531373771	-4.73434832999485	-0.346756902291635	-0.344959558501423
3.27519514495395	-2.61799387799151	-0.325357139228752	-0.332978751207397	-4.7140456006768	-0.341683827163469	-0.339015075447437
3.28519514495395	-2.66729965657951	-0.323839523082358	-0.322709971929127	-5.14336832535615	0.645827115832	2.38587611014872
3.29519514495395	-2.72093009773815	-0.311696623798168	-0.286429468612721	-5.63702643448468	2.14134749026818	4.33468031215064
3.30519514495395	-2.78076727914022	-0.275329254914328	-0.245465742335467	-6.20604248266407	4.68102627689691	4.12656696935951
3.31519514495395	-2.84217641837121	-0.226550300098624	-0.202942743598845	-5.99175148856677	4.88867161199967	4.24271867796417
3.32519514495395	-2.89950585807991	-0.179937078763611	-0.162496130759975	-5.44134714982272	4.36227364039185	3.79144735123783
3.33519514495395	-2.95065821797764	-0.140040622968827	-0.127755133910677	-4.78332528172282	3.60521630684354	3.14352739973366
3.34519514495395	-2.99518320708607	-0.107837566311881	-0.0995650287476015	-4.12760514638663	2.84834108382131	2.50254990396753
3.35519514495395	-3.03337619090583	-0.0827238018161253	-0.0774343843800202	-3.52028532938351	2.19271407749138	1.94236568359172
3.36519514495395	-3.06579350114257	-0.0635405800409687	-0.0604028940091664	-2.97287875663305	1.66369843236573	1.4821141912839
3.37519514495395	-3.0930190217798	-0.0490664955925529	-0.047458868177852	-2.48082145665248	1.24896616025172	1.12203650665214
3.38519514495395	-3.11556702972077	-0.0382320164431875	-0.0376892425875069	-2.03584852958223	0.932811210006403	0.844001330243918
3.39519514495395	-3.13385927017781	-0.0301582859058392	-0.030348170771774	-1.62813309077603	0.693559539080178	0.633754030518709
3.40519514495395	-3.14822638389385	-0.0241594257778273	-0.0248431573098869	-1.24941522298562	0.514513279061938	0.475288514050709
3.41519514495395	-3.15892206679634	-0.0197101222068679	-0.0207179741022134	-0.89286361921168	0.381737774333539	0.35568687922262
3.42519514495395	-3.16613856177576	-0.0164119446439709	-0.0176283978270314	-0.55280521835969	0.282761663455243	0.266595364413579
3.43519514495395	-3.17001957434472	-0.0139686883968623	-0.0153127733929375	-0.225181543273593	0.209612757563158	0.199676883245289
3.44519514495395	-3.17067240095952	-0.0121584910675025	-0.0135765634889655	0.0932840682543242	0.155239378962794	0.149859271772434
3.45519514495395	-3.16817645256767	-0.0108174470843287	-0.0122733243781914	0.404927117260882	0.115023663739217	0.112539805485747
3.46519514495395	-3.16259048820582	-0.00982371274705802	-0.0112940497094224	0.711535850222168	0.0852871952853924	0.0845740342291244
3.47519514495395	-3.15395789559972	-0.00908686243348713	-0.0105574258537826	1.01444723435299	0.0632215483907974	0.0637186184015356
3.48519514495395	-3.14231070758709	-0.008540086486574	-0.0100023165243909	1.31459602675492	0.0469534808096963	0.048060272469374
3.49519514495395	-3.12767286294953	-0.0081335763646384	-0.00958311944010429	1.61267342032935	0.0349513321174605	0.0363575629492949
3.50519514495395	-3.1100626285714	-0.00783030879923308	-0.00926547382323101	1.90913926907439	0.0261255034199325	0.0276409257801052
3.50826937562925	-3.10405380702155	-0.00775337061040253	-0.00918400757296687	2	0.0239377792965098	0.0254236553123563
