=========================== Parameters =====================================
l1 [m]	l2 [m]	l3 [m]	c1 [m]	c2 [m]	c3 [m]	m1 [kg]	m2 [kg]	m3 [kg]
0.18
0.1
0.4058
0.9
0.5
0.1
0.1564
0.23764
0.1564
============================== Data ========================================
t [s]	th1 [rad]	th2 [rad]	th3 [rad]	th1d [rad/s]	th2d [rad/s]	th3d [rad/s]
0	0	0	0	0	0	0
0.01	-0.000580473965361808	-0.000241977015258378	-0.000299715765243281	-0.116640345524284	-0.0479360162357848	-0.0476756859013932
0.02	-0.00234351039504722	-0.000940346521238051	-0.000822781863369185	-0.236494973907682	-0.0905478029762061	-0.0538187985652908
0.03	-0.00532080361304101	-0.00202681923471216	-0.00134504059819761	-0.359477695352198	-0.125384038106735	-0.0499876293057434
0.04	-0.00954314310571297	-0.00342064928290406	-0.00181746036573569	-0.485482217063001	-0.152025996604301	-0.0444667931517504
0.05	-0.0150399897989051	-0.00504086460574559	-0.00223558386937352	-0.614347500447506	-0.170734696751212	-0.039255909801667
0.06	-0.0218389153681896	-0.00681069876891488	-0.00260476767090918	-0.745857934092064	-0.182055353414478	-0.0346848735284188
0.07	-0.0299650992713219	-0.0086596487654926	-0.00293118363267809	-0.879752438382603	-0.186682190636681	-0.0306814545300773
0.08	-0.039440928426373	-0.0105246307088003	-0.00321983898891262	-1.01573541905818	-0.185397171184548	-0.0271111287731727
0.09	-0.0502857061376339	-0.0123506546587495	-0.00347445858516785	-1.15348746037806	-0.179031573022121	-0.0238576357172605
0.1	-0.0625154635090024	-0.0140911626289595	-0.00369776365075775	-1.29267506599758	-0.168435940517037	-0.0208368181176654
0.11	-0.0761428624194522	-0.0157080915412431	-0.00389178384635521	-1.43295920590987	-0.154454838157575	-0.0179935776034223
0.12	-0.0911771775730885	-0.0171717035983442	-0.00405811668773366	-1.5740025755634	-0.137905510202725	-0.0152955004288844
0.13	-0.107624344577346	-0.0184602217236905	-0.00419812284672102	-1.71547554224844	-0.11956021103056	-0.0127266782826687
0.14	-0.125487060984071	-0.0195593061573991	-0.00431306432072663	-1.85706079733181	-0.100132085132228	-0.0102825070551059
0.15	-0.144764927583952	-0.0204614070126862	-0.00440419582352737	-1.99845676556171	-0.0802644505414937	-0.00796552099321074
0.16	-0.165454617891234	-0.021165025880647	-0.00447281923309785	-2.13937984851376	-0.0605232877869477	-0.00578214700112816
0.17	-0.187550064632158	-0.0216739173454391	-0.00452030959525484	-2.27956559953571	-0.0413926886346749	-0.00374023868868328
0.18	-0.211042653104516	-0.0219962586214364	-0.00454811982034949	-2.41876894282011	-0.0232729822730404	-0.0018472608281856
0.19	-0.235921412459054	-0.0221438125676655	-0.00455777000307197	-2.55676355992072	-0.00648123197274955	-0.000109012300989883
0.2	-0.262173197222632	-0.0221311061883642	-0.00455082625980005	-2.69334057357153	0.00874621839878549	0.00147120803859503
0.21	-0.28978285269877	-0.0219746434941361	-0.00452887309364022	-2.82830666152853	0.0222494728127806	0.00289307428285359
0.22	-0.318733359209181	-0.021692168362902	-0.00449348253970593	-2.96148173280534	0.0339394075159591	0.00415941534973239
0.23	-0.349005951450205	-0.0213019898757046	-0.00444618269087077	-3.09269629557599	0.0437909022779194	0.00527616638888203
0.24	-0.380580210505499	-0.0208223795676394	-0.00438842764020878	-3.22178864061251	0.0518352738357587	0.00625214217088529
0.25	-0.413434127259945	-0.0202710471745813	-0.00432157038738576	-3.34860195682293	0.0581521874912318	0.00709867796227559
0.26	-0.44754413708238	-0.0196646988067828	-0.00424683983217556	-3.47298148663179	0.0628613004069537	0.00782917733362028
0.27	-0.482885126672981	-0.0190186790659916	-0.00416532261107419	-3.59477181893569	0.0661138656630032	0.00845860099810815
0.28	-0.519430414894614	-0.0183466964602572	-0.00407795021636316	-3.71381440646229	0.0680845003499761	0.00900292599189558
0.281120407459344	-0.523598775598299	-0.0182703292651138	-0.00406783102022268	-3.72697372691861	0.0682336677614473	0.00905926698039286
0.291120407459344	-0.561988122289596	-0.0172673663692095	0.00973915030275529	-3.95049711336798	0.132532302801147	2.75171280664803
0.301120407459344	-0.602598999606455	-0.0156042130203141	0.0507621457343256	-4.17037404525689	0.210493561201957	5.303610488084
0.311120407459344	-0.645333690386509	-0.0124155374716646	0.106576090348005	-4.37415414856997	0.450182010475277	5.52744670007118
0.321120407459344	-0.690052412108798	-0.00638313571237457	0.158116352499879	-4.56863122687651	0.760089802086865	4.72139291384679
0.331120407459344	-0.736691369296226	0.00279645420922926	0.200739903186438	-4.75849546252976	1.07461942655512	3.81365017627211
0.341120407459344	-0.785209098031447	0.01506901229766	0.234801879667616	-4.94435415036372	1.37754541666683	3.02287478001248
0.351120407459344	-0.835563487372225	0.0302974813070624	0.261694126300857	-5.12571275093634	1.66563968818751	2.37915505744114
0.361120407459344	-0.887705830303378	0.0483317953230919	0.282823226497897	-5.3018127580591	1.93875444219231	1.86652197444762
0.371120407459344	-0.94157956093501	0.0690235837288483	0.299382949722251	-5.47185877401055	2.19716960073848	1.46142392136069
0.381120407459344	-0.997120237722559	0.0922264723196674	0.312337708679563	-5.63507542240183	2.44096161222379	1.14223372055627
0.391120407459344	-1.05425576874295	0.117793184839749	0.322454132498743	-5.79068877689219	2.66981761106626	0.89109858542503
0.401120407459344	-1.11290379521011	0.145564158892267	0.330342795770694	-5.93562252904095	2.87638188077472	0.697727831161319
0.411120407459344	-1.1728227506983	0.174938227027654	0.336674831357237	-6.0404882736099	2.97858610722062	0.577698565617811
0.421120407459344	-1.23356815787761	0.204768721033584	0.342007651414673	-6.10175138956925	2.970564960374	0.492607877123636
0.431120407459344	-1.29472987079232	0.234038912409201	0.346579110610429	-6.12465024031273	2.86934894050996	0.423647646476633
0.433449724440809	-1.30899693899575	0.240682379356796	0.347548890185175	-6.12505871082546	2.83419879031982	0.409063104100394
0.443449724440809	-1.36968156983211	0.267941199674247	0.336157788721748	-6.00992940616291	2.61592614736832	-2.68537427309065
0.453449724440809	-1.42915382290895	0.292918913361777	0.294551454008896	-5.88325736734576	2.3518038610148	-5.27380992349408
0.463449724440809	-1.48733733230617	0.314231863926363	0.240613026766009	-5.75270369593845	1.89079573530389	-5.25008132044432
0.473449724440809	-1.5441882160922	0.330544986469417	0.192010152831289	-5.61631897515087	1.36839715626897	-4.42800157272432
0.483449724440809	-1.59963846910671	0.341588970106049	0.152152236077849	-5.47240802193052	0.841341052347123	-3.55696214757442
0.493449724440809	-1.65360932562802	0.347405620678229	0.120436847036622	-5.320408813073	0.323989637507709	-2.81006935064998
0.503449724440809	-1.70601990650017	0.348111954713427	0.0954692667344332	-5.16040217873158	-0.180515954894266	-2.20606339098492
0.513449724440809	-1.75679216131963	0.343840041628866	0.0758983865961924	-4.99284172881341	-0.671617264797192	-1.72693221341148
0.523449724440809	-1.80585385931131	0.334725109528217	0.0605922543270229	-4.8184228130954	-1.14906312015208	-1.34936170876569
0.529057955211993	-1.83259571459405	0.327545186369283	0.0535271871596398	-4.71792295331582	-1.41068241696985	-1.17411214831522
0.539057955211993	-1.87878180189427	0.312265639161203	0.0273371277553484	-4.5181386765508	-1.6442337171686	-4.05956465556571
0.549057955211993	-1.92294601272446	0.294560362098678	-0.0258500314911388	-4.31648023927319	-1.93000889073866	-6.08226284230392
0.559057955211993	-1.96515027239921	0.273106648730629	-0.0857008773159969	-4.12545054342757	-2.37256000511439	-5.6802015823383
0.569057955211993	-2.00546568680464	0.247046956158582	-0.137720774047024	-3.93786314956987	-2.83772031251992	-4.70305344356546
0.579057955211993	-2.04390995877183	0.216424572511285	-0.179879579211661	-3.7510682558828	-3.28197227193225	-3.75006371110486
0.589057955211993	-2.08048915840539	0.181512013286749	-0.213251231298765	-3.56493770415891	-3.69515764867743	-2.95174584706881
0.599057955211993	-2.11521366167702	0.142629667482918	-0.239448141561819	-3.38030365251999	-4.07595448197568	-2.31230357850022
0.609057955211992	-2.14810399699709	0.100098696091746	-0.25994791378807	-3.19830090194336	-4.42503605973242	-1.80787439764351
0.619057955211992	-2.17919236032185	0.0542314218119497	-0.275968100284262	-3.02009957362655	-4.74337673866201	-1.41227171727698
0.629057955211992	-2.20852250352096	0.0053311334726393	-0.288481409865795	-2.84709312718774	-5.03104273399476	-1.10330130736737
0.639057955211992	-2.23624511450774	-0.0460300935493262	-0.298388369923612	-2.70885280721345	-5.20695185785721	-0.898162350109621
0.649057955211992	-2.26292045706588	-0.0981569325048486	-0.306702844663016	-2.63635906335096	-5.18881265454254	-0.772266870079507
0.659057955211993	-2.28915660334311	-0.149269163823901	-0.313928100903954	-2.61912518478652	-5.0094662493714	-0.675998633190476
0.669057955211993	-2.31544843523831	-0.197916281835667	-0.320268324317196	-2.64553149215573	-4.70108732739237	-0.593755536338787
0.679057955211993	-2.34217203783154	-0.242969408547423	-0.325828307661074	-2.70256241471636	-4.29866952073373	-0.517204564227786
0.689057955211993	-2.36950748020784	-0.283837626191676	-0.33056390615933	-2.7641931215272	-3.87408268557453	-0.430166391630787
0.699057955211993	-2.39744791084658	-0.320434098709195	-0.334458289830756	-2.82337648968897	-3.44457551151835	-0.350926740092217
0.709057955211992	-2.42596289118335	-0.352720543429172	-0.337630604363254	-2.87893459713228	-3.01249171399249	-0.285884053839262
0.719057955211992	-2.45501160275197	-0.380683286241395	-0.340220041918047	-2.9300016402488	-2.58020265163096	-0.234000571372608
0.729057955211992	-2.48454593089667	-0.40433061395703	-0.342346545118234	-2.97597863612512	-2.14970460218297	-0.192894600507943
0.739057955211992	-2.51451297544784	-0.423688590558111	-0.344106217116755	-3.01650250121919	-1.72255653916326	-0.160286288356597
0.749057955211992	-2.54485726140416	-0.438796775226144	-0.345574267956427	-3.05141639397172	-1.2999054083684	-0.134291231963954
0.759057955211992	-2.57552265292702	-0.449704331819002	-0.346809079297688	-3.08074008249747	-0.882533645275863	-0.113420006553745
0.769057955211992	-2.60645397395738	-0.456466638495324	-0.3478558476719	-3.10464104264208	-0.470910024404932	-0.0965132488783417
0.772770357984399	-2.61799387799149	-0.457933747911499	-0.348203897170738	-3.11218844200972	-0.319610252457302	-0.091057618465238
0.782770357984399	-2.64921935458256	-0.460204152350225	-0.334405091014519	-3.13216313087663	-0.135191510532497	2.84921181553484
0.792770357984399	-2.6806276507669	-0.460581803121486	-0.292125306519315	-3.14873627495228	0.0870856772155135	5.23303193909438
0.802770357984399	-2.71217027274956	-0.457785192596807	-0.239031155966648	-3.15868505324613	0.489181803001265	5.1447424900385
0.812770357984399	-2.74378235336296	-0.450656158615376	-0.191427686351839	-3.16293311730917	0.938247456402174	4.33990906099478
0.822770357984399	-2.77541571019907	-0.439034818726162	-0.152301350242541	-3.16319387949188	1.38407659716287	3.49944124664643
0.832770357984399	-2.80703723647277	-0.423021986258868	-0.12101950650565	-3.1607399205161	1.81604925125886	2.77997950274773
0.842770357984399	-2.83862439398258	-0.402761106047994	-0.0962411270247365	-3.15644206782901	2.23393937786042	2.19728891538529
0.852770357984399	-2.8701620615326	-0.378383175180563	-0.0766757825483175	-3.15093421035289	2.63984955454843	1.73374294630313
0.862770357984399	-2.90164069822648	-0.34999634283128	-0.0612430913062675	-3.14470884649831	3.03608285607545	1.36720817761447
0.872770357984399	-2.93305515412633	-0.317687066052232	-0.0490743781919207	-3.13815503023163	3.4246388771299	1.07796011949349
0.882770357984399	-2.96440301905059	-0.281525725487458	-0.0394795067223276	-3.13052095742163	3.80406171860541	0.851799464877635
0.892770357984399	-2.99553485597576	-0.241998824133675	-0.03171347399389	-3.08640910499838	4.07386582748026	0.714897857244002
0.902770357984399	-3.02595175630921	-0.20056246123127	-0.0250201908884895	-2.98847762074092	4.18933733485782	0.628330613489084
0.912770357984399	-3.05514472705303	-0.158661759795768	-0.0190924844455784	-2.84266809791156	4.16990296096064	0.558978854282075
0.922770357984399	-3.08266768911886	-0.117548986257626	-0.013817535861019	-2.655707098389	4.03528321030495	0.496817005357724
0.932770357984399	-3.10814485806087	-0.0782740576689393	-0.0091449047644516	-2.43676592737534	3.81166619027584	0.4349222870903
0.942770357984399	-3.13139511020307	-0.0413335928984868	-0.00518595679138293	-2.21320004930021	3.57615205265823	0.356457563797962
0.952770357984399	-3.15240770145033	-0.00675764652955182	-0.00199017016986147	-1.98927954329196	3.33871850048573	0.28460027663172
0.962770357984399	-3.17118022615281	0.0254350581597861	0.00054865024016182	-1.76521374466449	3.0995824054787	0.225266771192712
0.972770357984399	-3.18771193592891	0.0552300950102701	0.00255505021059464	-1.54113420047688	2.85927420828019	0.177837305077977
0.982770357984399	-3.20200315379195	0.0826182920971677	0.0041384764755438	-1.31712657805721	2.61828722126409	0.140327876706819
0.992770357984399	-3.21405488173555	0.107594833584235	0.00538805765400624	-1.09324227989589	2.37699427535919	0.110762779665061
1.0027703579844	-3.22386849004199	0.130157987158541	0.00637461288495813	-0.869504384174718	2.135640347101	0.0874728603525213
1.0127703579844	-3.23144545716693	0.150307880557262	0.00715392103572797	-0.64591216057651	1.89435513561662	0.0691144523554063
1.0227703579844	-3.2367871526775	0.168045433283204	0.00776976761673232	-0.422445248467936	1.65317023607164	0.0546236964279387
1.0327703579844	-3.23989466141694	0.183371463524824	0.00825647574686162	-0.199067738655669	1.41203665737733	0.0431635705557711
1.0427703579844	-3.24076864814304	0.196285966834136	0.00864093523008264	0.0242678144221147	1.17084157413549	0.0340774173879561
1.0527703579844	-3.23940926189028	0.206787557501098	0.00894420971252682	0.247616462054454	0.929424111323406	0.0268510285668621
1.0627703579844	-3.23581607920191	0.214873063200362	0.00918280428610082	0.471037017527859	0.687590236699231	0.0210824382052775
1.0727703579844	-3.22998808539999	0.220537264779452	0.00936966388892406	0.694588289313502	0.445126928276628	0.0164580636004932
1.0827703579844	-3.22192369323426	0.223772774928083	0.00951495947539644	0.918325367136244	0.201815817902603	0.0127339244321656
1.0927703579844	-3.2116207985456	0.224570051543806	0.00962670728077367	1.14229592661649	-0.0425534777739523	0.00972088474224389
1.1027703579844	-3.19907687295727	0.222917543715052	0.00971125700455675	1.36653651206968	-0.288170131019854	0.00727306884211299
1.1127703579844	-3.184289094024	0.218801970257806	0.00977367714607055	1.59106875511746	-0.535188788195553	0.00527877591912892
1.1227703579844	-3.16725451368472	0.212208732552702	0.00981805969701951	1.81589548914274	-0.783715999555984	0.00365335751739051
1.13094993183423	-3.15164843308816	0.204962864211169	0.00984331511046114	2.00000000000032	-0.988155681514215	0.00255333178742932
1.14094993183423	-3.13052214557349	0.193825901993025	0.0098631194867125	2.22529218833209	-1.23948645150737	0.00144883875737425
1.15094993183423	-3.10714203216324	0.18016836454757	0.00987306344800323	2.45075035805387	-1.49224496664283	0.000576332819150771
1.16094993183423	-3.08153225383421	0.164050015695073	0.00983755328967333	2.66682917971298	-1.71908224482361	-0.0128769626856792
1.17094993183423	-3.05390028936942	0.146049168822137	0.00956537175369028	2.85496230240581	-1.86854181146048	-0.041871347429793
1.18094993183423	-3.02452125626657	0.126917978053967	0.0090124836605587	3.01663505581932	-1.94636798995228	-0.0675663793399589
1.19094993183423	-2.99364731973776	0.107335660703925	0.00823959517054829	3.15439779081805	-1.96005859077275	-0.0856924806517701
1.20094993183423	-2.96150350600707	0.0879038441901351	0.00732408239076675	3.2711047746358	-1.91765337779962	-0.0962215454212122
1.21094993183423	-2.92828531312023	0.0691412405844504	0.00633702892426225	3.36978731780127	-1.82766187364516	-0.100200834561832
1.22094993183423	-2.8941575274458	0.0514800856356739	0.00533779941355515	3.45353826657591	-1.69882590381839	-0.0988598244117673
1.23094993183423	-2.85925413509382	0.0352651403780887	0.00437363529202454	3.52540879371628	-1.53985567623747	-0.0933750896741369
1.24094993183423	-2.82367919349056	0.0207552467028154	0.00348054744039707	3.58832010079076	-1.35918730511232	-0.0848118389590715
1.25094993183423	-2.78750850368375	0.00812712630761422	0.00268450608156355	3.64499173462044	-1.16477811203389	-0.0741125965773845
1.26094993183423	-2.75079191477869	-0.00251898521179322	0.00200266483546325	3.69788676704914	-0.963944576311874	-0.0620988311209554
1.27094993183423	-2.71355609611746	-0.0111522967020988	0.00144454714770112	3.7491728133565	-0.763242514938524	-0.0494760590131906
1.28094993183423	-2.67580762747577	-0.0178034200298153	0.00101317636531863	3.80069706738844	-0.568386266568798	-0.0368397937153764
1.29094993183423	-2.63753627767075	-0.0225556968413113	0.000706145309292487	3.85397322702833	-0.384202335971505	-0.0246816469847037
1.30094993183423	-2.59871836309879	-0.0255362137332852	0.000516624626957663	3.91017826247303	-0.214612630691395	-0.0133954750841397
1.31094993183423	-2.55932009679102	-0.026906778417307	0.000434309126528773	3.97015728584446	-0.0626427005275774	-0.00328365730884084
1.32094993183423	-2.5193008540812	-0.0268550862276486	0.000446300068299406	4.03443516407036	0.0695490549116889	0.0054363500830095
1.33094993183423	-2.47861629276214	-0.0255862689551225	0.000537919972312252	4.10323386385359	0.180624659178959	0.0126250529801521
1.34094993183423	-2.43722127439851	-0.0233149859852801	0.000693455414177505	4.17649476113186	0.270005291566807	0.0182134701749057
1.35094993183423	-2.39507254044554	-0.0202581895491648	0.000896822805145621	4.2539052656968	0.337798164404824	0.02219518383404
1.36094993183423	-2.35213110320616	-0.0166286698044041	0.00113215240020282	4.33492911732689	0.384714102316863	0.0246179505815586
1.37094993183423	-2.30836431841061	-0.012629460025543	0.00138428671774928	4.41883963715062	0.411978367602863	0.0255749980096868
1.38094993183423	-2.26374761389535	-0.00844915658165558	0.00163919105420088	4.50475510972201	0.421237309911679	0.0251961785945882
1.39094993183423	-2.21826585763827	-0.00425818247445467	0.00188427564877724	4.59167536792527	0.414463435660595	0.0236391800439858
1.40094993183423	-2.17191435806358	-0.000205997420335124	0.00210863109622524	4.67851858532537	0.393861446356643	0.0210809984866766
1.41094993183423	-2.12469949959978	0.00358076743739638	0.00230318063520767	4.76415726706694	0.361777660563142	0.0177098716707442
1.42094993183423	-2.07663902638336	0.00699929519167935	0.00246075481229757	4.84745247611829	0.320615008636536	0.0137178477741044
1.43094993183423	-2.02776199617522	0.0099707546452778	0.00257609563507212	4.92728543128854	0.272755485686404	0.00929413595076264
1.44094993183423	-1.97810843451402	0.0124397401236294	0.00264579862283986	5.0025857549083	0.220491588887341	0.00461935104819748
1.45094993183423	-1.9277287255268	0.0143730754826018	0.00266820211222696	5.07235581623513	0.165967875270844	-0.000139270292336206
1.46094993183423	-1.87668278046094	0.0157580875363138	0.00264323377095484	5.13569079653637	0.111133378076234	-0.00483164002097655
1.47094993183423	-1.82503902784259	0.0166004595550169	0.00257222452341237	5.19179428063724	0.0577052313383053	-0.00932756737880724
1.48094993183423	-1.77287327026595	0.016921777125515	0.00245770001061009	5.23998934787565	0.00714348597063099	-0.0135185099381603
1.49094993183423	-1.72026745231709	0.0167568767896402	0.00230315931547232	5.27972528643187	-0.0393632357995703	-0.0173183808228263
1.50094993183423	-1.66730838222718	0.0161511028086553	0.00211285000973046	5.31058018510185	-0.0809019017419453	-0.0206634926049239
1.51094993183423	-1.61408644675378	0.0151575695201004	0.00189154765703808	5.33225976384869	-0.116829961843993	-0.0235117409465113
1.52094993183423	-1.56069435473689	0.0138345164793481	0.00164434678411308	5.34459288818817	-0.146762103355489	-0.0258411485632129
1.53094993183423	-1.50722594000591	0.0122428313774131	0.00137646906272927	5.34752427263476	-0.170550168335182	-0.0276479016961329
1.54094993183423	-1.4537750490566	0.010443802111844	0.00109309309214299	5.34110491551193	-0.188257647736788	-0.0289440164702493
1.55094993183423	-1.40043453340226	0.00849714491080103	0.000799208798953928	5.32548082228254	-0.200130223708155	-0.0297547712264755
1.56094993183423	-1.34729536094495	0.0064593406471815	0.000499498142538794	5.3008805685327	-0.206563831454092	-0.0301160335716973
1.57094993183423	-1.29444585531123	0.00438229700417625	0.000198242585492959	5.26760222875377	-0.208071655309513	-0.0300715983810941
1.58094993183423	-1.24197106703058	0.00231234050867976	-0.000100743294260185	5.22600015562371	-0.205251365319488	-0.0296706365334105
1.59094993183423	-1.1899522758516	0.000289530114628987	-0.000394153577390009	5.17647203964292	-0.198753748367963	-0.0289653351685075
1.60094993183423	-1.13846661950998	-0.0016527266155124	-0.000679210398542619	5.11944661419965	-0.189253701907292	-0.0280087901524932
1.61094993183423	-1.087586840963	-0.00348778233663871	-0.000953663705268105	5.05537230010641	-0.177424350333989	-0.0268531915215576
1.62094993183423	-1.03738114353208	-0.00519561787442828	-0.00121577443563683	4.98470701003505	-0.163914826279669	-0.0255483240303366
1.63094993183423	-0.987913141556763	-0.00676250776406612	-0.00146428430611016	4.90790926053403	-0.149332043325564	-0.024140388355774
1.64094993183423	-0.93924189303474	-0.00818052406647218	-0.00169837538450917	4.82543067048279	-0.134226583385679	-0.0226711345165836
1.65094993183423	-0.891422000252812	-0.00944691945514807	-0.0019176224803464	4.73770986243369	-0.119082639801538	-0.0211772879098443
1.66094993183423	-0.844503764526648	-0.0105634291781393	-0.0021219411449682	4.64516772920782	-0.104311802338302	-0.0196902400662212
1.67094993183423	-0.798533381774749	-0.0115355287164325	-0.00231153376488329	4.54820398359609	-0.090250346665425	-0.0182359706399296
1.68094993183423	-0.753553166653584	-0.0123716801046667	-0.0024868358792408	4.44719487469458	-0.0771596001449717	-0.0168351640163396
1.69094993183423	-0.709601794274469	-0.0130825952801227	-0.00264846447955625	4.34249193031257	-0.0652288973886452	-0.0155034829036842
1.70094993183423	-0.666714550007831	-0.0136805397960813	-0.00279716967579745	4.23442157056794	-0.0545806109359172	-0.014251962004734
1.71094993183423	-0.624923579463444	-0.0141786950620634	-0.00293379075340049	4.12328543234876	-0.0452767411176835	-0.0130874869619032
1.72094993183423	-0.584258132333027	-0.0145905922034532	-0.00305921731253612	4.00936124658506	-0.0373265704028067	-0.0120133268718334
1.73094993183423	-0.544744795323841	-0.0149296258681675	-0.00317435588234113	3.8929041188538	-0.030694926514533	-0.0110296924391611
1.74094993183423	-0.506407710843125	-0.0152086520015497	-0.00328010214406848	3.77414807725163	-0.0253106504806183	-0.0101342959890763
1.75094993183423	-0.469268779372117	-0.015439669867757	-0.00337731868066868	3.65330776823754	-0.0210749258704568	-0.0093228938343079
1.76094993183423	-0.433347844568945	-0.0156335854770349	-0.00346681799639892	3.5305801998788	-0.0178691895265976	-0.00858979569134178
1.77094993183423	-0.39866286104807	-0.0158000511042356	-0.0035493504170786	3.40614645138818	-0.015562408456236	-0.0079283298065864
1.78094993183423	-0.365230045498903	-0.0159473737422851	-0.00362559638664006	3.28017328697258	-0.014017569230385	-0.00733125607350042
1.79094993183423	-0.333064012334744	-0.0160824840863526	-0.00369616261481067	3.15281462999537	-0.0130972829763485	-0.00679112262361385
1.80094993183423	-0.302177895420477	-0.0162109569323396	-0.00376158149970473	3.02421286968313	-0.0126684592681584	-0.00630056411934934
1.81094993183423	-0.272583457632729	-0.0163370736266125	-0.0038223132431576	2.89449998669121	-0.0126060449808123	-0.00585254225406981
1.82094993183423	-0.244291190082477	-0.0164639173457137	-0.00387875009116709	2.76379849558212	-0.0127958590904124	-0.00544053078630823
1.83094993183423	-0.21731040280069	-0.0165934924366478	-0.00393122216238509	2.63222221162485	-0.0131365815397048	-0.00505864882822089
1.84094993183423	-0.191649308576489	-0.0167268597342971	-0.00398000437012602	2.49987685638181	-0.0135409740629589	-0.00470174711140601
1.85094993183423	-0.167315101466148	-0.0168642806220984	-0.0040253239941492	2.3668605214911	-0.0139364239414083	-0.00436545261123972
1.86094993183423	-0.144314031280511	-0.0170053635523775	-0.00406736851431595	2.23326401311973	-0.0142649088655144	-0.00404617727160551
1.87094993183423	-0.122651475124969	-0.0171492077394426	-0.00410629337638697	2.09917110103259	-0.0144824833193493	-0.00374109668324507
1.88094993183423	-0.102332006825033	-0.0172945397366688	-0.00414222941845043	1.96465869638013	-0.0145583850995277	-0.00344810447705954
1.89094993183423	-0.0833594648330386	-0.0174398395724367	-0.00417528974294065	1.82979698143618	-0.014473855629863	-0.00316574794144183
1.90094993183423	-0.0657370189869307	-0.0175834540216552	-0.00420557587251699	1.69464951287621	-0.0142207604614387	-0.00289314999911101
1.91094993183423	-0.0494672362866478	-0.0177236954102718	-0.00423318307718474	1.55927331801211	-0.0138000874964823	-0.00262992221848567
1.92094993183423	-0.0345521456718244	-0.0178589250771462	-0.00425820480424077	1.42371900089318	-0.0132203906837169	-0.00237607301749112
1.93094993183423	-0.0209933016286795	-0.017987621244314	-0.0042807361814815	1.28803087251577	-0.0124962367391735	-0.00213191466949038
1.94094993183423	-0.00879184632503602	-0.0181084315712106	-0.00430087659741905	1.15224711669113	-0.0116467022841634	-0.00189797216329596
1.95094993183423	0.00205143012992885	-0.0182202110929598	-0.00431873139000963	1.01640000051086	-0.0106939590001085	-0.00167489641956021
1.96094993183423	0.0115360317815782	-0.0183220465723752	-0.00433441269776087	0.880516135898638	-0.00966197523048408	-0.00146338383837114
1.97094993183423	0.0196617018152503	-0.0184132685370533	-0.00434803954432912	0.744616796501821	-0.00857535408974644	-0.00126410365850508
1.98094993183423	0.0264283709975139	-0.0184934524354479	-0.00435973724022008	0.608718292190155	-0.00745832067948532	-0.00107763415561577
1.99094993183423	0.0318361101533703	-0.0185624104385429	-0.00436963619340561	0.472832401708795	-0.00633386452121629	-0.000904408300273802
2.00094993183423	0.0358850872575269	-0.0186201754464825	-0.00437787022505582	0.33696686258137	-0.00522303780783273	-0.000744669140664483
2.01094993183423	0.0385755297026539	-0.0186669788420328	-0.00438457448766837	0.201125916169382	-0.00414440553244843	-0.00059843487050771
2.02094993183423	0.0399076922816914	-0.0187032234744762	-0.00438988308117817	0.0653109048492079	-0.00311363992920007	-0.000465473290373925
2.03094993183423	0.0398818313870915	-0.0187294532673558	-0.00439392645866134	-0.0704790824533764	-0.00214324889200247	-0.000345285168748024
2.04094993183423	0.0384981858895098	-0.0187463207295897	-0.00439682870750418	-0.206246520657015	-0.00124242604822311	-0.000237095855529875
2.05094993183423	0.0357569651136778	-0.018754553519234	-0.00439870478485447	-0.341994719490829	-0.000417008871135025	-0.000139854391926159
2.06094993183423	0.0316583442815379	-0.0187549210691191	-0.00439965777824135	-0.477727059899246	0.000330469469404174	-5.22392929507797e-05
2.07094993183423	0.0262024677434006	-0.0187482021393642	-0.00439977625382781	-0.613446200869073	0.00100064898198871	2.73298523669746e-05
2.08094993183423	0.0193894602677749	-0.0187351540181658	-0.00439913174618997	-0.749153261706081	0.00159714664646784	0.000100675817191479
2.09094993183423	0.0112194466102393	-0.0187164839532018	-0.00439777643509464	-0.884846984787061	0.00212630869136534	0.000169843035855291
2.10094993183423	0.00169257953153292	-0.0186928232646303	-0.004395741046716	-1.02052288379686	0.00259692402124907	0.000237073542124364
2.11094993183423	-0.00919092361498497	-0.0186647044694009	-0.00439303300928927	-1.15617238245251	0.0030199103525854	0.000304780256319382
2.12094993183423	-0.0214307356564802	-0.0186325416371565	-0.00438963488649205	-1.29178194874317	0.00340798336923365	0.00037551825154324
2.13094993183423	-0.0350263657150055	-0.0185966141014927	-0.00438550310597212	-1.42733222979466	0.00377531787871614	0.000451954542168608
2.14094993183423	-0.0499770966954625	-0.018557053567335	-0.00438056699546048	-1.56279719261835	0.00413720858898477	0.000536836847192573
2.15094993183423	-0.0662819142332459	-0.0185138345857637	-0.00437472813483452	-1.69814327623943	0.0045097367771767	0.000632961691083857
2.16094993183423	-0.0839394272441701	-0.0184667683114417	-0.00436786002930307	-1.83332856102865	0.00490944782494046	0.000743142119033399
2.17094993183423	-0.102947780279579	-0.0184154994142076	-0.0043598081065144	-1.96830196148921	0.00535304338127856	0.000870175225394265
2.18094993183423	-0.123304557954594	-0.0183595059844044	-0.00435039003874795	-2.10300244927632	0.00585709080959409	0.00101680962651519
2.19094993183423	-0.145006681788264	-0.0182981022499392	-0.0043393963903228	-2.23735831384724	0.00643775160129485	0.00118571295466145
2.20094993183423	-0.168050299871801	-0.0182304439105121	-0.00432659158979887	-2.3712864688415	0.00711052960924765	0.00137943941038267
2.21094993183423	-0.192430669865896	-0.0181555358894238	-0.00431171522630029	-2.50469181306012	0.00789003928094271	0.00160039738814721
2.22094993183423	-0.218142035920805	-0.0180722423042671	-0.00429448366918033	-2.63746665572393	0.0087897935591035	0.00185081718543129
2.23094993183423	-0.245177500213856	-0.017979298463012	-0.00427459201009151	-2.76949021651666	0.0098220107677831	0.00213271881928147
2.24094993183423	-0.273528889908089	-0.0178753246999003	-0.0042517163261381	-2.90062821172121	0.010997439611433	0.00244788000658234
2.25094993183423	-0.303186620452657	-0.017758841874604	-0.00422551626199047	-3.03073253849575	0.0123252013754081	0.00279780441413392
2.26094993183423	-0.33413955626926	-0.017628288366826	-0.00419563792746211	-3.15964106996088	0.0138126485169623	0.00318369035066124
2.27094993183423	-0.366374869998063	-0.0174820384056069	-0.00416171710493918	-3.28717757422659	0.015465239059862	0.00360640015280275
2.28094993183423	-0.39987790160923	-0.0173184215769094	-0.00412338275808607	-3.41315177071994	0.0172864265329601	0.00406643060782533
2.29094993183423	-0.434632018819805	-0.0171357433536723	-0.00408026082933872	-3.5373595371207	0.0192775655991063	0.00456388485335597
2.30094993183423	-0.470618480387023	-0.0169323064888095	-0.00403197830879566	-3.65958327981025	0.0214378339774979	0.0050984462940443
2.31094993183423	-0.507816303974535	-0.016706433103221	-0.00397816755123179	-3.77959247993075	0.0237641717386571	0.00566935517124356
2.31509866192941	-0.523598775598406	-0.0166057506392106	-0.00395413785721352	-3.82867415795256	0.024776839988128	0.00591691881498963
2.32509866192941	-0.563004786900489	-0.0160386245230709	0.00982077265375638	-4.05212215762461	0.0888405744174923	2.74843083414567
2.33509866192941	-0.60463101571522	-0.014809187746473	0.0507536209460569	-4.27175570646289	0.168142992892789	5.27903664209445
2.34509866192941	-0.648379552207124	-0.0120552526633058	0.106478282149948	-4.47547269199477	0.406346057534479	5.52347064679589
2.35509866192941	-0.694110412445097	-0.00646266603104684	0.158001548943847	-4.66973358831806	0.715882443562569	4.72331620228988
2.36509866192941	-0.741758763569151	0.0022755328421816	0.200642144298159	-4.85925767884218	1.03051511189477	3.81578547304333
2.37509866192941	-0.791281927296861	0.0141082131212078	0.234721322729891	-5.04465898695479	1.33368183409406	3.02421886478075
2.38509866192941	-0.842636558171564	0.028899441830902	0.26162382836517	-5.22543409727821	1.62206122728285	2.37990314516273
2.39509866192941	-0.895772623724634	0.0464995528770174	0.282758140299902	-5.40081189655182	1.8954971808763	1.86685024416821
2.40509866192941	-0.950632116127115	0.0667605006260928	0.29931962005766	-5.56998632494142	2.15426258070183	1.46147363765759
2.41509866192941	-1.00714905440046	0.0895361685001176	0.312273923032384	-5.73217318154056	2.39842742507372	1.14211301186148
2.42509866192941	-1.06524978863368	0.114679657944859	0.322388453699797	-5.88662406383571	2.6277664281099	0.890846464827953
2.43509866192941	-1.12485335378329	0.142040498860477	0.330268857169623	-6.03196131077521	2.83983623827069	0.694777140224425
2.44509866192941	-1.18575736313326	0.171133358513936	0.336551163660178	-6.14089363568356	2.95816811633843	0.571381359862218
2.45509866192941	-1.24752341687486	0.200830039428043	0.341824454492717	-6.20533983119517	2.96389421267483	0.487248690696228
2.46498045109756	-1.30899693899592	0.229754180308178	0.346300437234398	-6.23049402724191	2.87600238419004	0.420601014853298
2.47498045109755	-1.37073520707747	0.257442918910139	0.334996570048231	-6.11518640630097	2.66016152424137	-2.68097230869594
2.48498045109756	-1.43125913375749	0.28286165124668	0.293570524208162	-5.98833049512975	2.39631948500887	-5.24956170171665
2.49498045109755	-1.49049249207552	0.304631491565999	0.239837018226369	-5.85759339754636	1.93760742153203	-5.23283072396214
2.50498045109756	-1.54839093475569	0.321422480495203	0.191387013805988	-5.7209150582847	1.41711229663069	-4.41448198590547
2.51498045109755	-1.60488501879888	0.332961969138776	0.151651011974187	-5.5765519480748	0.891691729768668	-3.54598722314735
2.52498045109756	-1.65989443019995	0.339289536030072	0.120035158885444	-5.42395295749344	0.37579936840965	-2.8010667104491
2.53498045109755	-1.71333691722288	0.340520793588497	0.0951493601165374	-5.26321992225309	-0.127353618940302	-2.19865632871404
2.54498045109756	-1.76513326642747	0.336787038223331	0.0756457918452511	-5.09482667446614	-0.617152330933765	-1.72083439411352
2.55498045109755	-1.8152102726073	0.328223229511186	0.0603950773984154	-4.91948594978717	-1.09330121182203	-1.34434113298174
2.5585374964707	-1.83259571459405	0.324038558335331	0.0558180078963454	-4.85560479684166	-1.25929024383339	-1.23079575904798
2.5685374964707	-1.88015857503854	0.310269935805457	0.0290492331869825	-4.65576190773463	-1.49350705462998	-4.11852226457695
2.5785374964707	-1.92569847152021	0.294054010188427	-0.0245515714984877	-4.45397346535415	-1.78326107787533	-6.10114393859142
2.5885374964707	-1.96927515792435	0.274053906865257	-0.0844970760319456	-4.26235610896173	-2.22818374796466	-5.68678230482494
2.5985374964707	-2.01095524080715	0.249427105737416	-0.136555035899681	-4.07383730144397	-2.69556258334553	-4.70426441226522
2.6085374964707	-2.05075314013134	0.220215196020251	-0.1787193977308	-3.88576584745224	-3.14209329499844	-3.74994200105346
2.6185374964707	-2.08867154547616	0.186688963616873	-0.21208825758736	-3.69802609732391	-3.55782398856343	-2.95137537330727
2.6285374964707	-2.12471750563891	0.149165855570914	-0.238281256518286	-3.51145123740312	-3.94149735784207	-2.31191618386141
2.6385374964707	-2.15890822968572	0.107963625609569	-0.258777428038507	-3.32717594119237	-4.29380364066379	-1.80755155932714
2.6485374964707	-2.19127261266313	0.0633910689268323	-0.274794814497662	-3.14637449571281	-4.61572506102646	-1.41203866925302
2.6585374964707	-2.22185085660404	0.0157469603873726	-0.287305443460559	-2.97004672457108	-4.90849815216212	-1.10248209478139
2.6685374964707	-2.25073671630496	-0.0345545986438334	-0.297140010835903	-2.81612847290116	-5.12421799175595	-0.884090086249741
2.6785374964707	-2.27839371549026	-0.086083276622508	-0.305297601263078	-2.72572462394201	-5.15092776111071	-0.756633205807247
2.6885374964707	-2.3054424444871	-0.137016264119499	-0.312382297427884	-2.69265170161363	-5.010493474041	-0.66386856511956
2.6985374964707	-2.33240011277846	-0.185842696680903	-0.318622431200085	-2.705579237443	-4.73488584330067	-0.585864975167796
2.7085374964707	-2.35966890295091	-0.231366410313583	-0.324126232429121	-2.75295195316171	-4.35507521514718	-0.51553876736572
2.7185374964707	-2.38749985422829	-0.272801543897087	-0.328897675067681	-2.81291751648336	-3.9312722183855	-0.436678120438474
2.7285374964707	-2.41591973962359	-0.309976484338648	-0.332863689178646	-2.87058556594553	-3.50305457363881	-0.358197336300673
2.7385374964707	-2.44490018825112	-0.342853279847621	-0.336104970536994	-2.92485156034162	-3.07204329333072	-0.292302465181771
2.7485374964707	-2.4744023349605	-0.371415958999532	-0.338753261895684	-2.97479606719553	-2.64060609262695	-0.239360219970488
2.7585374964707	-2.50437953389117	-0.39567088759584	-0.340928585124687	-3.0197759722955	-2.21080079539935	-0.197329042459738
2.7685374964707	-2.53477994745999	-0.415642892251027	-0.342728746950583	-3.05939087324765	-1.7842567625834	-0.163979599839988
2.7785374964707	-2.56554882077606	-0.431370970466171	-0.344230719754301	-3.09345267062465	-1.36218443062338	-0.137406878907013
2.7885374964707	-2.59663045401363	-0.442904307185639	-0.345494358757102	-3.12195549870233	-0.945419071846417	-0.116089077513587
2.79536215601451	-2.61799387799149	-0.448395664413566	-0.346244174326911	-3.13828632285743	-0.664311633354767	-0.103935069394248
2.80536215601451	-2.64949466309987	-0.454096031210215	-0.332542676392097	-3.16104162416362	-0.476556736219357	2.84289859590593
2.81536215601451	-2.68120316349064	-0.457864965516795	-0.290392455300306	-3.17972311265749	-0.247747803497561	5.18420703887082
2.82536215601451	-2.71306446635743	-0.458408507720479	-0.237701307211759	-3.19136856762387	0.155939945961191	5.11254054621836
2.83536215601451	-2.7450103979575	-0.454602638734687	-0.190378033945659	-3.19696929139217	0.606777833366428	4.31618122503252
2.84536215601451	-2.77698948993828	-0.44628770762126	-0.151464299441199	-3.19824840520829	1.05418679310588	3.4806224098153
2.85536215601451	-2.80896518063141	-0.433567508067699	-0.120351973429977	-3.19645832406939	1.48733728885795	2.76476074111771
2.86536215601451	-2.84091134176209	-0.416589780428596	-0.0957107046859257	-3.19246525485531	1.90594344230765	2.18498447760163
2.87536215601451	-2.87280932350244	-0.395490136362383	-0.0762561077505119	-3.18691907976026	2.31211493634332	1.72381677845891
2.88536215601451	-2.9046463167587	-0.370381087547577	-0.0609126345259921	-3.18034801316984	2.70819746317957	1.35922461136319
2.89536215601451	-2.93641435306051	-0.341352858257276	-0.0488155552851454	-3.17319517194298	3.09626700702769	1.07156310509801
2.90536215601451	-2.96810951066223	-0.308476704309924	-0.0392789609496566	-3.16582673531552	3.47803758409755	0.844732869515362
2.91536215601451	-2.99972942246853	-0.271813671845571	-0.0317563021370978	-3.15549147900446	3.84601508512284	0.671306385580335
2.92536215601451	-3.0310468561808	-0.232064851257229	-0.0255358733853935	-3.09885159736956	4.07747004143558	0.581699352955206
2.93536215601451	-3.06153371571927	-0.190755013649318	-0.0200222291581872	-2.99032874548105	4.16140294818879	0.523724021397191
2.94536215601451	-3.09069996931566	-0.149267392532651	-0.0150333921801029	-2.83579078584857	4.11616654907347	0.474807387051873
2.95536215601451	-3.11811825174752	-0.108798309932359	-0.0105182558979721	-2.64188186894223	3.9609606728742	0.428430398047211
2.96536215601451	-3.14344149264826	-0.0703147672648098	-0.0064809605639018	-2.42095920325485	3.73097033052789	0.375140803524208
2.97536215601451	-3.16653287894822	-0.0341889761451439	-0.00307011548532034	-2.19727007841109	3.49396499668795	0.307013683559985
2.98536215601451	-3.18738624410874	-0.000440701593531032	-0.000318411993188825	-1.97339120374016	3.25545095502692	0.245004998728362
2.99536215601451	-3.20600072956963	0.0309159108345991	0.00186726277940977	-1.74951764853378	3.01570841549096	0.193952475805678
3.00536215601451	-3.22237699470952	0.0598710205041539	0.00359507810456823	-1.52576184614007	2.77523113905048	0.153182406230542
3.01536215601451	-3.23651659201906	0.0864195579953888	0.00495938317163731	-1.30219256479724	2.53445746604716	0.120951189469989
3.02536215601451	-3.24842158865875	0.110560258200335	0.00603683571085023	-1.07884514855475	2.29370629791855	0.0955481385698646
3.03536215601451	-3.25809426244998	0.132294426214387	0.00688827814346203	-0.855727194576592	2.05317418322741	0.0755339977965279
3.04536215601451	-3.26553684737105	0.151624773786246	0.00756159571705533	-0.632823052859806	1.81294856228802	0.0597520400322809
3.05536215601451	-3.27075132220213	0.168554411366781	0.00809435360362645	-0.410098022505791	1.57302458744962	0.0472872212880932
3.06536215601451	-3.27373924050658	0.18308601026575	0.00851598097352415	-0.187502433969304	1.33332203957206	0.0374201074298549
3.07536215601451	-3.2745016009699	0.195221130304704	0.00884952012099506	0.0350243620847085	1.09370144722339	0.0295867002016329
3.08536215601451	-3.27303875713199	0.204959703964301	0.00911301126975187	0.25755010565924	0.853979269091929	0.0233457256289841
3.09536215601451	-3.26935036551542	0.21229966801886	0.00932058456054048	0.480145835683289	0.61394223335357	0.0183525947119354
3.10536215601451	-3.26343537124939	0.21723673505605	0.00948332003151579	0.702882178640174	0.373361007499533	0.0143388457659162
3.11536215601451	-3.25529203052474	0.219764299187193	0.00960992477576824	0.925825687883825	0.132003401592711	0.0110959698099138
3.12536215601451	-3.24491796956056	0.219873472338037	0.00970726638962949	1.14903519508516	-0.110352683713121	0.00846270715911445
3.13536215601451	-3.23231028017545	0.217553249610028	0.00978079362218525	1.37255813039344	-0.353906357591161	0.00631508239537306
3.14536215601451	-3.21746565249886	0.212790804201318	0.00983486858243352	1.59642676704535	-0.598820696700449	0.00455859460463349
3.15536215601451	-3.20038054578728	0.205571914163032	0.00987302965258213	1.82065434946615	-0.845209396081196	0.00312209978443475
3.16334928658063	-3.18512265752447	0.198031482197131	0.00989405311229194	2.00000000000064	-1.04309869944536	0.00216887822345207
3.17334928658063	-3.16399875286368	0.186356144931516	0.00991064194962147	2.2248304321021	-1.29221514952424	0.00118565582967751
3.18334928658063	-3.14062544450261	0.172183241456268	0.00991796028793334	2.44946348712271	-1.54140924156747	-0.000425617270564177
3.19334928658063	-3.11507824520518	0.15572260075633	0.00981621367264665	2.6552972095918	-1.73766954618909	-0.0229561481304182
3.20334928658063	-3.08760994967981	0.137678377889951	0.0094427889918074	2.83401433809126	-1.85934253528208	-0.0512514292967585
3.21334928658063	-3.05848095627573	0.118760515762589	0.00881107424793028	2.98784493239618	-1.91359912546687	-0.0738601274215862
3.22334928658063	-3.02792732367975	0.0996062628324473	0.00799136263404	3.1194022464612	-1.90791337219193	-0.0888267288091049
3.23334928658063	-2.99615763060386	0.0807753971461778	0.00705825136528025	3.23154831518311	-1.8502958642467	-0.0967033719784759
3.24334928658063	-2.96335109140288	0.0627454965878617	0.00607717174905236	3.32727507378089	-1.74913786363899	-0.0986194423691342
3.25334928658063	-2.92965680577781	0.0459093526318521	0.00510176604457847	3.40959653340409	-1.61296250736898	-0.0957611674349219
3.26334928658063	-2.8951940248365	0.0305749189545663	0.00417416122990924	3.48145376669239	-1.45017440885062	-0.0892344552904146
3.27334928658063	-2.86005329331873	0.0169676357274568	0.00332598159092576	3.54563499648311	-1.26883776459575	-0.0800316759724441
3.28334928658063	-2.82429831008616	0.00523478317873066	0.00257951927840381	3.60471192335763	-1.07649330443828	-0.0690270073525405
3.29334928658063	-2.78796834461814	-0.00454854071211021	0.00194890370886546	3.66099205579172	-0.880016520319228	-0.0569795838162423
3.30334928658063	-2.75108105525977	-0.0123722258068703	0.00144122676550758	3.71648575037748	-0.685515618873063	-0.044538705520686
3.31334928658063	-2.7136355712344	-0.0182831188594405	0.00105761284376053	3.77288608043201	-0.498265549113796	-0.0322495307670207
3.32334928658063	-2.67561572034494	-0.0223764944568258	0.000794231362892134	3.8315594958248	-0.322673571263916	-0.0205588664573023
3.33334928658063	-2.63699330407727	-0.0247873199932948	0.000643251012944774	3.89354539322877	-0.162271746206173	-0.00982104146287064
3.34334928658063	-2.5977313390963	-0.0256815622158393	0.00059373443060794	3.95956303791165	-0.0197320959286872	-0.000303969164973907
3.35334928658063	-2.55778719791074	-0.0252477430749881	0.000632470752209033	4.03002463588801	0.103099265694704	0.00780446926791287
3.36334928658063	-2.51711559191272	-0.023688918331052	0.000744742268809123	4.10505365681205	0.205152202900677	0.0143896142986384
3.37334928658063	-2.47567134791386	-0.0212152227878196	0.000915020593621477	4.18450770493064	0.286069599684691	0.0194027372123933
3.38334928658063	-2.43341193582231	-0.0180370996376323	0.00112758754840912	4.26800531791809	0.346133906453932	0.0228532822317637
3.39334928658063	-2.39029971130752	-0.014359306649609	0.00136707643813285	4.35495605990041	0.386185628439038	0.0248007198687787
3.40334928658063	-2.34630384397693	-0.0103757676547596	0.00161893045031223	4.44459319987052	0.407536184270386	0.0253461442436595
3.41334928658063	-2.30140190916222	-0.00626531340363908	0.00186977644755159	4.53600816904252	0.411877581458211	0.0246237850031788
3.42334928658063	-2.25558112992594	-0.00218833140847426	0.00210771424090954	4.6281859053288	0.401191346560101	0.0227926239835181
3.43334928658063	-2.20883926509651	0.00171567969451689	0.0023225233582456	4.72004014516465	0.377659074844666	0.0200283090994346
3.44334928658063	-2.16118514856801	0.00532967867656244	0.00250579119831819	4.81044772562308	0.343576810819886	0.0165155462737748
3.45334928658063	-2.11263889423657	0.00855982156905195	0.0026509681677256	4.89828101526876	0.301275238748927	0.0124411285002288
3.46334928658063	-2.0632317892861	0.0113354396186412	0.00275335685259553	4.98243769401017	0.253047365657369	0.00798773313779725
3.47334928658063	-2.01300590567442	0.0136083372772122	0.00281004343340933	5.0618672386353	0.201085039199087	0.00332858729353361
3.48334928658063	-1.96201346532869	0.0153515037826948	0.00281978038821828	5.1355936281622	0.147425280769507	-0.00137693125671322
3.49334928658063	-1.91031599859204	0.0165573398610645	0.00278283004202756	5.20273394866385	0.0939070491365077	-0.00598672246657957
3.50334928658063	-1.85798333784616	0.0172355054477978	0.00270077871333007	5.26251274012988	0.0421386956482089	-0.0103784180504046
3.51334928658063	-1.80509248903571	0.0174104952487193	0.00257633109403399	5.31427208032161	-0.0065239617142278	-0.0144508875003723
3.52334928658063	-1.75172642317288	0.0171190466728882	0.00241309409358343	5.35747753726454	-0.0509893253138994	-0.0181248504249153
3.53334928658063	-1.69797282797786	0.0164074794639967	0.00221535870643735	5.39172023994042	-0.0904321216775144	-0.0213426746459792
3.54334928658063	-1.64392285681021	0.015329058564812	0.00198788755785173	5.41671541428642	-0.124286818451433	-0.0240674607364316
3.55334928658063	-1.589669908175	0.0139414617488793	0.00173571468972937	5.43229780806952	-0.152233451163684	-0.0262815300662401
3.56334928658063	-1.53530846455859	0.012304421771172	0.00146396291910715	5.43841448338869	-0.174177111681191	-0.0279844441237133
3.57334928658063	-1.4809330143729	0.0104775997008342	0.00117768279635837	5.43511548965191	-0.190222455496254	-0.0291906873896985
3.58334928658063	-1.42663707557469	0.00851873222402134	0.00088171587089411	5.42254294345465	-0.200644636595185	-0.0299271443231211
3.59334928658063	-1.37251233427513	0.00648208158907128	0.000580583699563479	5.40091903591373	-0.205858075135783	-0.0302304935045707
3.60334928658063	-1.31864790655441	0.00441720305725474	0.000278402860969508	5.37053346432826	-0.206384405809517	-0.0301446295529922
3.61334928658063	-1.26512972691116	0.00236803173873402	-2.11747890116794e-05	5.33173074580195	-0.202820848041627	-0.0297182072691297
3.62334928658063	-1.21204006245138	0.000372278994063558	-0.000314998238503551	5.28489781848362	-0.195810090497632	-0.0290023839254315
3.63334928658063	-1.15945714816511	-0.00153888146107863	-0.000600432097500552	5.23045227460416	-0.186012601503338	-0.0280488160851009
3.64334928658063	-1.10745493553203	-0.00334086573007684	-0.00087535277884223	5.16883150198248	-0.174082075244658	-0.0269079480418249
3.65334928658063	-1.05610294427938	-0.00501550421798427	-0.00113812910821865	5.10048294063004	-0.1606445128182	-0.0256276109607422
3.66334928658063	-1.00546620539804	-0.00655067639405658	-0.00138759049816548	5.02585559180447	-0.146281228747621	-0.0242519358397771
3.67334928658063	-0.955605282480746	-0.00793979571785398	-0.00162298578283927	4.94539285128242	-0.131515877613582	-0.0228205699928361
3.68334928658063	-0.906576358032583	-0.00918118466294101	-0.00184393565183145	4.85952667917359	-0.116805420272704	-0.021368176122284
3.69334928658063	-0.858431371544453	-0.0102773782012633	-0.00205038137050724	4.76867306713686	-0.102534800868881	-0.0199241852224705
3.70334928658063	-0.811218196731519	-0.0112343912088297	-0.00224253215883695	4.67322872161881	-0.0890149882509344	-0.018512769397101
3.71334928658063	-0.764980846322318	-0.0120609813356801	-0.00242081324586896	4.57356884933875	-0.0764839500393624	-0.0171529979210693
3.72334928658063	-0.719759694042809	-0.0127679342716083	-0.00258581624531997	4.47004590874302	-0.0651100739530139	-0.01585913919785
3.73334928658063	-0.675591704875151	-0.0133673933415954	-0.00273825312811454	4.36298917809382	-0.0549975269583372	-0.0146410722850757
3.74334928658063	-0.632510666193499	-0.0138722502609399	-0.00287891471520005	4.2527049863811	-0.0461930449054359	-0.013504774003605
3.75334928658063	-0.59054741390816	-0.0142956089102197	-0.0030086342899562	4.13947745617676	-0.0386936692702668	-0.0124528509431578
3.76334928658063	-0.549730049217869	-0.0146503293494619	-0.00312825664184981	4.02356961651653	-0.0324549886747879	-0.0114850895942008
3.77334928658063	-0.510084142924596	-0.0149486551258789	-0.0032386126063271	3.90522475743276	-0.0273994961522508	-0.0105990020754918
3.78334928658063	-0.471632925467759	-0.0152019233391524	-0.00334049896223375	3.78466791441309	-0.0234247340137946	-0.00979034924065543
3.79334928658063	-0.434397461861012	-0.0154203539669584	-0.00343466338700898	3.6621073894608	-0.0204109624454223	-0.00905362713581468
3.80334928658063	-0.39839681155316	-0.015612912636472	-0.0035217940494684	3.53773623437037	-0.0182281520135975	-0.00838250669281412
3.81334928658063	-0.363648173885689	-0.015787239337571	-0.00360251333684584	3.41173364029782	-0.016742161169485	-0.00777022007372744
3.82334928658063	-0.330167020291137	-0.0159496344674411	-0.00367737516273949	3.28426619490778	-0.0158200154261654	-0.00720989016751828
3.83334928658063	-0.297967214685242	-0.0161050930129923	-0.00374686528106592	3.15548898375572	-0.015334253650906	-0.0066948023488164
3.84334928658063	-0.267061123671229	-0.0162573775440145	-0.00381140403327382	3.02554652576017	-0.0151663480155514	-0.00621861973950406
3.85334928658063	-0.23745971821989	-0.016409120927738	-0.00387135097720444	2.89457354347238	-0.0152092372824954	-0.00577554488510277
3.86334928658063	-0.209172668437537	-0.0165619502051745	-0.00392701088167248	2.76269557735091	-0.0153690384191402	-0.00536043200381003
3.87334928658063	-0.182208432908802	-0.0167166238152991	-0.00397864061703813	2.63002945950995	-0.0155660195186106	-0.00496885483007912
3.88334928658063	-0.156574343923786	-0.0168731752449772	-0.0040264565251707	2.49668366663215	-0.0157349283855611	-0.0045971356056688
3.89334928658063	-0.132276689688661	-0.0170310571587633	-0.00407064190918979	2.36275857417729	-0.0158247767962782	-0.00424234101954663
3.90334928658063	-0.109320794391614	-0.0171892810706925	-0.00411135434163335	2.22834663495859	-0.0157981813030799	-0.00390225091335269
3.91334928658063	-0.0877110967657951	-0.0173465486167878	-0.00414873254714909	2.09353250489157	-0.0156303584705648	-0.00357530539796265
3.92334928658063	-0.0674512275681825	-0.0175013714383646	-0.00418290267078858	1.95839313752327	-0.0153078665095752	-0.0032605357117305
3.93334928658063	-0.0485440861861011	-0.0176521775671491	-0.00421398379425798	1.82299786708014	-0.0148271772423898	-0.0029574837303384
3.94334928658063	-0.0309919163970316	-0.0177974029963796	-0.00424209260916069	1.6874084974571	-0.0141931529221139	-0.00266611454514978
3.95334928658063	-0.0147963811458187	-0.0179355678168722	-0.00426734719777642	1.55167941200239	-0.0134174922665261	-0.00238672599007692
3.96334928658063	4.13639318606225e-05	-0.0180653368886548	-0.00428986990794483	1.41585771629101	-0.0125171996691727	-0.00211985844020737
3.97334928658063	0.0135205986196214	-0.0181855655070078	-0.00430978933906223	1.27998342345108	-0.0115131213307392	-0.0018662076485571
3.98334928658063	0.0256409683269504	-0.0182953309100328	-0.00432724148113899	1.14408968910671	-0.0104285823271409	-0.00162654284622348
3.99334928658063	0.0364024169140325	-0.0183939507693296	-0.00434237006852543	1.00820310069777	-0.00928814962607347	-0.00140163181838727
4.00334928658063	0.045805122693695	-0.0184809900140617	-0.00435532622462845	0.872344023875571	-0.00811653793466159	-0.00119217419346263
4.01334928658063	0.0538494381871335	-0.0185562574708727	-0.00436626748412095	0.736527006880415	-0.00693766809779617	-0.000998743751985339
4.02334928658063	0.0605358342113437	-0.018619793867678	-0.00437535628526084	0.600761242290954	-0.0057738816086432	-0.00082174017996976
4.03334928658063	0.0658648488636355	-0.0186718527583694	-0.0043827580274878	0.465051084294532	-0.00464530963746965	-0.000661350360915218
4.04334928658063	0.0698370419450122	-0.0187128758878147	-0.00438863878897182	0.329396618648204	-0.00356939079880001	-0.000517519022115511
4.05334928658063	0.0724529553319907	-0.0187434644416324	-0.00439316279576624	0.193794281763225	-0.00256052860329031	-0.000389928323763296
4.06334928658063	0.0737130797680187	-0.018764347521853	-0.00439648972917451	0.0582375248247318	-0.0016298771068088	-0.000277985801671658
4.07334928658063	0.0736178285029382	-0.0187763490657179	-0.0043987719513557	-0.0772824814739407	-0.000785241592042952	-0.000180819943477811
4.08334928658063	0.072167518163754	-0.0187803542876627	-0.0044001517215195	-0.212776106178376	-3.10801090290466e-05	-9.72825903964867e-05
4.09334928658063	0.0693623571936618	-0.0187772765801907	-0.00440075846670764	-0.348254485946637	0.000631408729943967	-2.59573078891873e-05
4.10334928658063	0.0652024421500021	-0.01876802566322	-0.00440070616249515	-0.483728726149628	0.00120412624767589	3.4827145460668e-05
4.11334928658063	0.0596877621063075	-0.0187534776280227	-0.00440009087029438	-0.619209079689702	0.00169185657729667	8.69791057275939e-05
4.12334928658063	0.0528182113593857	-0.0187344473846976	-0.00439898846958176	-0.754704107886506	0.00210200521806311	0.000132622861949755
4.13334928658063	0.0445936105996531	-0.018711663894064	-0.00439745261552048	-0.890219827629653	0.00244430554441887	0.000174074837508799
4.14334928658063	0.0350137366616028	-0.0186857484480596	-0.00439551294530053	-1.02575884886851	0.00273050433272175	0.000213817770162488
4.15334928658063	0.0240783609310706	-0.0186571961586288	-0.00439317355019469	-1.16131950642216	0.00297403604502406	0.000254473478218069
4.16334928658063	0.0117872964463185	-0.018626360724602	-0.00439041172492487	-1.29689499006893	0.00318969422229343	0.000298774705434112
4.17334928658063	-0.00185954630987377	-0.0185934424695529	-0.00438717700149488	-1.43247247693247	0.00339330693828422	0.000349536439544492
4.18334928658063	-0.0168620949707351	-0.018558479581017	-0.00438339047118303	-1.568032270334	0.00360142189111466	0.000409627002570773
4.19334928658063	-0.0332200422851995	-0.0185213424323129	-0.00437894439587282	-1.70354694954044	0.00383100539734013	0.000481939118735836
4.20334928658063	-0.050932764689405	-0.0184817308317481	-0.00437370210827368	-1.8389805352121	0.00409915833189326	0.000569361080930781
4.21334928658063	-0.0699992326329778	-0.0184391740192024	-0.00436749819975719	-1.97428767584445	0.00442285095015804	0.000674748062078969
4.22334928658063	-0.0904179128990241	-0.0183930332157038	-0.00436013899439143	-2.10941286110682	0.00481867755405645	0.000800893555831453
4.23334928658063	-0.112186663219252	-0.0183425065262619	-0.00435140330816114	-2.24428966869809	0.00530263113609751	0.000950500883894546
4.24334928658063	-0.135302619555848	-0.0182866359983753	-0.00434104349315564	-2.37884005215651	0.00588989746330889	0.00112615467666873
4.25334928658063	-0.159762076500585	-0.0182243166467012	-0.00432878676751918	-2.5129736779594	0.00659466755231889	0.00133029222108705
4.26334928658063	-0.18556036132967	-0.0181543072667345	-0.0043143368330058	-2.64658732120543	0.00742996713927821	0.00156517457551331
4.27334928658063	-0.21269170235074	-0.0180752428753733	-0.0042973757828727	-2.77956433015921	0.00840750156193912	0.00183285737670652
4.28334928658063	-0.241149092286158	-0.0179856486323505	-0.00427756630339065	-2.91177417091679	0.00953751444062401	0.00213516130809955
4.29334928658063	-0.270924147553956	-0.0178839551121858	-0.00425455417225977	-3.04307206438028	0.0108286586611158	0.0024736422612562
4.30334928658063	-0.30200696443402	-0.0177685148101276	-0.00422797105651571	-3.1732987285595	0.0122878784131611	0.00284956130199281
4.31334928658063	-0.334385973240748	-0.0176376197762708	-0.00419743761093593	-3.30228023989373	0.0139203014071353	0.00326385464711842
4.32334928658063	-0.368047791762859	-0.0174895202785417	-0.00416256687537276	-3.42982802774559	0.0157291408585247	0.0037171039641227
4.33334928658063	-0.402977079373753	-0.0173224443966928	-0.00412296796574996	-3.55573901639944	0.0177156073714956	0.00420950742058045
4.34334928658063	-0.439156393358557	-0.0171346184452186	-0.00407825004860348	-3.6797959287294	0.0198788314414631	0.0047408520278521
4.35334928658063	-0.476566049143177	-0.0169242881128796	-0.00402802658301897	-3.80176776512473	0.0222157979012813	0.00531048793931056
4.36334928658063	-0.515183986241689	-0.0166897401903154	-0.00397191980667076	-3.92141047020795	0.0247212942224886	0.00591730547051191
4.36548824864722	-0.523598775598522	-0.0166362677930945	-0.00395911883367804	-3.9466748814697	0.0252784282798257	0.00605166413180603
4.37548824864722	-0.564184911144181	-0.0160634352067869	0.00981757468332869	-4.17013330488873	0.0894858035457032	2.74863507515622
4.38548824864722	-0.606990985197682	-0.0148270809410391	0.0507573293503932	-4.38969475422581	0.16893120020912	5.27949114639416
4.39548824864722	-0.651918121295779	-0.0120641398427916	0.106481058966792	-4.59323634510582	0.407351058196227	5.52287086874899
4.40548824864722	-0.698825283246029	-0.00646081054785063	0.157996245139008	-4.7872089159139	0.71701695604375	4.72229799645814
4.41548824864722	-0.747646378390646	0.0022890669296395	0.200625208461915	-4.97630621920823	1.0317024568236	3.81448621197547
4.42548824864722	-0.79833723896651	0.0141334761939347	0.234690492518371	-5.16112175581352	1.33482158575345	3.02275633848806
4.43548824864722	-0.85085283854992	0.0289353556597252	0.2615779567402	-5.34113423268029	1.6230288296135	2.37837155873164
4.44548824864722	-0.905141296513858	0.0465436725728809	0.282696928420788	-5.51555699670618	1.89614407087068	1.86532454086388
4.45548824864722	-0.961142612484831	0.0668087825119475	0.299243420144405	-5.68357066110418	2.15441794416378	1.46000950176806
4.46548824864722	-1.01878869136265	0.0895827611857477	0.312183560935709	-5.8443800763006	2.39790113610546	1.14075011563682
4.47548824864722	-1.07800367269198	0.114716729644577	0.322285087487455	-5.99722855783722	2.62635337122943	0.8896121733829
4.48548824864722	-1.1387041112762	0.142057587440017	0.330153524241893	-6.14066271503122	2.83711305155001	0.693868469983486
4.49548824864722	-1.20068580048653	0.171119151538678	0.336425880713532	-6.24770213463738	2.95463528445771	0.570268378044734
4.50548824864722	-1.26350978196208	0.200776267724852	0.341688363421708	-6.31009230626993	2.95952188849066	0.486191854707284
4.51268350529339	-1.30899693899611	0.221895899593388	0.345004221004721	-6.33033149027178	2.9032255412321	0.4366504815805
4.52268350529339	-1.37173229585003	0.24986395231283	0.333831892432796	-6.21473066471536	2.6888420475705	-2.671929448178
4.53268350529339	-1.43325013178662	0.27556357813291	0.29263113904773	-6.08754725866388	2.42447068221272	-5.22251477619293
4.54268350529339	-1.49347375402804	0.29762399514609	0.239100008645793	-5.95643002789529	1.96718717936101	-5.21428462624345
4.55268350529339	-1.55235809248505	0.314716093589346	0.190810400237437	-5.81922721337449	1.44781737096056	-4.40215261831565
4.56268350529339	-1.60983208344116	0.326566208867077	0.151187294903186	-5.67419332788089	0.923133962393448	-3.53629544914577
4.57268350529339	-1.66581396921337	0.333211163763245	0.119660223646985	-5.52078443513829	0.407823722643781	-2.79297021043037
4.58268350529339	-1.7202202119377	0.33476538669908	0.0948483211116498	-5.35912140157884	-0.0947871622055501	-2.19193714653702
4.59268350529339	-1.77297050806752	0.331360028468726	0.07540601145089	-5.18969995541921	-0.58403355225647	-1.71526808302074
4.60268350529339	-1.82399077390624	0.323130382243062	0.0602060393965373	-5.01325323598865	-1.05957486893764	-1.33972980976787
4.60440526625792	-1.83259571459405	0.321236722013148	0.0579479132886378	-4.98222838087522	-1.14003305092967	-1.28369838525705
4.61440526625792	-1.8814236972613	0.308655947584173	0.0306380633464943	-4.78211947210534	-1.37524505287486	-4.17372799198492
4.62440526625792	-1.92822563221801	0.293605136541905	-0.0233624719437163	-4.58000276073156	-1.6687667645475	-6.12257138365066
4.63440526625792	-1.97305965818401	0.274734835461508	-0.0834180753704683	-4.3877254505073	-2.11638692004182	-5.69259842090805
4.64440526625792	-2.01598883244766	0.251215234910591	-0.135507424523502	-4.19824679637554	-2.58597580579952	-4.70440985370344
4.65440526625792	-2.05702487498843	0.223088866588307	-0.177667187629171	-4.00894313653312	-3.03459082765972	-3.74906738916855
4.66440526625792	-2.09616785364186	0.190626705573009	-0.211026048435265	-3.81972254966244	-3.45253878381304	-2.95032383255847
4.67440526625792	-2.13342235953858	0.154144645038362	-0.237208735074753	-3.63142371628506	-3.83860313793662	-2.31093204594425
4.68440526625792	-2.16880319222089	0.113958621517206	-0.257695734503981	-3.44518586634766	-4.1934882963132	-1.80671266061288
4.69440526625792	-2.20233689200869	0.0703755098912917	-0.273705526421481	-3.26218997870354	-4.51818405031924	-1.41136431573078
4.70440526625792	-2.2340614952816	0.02369236809639	-0.286209802719618	-3.0835403730818	-4.81365070775119	-1.10220036764287
4.71440526625792	-2.26403679197019	-0.025770180498688	-0.295995121610707	-2.91829967282669	-5.05740455139352	-0.873808229323353
4.72440526625792	-2.29264519846003	-0.0768050765444924	-0.304033986184883	-2.81405576384783	-5.11827014880501	-0.744439338131632
4.73440526625792	-2.32051402745931	-0.127564452198723	-0.311007818867448	-2.76862055691826	-5.00766935540296	-0.654208890387429
4.74440526625792	-2.34817688468469	-0.176492616042909	-0.317167524911897	-2.77095446311585	-4.75727446522379	-0.579453416655882
4.75440526625792	-2.3760540324767	-0.222347300889346	-0.322621338153375	-2.80957510643724	-4.39803068193549	-0.512251642674767
4.76440526625792	-2.40443511557654	-0.26423801916951	-0.327400860025614	-2.86710689015287	-3.97738141277238	-0.440705990661936
4.77440526625792	-2.43339020345155	-0.301877905757755	-0.331418195951853	-2.92347463832972	-3.5499191491326	-0.363843278354472
4.78440526625792	-2.46289386925803	-0.335226574322538	-0.33471456454529	-2.97663177915977	-3.11952886092257	-0.297532162304102
4.79440526625792	-2.49290884697089	-0.364266612738742	-0.337411309791717	-3.02560091828665	-2.68857193533488	-0.243811334029812
4.80440526625792	-2.52338962990689	-0.389003180528976	-0.339627418605182	-3.06970107419713	-2.25915187162942	-0.201054886860717
4.81440526625792	-2.55428517543417	-0.409460446602779	-0.341461767261178	-3.10850059222297	-1.83295665521823	-0.167113670257969
4.82440526625792	-2.5855412396944	-0.425677319836502	-0.342992665503669	-3.14178573505585	-1.41125047888314	-0.14007686220577
4.83440526625792	-2.61710240332609	-0.437703389340623	-0.344281132803276	-3.16953007933239	-0.994913136324594	-0.118399416084596
4.83468649910366	-2.6179938779915	-0.437981556762234	-0.344314354085495	-3.17023118580158	-0.983288035402483	-0.117854685480498
4.84468649910366	-2.64982872473148	-0.44685425633898	-0.330719836286394	-3.19583591720589	-0.792069630038398	2.83524488627146
4.85468649910366	-2.68189728648819	-0.45375512122276	-0.288710676113574	-3.21686868608173	-0.559417004761741	5.17328296431797
4.86468649910366	-2.71413933565205	-0.457392880674021	-0.236219855687463	-3.23032110941544	-0.151678374355888	5.08843752844606
4.87468649910366	-2.74648264776429	-0.456649170808835	-0.189141355483628	-3.2374424573845	0.301954113121902	4.29058098862518
4.88468649910366	-2.77887291774313	-0.451372231385175	-0.150463620939125	-3.23995629883373	0.751369032411619	3.45858541364505
4.89468649910366	-2.81127051103735	-0.441672322254001	-0.119551118779919	-3.23907383723853	1.18602084343925	2.746748107358
4.90468649910366	-2.84364592342678	-0.427702161371229	-0.0950724087526692	-3.2356419514813	1.60566831254754	2.17038679105711
4.91468649910366	-2.87597704308379	-0.409602005761002	-0.0757492487555564	-3.23031415025928	2.01241510901003	1.7120370949832
4.92468649910366	-2.90824772870255	-0.387488959687065	-0.0605116887809445	-3.22364070223524	2.40862484938566	1.3497449754314
4.93468649910366	-2.94044698457012	-0.361457521574796	-0.0484997436770368	-3.21610348038235	2.79641972416621	1.06395242126988
4.94468649910366	-2.97256832942768	-0.331582609779591	-0.0390314115905754	-3.20812340929638	3.17759014838222	0.838639376315273
4.95468649910366	-3.0046091665226	-0.297922886963921	-0.0315682665235821	-3.20005487364525	3.55359955433902	0.661024974359909
4.96468649910366	-3.03654915978615	-0.260584666072354	-0.0256511954379268	-3.18103835386011	3.89336964621814	0.53806444960096
4.97468649910366	-3.06805031987905	-0.220576485977268	-0.0205821767855485	-3.11038644719984	4.08313604728106	0.481793705431313
4.98468649910366	-3.09859000283665	-0.179393274374518	-0.0159582693437724	-2.98969951553813	4.13145217109324	0.444310902717373
4.99468649910366	-3.12769787714598	-0.13835734243901	-0.0116870077826846	-2.82510286008491	4.05681564886832	0.409981624492679
5.00468649910366	-3.15496801076845	-0.0986029786126187	-0.00776212943133851	-2.62330128012283	3.87838864692706	0.374741179830024
5.01468649910366	-3.18008917874353	-0.0609951124607689	-0.00423622924314982	-2.4003829110706	3.64190195679929	0.326043733829095
5.02468649910366	-3.20297471387293	-0.0257667168427817	-0.00128040193613977	-2.17670678062958	3.4035944304288	0.265451352633593
5.03468649910366	-3.22362334300169	0.00707298709786871	0.00109672513554058	-1.95303499292602	3.16418031484658	0.211534195909979
5.04468649910366	-3.2420359512669	0.0375142542889629	0.00298355373585073	-1.72952218654159	2.92398247651665	0.167433997608053
5.05468649910366	-3.25821462653319	0.0655515712354606	0.00447538672426252	-1.50625990355178	2.68346305832948	0.13229554984027
5.06468649910366	-3.27216215643101	0.0911837416581673	0.00565406280860801	-1.28329866371875	2.44300760919623	0.104537892072678
5.07468649910366	-3.28388166707129	0.114412835983355	0.00658572870238189	-1.06065670639547	2.20288199710012	0.0826641244153768
5.08468649910366	-3.2933763283091	0.135242987936773	0.00732277237116901	-0.838325327526199	1.96323480898721	0.0654273524772022
5.09468649910366	-3.30064910689294	0.153679288336863	0.00790637891313657	-0.616273322522349	1.72411155661937	0.0518290192115163
5.10468649910366	-3.30570256251172	0.169726836781514	0.0083688321674397	-0.394451170033469	1.48547126020578	0.0410804627024656
5.11468649910366	-3.30853868500498	0.183389959148038	0.00873540721956346	-0.172795088274768	1.24720281781307	0.0325622318701835
5.12468649910366	-3.30915877156626	0.194671584724897	0.00902588222654903	0.0487690227775655	1.0091405206361	0.0257891386436112
5.13468649910366	-3.30756334279089	0.203572773858435	0.00925573419310742	0.270321754133184	0.771078650294099	0.0203819387998167
5.14468649910366	-3.3037520964573	0.210092387441827	0.00943708150760754	0.491946465450914	0.53278527673012	0.0160448304823913
5.15468649910366	-3.29772389810145	0.214226891134661	0.00957942608781591	0.713725643722403	0.29401543958261	0.0125477056490928
5.16468649910366	-3.28947680774198	0.215970289170863	0.00969023773710679	0.935737307838931	0.0545239198215501	0.00971219491354919
5.17468649910366	-3.27900814250565	0.215314184720858	0.00977541455036452	1.15805141645114	-0.185922185809058	0.0074007146471282
5.18468649910366	-3.26631457534976	0.21224796587741	0.0098396460995631	1.38072623292569	-0.427530881178914	0.00550788170808673
5.19468649910366	-3.25139227054212	0.206759118322939	0.00988670045411779	1.60380460142501	-0.670472488491002	0.00395379088652945
5.20468649910366	-3.23423705700143	0.198833667499757	0.00991965158028254	1.82731009238967	-0.914866506140301	0.00267875378043121
5.21239982155725	-3.21947658008137	0.191046599802671	0.00993706373072807	2	-1.10440514636078	0.00185790390487965
