=========================== Parameters =====================================
l1 [m]	l2 [m]	l3 [m]	c1 [m]	c2 [m]	c3 [m]	m1 [kg]	m2 [kg]	m3 [kg]
0.18
0.1
0.4058
0.3
0.7
0.7
0.1564
0.23764
0.1564
============================== Data ========================================
t [s]	th1 [rad]	th2 [rad]	th3 [rad]	th1d [rad/s]	th2d [rad/s]	th3d [rad/s]
0	0	0	0	0	0	0
0.01	-0.00142613989887403	0.00107613640736516	7.22698606913039e-05	-0.269831256664614	0.194478459123987	0.016507260422536
0.02	-0.00514483208358297	0.0035518795734705	0.000359679540489339	-0.463805190066321	0.287209599616355	0.0419421689750129
0.03	-0.0105408514550393	0.00660703580120347	0.000922209159097645	-0.609090100139283	0.315578602452707	0.0707637033174876
0.04	-0.0172287412076279	0.00973744052046988	0.00177335001515578	-0.724800450272849	0.305858872520447	0.0991489492329908
0.05	-0.0249820813948095	0.0126573337182902	0.002895306654003	-0.823924521975214	0.275864393843371	0.124603492043085
0.06	-0.0336805484461752	0.0152262188341129	0.00425058624631785	-0.914934567825322	0.237166065196196	0.145632701585688
0.07	-0.0432714690369586	0.0173956792998559	0.00579061037165983	-1.00307813937804	0.196870522185099	0.161474464332603
0.08	-0.0537427972421681	0.0191719394037336	0.00746194212090393	-1.09137742481767	0.1589984339383	0.171888385803347
0.09	-0.0651047929526119	0.0205904357384702	0.00921065597601556	-1.18137759903483	0.125518510074938	0.176993743648959
0.1	-0.0773781180992432	0.0216992664299626	0.0109852953845801	-1.27368959409838	0.0970993963444388	0.177147654712962
0.11	-0.090586516420577	0.0225490002270438	0.0127387786231841	-1.36837095843171	0.0736392220788489	0.172855269655366
0.12	-0.104752655792408	0.02318689309745	0.0144295361310939	-1.4651834357077	0.0546256629695051	0.164704763175385
0.13	-0.119896067221033	0.0236540458983797	0.0160220960162395	-1.56375955428972	0.0393707119662592	0.153321071701809
0.14	-0.136032405140151	0.0239844343644411	0.0174872799629653	-1.66370409953134	0.0271555761808006	0.139333521062408
0.15	-0.153173482517301	0.0242050560155855	0.0188021287202944	-1.76465049758837	0.0173131284897148	0.123353567507206
0.16	-0.171327708863881	0.0243366777368081	0.0199496433309538	-1.86628715254923	0.00926852374196682	0.105959796632842
0.17	-0.190500688570928	0.0243948450386444	0.0209184035994203	-1.9683647119186	0.00255302774675878	0.0876880752155778
0.18	-0.210695830058458	0.0243909416677648	0.0217021073225139	-2.07069203475986	-0.00319827087539133	0.0690253407046301
0.19	-0.231914881172514	0.024333177431641	0.022299061006541	-2.17312619319107	-0.00825753888353495	0.0504059622092164
0.2	-0.254158350030799	0.0242274423192001	0.0227116438809548	-2.2755600241223	-0.0128192212673773	0.0322099388231353
0.21	-0.277425798768781	0.0240780039869561	0.0229457609373696	-2.37790943870979	-0.017015955179277	0.0147624394573019
0.22	-0.301716014839118	0.0238880495458804	0.0230102966460008	-2.48010177888263	-0.0209335778832247	-0.00166564581622068
0.23	-0.327027074084534	0.0236600860021742	0.0229165782974912	-2.5820658871125	-0.024624284648127	-0.0168563614670162
0.24	-0.353356314279403	0.0233962201524976	0.022677856119358	-2.68372414866332	-0.0281175495901283	-0.0306426959820266
0.25	-0.380700239057235	0.0230983407279461	0.0223088060876399	-2.78498651281203	-0.0314287685094526	-0.0429060479584141
0.26	-0.409054371403487	0.0227682248915817	0.0218250604628534	-2.88574635350287	-0.0345657826985741	-0.0535732268258038
0.27	-0.438413074077152	0.0224075890289075	0.0212427703693054	-2.98587795529542	-0.0375335447894975	-0.0626130538262476
0.28	-0.468769352009946	0.0220181009233824	0.0205782041088375	-3.08523538178478	-0.0403372268553798	-0.0700326241842974
0.29	-0.500114649282867	0.0216013673792732	0.0198473842950112	-3.18365248300256	-0.0429840717013948	-0.0758732910573244
0.297294898651172	-0.523598775598299	0.0212810544590564	0.0192813652387825	-3.25474784468333	-0.0448217181826546	-0.0791779175972509
0.307294898651172	-0.561564688542496	0.0269729642289566	0.0190481873831537	-4.33646508124142	1.18097799857562	0.0325104251472685
0.317294898651172	-0.610264843873217	0.0448241884068258	0.0199316827062843	-5.39909393951037	2.3836625634117	0.144240049339691
0.327294898651172	-0.669426526463157	0.0744916274871057	0.0219352399096177	-6.42554367119462	3.53971305417463	0.256656405031174
0.337294898651172	-0.738331183411887	0.115019560967473	0.0251101362790402	-7.26572615241668	4.44433837647376	0.391061434091094
0.347294898651172	-0.812599786621433	0.160477014329058	0.0300657083823508	-7.50625072794779	4.53659411870844	0.611535321298304
0.357294898651172	-0.88723395431628	0.204104576895613	0.0375057639084481	-7.37734663490634	4.13107453590903	0.881911522348324
0.367294898651172	-0.959558768117464	0.242322072570611	0.0477686880755835	-7.06960307275959	3.48927889473538	1.17208185771228
0.377294898651172	-1.028432966964	0.273657992692941	0.0609480228456689	-6.70224244466274	2.77549585423823	1.46269435602279
0.387294898651172	-1.09363703793361	0.297912886453244	0.0769843273690198	-6.34381789826476	2.08447667595875	1.74199961905401
0.397294898651172	-1.15546105202051	0.315592233965021	0.0957274190671144	-6.03024195340573	1.46594320243931	2.00323277484648
0.407294898651172	-1.21444559341996	0.327548520190926	0.116976555486003	-5.77737676398307	0.941881482851399	2.2428057067383
0.417294898651172	-1.27122452742508	0.334763687997838	0.140505924614697	-5.58905277510664	0.517634989039304	2.45913934359493
0.424112628465292	-1.30899693899575	0.337470453703348	0.157734826886609	-5.49625641650813	0.28390422643398	2.5926158994196
0.434112628465292	-1.35855089457613	0.333160550642954	0.183164506363771	-4.41045373404871	-1.14834542531104	2.49316046070082
0.444112628465292	-1.39712562545139	0.314452587059949	0.207593832507435	-3.30060771073445	-2.59581924439656	2.39241507817087
0.454112628465292	-1.42452056111583	0.281235591974343	0.230998854893148	-2.19540158835335	-4.02224767639925	2.28414859771493
0.464112628465292	-1.44273348518436	0.236356447321532	0.252929330326654	-1.55915506519007	-4.79983041021819	2.07973109154744
0.474112628465292	-1.45753270164865	0.187749630345329	0.272236821055898	-1.47384177113005	-4.82111163652784	1.76784581083988
0.484112628465292	-1.47334392378569	0.141491934351429	0.288076314923511	-1.72981924313542	-4.3733791958934	1.39263542090386
0.494112628465292	-1.49269502357427	0.101065820555998	0.299991516602236	-2.15711822842171	-3.6883848027848	0.987643746009368
0.504112628465292	-1.51663636657078	0.0679438732569163	0.307806193850945	-2.63098648594098	-2.93538151678268	0.575433146412888
0.514112628465292	-1.54520009192323	0.0422207427934321	0.311520823761981	-3.07172708014649	-2.22188432602149	0.169189645001441
0.524112628465292	-1.57781576617104	0.0231806332603849	0.311232023101432	-3.43682609477607	-1.60483709544685	-0.224582756354565
0.534112628465292	-1.61362915654233	0.00972933248790776	0.307078839329151	-3.71025395958798	-1.10543249070882	-0.60353122067845
0.544112628465292	-1.65171636536169	0.000682218668801982	0.299211140875065	-3.8926501137062	-0.7225433778393	-0.967594236970359
0.554112628465292	-1.69121098009725	-0.00506623113954708	0.287773181384285	-3.99383185637892	-0.442882229971758	-1.31780231468193
0.564112628465292	-1.7313684250904	-0.00845781489972363	0.272896600715184	-4.0276706115878	-0.247902983833917	-1.65555772151383
0.574112628465292	-1.77158903493085	-0.0102414475552829	0.25469896883925	-4.00886959887744	-0.118119767818418	-1.98222218292684
0.584112628465292	-1.81141618611769	-0.0109773616786056	0.233285416655004	-3.95111535589252	-0.0355725598566835	-2.29889694451065
0.589501564654608	-1.83259571459406	-0.0110830674780586	0.220445260388362	-3.90807407589588	-0.00505750539165669	-2.46599309396196
0.599501564654608	-1.86650238866168	-0.0173249045126296	0.195033024431359	-2.87420481745982	-1.24131973983713	-2.61543479976879
0.609501564654608	-1.8901294158491	-0.0358315284872955	0.168153526568195	-1.85478583975836	-2.45481553899274	-2.75967148183438
0.619501564654608	-1.90472155774839	-0.0648947266817874	0.139693647802792	-1.16350788849609	-3.22246836955534	-2.94615417049923
0.629501564654608	-1.91508815370883	-0.0979973848793597	0.109009262434758	-0.975049732726992	-3.31009615129952	-3.19851165035967
0.639501564654608	-1.92520010064669	-0.129782938576477	0.0756209491502425	-1.08195748057659	-3.00071072420314	-3.48202368878064
0.649501564654608	-1.93719332061708	-0.157392424582373	0.0393457417440886	-1.33053405468183	-2.50304684115445	-3.77271050128951
0.659501564654608	-1.95193905401866	-0.1797163155041	0.000279651609084119	-1.61884510704348	-1.96836288156439	-4.02239606106089
0.669501564654608	-1.96951942792972	-0.196992375283219	-0.0406683061726258	-1.89303379838524	-1.50035075505356	-4.14609415858364
0.679501564654608	-1.98969541605634	-0.210010651704488	-0.0822404939666421	-2.1362756020071	-1.11803707936295	-4.1493815876379
0.689501564654608	-2.01212123414024	-0.219644344706827	-0.123301618999338	-2.34261764643738	-0.822790807005581	-4.04643871404307
0.699501564654608	-2.03642505190304	-0.226732589968017	-0.162868811692617	-2.51225761018726	-0.607207607765025	-3.85343266381363
0.709501564654608	-2.06225981948897	-0.23199536984708	-0.200160548307203	-2.6502691946506	-0.451780832845417	-3.60118805706663
0.719501564654608	-2.08934114860754	-0.235878490403435	-0.234865084696123	-2.7613144333157	-0.33053553599561	-3.33855454501281
0.729501564654608	-2.11739211716584	-0.238719208043053	-0.266910649033233	-2.84427756812967	-0.243078056362229	-3.06963910268015
0.739501564654608	-2.14613891567709	-0.240842771051635	-0.296242356670336	-2.90096278184574	-0.18636327930642	-2.79607681172213
0.749501564654608	-2.1753353450737	-0.242531725196005	-0.322822723785019	-2.93485997648639	-0.155200324395335	-2.51967589023017
0.759501564654608	-2.20477375857285	-0.244012354999575	-0.346632412422311	-2.95004808871581	-0.143716844605751	-2.24223192176703
0.769501564654608	-2.23428735085887	-0.245452673856827	-0.367669440183934	-2.95053503810901	-0.146239462500631	-1.96540435926414
0.779501564654608	-2.26374744586575	-0.246967077349819	-0.385947413443325	-2.93989806092637	-0.157771824640076	-1.69064271260041
0.789501564654608	-2.29305825869714	-0.248624338530497	-0.401493222045222	-2.92112396362079	-0.174203891519665	-1.4191508055656
0.799501564654608	-2.32215074543812	-0.25045677099806	-0.414344522668232	-2.8965761710716	-0.192349935435047	-1.15187861819178
0.809501564654608	-2.35097653250612	-0.252469216582204	-0.424547240359246	-2.86803634889968	-0.209885188559986	-0.889532719271847
0.819501564654608	-2.37950247867937	-0.25464710346626	-0.432153236297111	-2.83678440370699	-0.225229931009297	-0.632598015079442
0.829501564654608	-2.40770612471732	-0.256963223937055	-0.437218225879518	-2.80369283642304	-0.237413645723677	-0.381365282478698
0.839501564654608	-2.4355720927808	-0.259383143677902	-0.439799984035679	-2.7693204608719	-0.245939773575756	-0.13596054383331
0.849501564654608	-2.46308938231067	-0.261869313589158	-0.439956842157076	-2.73399698543128	-0.250662849509808	0.103626322298872
0.859501564654608	-2.4902494477687	-0.264384040616276	-0.437746460472947	-2.69789441157263	-0.251683733591183	0.337515289260742
0.869501564654608	-2.51704491878608	-0.266891509784588	-0.433224848261449	-2.66108410024034	-0.249264667245663	0.565912984465908
0.879501564654608	-2.54346882132235	-0.269359053681878	-0.426445599433218	-2.62358010588712	-0.243763450834769	0.789092816620694
0.889501564654608	-2.56951415969868	-0.271757954893422	-0.41745908007081	-2.58535768147445	-0.235630172486395	1.00745267626878
0.899501564654608	-2.59518257160459	-0.274032318046984	-0.406363050237633	-2.54915829110467	-0.214909287231875	1.2040156316697
0.908504991406539	-2.6179938779915	-0.275806101307941	-0.394889538206475	-2.51764031453308	-0.176898887255176	1.33796925641292
0.918504991406539	-2.64580725565303	-0.273624953039201	-0.381090513076896	-3.04345793900728	0.611643607801216	1.42213565405809
0.928504991406539	-2.67883988025615	-0.263592365371126	-0.366439681834338	-3.56233583016246	1.39444779250495	1.50844320883815
0.938504991406539	-2.71704791898803	-0.245734083992676	-0.350912303658209	-4.07939210256489	2.17781034520886	1.59755494839233
0.948504991406539	-2.76040553239908	-0.220059339276964	-0.334470422228996	-4.56392688137032	2.91889882513507	1.69725734219044
0.958504991406539	-2.80699983111189	-0.189164422163695	-0.316693270073577	-4.69662880657296	3.18051098667248	1.86963543573323
0.968504991406539	-2.85341128930696	-0.157715222580561	-0.296905879675232	-4.54974517791709	3.06021877311888	2.0940025180566
0.978504991406539	-2.89745984938505	-0.128691902293011	-0.274730112851769	-4.24137482031447	2.71898731005507	2.34361029813881
0.988504991406539	-2.93800012178466	-0.103662584889895	-0.250010080257948	-3.86043961175226	2.27830512395512	2.60054501208374
0.998504991406539	-2.97463331467541	-0.0831682171538592	-0.222747638640636	-3.46869059610176	1.82676986566211	2.84361405667709
1.00850499140654	-3.00746624091672	-0.0668864987191862	-0.193455341283844	-3.10277768261324	1.44202521734649	2.99894285642829
1.01850499140654	-3.03678640260808	-0.0540837615681176	-0.163072074060636	-2.76590750022023	1.1301715533031	3.06330108778529
1.02850499140654	-3.0628705101592	-0.044065172122167	-0.132460500363082	-2.45481459412046	0.883593341510675	3.04633558739243
1.03850499140654	-3.0859520273195	-0.0362289978008684	-0.102380781428051	-2.16451660965948	0.691869298701198	2.95875575776896
1.04850499140654	-3.10621313467132	-0.030081034497536	-0.073483995723944	-1.88992921580469	0.544198350166401	2.81159085390322
1.05850499140654	-3.12378829421889	-0.0252314552801421	-0.0463110288799499	-1.62668073861606	0.430646976467049	2.61579508772404
1.06850499140654	-3.13877332579786	-0.0213828250004757	-0.0212949235647177	-1.37143718404474	0.342720712022997	2.3819407378938
1.07850499140654	-3.15123448075245	-0.0183256714315482	0.00125608593783107	-1.12149631545954	0.269905900357175	2.12754090979432
1.08850499140654	-3.16122196684816	-0.0159588537739597	0.0212517274869042	-0.877156594411083	0.205029457906922	1.87139536569328
1.09850499140654	-3.16880309942476	-0.0141904998479623	0.0386800041278269	-0.640404877154034	0.150449874909802	1.61405944530483
1.10850499140654	-3.17405674517214	-0.0129137434580363	0.0535290056745904	-0.41162476123017	0.106660534602719	1.35555334867086
1.11850499140654	-3.17706029955813	-0.0120238794428781	0.065787527802886	-0.190240411447903	0.0728732807386081	1.09598526244248
1.12850499140654	-3.17788277027638	-0.0114275744923068	0.0754456251696249	0.0247839242883959	0.0476904906295989	0.835491307205602
1.13850499140654	-3.17658187928551	-0.0110466802028931	0.0824947053936931	0.234629594064242	0.0295263093530712	0.574202113823655
1.14850499140654	-3.17320362044902	-0.0108187506855646	0.0869273509590408	0.440439258209585	0.0168551527989275	0.312219495940373
1.15850499140654	-3.16778162212187	-0.0107054746164118	0.0887561607134478	0.643729199423291	0.00466348505142833	0.0570960210867497
1.16850499140654	-3.16033871358923	-0.010748310219573	0.0881567776558347	0.844061735390324	-0.0140512567282269	-0.172409387588716
1.17850499140654	-3.15092140815264	-0.0109971321221814	0.0854015752569393	1.03812045185421	-0.0359893130070644	-0.373854875519202
1.18850499140654	-3.13960555662754	-0.0114694103644792	0.0807765165866319	1.22343094455758	-0.0583490511931171	-0.546269288774105
1.19850499140654	-3.1264875546638	-0.0121588334741475	0.0745742779001689	1.39833470430239	-0.0791470673847657	-0.689275866086248
1.20850499140654	-3.11167687621535	-0.0130426680296235	0.0670884759923012	1.56185322935617	-0.0970575687188003	-0.803056692874586
1.21850499140654	-3.09528988942766	-0.0140876278181048	0.058608289256104	1.71356723686633	-0.11127463557116	-0.888309562734222
1.22850499140654	-3.07744481113585	-0.0152544710114965	0.0494135461240682	1.85350944735394	-0.121395140590696	-0.946197752009212
1.23850499140654	-3.0582576721851	-0.0165015196123352	0.0397703477857435	1.98206942272295	-0.12731991964657	-0.978293562728969
1.23997126725256	-3.05533823847949	-0.016688598274196	0.0383338956678155	2	-0.127841054283751	-0.980943048180591
1.24997126725256	-3.03474806255813	-0.0179766436267965	0.0284812114924007	2.11633672786672	-0.129115472770198	-0.985845181770485
1.25997126725256	-3.01304391507468	-0.0192584077065868	0.0186881052749762	2.22295432531237	-0.126643051753745	-0.969419965361756
1.26997126725256	-2.99031800509829	-0.020498302091597	0.00915577118208041	2.32086584167791	-0.120811758372288	-0.934111818678765
1.27997126725256	-2.96665199168269	-0.0216649187702285	6.02065613693808e-05	2.41116053271781	-0.112064167737902	-0.882504999067495
1.28997126725256	-2.94211644016614	-0.0227314261444998	-0.00844886447427868	2.49496157020982	-0.100869056067111	-0.817259489433603
1.29997126725256	-2.91677065916743	-0.0236757268037937	-0.0162484432377713	2.57339209750957	-0.087701849737124	-0.741050743234225
1.30997126725256	-2.89066284067925	-0.0244804550304347	-0.0232421308567914	2.64754832437152	-0.073031757318951	-0.656514568363106
1.31997126725256	-2.86383043989651	-0.0251328700401402	-0.029359481328229	2.71847824863676	-0.0573134402242813	-0.566198105271251
1.32997126725256	-2.8363007454394	-0.0256246805026498	-0.0345548974516312	2.78716464111095	-0.0409813087418346	-0.472517494801732
1.33997126725256	-2.8080916033718	-0.0259518186626802	-0.0388061381064131	2.85451113087167	-0.0244449348302964	-0.377722497301263
1.34997126725256	-2.77921226858874	-0.0261141697614235	-0.0421125064904738	2.92133053123163	-0.00808457566863153	-0.283868042097675
1.35997126725256	-2.74966436403231	-0.0261152550079433	-0.044492787585144	2.98833489069078	0.0077536802670944	-0.192792469111708
1.36997126725256	-2.7194429316797	-0.0259618638410565	-0.0459829999272821	3.05612708078049	0.0227631728264335	-0.106102075097649
1.37997126725256	-2.68853755973209	-0.0256636327968725	-0.0466340224117879	3.12519399869802	0.0366820137516913	-0.0251614900693605
1.38997126725256	-2.65693356869025	-0.0252325726965351	-0.0465091518861452	3.19590163914446	0.0492979799604925	0.0489106266738153
1.39997126725256	-2.62461323599143	-0.0246825516813389	-0.0456816421694867	3.2684923666723	0.0604523509281463	0.115241081385717
1.40997126725256	-2.59155703558214	-0.0240287475040899	-0.0442322701192721	3.34308470265062	0.0700421380857574	0.173197320635405
1.41997126725256	-2.55774486607544	-0.0232870873283564	-0.0422469696229028	3.41967584714611	0.0780203025911687	0.222378745743475
1.42997126725256	-2.52315723963407	-0.022473696325383	-0.0398145699336421	3.49814701052915	0.0843937638217268	0.262604599820161
1.43997126725256	-2.48777640381121	-0.0216043772103553	-0.0370246705386642	3.57827146023328	0.0892192259692574	0.293898842664694
1.44997126725256	-2.45158737037258	-0.0206941415123103	-0.0339656806329013	3.65972502129402	0.0925970597898374	0.316472423157248
1.45997126725256	-2.41457882847696	-0.0197568101187907	-0.0307230471549202	3.74209862690834	0.09466364445053	0.33070336475034
1.46997126725256	-2.37674392418147	-0.0188046959854345	-0.0273776911172538	3.82491241233361	0.0955826842513657	0.337115094322999
1.47997126725256	-2.33808089362548	-0.0178483764696161	-0.0240046675678355	3.90763078937447	0.0955360610924219	0.336353463595327
1.48997126725256	-2.29859354295707	-0.0168965571617458	-0.0206720599331012	3.98967792959936	0.0947147696512181	0.329162930618064
1.49997126725256	-2.25829157365558	-0.0159560238982429	-0.0174401147464883	4.07045311650151	0.0933104192161758	0.316362381987636
1.50997126725256	-2.21719075700458	-0.0150316752644325	-0.0143606179295043	4.14934549038013	0.0915076890777186	0.29882108072788
1.51997126725256	-2.17531296582639	-0.0141266245921738	-0.0114765089681272	4.22574779334839	0.0894780096410864	0.277435217755278
1.52997126725256	-2.13268607505516	-0.0132423583256434	-0.00882172463530714	4.29906881438291	0.087374624044394	0.253105525279129
1.53997126725256	-2.08934374526342	-0.0123789366327277	-0.00642125947756193	4.36874432622075	0.0853290770526754	0.226716378274472
1.54997126725256	-2.0453251049088	-0.0115352221413765	-0.00429142623328864	4.43424639022824	0.0834490874441777	0.199116766091936
1.55997126725256	-2.00067434793263	-0.0107091234817848	-0.00244029579429932	4.49509097792591	0.0818176911082488	0.171103461769939
1.56997126725256	-1.95544026354865	-0.00989784169504736	-0.000868293355482185	4.55084391698322	0.0804934952854311	0.143406653547833
1.57997126725256	-1.90967571474102	-0.00909810931266101	0.000431074904325495	4.60112521546985	0.0795118579027573	0.116678233551989
1.58997126725256	-1.86343708127314	-0.00830641383212306	0.00147039185073448	4.64561185248767	0.0788867963586199	0.0914828648854436
1.59997126725256	-1.81678368199581	-0.00751919926313587	0.00226742420665539	4.68403914811153	0.0786134333505099	0.0682918727090652
1.60997126725256	-1.76977719002201	-0.00673304128818608	0.00284417030331012	4.71620084298284	0.0786707994815146	0.0474799296985952
1.61997126725256	-1.72248105296876	-0.00594479329893282	0.00322588826150953	4.7419480297608	0.0790248300577806	0.0293244338269457
1.62997126725256	-1.67495992900293	-0.00515170209423176	0.00344013073270259	4.76118708629226	0.0796314141020147	0.0140074090259696
1.63997126725256	-1.62727914790548	-0.00435149333706045	0.00351581032695735	4.77387676465968	0.0804393753437267	0.00161969907036629
1.64997126725256	-1.57950420481761	-0.00354242796109832	0.00348231729464249	4.78002459163691	0.0813932866572675	-0.00783282607250562
1.65997126725256	-1.5317002927818	-0.00272333159712632	0.00336870800964626	4.77968273467437	0.0824360404431912	-0.0144213725554709
1.66997126725256	-1.48393187866813	-0.00189359976357879	0.00320297943814475	4.77294348336547	0.0835111174312403	-0.0182849832005172
1.67997126725256	-1.43626232560893	-0.001053182046001	0.00301144119145332	4.75993448942316	0.084564515121522	-0.0196203216706258
1.68997126725256	-1.38875356368048	-0.000202548790071108	0.00281819308192295	4.74081389860978	0.0855463144211809	-0.0186708486784721
1.69997126725256	-1.34146580929414	0.000657356033022332	0.0026447124534401	4.71576549602772	0.0864118788191103	-0.0157157493000871
1.70997126725256	-1.29445733261452	0.00152517214526109	0.00250955206224597	4.68499397204593	0.0871226944926664	-0.011058949697054
1.71997126725256	-1.24778427132688	0.00239918696721405	0.00242814604689076	4.6487204003784	0.087646871869331	-0.00501853080079077
1.72997126725256	-1.20150048824468	0.00327740307006039	0.00241271863923044	4.60717800300644	0.0879593391959279	0.00208319240733777
1.73997126725256	-1.15565746958729	0.00415760618047439	0.00247228780291996	4.56060825935613	0.0880417664573357	0.00992870239533548
1.74997126725256	-1.11030426026968	0.0050374312573223	0.00261275399172362	4.50925740002776	0.0878822634509197	0.0182132466156322
1.75997126725256	-1.06548743222592	0.00591442461474401	0.00283706272469819	4.45337330901629	0.0874748989479943	0.0266516168593756
1.76997126725256	-1.02125108162512	0.00678610054160638	0.00314542868464555	4.39320284329486	0.0868190887246252	0.0349836662694383
1.77997126725256	-0.977636850818341	0.00764999134044785	0.00353560854571492	4.32898956529949	0.0859188989681947	0.0429785375275812
1.78997126725256	-0.934683970957539	0.00850369015969169	0.0040032096934792	4.2609718725838	0.0847823083915149	0.050437619404181
1.79997126725256	-0.892429321432075	0.00934488640355467	0.00454202236946839	4.18938149991564	0.0834204676152738	0.0571962872446301
1.80997126725256	-0.850907502550615	0.0101713938605345	0.00514436349424209	4.11444236243435	0.0818469883772655	0.0631245151472019
1.81997126725256	-0.810150918233847	0.0109811719833316	0.00580142143353482	4.03636970412694	0.080077288303378	0.0681264730163356
1.82997126725256	-0.770189865853678	0.0117723409744951	0.00650359220205629	3.95536951364174	0.0781280097634748	0.0721392401615695
1.83997126725256	-0.731052630737717	0.0125431914812481	0.00724079898014715	3.87163816907896	0.076016524163872	0.0751307787866342
1.84997126725256	-0.69276558323681	0.0132921897822822	0.00800278828338849	3.78536227454967	0.0737605262939217	0.0770973159826543
1.85997126725256	-0.65535327661472	0.014017979364922	0.00877939761337159	3.69671865361803	0.0713777173862266	0.0780602823326611
1.86997126725256	-0.618838544352712	0.0147193797521034	0.00956079087524235	3.60587446786978	0.0688855706273156	0.0780629497427605
1.87997126725256	-0.583242595761759	0.0153953833563175	0.0103376592288892	3.51298743244366	0.0663011691340017	0.0771669015318235
1.88997126725256	-0.548585109057817	0.0160451510245051	0.0111013863095188	3.41820610412492	0.0636411039567789	0.0754484550756327
1.89997126725256	-0.514884321281142	0.016668006806425	0.0118441778830157	3.3216702212964	0.0609214184575459	0.0729951423466037
1.90997126725256	-0.482157114629997	0.0172634323411955	0.0125591569742156	3.2235110785005	0.058157585323645	0.069902337401366
1.91997126725256	-0.450419098935787	0.0178310611229563	0.0132404263127731	3.12385192147788	0.0553645033487239	0.0662701030478158
1.92997126725256	-0.419684690134003	0.0183706727854188	0.0138831005799434	3.02280835126518	0.0525565027157211	0.0622003122661765
1.93997126725256	-0.389967184687706	0.0188821874426209	0.0144833114149247	2.92048872825004	0.0497473496215472	0.0577940840393989
1.94997126725256	-0.361278830001191	0.0193656600433274	0.0150381884611529	2.81699456902508	0.0469502434524498	0.0531495585144058
1.95997126725256	-0.333630890924814	0.0198212746407381	0.0155458199146648	2.71242093050454	0.0441778021390291	0.0483600231901519
1.96997126725256	-0.307033712500242	0.0202493384470829	0.0160051960945676	2.60685677712384	0.041442033609759	0.0435123903175601
1.97997126725256	-0.28149677913136	0.0206502755322423	0.0164161395075017	2.50038532809406	0.0387542932824368	0.038686016002623
1.98997126725256	-0.257028770391196	0.0210246200335419	0.0167792247420693	2.39308438268004	0.0361252291898861	0.0339518436412761
1.99997126725256	-0.233637613691084	0.0213730087664013	0.0170956913236062	2.28502662235439	0.0335647175787985	0.0293718482252805
2.00997126725256	-0.21133053404567	0.021696173158339	0.0173673524015951	2.1762798894777	0.0310817926370467	0.0249987536296169
2.01997126725256	-0.190114101167198	0.0219949304677658	0.017596501847338	2.06690744288556	0.0286845744158365	0.0208759920720679
2.02997126725256	-0.169994274115274	0.0222701742901905	0.0177858220224448	1.9569681914309	0.0263801990631855	0.0170378733484841
2.03997126725256	-0.150976443714786	0.0225228643946009	0.0179382941516384	1.84651690713544	0.0241747552355595	0.0135099310040499
2.04997126725256	-0.133065472935339	0.0227540159692097	0.0180571129068173	1.73560442013975	0.0220732300739326	0.0103094131109617
2.05997126725256	-0.116265735401334	0.0229646883865214	0.018145606491844	1.62427779809961	0.0200794674902502	0.00744588660124947
2.06997126725256	-0.100581152173404	0.0231559736215234	0.0182071632159532	1.51258051304781	0.0181961407776711	0.00492192597656268
2.07997126725256	-0.0860152269102521	0.0233289844731184	0.018245165263142	1.40055259901875	0.0164247407932507	0.00273385952657668
2.08997126725256	-0.0725710794860008	0.0234848427476379	0.0182629301090534	1.28823080391299	0.0147655802156415	0.000872548794048674
2.09997126725256	-0.0602514781028604	0.0236246675648009	0.0182636598080572	1.17564873916053	0.0132178136925031	-0.000675820193902366
2.10997126725256	-0.0490588699033888	0.0237495639415434	0.0182503981726734	1.0628370307265	0.011779473091679	-0.00192895255456291
2.11997126725256	-0.03899541005158	0.0238606117987169	0.0182259956954726	0.949823474897292	0.0104475165751159	-0.00290768282241479
2.12997126725256	-0.0300629892185545	0.0239588555208456	0.0181930819196544	0.836633202097845	0.00921788983440657	-0.00363524888710542
2.13997126725256	-0.022263259377324	0.0240452941811069	0.0181540448475735	0.723288851731659	0.00808559756320619	-0.00413661198682625
2.14997126725256	-0.0155976577827634	0.0241208725236024	0.0181110168850388	0.609810760716816	0.00704478309011534	-0.00443783068718334
2.15997126725256	-0.0100674289879593	0.0241864727739007	0.018065866751393	0.496217168025747	0.00608881404661234	-0.00456549451348086
2.16997126725256	-0.0056736447270221	0.0242429073277117	0.0180201967391203	0.382524437136956	0.00521037198611648	-0.00454622085743588
2.17997126725256	-0.00241722147744554	0.0242909123472482	0.0179753446798234	0.268747297884575	0.00440154398785749	-0.00440621695666317
2.18997126725256	-0.000298935502417734	0.0243311422760136	0.0179323899635923	0.154899108758374	0.00365391445806127	-0.00417090714902404
2.19997126725256	0.000680564834874998	0.0243641652659751	0.0178921629638208	0.0409921402713247	0.00295865556597987	-0.00386462423092457
2.20997126725256	0.000520749696917167	0.0243904594967171	0.0178552572371936	-0.0729621204167762	0.00230661500905936	-0.00351036259144507
2.21997126725256	-0.000778798450729035	0.0244104103544821	0.0178220438967748	-0.186952643847255	0.00168840007697777	-0.00312958984219643
2.22997126725256	-0.00321838770280095	0.0244243084301112	0.0177926875928835	-0.300968512207852	0.00109445726631448	-0.00274211290312103
2.23997126725256	-0.00679821601917981	0.024432348288813	0.0177671635798901	-0.414998553878129	0.000515146975915524	-0.00236599392262785
2.24997126725256	-0.0115183667837017	0.0244346279613332	0.0177452753955086	-0.529030959931828	-5.9186921242329e-05	-0.00201751099107724
2.25997126725256	-0.0173788004446747	0.0244311491053015	0.0177266727310502	-0.643052884283381	-0.000638152588197797	-0.0017111583338763
2.26997126725256	-0.0243793420832706	0.0244218177870728	0.0177108691250527	-0.757050029472853	-0.0012312505549234	-0.00145968052844408
2.27997126725256	-0.0325196647773419	0.0244064458379602	0.0176972591674805	-0.871006220368563	-0.00184781841978808	-0.00127413526253397
2.28997126725256	-0.0417992686523471	0.0243847527440677	0.0176851349562278	-0.984902968331411	-0.002496979316692	-0.00116397922485702
2.29997126725256	-0.0522174555377576	0.0243563680355933	0.0176737016010125	-1.09871902863168	-0.00318759342534626	-0.00113717187845672
2.30997126725256	-0.0637732991763942	0.024320834149131	0.0176620916211432	-1.21242995414015	-0.00392821172338671	-0.00120029209954455
2.31997126725256	-0.0764656109654572	0.0242776097447383	0.01764937813239	-1.32600764853285	-0.00472703114007911	-0.00135866295730021
2.32997126725256	-0.0902929012414434	0.024226073467964	0.0176345867637675	-1.439419922455	-0.00559185027277723	-0.00161648025230383
2.33997126725256	-0.105253336156593	0.0241655281552483	0.0176167062869772	-1.55263005628601	-0.00653002486885785	-0.00197694081281455
2.34997126725256	-0.121344690231873	0.0240952054887049	0.017594697979229	-1.66559637333479	-0.00754842235672562	-0.00244236696017386
2.35997126725256	-0.138564294710694	0.0240142711128969	0.0175675037738906	-1.77827182747353	-0.00865337482829185	-0.00301432398942625
2.36997126725256	-0.156908981878499	0.023921830231449	0.0175340532827081	-1.89060360938771	-0.00985063002992216	-0.00369372796212563
2.37997126725256	-0.17637502555593	0.0238169337048599	0.017493269798073	-2.00253277577941	-0.0111453001064062	-0.00448094156946318
2.38997126725256	-0.196958078017429	0.0236985846723667	0.0174440754038976	-2.11399390600704	-0.0125418080591033	-0.00537585629042763
2.39997126725256	-0.218653103632591	0.0235657457199224	0.0173853953390772	-2.22491479077524	-0.0140438321204601	-0.00637795953746464
2.40997126725256	-0.241454309574304	0.0234173466130324	0.0173161617682595	-2.33521615759825	-0.015654248506457	-0.00748638594735627
2.41997126725256	-0.265355073985399	0.0232522926072421	0.0172353171207642	-2.44481143784543	-0.0173750732792142	-0.00869995243444769
2.42997126725256	-0.29034787204391	0.0230694733403687	0.0171418171600623	-2.55360658023137	-0.0192074043254531	-0.0100171770736645
2.43997126725256	-0.316424200415804	0.022867772299175	0.0170346339433488	-2.66149991563046	-0.0211513647230699	-0.011436282318671
2.44997126725256	-0.343574500632713	0.0226460768391971	0.016912758823566	-2.7683820780682	-0.0232060490167827	-0.0129551834823884
2.45997126725256	-0.371788081980406	0.0224032887201002	0.0167752056349334	-2.87413598666357	-0.025369474142819	-0.0145714638087563
2.46997126725256	-0.401053044530827	0.0221383351006169	0.0166210141878479	-2.97863689315899	-0.0276385369191393	-0.016282337841273
2.47997126725256	-0.431356202995954	0.021850179917298	0.0164492541802003	-3.08175249947008	-0.0300089801391136	-0.018084605139819
2.48997126725256	-0.462683012124688	0.0215378355505963	0.016259029610066	-3.18334314940796	-0.0324753693602088	-0.0199745967060329
2.49997126725256	-0.495017494403795	0.0212003746609457	0.0160494837497608	-3.28326209836445	-0.0350310824538464	-0.0219481167416848
2.5085656180342	-0.523598775598317	0.0208896268917364	0.0158533346617308	-3.36768347900181	-0.0372930215781158	-0.0237073437367827
2.5185656180342	-0.562696106390166	0.0266591995788603	0.01617685870665	-4.44971929393948	1.18887491460185	0.0883796710931038
2.5285656180342	-0.612527422111883	0.0445877058061477	0.0176210481293811	-5.51191252390426	2.39102614126837	0.200510806777798
2.5385656180342	-0.67281068512337	0.0743205983625107	0.0201893008530061	-6.53711519633712	3.54555933226891	0.313276391288299
2.5485656180342	-0.742751434554207	0.114800335602141	0.0239426663822541	-7.35713851023937	4.42314023978004	0.45075051577486
2.5585656180342	-0.817905527497061	0.16000935766488	0.0294976037163025	-7.59198636330718	4.50820870162211	0.671643718709074
2.5685656180342	-0.893377116145772	0.203329595272523	0.0375377509072543	-7.45950142289619	4.09858993359507	0.941685320270245
2.5785656180342	-0.966513910252886	0.241214207136478	0.0483936190295034	-7.15008840966734	3.45556597659165	1.23078684994081
2.5885656180342	-1.0361895724935	0.272214810848749	0.0621521092969107	-6.78219423652154	2.74239166565913	1.51972851435287
2.5985656180342	-1.10219341012682	0.296146926184087	0.0787482364256052	-6.42390315198462	2.05318944805734	1.79685019135504
2.6085656180342	-1.1648205998917	0.313525996052115	0.0980270132467324	-6.11083597216906	1.4372848657225	2.05544805703553
2.6185656180342	-1.22461442195273	0.325211164349674	0.119783416850824	-5.85865383194219	0.916385270854873	2.29197952823407
2.6285656180342	-1.28220967206103	0.332188557490494	0.143787773592489	-5.67102743232841	0.495601537637008	2.50492051163778
2.63331831067749	-1.30899693899575	0.334141070855073	0.155915908996317	-5.60376183485686	0.329912873044582	2.59726440758875
2.64331831067749	-1.35958369840722	0.330236244875065	0.181391348018892	-4.50943267453288	-1.11338342532861	2.49765484856363
2.65331831067749	-1.39910433296332	0.311822425720296	0.205864627454502	-3.39079847187284	-2.5719114167679	2.39670254202137
2.66331831067749	-1.42735507190188	0.278787615843858	0.229311762431951	-2.27911377615813	-4.00594260417787	2.28777250594566
2.67331831067749	-1.44642973735979	0.234111801802061	0.251265449254427	-1.64696411629019	-4.77658004623233	2.08097911839873
2.68331831067749	-1.46211497248842	0.185755439550274	0.270577387696155	-1.56290459801103	-4.7947128004499	1.76758820896907
2.69331831067749	-1.47881504530822	0.139766770518355	0.286408958093732	-1.81822617236192	-4.34637032508874	1.39137489484044
2.70331831067749	-1.49904019471688	0.0996049402611758	0.298307867725562	-2.2432992217913	-3.66282371231924	0.985680441909558
2.71331831067749	-1.52382758665061	0.0667254845874449	0.306100013635131	-2.71388216350879	-2.91260655643861	0.572902082198406
2.72331831067749	-1.55320130706164	0.0412132117195519	0.309786649289959	-3.15077191886744	-2.20254725621103	0.166121369538345
2.73331831067749	-1.58658728492323	0.0223485690493617	0.309464409597729	-3.51183634306271	-1.58906920939626	-0.228207382109025
2.74331831067749	-1.62313083142679	0.00903787063889957	0.305272064934426	-3.78130275500637	-1.09302501407982	-0.607743767495554
2.75331831067749	-1.66190963037016	9.96647893111479e-05	0.297359198672609	-3.95996623780054	-0.713091317259252	-0.972417727981415
2.76331831067749	-1.70206002287052	-0.00556697815913605	0.285869922197917	-4.05772732765975	-0.435885706813928	-1.32324112660263
2.77331831067749	-1.74284075556859	-0.00889867852375396	0.270935942888259	-4.08849113461307	-0.242835562053044	-1.66159365658222
2.78331831067749	-1.78365564357574	-0.0106391511730954	0.252675129028575	-4.06696103433653	-0.114473969976485	-1.98881386333366
2.79331831067749	-1.82405142587055	-0.0113437778135582	0.231193136236713	-4.00680136445843	-0.0328895790119085	-2.30598115234265
2.7954551576465	-1.83259571459405	-0.0114000524016729	0.226194431680516	-3.99010031043434	-0.0200127300233578	-2.37252777988033
2.8054551576465	-1.86730561909843	-0.0178106092120424	0.201708509795671	-2.95271505601136	-1.26021392680893	-2.52363746420383
2.8154551576465	-1.89170249835435	-0.0365216141928383	0.17573772069612	-1.93511117636913	-2.47014924767139	-2.6705286791323
2.8254551576465	-1.90721929269377	-0.0655666989661208	0.148137074400673	-1.26710439565355	-3.20483266987636	-2.86334264531998
2.8354551576465	-1.91869274564368	-0.0983885966714808	0.118254996569618	-1.09089933617104	-3.27414052161148	-3.12060948252343
2.8454551576465	-1.92998400304927	-0.129776596891384	0.085626367938712	-1.2007699932908	-2.95873324510241	-3.40783879829183
2.8554551576465	-1.94315592507347	-0.1569678235654	0.0500773238560116	-1.44678213849079	-2.4621944951664	-3.70171420977239
2.8654551576465	-1.95904185979087	-0.17887737780602	0.0116487854211666	-1.73035539238992	-1.92455293562123	-3.97115713888755
2.8754551576465	-1.97769660812824	-0.195706905996893	-0.0289228785618781	-1.99577256152415	-1.45585145065515	-4.12157083457953
2.8854551576465	-1.99884522983629	-0.20829568076698	-0.070370843970833	-2.22786940712552	-1.07709066870136	-4.14855675628487
2.8954551576465	-2.02212921026124	-0.217545568191096	-0.111529572993899	-2.4227119129811	-0.787122230710709	-4.06627580121338
2.9054551576465	-2.04717925696717	-0.224305538513515	-0.151385528531254	-2.58159162857868	-0.5772367374447	-3.8907758289075
2.9154551576465	-2.07365603165084	-0.229309485586029	-0.189100775858709	-2.70937044995852	-0.431331132999878	-3.64512767058167
2.9254551576465	-2.10128742071816	-0.233035469767394	-0.22424650654288	-2.8127549508288	-0.318862746287597	-3.38292248737857
2.9354551576465	-2.1298261245174	-0.23578833078718	-0.256738841378475	-2.89075201990645	-0.236709358177502	-3.11464837320897
2.9454551576465	-2.1590207011897	-0.23786473090696	-0.286524275826525	-2.94428657400101	-0.18299417456045	-2.84182192596538
2.9554551576465	-2.18863971009755	-0.239528632908071	-0.313565891457037	-2.97620413152344	-0.153372289037439	-2.56617960877245
2.9654551576465	-2.21848478514952	-0.240994908050864	-0.337844319028288	-2.99012499524364	-0.142569385661394	-2.28946888956994
2.9754551576465	-2.24839456587758	-0.242425136663546	-0.359357167367997	-2.98974200632735	-0.145318871047887	-2.01332120400102
2.9854551576465	-2.27824323560017	-0.243930597209253	-0.37811743805895	-2.97842496241496	-0.156888064026484	-1.73917420903852
2.9954551576465	-2.30793620802087	-0.245579033723809	-0.39415136193902	-2.95903160869195	-0.173326694610089	-1.46823209796042
3.0054551576465	-2.33740464042432	-0.247402941289571	-0.407495986094092	-2.93385157027591	-0.191535902461264	-1.20145379183479
3.0154551576465	-2.36659982270152	-0.249407949462147	-0.418196744817877	-2.90463020569132	-0.209228742120246	-0.9395602051131
3.0254551576465	-2.39548804450032	-0.251580483730926	-0.42630516797046	-2.87263532239409	-0.224832121018707	-0.683053402994443
3.0354551576465	-2.42404623604685	-0.25389429967541	-0.431876816698527	-2.83874189712634	-0.237363894710383	-0.432242130153219
3.0454551576465	-2.45225847749701	-0.256315757760511	-0.434969489108431	-2.80351905462779	-0.246306659174343	-0.187269724994424
3.0554551576465	-2.48011334900661	-0.258807875265424	-0.435641705366627	-2.76731013917853	-0.25149090790358	0.0518582611221183
3.0654551576465	-2.50760202633511	-0.261333285547092	-0.433951460312307	-2.73030127288459	-0.252994021836538	0.285248381990881
3.0754551576465	-2.53471699685692	-0.263856277427833	-0.429955219342269	-2.6925767943163	-0.251057442734321	0.513096415732457
3.0854551576465	-2.56145126482188	-0.266344097102472	-0.423707127619392	-2.65416181501114	-0.246021820526595	0.735667597525158
3.0954551576465	-2.58779802348647	-0.268767388879053	-0.415258824720754	-2.61502934833175	-0.238332610173584	0.953339826568212
3.1054551576465	-2.61375391959423	-0.271088881194443	-0.404677330097522	-2.57703610717575	-0.221939927540073	1.15616804035094
3.10710230311736	-2.6179938779915	-0.271450256838816	-0.402749027401929	-2.5712318639814	-0.216729994873284	1.18498526162717
3.11710230311736	-2.64637788613599	-0.269624079154359	-0.390479961832193	-3.10367042629383	0.580105021267675	1.26912295979864
3.12710230311736	-2.68003760528949	-0.259874948076564	-0.377359425979712	-3.62721345365394	1.36890667149995	1.35540139857781
3.13710230311736	-2.71890952559259	-0.242251862003042	-0.363362404806251	-4.14696386302505	2.15591981086214	1.44453925045562
3.14710230311736	-2.76290879130834	-0.216841497894683	-0.348442084232691	-4.62114298991125	2.88310391722864	1.54667955385337
3.15710230311736	-2.81002961233888	-0.186365558459806	-0.332158749027376	-4.74625858704592	3.13460899370201	1.72119132082044
3.16710230311736	-2.85692097366755	-0.155396510343448	-0.31384817829874	-4.59687544408256	3.01115616665917	1.94696473919122
3.17710230311736	-2.90144489213343	-0.126856953392435	-0.293138368615566	-4.28981022729258	2.67197568463641	2.19737066551448
3.18710230311736	-2.94248583914065	-0.102274013717511	-0.2698786355459	-3.91239217880265	2.23639143537856	2.4546627971169
3.19710230311736	-2.97965853620213	-0.0821767415120515	-0.244057192666669	-3.52390216920173	1.78535764170929	2.70864029410637
3.20710230311736	-3.01305715289995	-0.0664070105452522	-0.215819750237821	-3.16272730086243	1.38311332617884	2.92422581541286
3.21710230311736	-3.04304734427274	-0.0542155376282119	-0.185895954482598	-2.8413339822719	1.06903096046711	3.04499711897484
3.22710230311736	-3.0699888943547	-0.0447755995154493	-0.155212996591898	-2.55145478894281	0.830165482000084	3.07783506109858
3.23710230311736	-3.09415144444031	-0.0374137738712525	-0.124596070687558	-2.28411811098532	0.650882347467932	3.03363566139441
3.24710230311736	-3.11572048635063	-0.0316069827164072	-0.0947600278019931	-2.03160949670436	0.516964865445462	2.92351041647871
3.25710230311736	-3.13481308146494	-0.0269633949749646	-0.0663088510479358	-1.78799562878547	0.416452433467769	2.75847844504622
3.26710230311736	-3.15149615564696	-0.023198625702113	-0.0397377531939333	-1.54916238351724	0.339807030653841	2.54924216404505
3.27710230311736	-3.16580373393707	-0.0201123377425382	-0.015437107795326	-1.31259376758452	0.279678882227975	2.30610756792553
3.28710230311736	-3.17774929508108	-0.0175844621648413	0.00633702129237793	-1.0766141196298	0.22602954189653	2.04868003516538
3.29710230311736	-3.18734463593581	-0.0155802832967277	0.0255355047722506	-0.843135646709328	0.175723737852059	1.79092076957542
3.30710230311736	-3.19462863684684	-0.0140476167054005	0.0421532162353556	-0.614591436393731	0.132056162766433	1.53250143616094
3.31710230311736	-3.19965572735817	-0.0129132530394699	0.0561830709780395	-0.391793943491152	0.0961177746483701	1.27334648918583
3.32710230311736	-3.20248329036333	-0.012099990996115	0.0676177419016165	-0.174611961455387	0.0677379917178945	1.01347161497068
3.33710230311736	-3.20316462077377	-0.0115360297937718	0.0764502791179212	0.0375807895879843	0.0460879807445313	0.752929745317136
3.34710230311736	-3.2017455394872	-0.0111594540842347	0.082674312029099	0.24561507138574	0.0300699205745709	0.491780181813596
3.35710230311736	-3.19826321851214	-0.0109199427150796	0.0862844787196503	0.450431557868115	0.0181391826088943	0.230834568597299
3.36710230311737	-3.19274251346657	-0.0108133520533043	0.0873504161732521	0.653276933151411	0.00201762812171031	-0.0133760663567284
3.37710230311736	-3.18521246564578	-0.0108960624402572	0.0861053134715259	0.851727826275893	-0.0190930353434117	-0.231094768531886
3.38710230311736	-3.17573244780692	-0.0112010124739175	0.0828215397135596	1.04286056386278	-0.0419731003124303	-0.420928199741734
3.39710230311736	-3.16438658020064	-0.011733553858258	0.0777824048733129	1.22462006539335	-0.0642859689425545	-0.582084392843873
3.40710230311736	-3.15127577718944	-0.0124793632860909	0.0712762097785301	1.39568077862645	-0.0844074944148442	-0.714351313763456
3.41710230311736	-3.13651108115692	-0.0134108327372082	0.0635906342933795	1.5553233139185	-0.101282888795285	-0.818058111416415
3.42710230311736	-3.12020815857541	-0.0144921375296384	0.0550075496011294	1.70332509007867	-0.114304950918786	-0.894029139566997
3.43710230311736	-3.10248282703785	-0.0156831822369377	0.045798323640673	1.8398632140172	-0.123210977125089	-0.943531444389103
3.44710230311736	-3.08344749843461	-0.0169425991922731	0.0362196803075064	1.96542819110413	-0.127996036655671	-0.968216717097006
3.45001179827892	-3.07767859391365	-0.0173160149860365	0.0333981273451882	2	-0.128636587602048	-0.971014251033346
3.46001179827892	-3.05710812654966	-0.0186042319584396	0.0236923662303558	2.11250121517878	-0.128388587579787	-0.966619698683555
3.47001179827892	-3.03545878770492	-0.0198720270892784	0.0141321620516665	2.21594028670604	-0.124615170294509	-0.942301901690076
3.48001179827892	-3.01281608210788	-0.0210861323625636	0.00490452930253347	2.31135290137367	-0.117722276587146	-0.900527468635115
3.49001179827892	-2.98925485546239	-0.0222175528723727	-0.00382877600655184	2.3998284766255	-0.108154124118882	-0.843871284632783
3.50001179827892	-2.9648389473117	-0.0232418299125388	-0.011932030865758	2.48247333911572	-0.0963706472995444	-0.774955181619089
3.51001179827892	-2.9396211749711	-0.024139116698193	-0.0192957263043518	2.56038123787177	-0.0828322574600239	-0.696391095861086
3.52001179827892	-2.91364358095328	-0.024894129791488	-0.0258362069644567	2.63460991383422	-0.0679898887600305	-0.610729771547136
3.53001179827892	-2.88693788989339	-0.0254960193126131	-0.0314948287122077	2.70616241653668	-0.052278408165461	-0.52041576092561
3.54001179827892	-2.85952613366649	-0.0259381831108825	-0.0362366995886148	2.77597196468956	-0.0361117581102117	-0.427749134510008
3.55001179827892	-2.83142141434718	-0.026218035802673	-0.0400490719961926	2.84488937936574	-0.0198786260961492	-0.334854014643904
3.56001179827892	-2.80262878288687	-0.0263367339338774	-0.0429394538772924	2.9136724232628	-0.00393792050365546	-0.243653801452336
3.57001179827892	-2.77314621643778	-0.0262988537040373	-0.0449335043762586	2.98297669993201	0.0113861990963621	-0.155852780280503
3.58001179827892	-2.74296567923716	-0.0261120172162131	-0.0460727757353321	3.05334805300896	0.0258095968786821	-0.0729236831446988
3.59001179827892	-2.71207425141596	-0.0257864661035719	-0.0464123585518783	3.12521662150363	0.039093325271326	0.00389928451820973
3.60001179827892	-2.6804553078239	-0.0253345863654532	-0.0460184825160585	3.19889283389452	0.0510481206407284	0.0736224587778657
3.61001179827892	-2.64808972589015	-0.0247703940035898	-0.0449661197131106	3.27456565793527	0.0615376569243159	0.135490270210731
3.62001179827892	-2.61495709854933	-0.0241089963987341	-0.0433366327316443	3.35230337486328	0.0704800759107076	0.188978805657619
3.63001179827892	-2.58103692608787	-0.0233660483930815	-0.0412155052598272	3.43205703570084	0.0778474800259677	0.233785820185965
3.64001179827892	-2.54630975991359	-0.0225572241707539	-0.0386901885650413	3.51366660833178	0.0836632799238422	0.269817616411556
3.65001179827892	-2.51075827197039	-0.0216977260417642	-0.0358480931625397	3.59686966279798	0.087997500009889	0.297173193899613
3.66001179827892	-2.47436822581461	-0.0208018492436099	-0.0327747509760752	3.68131229199632	0.0909603308103226	0.316126068298126
3.67001179827892	-2.43712932903429	-0.0198826182424881	-0.0295521692691965	3.7665618436465	0.0926943567822619	0.327104166853984
3.68001179827892	-2.39903595137554	-0.0189515052687748	-0.0262573934943835	3.85212095828591	0.0933659704544196	0.33066822076085
3.69001179827892	-2.36008769821341	-0.0180182365491407	-0.0229612919213273	3.93744237131482	0.0931565069125541	0.32748909110353
3.70001179827892	-2.32028983442972	-0.0170906864668077	-0.0197275704627029	4.02194394264395	0.0922536028227763	0.318324479553906
3.71001179827892	-2.27965355894583	-0.0161748551659164	-0.0166120215552666	4.1050234183922	0.0908432132276836	0.303995483507639
3.72001179827892	-2.2381961347983	-0.015274921255166	-0.0136620063504716	4.18607249561821	0.0891026218938003	0.285363455032054
3.73001179827892	-2.1959408835359	-0.0143933584497144	-0.010916164920941	4.2644898426333	0.087194671893148	0.263307611939759
3.74001179827892	-2.15291705575768	-0.0135311032679083	-0.00840434480924775	4.33969281419025	0.0852633353769818	0.238703826714934
3.75001179827892	-2.10915959179435	-0.0126877602048378	-0.00614773414884792	4.41112768482083	0.0834306449963545	0.212404985041113
3.76001179827892	-2.06470878791506	-0.0118618309917993	-0.00415918188379492	4.47827829930608	0.0817949303161818	0.185223261172479
3.77001179827892	-2.01960988411988	-0.0110509554295358	-0.0024436844028194	4.54067310368926	0.0804302435190034	0.157914603722046
3.78001179827892	-1.97391258967283	-0.0102521526520232	-0.00099901526785429	4.59789057249025	0.0793868194916874	0.131165664301868
3.79001179827892	-1.92767056216092	-0.00946205334786098	0.000183527277506654	4.64956308850166	0.0786923938307708	0.105583334734934
3.80001179827892	-1.88094085513992	-0.00867711527742405	0.00111828164204711	4.6953793623016	0.0783541951032712	0.0816869882810882
3.81001179827892	-1.83378334843637	-0.00789381625023547	0.00182432028193878	4.73508550129785	0.0783614312678756	0.0599034485788952
3.82001179827892	-1.78626017399108	-0.00710882047790489	0.00232451025548895	4.76848485452302	0.0786881011632877	0.0405646389550646
3.83001179827892	-1.73843514880558	-0.00631911583342112	0.00264456321869321	4.79543677097575	0.0792959776570293	0.0239077965699171
3.84001179827892	-1.69037322513321	-0.00552212099157663	0.002812099666456	4.81585441704583	0.0801376273670212	0.0100780726998081
3.85001179827892	-1.64213996657668	-0.00471576267901297	0.0028557501501268	4.82970180304138	0.0811593514206049	-0.000866715648476706
3.86001179827892	-1.59380105724332	-0.00389852431824037	0.00280431360984494	4.836990170304	0.0823039516192179	-0.00894946479306591
3.87001179827892	-1.54542184959997	-0.0030694682073849	0.00268598994719688	4.83777388891536	0.083513246098314	-0.0142656128471151
3.88001179827892	-1.49706695518854	-0.00222823403997418	0.00252770064047144	4.83214601157106	0.0847302777710665	-0.0169737615003837
3.89001179827892	-1.44879988094223	-0.00137501704336764	0.00235450769094807	4.82023362187529	0.085901177256475	-0.0172854479194519
3.90001179827892	-1.40068271250762	-0.000510529309611551	0.0021891376075847	4.80219310525043	0.0869766593593446	-0.0154544241354664
3.91001179827892	-1.35277584475685	0.000364051979611367	0.00205161361089193	4.77820545815303	0.0879131482120355	-0.0117657899491506
3.92001179827892	-1.305137758588	0.00124714575695514	0.00195899587923196	4.74847173676529	0.0886735406104451	-0.0065253031193491
3.93001179827892	-1.25782484217943	0.0021368341849165	0.00192522657466025	4.71320873032018	0.0892276295897639	-4.91588534069741e-05
3.94001179827892	-1.21089125409615	0.00303093243957712	0.00196107365680253	4.6726449273205	0.0895522206333855	0.00734550880776921
3.95001179827892	-1.16438882504948	0.00392705828517941	0.00207416518877585	4.62701682576092	0.089630980894902	0.0153491961625814
3.96001179827892	-1.11836699468459	0.00482269899556611	0.00226910400416087	4.57656562168502	0.0894540673216624	0.0236675105161725
3.97001179827892	-1.07287277950754	0.00571527365449756	0.00254765126194804	4.52153429458973	0.0890175825741623	0.0320274530212643
3.98001179827892	-1.0279507679511	0.00660218936065144	0.00290896656933092	4.46216509383773	0.0883229082118228	0.0401824433072508
3.99001179827892	-0.983643138601417	0.00748089035119236	0.00334989198267656	4.39869741776441	0.0873759629341309	0.0479160717911154
4.00001179827892	-0.939989697744134	0.00834889951884206	0.00386526727031446	4.33136606685742	0.086186429991425	0.0550446076228299
4.01001179827892	-0.897027932616399	0.00920385221313076	0.0044482642883457	4.26039984440331	0.0847669925594583	0.0614183268348291
4.02001179827892	-0.854793077047742	0.0100435225725301	0.00509072912347051	4.18602047235746	0.0831326093196213	0.0669217555838744
4.03001179827892	-0.813318186513765	0.0108658429203997	0.0057835217291475	4.10844178679839	0.0812998551594324	0.0714729469078571
4.04001179827892	-0.772634219991467	0.0116689169687345	0.00651684405443772	4.02786917595956	0.079286344278254	0.0750219260361478
4.05001179827892	-0.732770126374613	0.0124510277088677	0.00728054907014276	3.94449922419434	0.0771102455095027	0.077548449174491
4.06001179827892	-0.69375293356621	0.0132106409312476	0.00806442456905871	3.858519526968	0.0747898927659517	0.0790592242894951
4.07001179827892	-0.655607838701314	0.0139464053146198	0.00885844709674306	3.77010864471278	0.0723434875202737	0.0795847404133436
4.08001179827892	-0.618358298258405	0.0146571499688504	0.0096530028040699	3.67943616676061	0.0697888853972855	0.0791758452004002
4.09001179827892	-0.582026117087193	0.0153418802176074	0.0104390733597085	3.58666286025549	0.0671434554218261	0.0779001998109071
4.10001179827892	-0.546631535612974	0.015999772280499	0.0112083862855901	3.49194088266634	0.0644239982753253	0.0758387266256696
4.11001179827892	-0.512193314673595	0.0166301673722298	0.0119535301569888	3.39541404006156	0.061646709005127	0.0730821497465659
4.12001179827892	-0.478728817607018	0.0172325655910616	0.0126680360257262	3.29721807652486	0.0588271698617432	0.0697277115897344
4.13001179827892	-0.446254089339257	0.0178066198307751	0.0133464271732368	3.1974809829099	0.0559803601078369	0.0658761319190451
4.14001179827892	-0.414783932328156	0.0183521298276232	0.013984239880179	3.09632331552231	0.0531206715098789	0.0616288590708278
4.15001179827892	-0.384331979302403	0.0188690363521829	0.0145780183173979	2.99385851730191	0.05026192053797	0.0570856474342637
4.16001179827892	-0.354910762800991	0.0193574154787883	0.0151252869306481	2.890193235698	0.0474173508195056	0.0523424808925924
4.17001179827892	-0.326531781569659	0.01981747281333	0.0156245038233957	2.78542763275089	0.0445996219032944	0.0474898491894568
4.18001179827892	-0.299205563910039	0.0202495375326136	0.0160749986553826	2.67965568397672	0.0418207827163794	0.0426113732369502
4.19001179827892	-0.272941728106681	0.0206540560826479	0.0164768984878308	2.57296546356461	0.0390922301057352	0.0377827662996504
4.20001179827892	-0.247749040077943	0.0210315853955644	0.0168310448378362	2.46543941418376	0.036424654467705	0.0330711107586128
4.21001179827892	-0.223635468410175	0.0213827855111304	0.0171389049728164	2.35715460040615	0.0338279756404405	0.0285344246992847
4.22001179827892	-0.200608236941302	0.0217084115245955	0.0174024801979034	2.24818294540075	0.0313112729681239	0.0242214887448679
4.23001179827892	-0.178673875060244	0.0220093048236438	0.0176242135804788	2.13859145116207	0.0288827137706131	0.0201719012042494
4.24001179827892	-0.157838265883149	0.022286383619677	0.0178068992303991	2.02844240310322	0.0265494844209538	0.0164163285331422
4.25001179827892	-0.138106692456463	0.0225406328192828	0.0179535949236987	1.91779356036523	0.0243177279122223	0.0129769181218792
4.26001179827892	-0.119483882120887	0.0227730933180179	0.0180675395315524	1.80669833366349	0.0221924912571815	0.00986784132804574
4.27001179827892	-0.101974049150086	0.0229848508287503	0.0181520764029921	1.69520595289709	0.0201776853815813	0.00709593628013793
4.28001179827892	-0.0855809357539483	0.0231770243796494	0.0182105835554489	1.5833616270774	0.0182760594121997	0.00466142211694772
4.29001179827892	-0.0703078515093524	0.0233507546320309	0.0182464112561586	1.47120669938127	0.0164891904828823	0.00255865884113197
4.30001179827892	-0.0561577112524671	0.0235071921757141	0.0182628273328658	1.35877880029544	0.0148174894344535	0.000776929718343201
4.31001179827892	-0.0431330714364852	0.0236474859598436	0.0182629703358991	1.24611200189161	0.0132602221048883	-0.000698773970834441
4.32001179827892	-0.0312361649283299	0.0237727720110748	0.018249810486284	1.13323697625776	0.0118155453207478	-0.0018869831168042
4.33001179827892	-0.0204689341879917	0.0238841625796635	0.0182261181859769	1.02018116101554	0.0104805562256803	-0.0028090103454356
4.34001179827892	-0.0108330627456739	0.0239827358384686	0.0181944397356912	0.906968934684941	0.00925135322392922	-0.00348825066539916
4.35001179827892	-0.00233000486540146	0.0240695262413558	0.0181570798017795	0.793621804424117	0.0081231065758786	-0.00394953232615566
4.36001179827892	0.00503898674011231	0.0241455156271237	0.0181160900944437	0.680158608387407	0.00709013655290951	-0.00421852463095403
4.37001179827892	0.0112728352994045	0.0242116251339218	0.0180732636631292	0.566595734617848	0.00614599702971805	-0.00432120728064136
4.38001179827892	0.0163706166504527	0.0242687079681375	0.0180301341791023	0.452947358035013	0.00528356245105674	-0.00428340388283737
4.39001179827892	0.020331538374329	0.0243175430517051	0.0179879795576032	0.339225696704747	0.00449511624180816	-0.00413038055167219
4.40001179827892	0.0231549215914667	0.0243588295533852	0.0179478292702996	0.225441288195245	0.00377243891943093	-0.00388650904422742
4.41001179827892	0.0248401856238388	0.0243931822932941	0.0179104747107648	0.111603286441392	0.0031068944011845	-0.00357499262455521
4.42001179827892	0.025386835728671	0.0244211279961757	0.0178764819991763	-0.00228022083509095	0.00248951326111234	-0.00321765180446785
4.43001179827892	0.0247944541079733	0.0244431023578487	0.0178462066453047	-0.116201874464077	0.00191107197067445	-0.002834766269307
4.44001179827892	0.023062694393288	0.0244594478810174	0.0178198095292053	-0.230154686582359	0.00136216744071185	-0.0024449686418589
4.45001179827892	0.0201912797968338	0.0244704124312144	0.0177972737050519	-0.34413166478921	0.000833286461226422	-0.0020651852525864
4.46001179827892	0.0161800051088522	0.0244761484609492	0.0177784215836501	-0.458125418988849	0.000314869900951477	-0.00171061875292589
4.47001179827892	0.0110287427066707	0.024476712850002	0.0177629321018772	-0.572127752488954	-0.000202628226170506	-0.00139476721396937
4.48001179827892	0.00473745272396886	0.0244720673119937	0.0177503575413385	-0.686129239186864	-0.000728686501029496	-0.00112947427910413
4.49001179827892	-0.00269380249080134	0.0244620793216026	0.0177401397127657	-0.800118788918637	-0.00127266613006652	-0.000925004970351404
4.50001179827892	-0.0112648395198051	0.024446523522763	0.0177316252761514	-0.914083203274069	-0.0018437645949428	-0.000790141869261342
4.51001179827892	-0.0209753305421022	0.0244250835855322	0.0177240800184771	-1.02800672439491	-0.0024509721293167	-0.000732296590244036
4.52001179827892	-0.0318247754640682	0.0243973544876729	0.017716701960461	-1.14187057947647	-0.0031030301483282	-0.000757631724218248
4.53001179827892	-0.0438124694854211	0.024362845205997	0.017708633210454	-1.25565252388828	-0.00380839071214626	-0.000871188741639113
4.54001179827892	-0.0569374661024081	0.024320981811761	0.0176989705269935	-1.36932638601845	-0.00457517609984719	-0.00107701769575038
4.55001179827892	-0.071198535581683	0.0242711109735034	0.0176867745912247	-1.48286161713206	-0.00541113760355274	-0.00137830494996548
4.56001179827892	-0.0865941189722435	0.0242125038792871	0.0176710780261414	-1.59622284971654	-0.00632361272522877	-0.0017774955594654
4.57001179827892	-0.103122277758397	0.0241443605979642	0.0176508922312015	-1.70936946796799	-0.00731948006836227	-0.00227640735950908
4.58001179827892	-0.120780639294191	0.0240658149054607	0.0176252131281848	-1.82225519425141	-0.00840511136291721	-0.0028763342457262
4.59001179827892	-0.139566338198954	0.0239759396068168	0.0175930259371235	-1.93482769554292	-0.00958632024222436	-0.00357813657005379
4.60001179827892	-0.159475953934501	0.0238737523875028	0.017553309119696	-2.04702821403258	-0.0108683076019138	-0.00438231701608882
4.61001179827892	-0.180505444827191	0.0237582222280521	0.0175050376416414	-2.15879122622782	-0.0122556036102306	-0.00528908075636565
4.62001179827892	-0.202650078842172	0.0236282764140678	0.0174471857155489	-2.27004413504726	-0.0137520067010265	-0.00629837912892117
4.63001179827892	-0.225904361462727	0.0234828081689623	0.0173787291908529	-2.38070699952674	-0.0153605201596892	-0.00740993649937738
4.64001179827892	-0.250261961074401	0.0233206849292482	0.0172986477590896	-2.49069230686855	-0.0170832872009352	-0.00862326039572671
4.65001179827892	-0.275715632301386	0.023140757271758	0.0172059271395342	-2.59990479164521	-0.0189215257270566	-0.00993763541409854
4.66001179827892	-0.30225713779091	0.0229418684888692	0.0170995614033493	-2.70824130701254	-0.020875464235942	-0.0113521017927537
4.67001179827892	-0.329877168990051	0.0227228647917934	0.0169785555834696	-2.81559075278636	-0.0229442806084132	-0.0128654199356466
4.68001179827892	-0.358565266507696	0.0224826061035252	0.016841928702787	-2.92183406518553	-0.0251260457318102	-0.0144760225325994
4.69001179827892	-0.388309740701847	0.022219977382525	0.0166887173349953	-3.02684427293112	-0.0274176740977504	-0.0161819562660203
4.70001179827892	-0.419097593178599	0.0219339003961727	0.0165179797909558	-3.13048662421111	-0.0298148836331313	-0.0179808154086935
4.71001179827892	-0.450914439932926	0.0216233458401298	0.0163288009989675	-3.23261878876213	-0.0323121670712704	-0.0198696698968466
4.72001179827892	-0.483744436902317	0.0212873456767934	0.0161202981202618	-3.33309113897584	-0.0349027771324636	-0.0218449906997657
4.73001179827892	-0.517570208741284	0.0209250055439147	0.0158916269118508	-3.43174711350065	-0.0375787276500465	-0.0239025754930051
4.73176413760892	-0.523598775598299	0.0208587369866858	0.0158494188473747	-3.4488358817427	-0.0380557563250658	-0.0242712489570304
4.74176413760892	-0.563504064940084	0.0266161997765621	0.016167219715461	-4.53010987340562	1.18716123916329	0.0877986045772347
4.75176413760892	-0.61413369393646	0.0445207106914725	0.0176055286419758	-5.59107905218824	2.38781123818364	0.199917928500833
4.76176413760892	-0.675199124376911	0.0742097153984664	0.0201679009389589	-6.61404188129426	3.53954927047537	0.312726254345693
4.77176413760892	-0.745913549420116	0.11463690102974	0.0239129390287521	-7.4346671234333	4.41827327095568	0.449651652367016
4.78176413760892	-0.821839339044491	0.159794392705378	0.0294544258931665	-7.668658774156	4.50260069380821	0.670040884461894
4.79176413760892	-0.898070512957524	0.203051517763895	0.0374756008203511	-7.53466869654258	4.09149737518024	0.939469050764646
4.80176413760892	-0.971950049641983	0.240856627622165	0.0483055185078477	-7.22344360005355	3.44675716219378	1.22777862499329
4.81176413760892	-1.04234993709062	0.271761115204497	0.0620290416571732	-6.85369413708767	2.73203017724611	1.51570313567683
4.82176413760892	-1.10905998998465	0.295583529310303	0.0785787967193197	-6.49367813086308	2.04169525127252	1.79155881694354
4.83176413760892	-1.17237722107263	0.312844273324627	0.0977972736845563	-6.17911103120471	1.42521178030352	2.04863788305486
4.84176413760892	-1.2328473614639	0.324408280748375	0.119476967901845	-5.92568476829045	0.904323195839694	2.28340922989399
4.85176413760892	-1.29110770602503	0.331267441105366	0.143385894759758	-5.73705268949418	0.484108835598022	2.49436060917871
4.85489520312202	-1.30899693899584	0.332606107136773	0.151292548260217	-5.69088405743573	0.372592160274666	2.55559704778492
4.86489520312202	-1.36041266528532	0.329072965872796	0.176353060285934	-4.58798624958948	-1.08182436287714	2.45632560119369
4.87489520312202	-1.40067360890267	0.310917381384845	0.20041449267097	-3.46024518722865	-2.55185216218988	2.35565482625688
4.88489520312202	-1.42956662751526	0.278017870891303	0.223453525627361	-2.33814292950683	-3.99887664363769	2.24721592853648
4.89489520312202	-1.4492127766943	0.233393411234301	0.244999757455431	-1.70232393019355	-4.77325916322025	2.04015499663201
4.90489520312202	-1.46544058214238	0.185061173254381	0.263903639628223	-1.61639905496353	-4.79276183325801	1.72683519932885
4.91489520312202	-1.48267310051871	0.139094060342716	0.279328908291932	-1.8713937059931	-4.34378894513192	1.35090318446776
4.92489520312202	-1.50343129884301	0.0989649890319917	0.290825383839559	-2.29678922514946	-3.65879673428166	0.945699451562892
4.93489520312202	-1.52875557478536	0.0661333844646236	0.298221003056628	-2.76774281271647	-2.90710171246909	0.533609563962566
4.94489520312202	-1.5586687228212	0.0406821142584026	0.301518932091454	-3.20473972841325	-2.1959285147912	0.127702529928804
4.95489520312202	-1.59259341678813	0.0218872233094641	0.300817609442294	-3.56555197533688	-1.58181715946356	-0.265576294022189
4.96489520312202	-1.62967146552056	0.00865035525025787	0.296257540636792	-3.83444012119292	-1.08557465961665	-0.643891345668229
4.97489520312202	-1.66897773605465	-0.000213728455439397	0.287990012751105	-4.01229398375421	-0.705758283387769	-1.00717417995505
4.98489520312202	-1.70964681532956	-0.00580842652508663	0.276160837378904	-4.1091262690711	-0.42884847675911	-1.35643584831874
4.99489520312202	-1.7509367908101	-0.00907150946090321	0.260903440132697	-4.13894577644076	-0.236149808349076	-1.69305333076092
5.00489520312202	-1.79225175225559	-0.0107467584418917	0.242337441782862	-4.11653746672456	-0.108103102592054	-2.01836116329257
5.01476116033109	-1.83259571459409	-0.011385216186635	0.220882793299535	-4.05675282136905	-0.0270998834342175	-2.3301283774713
5.02476116033109	-1.86798027150178	-0.0178567411568259	0.196822620870353	-3.02104311521553	-1.2652436673911	-2.48088747676354
5.03476116033109	-1.89306335804866	-0.0366149894872724	0.171282265677045	-1.99754541760187	-2.48335987016364	-2.62614528877168
5.04476116033109	-1.90911731121365	-0.0659114812810092	0.144143582456375	-1.31749281697058	-3.23458956886452	-2.81615860421982
5.05476116033109	-1.92108241728372	-0.099048633178755	0.1147403723137	-1.13964550298439	-3.30634551468662	-3.07213019880808
5.06476116033109	-1.93286859960257	-0.130749630577539	0.0826007942470412	-1.25140497782755	-2.98858495161695	-3.3585685212597
5.07476116033109	-1.94656314894896	-0.158218547745396	0.0475483129794225	-1.50083309504165	-2.48764069685163	-3.65172949431265
5.08476116033109	-1.96300920815945	-0.180350384761659	0.00960685233016121	-1.78829876705585	-1.9431646449438	-3.92477908429597
5.09476116033109	-1.98225892770429	-0.197330195362443	-0.0305348854088195	-2.05655808274763	-1.46762244632573	-4.08196919161119
5.10476116033109	-2.00402336093018	-0.210010244088281	-0.0716206129746628	-2.29002143067233	-1.08385840856171	-4.11569307490533
5.11476116033109	-2.02793055466211	-0.219309368628895	-0.112483752856215	-2.48502546591652	-0.790433855591197	-4.0399847732482
5.12476116033109	-2.05360059502105	-0.226090411989422	-0.152108658762866	-2.64313840294266	-0.578342384084307	-3.87077436219338
5.13476116033109	-2.08068545853621	-0.231101668065816	-0.189648071331686	-2.76917568614116	-0.432694668633472	-3.6282845689953
5.14476116033109	-2.10890511103051	-0.234852069670505	-0.224620448970312	-2.87072249711953	-0.322217873740786	-3.36509964598925
5.15476116033109	-2.13801671683416	-0.237644873956443	-0.256930298815319	-2.94743837506915	-0.241229960837455	-3.09600138840427
5.16476116033109	-2.16777327808155	-0.239769907780461	-0.286525789429197	-3.00004113460895	-0.188127689800411	-2.82250420416962
5.17476116033109	-2.19794605762729	-0.241486692509909	-0.313371453800937	-3.03122735026133	-0.158770912717408	-2.54632905699894
5.18476116033109	-2.22833815680054	-0.24300737099937	-0.337449247113765	-3.04451693272145	-0.148025958724487	-2.26921322690014
5.19476116033109	-2.25878887043955	-0.244491948318784	-0.358758020334317	-3.0435388227545	-0.150718685492644	-1.99278162222095
5.20476116033109	-2.28917253706117	-0.246050868674448	-0.377311964197745	-3.03162516095765	-0.162174186207477	-1.71846761780488
5.21476116033109	-2.31939444519637	-0.247751492365814	-0.393138462300306	-3.0116140789463	-0.178476096882081	-1.44747224902172
5.22476116033109	-2.34938549425833	-0.249626185720923	-0.40627568499221	-2.98578738653512	-0.196543816988519	-1.18075158340212
5.23476116033109	-2.37909667754833	-0.251680579603681	-0.416770160436776	-2.95588988318294	-0.214098980728326	-0.919023439241914
5.24476116033109	-2.40849400518929	-0.253901156040271	-0.424674478768935	-2.92319292252018	-0.229571516834425	-0.662786221258872
5.25476116033109	-2.43755417485315	-0.256261741291065	-0.430045221298641	-2.88857705764026	-0.241979439312745	-0.412344298605927
5.26476116033109	-2.46626109444269	-0.258728760989607	-0.43294115879553	-2.85261773594603	-0.250804288354304	-0.167835887355614
5.27476116033109	-2.49460323559645	-0.261265285020747	-0.433421729288274	-2.815664640047	-0.255875207275972	0.0707392876935389
5.28476116033109	-2.522571727388	-0.26383398635816	-0.431545784023834	-2.77790988199006	-0.257268373612604	0.303494229181564
5.29476116033109	-2.55015906803077	-0.266399182841628	-0.427370577605717	-2.73944330621346	-0.255224320386176	0.530631690426336
5.30476116033109	-2.57735832519859	-0.268928142047853	-0.420950972411369	-2.70029504191091	-0.250083067961652	0.752424315201069
5.31476116033109	-2.60416256345022	-0.271392318325395	-0.412338016658942	-2.66039865822909	-0.242472867167419	0.969579347420434
5.31997999297856	-2.6179938779915	-0.272638424822505	-0.406996897550371	-2.6404383349235	-0.233783933708136	1.0751387141091
5.32997999297856	-2.64710090025925	-0.270943445468051	-0.395827443541075	-3.17880048970314	0.570615888317194	1.15904892360161
5.33997999297856	-2.68153488573146	-0.261258983850348	-0.383808687738736	-3.70667207604043	1.36515788325465	1.24512654658259
5.34997999297856	-2.72121648916331	-0.243652243702434	-0.370915187852516	-4.22918563388721	2.15610094271552	1.33412235274413
5.35997999297856	-2.76605426002468	-0.218215860896965	-0.357101047745943	-4.70850755715688	2.89073492663003	1.43550170638358
5.36997999297856	-2.81408506865764	-0.187611437207973	-0.341933537772982	-4.84005214695272	3.1515306898858	1.60945097497527
5.37997999297856	-2.86192863061648	-0.156451168810327	-0.324738170291299	-4.69296503872729	3.03171266076319	1.83580105850194
5.38997999297856	-2.90741303672822	-0.12770425255622	-0.305134557188626	-4.38546041818151	2.69239697851325	2.08735034093636
5.39997999297856	-2.94940106842603	-0.102927752242009	-0.282968542267537	-4.00596686525426	2.25441676777842	2.34593850201268
5.40997999297856	-2.98749572639126	-0.082666780186896	-0.258228618786517	-3.61467004947466	1.80006942505809	2.60085859323366
5.41997999297856	-3.02177907475975	-0.0668110780972155	-0.230983139316023	-3.24848867244464	1.38112336762332	2.84335742534136
5.42997999297856	-3.05262528476701	-0.0547277311998788	-0.201647921788197	-2.92823772155718	1.05161866910088	3.00725280263751
5.43997999297856	-3.08047145444087	-0.0454928357131393	-0.171147153385409	-2.64631983852358	0.807963971410325	3.07833564620925
5.44997999297856	-3.10563865538371	-0.0383485559418737	-0.140353844991867	-2.39056502392376	0.630363617756868	3.06763231716088
5.45997999297856	-3.12833611574557	-0.0327233848175543	-0.11002966654216	-2.15090353006576	0.501525503674369	2.98637730874472
5.46997999297856	-3.14868501907005	-0.0282026455442159	-0.0808244266415347	-1.91981144570574	0.407414913695636	2.84567401407407
5.47997999297856	-3.16674371251379	-0.024495712229378	-0.0532783229759943	-1.6921989136029	0.337210780535989	2.65631485544127
5.48997999297856	-3.18253033558468	-0.0214056833053103	-0.0278257952764363	-1.46504190674592	0.282907349776795	2.42863696202009
5.49997999297856	-3.19604102767939	-0.0188051164739583	-0.00479811504920671	-1.23676828510005	0.237861608278977	2.17418925723359
5.50997999297856	-3.20726060681732	-0.0166529476344657	0.01565228093037	-1.00726574923236	0.19271144851968	1.91590293058523
5.51997999297856	-3.21619378665278	-0.0149410405608849	0.0335190777080197	-0.779949410752516	0.150436987513822	1.65740002829578
5.52997999297856	-3.22287363376389	-0.0136255470559255	0.048798862915235	-0.556799427611538	0.113700094928367	1.39847645902377
5.53997999297856	-3.22734592969725	-0.0126454792271789	0.0614869000104906	-0.338469174841025	0.083395473915263	1.13904334946111
5.54997999297856	-3.22965869872312	-0.0119366364415454	0.0715779754716086	-0.124829425373676	0.0593726695686366	0.879084954344347
5.55997999297856	-3.22985637959547	-0.0114393722154179	0.0790668938105169	0.0846576341901532	0.0409384043499422	0.618615186430432
5.56997999297856	-3.22797704530526	-0.0111022720261312	0.0839486312376643	0.290678771837584	0.0272612687305035	0.357508698003946
5.57997999297856	-3.22404984379809	-0.0108936106536554	0.0862385096906323	0.494549503288077	0.0132675488734369	0.104142755858237
5.58997999297856	-3.21809600528535	-0.0108577501249424	0.0861153146223537	0.695429205604684	-0.00682849571159986	-0.124418628413963
5.59997999297856	-3.21016195004688	-0.0110394992526568	0.0838399288536646	0.890132055634444	-0.0297509800305684	-0.326063229199458
5.60997999297856	-3.20032183966935	-0.0114534614425947	0.0796874613336933	1.07631787340167	-0.0529061979436366	-0.499704253709878
5.61997999297856	-3.18866931064598	-0.0120921866170044	0.0739408968882591	1.25240973678246	-0.0744507837829652	-0.644847978107032
5.62997999297856	-3.17531048022064	-0.0129329215371679	0.0668853384422591	1.41746879811122	-0.0931448848707887	-0.761557909960002
5.63997999297856	-3.16035813112619	-0.0139430025260935	0.0588026444909232	1.57108343684319	-0.108227109464231	-0.850411661778056
5.64997999297856	-3.14392694056132	-0.0150840958197095	0.0499665317631072	1.71327094082568	-0.119308633602003	-0.912451163251462
5.65997999297856	-3.12612963700455	-0.0163154636123912	0.0406382055195025	1.84439002232227	-0.126283844170165	-0.949127091695639
5.66997999297856	-3.10707398243497	-0.017596410727095	0.0310625697331785	1.96506309750237	-0.12925555372597	-0.962238682443199
5.67303793204676	-3.10101129581784	-0.0179919761664855	0.0281201835096638	2	-0.129400312890279	-0.961856895315131
